DATE,TE,CO,NO,NO2,O3,CO2,T,RH,PM1.0,PM2.5,PM10,WD,WS,PWR,BATT,CHRG,RUN,SD,RAW,187,31,0,0,6,0,0.00000,0.00000,0,1684063409
02/22/26 04:59:53,21.70,343.20,22.02,9.72,-2.28,461.59,20.40,27.90,0.35,1.05,1.05,0.00,0.00,1,13.91,6.40,33.95,1,-35,13,0,1,STAT,60,LAT,LON,W,CRC
02/22/26 05:00:53,21.69,339.16,20.40,10.41,-4.43,461.56,20.40,27.90,0.27,0.81,0.81,0.00,0.00,1,13.87,1.81,33.35,1,-34,13,0,0,STAT,60,LAT,LON,W,CRC
02/22/26 05:01:53,21.69,340.17,17.99,11.50,-2.87,461.39,20.40,27.90,0.28,0.74,0.74,0.00,0.00,1,13.87,0.51,32.97,1,-34,15,0,0,STAT,60,LAT,LON,W,CRC
02/22/26 05:02:53,21.70,352.74,20.14,11.27,-2.25,461.14,20.40,27.90,0.25,0.75,0.75,0.00,0.00,1,13.84,0.14,34.85,1,-38,13,0,0,STAT,60,LAT,LON,W,CRC
02/22/26 05:03:53,21.69,351.87,21.75,9.39,-1.55,461.05,20.40,27.90,0.17,0.44,0.69,0.00,0.00,1,13.84,0.04,32.55,1,-37,13,0,0,STAT,60,LAT,LON,W,CRC
02/22/26 05:04:54,21.69,345.08,20.51,9.80,-1.11,461.02,20.30,27.90,0.22,0.80,0.89,0.00,0.00,1,14.05,193.75,36.81,1,-35,14,0,0,STAT,60,LAT,LON,W,CRC
02/22/26 05:05:54,21.69,348.55,19.14,9.60,-2.07,461.01,20.30,27.90,0.27,0.56,0.78,0.00,0.00,1,13.98,54.72,34.31,1,-37,15,0,0,STAT,60,LAT,LON,W,CRC
02/22/26 05:06:54,21.69,345.75,19.75,9.94,-2.31,461.00,20.30,27.90,0.09,0.28,0.35,0.00,0.00,1,13.91,15.45,31.93,1,-37,15,0,0,STAT,60,LAT,LON,W,CRC
02/22/26 05:07:54,21.69,351.24,20.79,9.33,-3.23,461.00,20.30,27.90,0.13,0.46,0.49,0.00,0.00,1,13.91,4.36,31.69,1,-38,14,0,0,STAT,60,LAT,LON,W,CRC
02/22/26 05:08:54,21.68,348.22,19.98,9.96,-2.16,460.84,20.30,28.00,0.08,0.21,0.48,0.00,0.00,1,13.87,1.23,34.50,1,-37,14,0,0,STAT,60,LAT,LON,W,CRC
02/22/26 05:09:51,21.69,341.35,19.79,10.16,-3.27,460.42,20.30,27.90,0.04,0.18,0.27,0.00,0.00,1,13.87,0.39,32.77,1,-35,14,0,0,STAT,60,LAT,LON,W,CRC
02/22/26 05:10:51,21.68,341.67,20.45,10.12,-1.30,460.65,20.30,27.90,0.06,0.64,0.90,0.00,0.00,1,13.84,0.11,32.72,1,-35,14,0,0,STAT,60,LAT,LON,W,CRC
02/22/26 05:11:51,21.67,344.40,19.31,8.84,-1.25,460.34,20.30,27.90,0.13,0.74,0.82,0.00,0.00,1,13.80,0.03,34.10,1,-36,15,0,0,STAT,60,LAT,LON,W,CRC
02/22/26 05:12:51,21.67,343.64,21.70,9.70,-0.20,460.12,20.30,27.90,0.11,0.51,0.54,0.00,0.00,1,14.05,181.69,31.08,1,-35,13,0,1,STAT,60,LAT,LON,W,CRC
02/22/26 05:13:51,21.67,345.56,20.65,10.17,-2.06,459.96,20.30,27.90,0.15,0.75,0.75,0.00,0.00,1,13.98,51.31,31.93,1,-36,13,0,0,STAT,60,LAT,LON,W,CRC
02/22/26 05:14:52,21.66,342.76,20.39,10.02,-3.42,459.56,20.30,27.90,0.61,1.50,1.50,0.00,0.00,1,13.91,14.49,37.02,1,-35,14,0,0,STAT,60,LAT,LON,W,CRC
02/22/26 05:15:52,21.64,339.68,20.86,9.76,-1.35,459.02,20.30,27.90,0.21,1.15,1.15,0.00,0.00,1,13.87,4.09,33.43,1,-35,13,0,0,STAT,60,LAT,LON,W,CRC
02/22/26 05:16:53,21.62,350.22,20.82,9.98,-1.51,458.80,20.30,27.90,0.10,0.75,0.75,0.00,0.00,1,13.87,1.16,33.29,1,-37,13,0,0,STAT,60,LAT,LON,W,CRC
02/22/26 05:17:53,21.60,343.34,22.28,10.35,-1.08,458.65,20.30,27.90,0.28,0.59,0.59,0.00,0.00,1,13.84,0.33,33.46,1,-35,13,0,1,STAT,60,LAT,LON,W,CRC
02/22/26 05:18:53,21.60,347.82,19.79,10.45,-2.43,458.27,20.30,27.90,0.18,0.60,0.60,0.00,0.00,1,13.84,0.09,34.39,1,-37,15,0,0,STAT,60,LAT,LON,W,CRC
02/22/26 05:19:53,21.60,344.77,20.66,9.81,-1.83,458.09,20.30,27.90,0.14,0.53,0.67,0.00,0.00,1,14.12,174.32,34.51,1,-36,14,0,0,STAT,60,LAT,LON,W,CRC
02/22/26 05:20:53,21.60,352.23,19.98,9.82,-2.05,458.03,20.30,27.90,0.57,1.14,1.21,0.00,0.00,1,14.02,87.67,34.51,1,-39,14,0,0,STAT,60,LAT,LON,W,CRC
02/22/26 05:21:53,21.60,350.06,20.49,9.30,-0.99,458.51,20.30,28.00,0.46,1.14,1.16,0.00,0.00,1,13.95,24.76,31.40,1,-38,13,0,0,STAT,60,LAT,LON,W,CRC
02/22/26 05:22:54,21.60,344.93,19.35,9.42,-2.04,458.60,20.30,27.90,0.40,0.82,0.83,0.00,0.00,1,13.91,6.99,33.27,1,-36,14,0,0,STAT,60,LAT,LON,W,CRC
02/22/26 05:23:54,21.60,349.21,20.31,9.05,-1.25,458.70,20.30,27.90,0.18,0.57,0.58,0.00,0.00,1,13.87,1.97,33.84,1,-37,14,0,0,STAT,60,LAT,LON,W,CRC
02/22/26 05:24:55,21.60,351.40,18.33,9.16,-1.17,458.32,20.30,27.90,0.40,0.96,1.08,0.00,0.00,1,13.87,0.56,33.62,1,-38,14,0,0,STAT,60,LAT,LON,W,CRC
02/22/26 05:25:55,21.60,353.33,18.20,9.64,-2.06,458.11,20.30,27.90,0.38,0.88,0.93,0.00,0.00,1,13.84,0.16,36.30,1,-39,14,0,0,STAT,60,LAT,LON,W,CRC
02/22/26 05:26:55,21.60,348.40,18.78,10.59,-1.32,458.04,20.30,27.90,0.39,1.04,1.05,0.00,0.00,1,13.84,0.04,34.62,1,-37,14,0,0,STAT,60,LAT,LON,W,CRC
02/22/26 05:27:55,21.60,351.90,21.84,10.00,-2.17,457.98,20.30,28.00,0.33,0.69,0.70,0.00,0.00,1,14.16,225.50,31.14,1,-38,13,0,0,STAT,60,LAT,LON,W,CRC
02/22/26 05:28:55,21.60,350.78,20.71,10.58,-1.77,457.99,20.30,27.90,0.22,0.59,0.59,0.00,0.00,1,13.98,72.19,34.01,1,-38,13,0,0,STAT,60,LAT,LON,W,CRC
02/22/26 05:29:56,21.60,351.92,19.41,10.82,-1.98,458.05,20.30,27.90,0.29,0.46,0.47,0.00,0.00,1,13.95,20.39,34.78,1,-37,15,0,0,STAT,60,LAT,LON,W,CRC
02/22/26 05:30:56,21.59,345.59,21.41,9.57,-3.21,458.02,20.30,27.90,0.10,0.37,0.38,0.00,0.00,1,13.91,5.76,32.00,1,-36,13,0,0,STAT,60,LAT,LON,W,CRC
02/22/26 05:31:56,21.59,350.64,21.56,8.29,-1.53,457.53,20.30,27.90,0.17,0.37,0.53,0.00,0.00,1,13.87,1.63,32.26,1,-37,13,0,0,STAT,60,LAT,LON,W,CRC
02/22/26 05:32:56,21.59,350.44,20.21,8.68,-0.62,457.19,20.30,27.90,0.08,0.47,0.60,0.00,0.00,1,13.87,0.46,33.43,1,-37,14,0,1,STAT,60,LAT,LON,W,CRC
02/22/26 05:33:56,21.60,347.98,18.20,8.86,-1.75,457.07,20.30,27.90,0.20,0.43,0.47,0.00,0.00,1,13.84,0.13,33.77,1,-37,15,0,0,STAT,60,LAT,LON,W,CRC
02/22/26 05:34:56,21.59,347.51,21.46,9.04,-0.36,457.02,20.30,27.90,0.23,0.46,0.48,0.00,0.00,1,13.84,0.04,31.95,1,-36,13,0,0,STAT,60,LAT,LON,W,CRC
02/22/26 05:35:53,21.59,347.91,20.57,9.15,-1.15,456.47,20.30,27.90,0.36,0.64,0.65,0.00,0.00,1,14.09,188.32,35.52,1,-37,14,0,0,STAT,60,LAT,LON,W,CRC
02/22/26 05:36:53,21.59,352.62,19.92,9.17,-1.44,456.46,20.30,27.90,0.16,0.55,0.55,0.00,0.00,1,13.98,53.19,33.34,1,-38,14,0,0,STAT,60,LAT,LON,W,CRC
02/22/26 05:37:53,21.58,351.97,20.64,8.81,-0.66,456.81,20.30,27.90,0.08,0.90,0.90,0.00,0.00,1,13.95,15.02,33.07,1,-38,13,0,0,STAT,60,LAT,LON,W,CRC
02/22/26 05:38:53,21.58,346.45,20.81,8.80,-0.95,456.86,20.30,27.90,0.26,0.92,0.92,0.00,0.00,1,13.91,4.24,34.28,1,-36,12,0,0,STAT,60,LAT,LON,W,CRC
02/22/26 05:39:53,21.58,343.74,18.95,9.06,-2.11,456.51,20.20,27.90,0.18,0.46,0.46,0.00,0.00,1,13.87,1.20,33.79,1,-35,14,0,0,STAT,60,LAT,LON,W,CRC
02/22/26 05:40:54,21.58,347.40,20.46,9.14,-1.77,456.18,20.20,27.90,0.30,0.56,0.95,0.00,0.00,1,13.87,0.34,36.22,1,-37,13,0,0,STAT,60,LAT,LON,W,CRC
02/22/26 05:41:54,21.58,357.37,19.29,9.65,-0.24,456.06,20.30,27.80,0.48,0.80,0.93,0.00,0.00,1,13.84,0.10,36.34,1,-40,14,0,1,STAT,60,LAT,LON,W,CRC
02/22/26 05:42:54,21.57,350.44,18.94,9.68,-1.54,456.02,20.30,27.90,0.50,1.27,1.32,0.00,0.00,1,13.84,0.03,34.20,1,-38,14,0,0,STAT,60,LAT,LON,W,CRC
02/22/26 05:43:54,21.57,346.40,21.05,10.05,-2.57,456.29,20.20,27.90,0.44,1.18,1.19,0.00,0.00,1,14.05,145.20,34.35,1,-36,13,0,0,STAT,60,LAT,LON,W,CRC
02/22/26 05:44:54,21.57,339.15,18.50,9.81,-3.83,456.14,20.20,27.80,0.24,0.54,0.68,0.00,0.00,1,13.98,41.01,32.89,1,-34,15,0,0,STAT,60,LAT,LON,W,CRC
02/22/26 05:45:54,21.56,352.56,20.27,9.62,-2.88,456.05,20.20,27.90,0.14,0.35,0.43,0.00,0.00,1,13.91,11.58,37.59,1,-37,14,0,0,STAT,60,LAT,LON,W,CRC
02/22/26 05:46:55,21.53,345.56,21.49,10.29,-1.77,456.25,20.20,27.90,0.12,0.51,0.66,0.00,0.00,1,13.91,3.27,32.63,1,-36,13,0,1,STAT,60,LAT,LON,W,CRC
02/22/26 05:47:55,21.51,346.00,19.40,9.70,-2.96,456.09,20.20,27.90,0.46,1.20,1.25,0.00,0.00,1,13.87,0.92,32.74,1,-36,14,0,0,STAT,60,LAT,LON,W,CRC
02/22/26 05:48:55,21.50,344.40,20.85,9.56,-1.71,456.03,20.20,27.90,0.72,1.02,1.03,0.00,0.00,1,13.87,0.26,33.69,1,-36,14,0,0,STAT,60,LAT,LON,W,CRC
02/22/26 05:49:55,21.50,342.21,20.39,9.47,-1.32,456.01,20.20,27.90,0.32,0.72,0.92,0.00,0.00,1,13.84,0.07,34.27,1,-35,14,0,0,STAT,60,LAT,LON,W,CRC
02/22/26 05:50:55,21.50,350.39,17.22,9.31,0.23,456.00,20.20,27.90,0.31,0.86,0.92,0.00,0.00,1,14.05,164.21,32.05,1,-36,18,0,1,STAT,60,LAT,LON,W,CRC
02/22/26 05:51:55,21.50,342.42,19.15,8.57,-1.59,455.81,20.20,27.90,0.41,0.68,0.70,0.00,0.00,1,14.02,144.30,36.85,1,-35,14,0,0,STAT,60,LAT,LON,W,CRC
02/22/26 05:52:55,21.50,353.34,20.87,8.52,-0.87,455.51,20.20,27.90,0.21,0.83,0.83,0.00,0.00,1,13.95,40.75,35.96,1,-38,13,0,0,STAT,60,LAT,LON,W,CRC
02/22/26 05:53:55,21.50,344.73,20.15,9.53,-2.87,455.33,20.20,27.90,0.39,1.00,1.00,0.00,0.00,1,13.91,11.51,32.68,1,-36,13,0,0,STAT,60,LAT,LON,W,CRC
02/22/26 05:54:56,21.50,346.44,20.96,9.94,-4.27,455.27,20.20,27.90,0.13,0.65,0.65,0.00,0.00,1,13.91,3.25,31.83,1,-36,13,0,0,STAT,60,LAT,LON,W,CRC
02/22/26 05:55:56,21.50,344.41,20.33,11.05,-2.06,455.10,20.20,27.90,0.26,0.64,0.68,0.00,0.00,1,13.87,0.92,34.00,1,-36,14,1,1,STAT,60,LAT,LON,W,CRC
02/22/26 05:56:56,21.50,350.86,22.61,9.94,-1.67,455.03,20.20,27.90,0.30,0.55,0.56,0.00,0.00,1,13.84,0.26,33.56,1,-37,13,0,1,STAT,60,LAT,LON,W,CRC
02/22/26 05:57:56,21.50,344.96,19.17,9.42,-1.96,454.66,20.20,27.90,0.39,0.65,0.90,0.00,0.00,1,13.84,0.07,34.22,1,-35,14,0,0,STAT,60,LAT,LON,W,CRC
02/22/26 05:58:56,21.50,335.53,19.33,10.54,-0.29,454.53,20.20,27.90,0.56,0.76,1.04,0.00,0.00,1,14.09,213.60,33.25,1,-33,14,0,1,STAT,60,LAT,LON,W,CRC
02/22/26 05:59:56,21.50,350.33,19.91,9.89,-1.26,454.88,20.20,27.90,0.52,0.94,1.08,0.00,0.00,1,14.02,113.36,35.52,1,-37,13,0,0,STAT,60,LAT,LON,W,CRC
02/22/26 06:00:57,21.50,352.31,20.13,9.11,-0.25,454.86,20.20,27.90,0.36,1.05,1.10,0.00,0.00,1,13.95,32.02,32.85,1,-38,13,0,1,STAT,60,LAT,LON,W,CRC
02/22/26 06:01:58,21.50,348.97,20.86,8.54,-1.38,454.30,20.20,27.90,0.41,1.08,1.09,0.00,0.00,1,13.91,9.04,36.96,1,-37,13,0,0,STAT,60,LAT,LON,W,CRC
02/22/26 06:02:58,21.50,345.26,21.16,8.96,-3.19,453.87,20.20,27.90,0.37,1.04,1.05,0.00,0.00,1,13.87,2.55,33.63,1,-36,12,0,0,STAT,60,LAT,LON,W,CRC
02/22/26 06:03:58,21.50,338.75,20.52,10.15,-4.21,453.31,20.20,27.90,0.14,0.65,0.66,0.00,0.00,1,13.87,0.72,32.45,1,-35,12,0,0,STAT,60,LAT,LON,W,CRC
02/22/26 06:04:58,21.50,351.92,18.48,10.81,-2.73,453.60,20.20,27.90,0.23,0.76,1.02,0.00,0.00,1,13.84,0.20,33.01,1,-37,13,0,1,STAT,60,LAT,LON,W,CRC
02/22/26 06:05:58,21.50,358.03,19.56,10.04,-0.66,453.94,20.20,27.90,0.14,0.61,0.76,0.00,0.00,1,13.84,0.06,34.52,1,-39,13,0,1,STAT,60,LAT,LON,W,CRC
02/22/26 06:06:58,21.49,343.12,18.42,10.09,-3.44,453.03,20.20,27.90,0.26,0.88,1.01,0.00,0.00,1,14.16,263.50,41.53,1,-36,14,0,0,STAT,60,LAT,LON,W,CRC
02/22/26 06:07:59,21.49,353.24,19.01,10.25,-1.47,453.01,20.20,27.90,0.21,1.10,1.14,0.00,0.00,1,13.98,74.42,34.70,1,-38,14,0,0,STAT,60,LAT,LON,W,CRC
02/22/26 06:08:59,21.49,353.97,21.79,10.12,-0.58,453.12,20.20,27.90,0.32,1.35,1.36,0.00,0.00,1,13.95,21.02,35.67,1,-39,12,0,1,STAT,60,LAT,LON,W,CRC
02/22/26 06:09:59,21.49,353.61,21.04,9.68,-2.32,453.69,20.20,27.90,0.39,1.33,1.33,0.00,0.00,1,13.91,5.94,34.12,1,-39,12,0,0,STAT,60,LAT,LON,W,CRC
02/22/26 06:10:59,21.49,347.17,18.73,8.92,-2.30,453.89,20.20,27.90,0.22,1.05,1.05,0.00,0.00,1,13.87,1.68,31.75,1,-37,15,0,0,STAT,60,LAT,LON,W,CRC
02/22/26 06:11:59,21.49,348.03,17.79,9.99,-2.24,453.96,20.20,27.90,0.45,0.82,0.82,0.00,0.00,1,13.84,0.47,42.75,1,-36,15,0,0,STAT,60,LAT,LON,W,CRC
02/22/26 06:12:59,21.49,349.12,20.23,10.40,-1.47,454.34,20.20,27.80,0.56,1.06,1.06,0.00,0.00,1,13.84,0.13,37.47,1,-36,13,0,1,STAT,60,LAT,LON,W,CRC
02/22/26 06:13:59,21.48,349.42,20.26,10.74,-2.63,455.38,20.20,27.80,0.55,0.99,0.99,0.00,0.00,1,13.84,0.04,35.28,1,-36,13,0,1,STAT,60,LAT,LON,W,CRC
02/22/26 06:14:59,21.48,350.23,19.55,8.66,-3.06,455.78,20.20,27.90,0.69,1.35,1.35,0.00,0.00,1,14.09,217.89,32.14,1,-37,14,0,0,STAT,60,LAT,LON,W,CRC
02/22/26 06:15:59,21.47,345.35,18.59,9.65,-3.34,455.92,20.20,27.90,0.32,0.84,0.84,0.00,0.00,1,13.98,61.54,34.71,1,-36,13,0,0,STAT,60,LAT,LON,W,CRC
02/22/26 06:17:00,21.47,351.02,17.78,9.81,-2.68,454.14,20.20,27.90,0.12,0.88,0.88,0.00,0.00,1,13.95,17.38,37.42,1,-37,14,0,0,STAT,60,LAT,LON,W,CRC
02/22/26 06:18:00,21.47,353.25,19.38,10.25,-1.35,453.23,20.20,27.90,0.36,0.85,0.85,0.00,0.00,1,13.91,4.91,34.88,1,-38,13,0,0,STAT,60,LAT,LON,W,CRC
02/22/26 06:19:00,21.47,350.87,19.17,10.99,-2.34,452.92,20.20,27.90,0.12,0.81,0.81,0.00,0.00,1,13.87,1.39,32.49,1,-37,13,0,0,STAT,60,LAT,LON,W,CRC
02/22/26 06:20:00,21.46,353.29,20.38,9.92,-0.97,452.49,20.20,27.90,0.34,1.03,1.03,0.00,0.00,1,13.87,0.39,33.37,1,-38,13,0,0,STAT,60,LAT,LON,W,CRC
02/22/26 06:21:00,21.45,346.36,21.42,8.89,-2.15,452.24,20.10,27.90,0.24,0.85,0.85,0.00,0.00,1,13.84,0.11,32.96,1,-37,11,0,0,STAT,60,LAT,LON,W,CRC
02/22/26 06:22:01,21.43,349.97,19.72,8.84,-2.76,451.83,20.20,27.80,0.28,1.11,1.11,0.00,0.00,1,13.84,0.03,32.70,1,-38,13,0,0,STAT,60,LAT,LON,W,CRC
02/22/26 06:22:57,21.42,349.99,19.29,9.09,-2.72,451.99,20.20,27.80,0.19,0.80,0.80,0.00,0.00,1,14.05,137.94,34.45,1,-38,14,0,0,STAT,60,LAT,LON,W,CRC
02/22/26 06:23:57,21.41,350.06,20.15,9.20,-1.51,452.04,20.20,27.90,0.07,0.65,0.65,0.00,0.00,1,13.98,38.96,32.24,1,-38,12,0,0,STAT,60,LAT,LON,W,CRC
02/22/26 06:24:57,21.40,349.12,20.23,8.96,-2.64,451.32,20.10,27.90,0.09,0.76,0.99,0.00,0.00,1,13.91,11.00,32.42,1,-37,14,0,0,STAT,60,LAT,LON,W,CRC
02/22/26 06:25:57,21.40,354.72,18.24,9.79,-2.86,452.86,20.10,27.80,0.12,0.55,0.78,0.00,0.00,1,13.91,3.11,34.48,1,-39,14,0,0,STAT,60,LAT,LON,W,CRC
02/22/26 06:26:57,21.40,349.47,19.90,10.14,-2.08,452.90,20.10,27.80,0.17,0.84,0.92,0.00,0.00,1,13.87,0.88,33.94,1,-37,14,0,0,STAT,60,LAT,LON,W,CRC
02/22/26 06:27:58,21.40,345.13,19.57,9.89,-1.05,450.20,20.10,27.90,0.26,1.07,1.09,0.00,0.00,1,13.84,0.25,37.42,1,-36,15,0,0,STAT,60,LAT,LON,W,CRC
02/22/26 06:28:58,21.40,350.76,19.72,9.51,-0.72,449.02,20.10,27.90,0.47,1.03,1.18,0.00,0.00,1,13.84,0.07,36.67,1,-37,13,0,1,STAT,60,LAT,LON,W,CRC
02/22/26 06:29:58,21.40,351.75,20.93,8.47,0.22,449.65,20.10,27.80,0.32,1.10,1.33,0.00,0.00,1,13.98,165.50,33.90,1,-38,13,0,1,STAT,60,LAT,LON,W,CRC
02/22/26 06:30:58,21.40,344.21,19.05,8.78,-1.35,449.95,20.10,27.90,0.25,0.92,1.00,0.00,0.00,1,14.02,146.43,31.97,1,-37,15,0,0,STAT,60,LAT,LON,W,CRC
02/22/26 06:31:58,21.40,339.10,17.77,8.94,-0.26,451.09,20.10,27.90,0.61,1.28,1.31,0.00,0.00,1,13.95,41.36,34.56,1,-34,15,0,0,STAT,60,LAT,LON,W,CRC
02/22/26 06:32:58,21.40,350.03,20.21,6.30,1.34,452.37,20.10,27.90,0.41,1.04,1.04,0.00,0.00,1,13.91,11.68,37.82,1,-38,14,0,1,STAT,60,LAT,LON,W,CRC
02/22/26 06:33:59,21.40,347.21,19.72,8.61,-1.48,453.11,20.10,27.80,0.43,1.01,1.14,0.00,0.00,1,13.87,3.30,34.22,1,-37,14,0,0,STAT,60,LAT,LON,W,CRC
02/22/26 06:34:59,21.40,345.39,17.59,10.05,-3.35,453.36,20.10,27.80,0.32,1.14,1.18,0.00,0.00,1,13.87,0.93,35.21,1,-37,16,0,0,STAT,60,LAT,LON,W,CRC
02/22/26 06:35:59,21.40,347.21,18.44,10.66,-3.37,453.13,20.10,27.90,0.17,1.12,1.14,0.00,0.00,1,13.84,0.26,33.92,1,-37,15,0,0,STAT,60,LAT,LON,W,CRC
02/22/26 06:36:59,21.40,352.87,19.65,10.11,-1.93,453.15,20.10,27.90,0.51,1.17,1.18,0.00,0.00,1,13.84,0.07,35.30,1,-38,14,0,0,STAT,60,LAT,LON,W,CRC
02/22/26 06:37:59,21.40,341.47,20.76,8.96,-2.57,453.05,20.10,27.90,0.52,1.04,1.04,0.00,0.00,1,14.12,258.03,34.82,1,-35,13,0,0,STAT,60,LAT,LON,W,CRC
02/22/26 06:38:59,21.40,348.16,20.76,9.28,-1.62,452.95,20.10,27.90,0.50,0.77,0.77,0.00,0.00,1,14.02,90.19,35.59,1,-36,13,0,0,STAT,60,LAT,LON,W,CRC
02/22/26 06:39:59,21.40,351.52,21.67,9.10,-1.24,452.98,20.10,27.90,0.63,1.04,1.04,0.00,0.00,1,13.95,25.47,34.51,1,-38,12,0,0,STAT,60,LAT,LON,W,CRC
02/22/26 06:40:59,21.40,349.98,21.95,8.32,-1.12,452.99,20.10,27.90,0.62,0.94,0.94,0.00,0.00,1,13.91,7.19,34.92,1,-37,12,0,0,STAT,60,LAT,LON,W,CRC
02/22/26 06:41:59,21.40,351.05,19.47,9.85,-2.13,452.45,20.10,27.90,0.37,0.89,0.89,0.00,0.00,1,13.87,2.03,31.95,1,-38,14,0,0,STAT,60,LAT,LON,W,CRC
02/22/26 06:42:59,21.40,350.61,20.41,10.29,-3.88,452.16,20.10,27.90,0.69,1.05,1.05,0.00,0.00,1,13.84,0.57,39.20,1,-38,13,0,0,STAT,60,LAT,LON,W,CRC
02/22/26 06:43:59,21.40,346.82,20.94,9.89,-4.65,452.06,20.10,27.80,0.58,1.30,1.30,0.00,0.00,1,13.84,0.16,36.13,1,-37,13,0,0,STAT,60,LAT,LON,W,CRC
02/22/26 06:44:59,21.40,346.59,20.67,9.99,-4.77,452.29,20.10,27.90,0.51,1.16,1.16,0.00,0.00,1,13.84,0.05,34.67,1,-36,12,0,0,STAT,60,LAT,LON,W,CRC
02/22/26 06:45:59,21.39,343.32,19.16,9.06,-2.02,452.46,20.10,27.90,0.54,1.13,1.13,0.00,0.00,1,14.12,205.53,32.97,1,-35,13,0,0,STAT,60,LAT,LON,W,CRC
02/22/26 06:47:00,21.39,341.11,20.06,8.87,-2.72,452.16,20.10,27.90,0.64,1.10,1.12,0.00,0.00,1,13.98,58.05,38.60,1,-36,13,0,0,STAT,60,LAT,LON,W,CRC
02/22/26 06:48:00,21.39,346.79,23.36,8.16,-1.30,452.06,20.10,27.90,0.43,1.04,1.08,0.00,0.00,1,13.95,16.39,32.22,1,-36,11,0,0,STAT,60,LAT,LON,W,CRC
02/22/26 06:49:02,21.39,353.88,20.62,8.78,-0.36,452.02,20.10,27.90,0.47,1.26,1.28,0.00,0.00,1,13.91,4.63,36.01,1,-39,13,0,1,STAT,60,LAT,LON,W,CRC
02/22/26 06:50:02,21.39,349.27,18.60,9.75,-2.36,452.01,20.10,27.80,0.28,1.04,1.05,0.00,0.00,1,13.87,1.31,31.00,1,-38,14,0,0,STAT,60,LAT,LON,W,CRC
02/22/26 06:51:03,21.39,346.72,20.52,9.68,-3.55,452.39,20.10,27.80,0.53,1.11,1.11,0.00,0.00,1,13.87,0.37,32.23,1,-36,12,0,0,STAT,60,LAT,LON,W,CRC
02/22/26 06:52:03,21.39,349.97,20.94,7.74,-1.08,452.79,20.10,27.80,0.37,1.04,1.04,0.00,0.00,1,13.84,0.10,35.07,1,-38,12,0,0,STAT,60,LAT,LON,W,CRC
02/22/26 06:53:03,21.39,351.60,22.12,8.04,-2.30,452.65,20.10,27.90,0.42,1.24,1.24,0.00,0.00,1,13.84,0.03,34.23,1,-38,12,0,0,STAT,60,LAT,LON,W,CRC
02/22/26 06:54:04,21.38,348.50,19.34,8.65,-1.92,452.23,20.10,27.90,0.47,1.24,1.24,0.00,0.00,1,14.05,153.73,36.14,1,-37,13,0,0,STAT,60,LAT,LON,W,CRC
02/22/26 06:55:04,21.38,352.44,19.62,9.18,-2.01,452.04,20.10,27.90,0.69,1.66,1.66,0.00,0.00,1,13.98,43.42,33.79,1,-38,13,0,0,STAT,60,LAT,LON,W,CRC
02/22/26 06:56:04,21.38,351.72,19.54,9.65,-1.07,452.01,20.10,27.80,0.43,1.23,1.30,0.00,0.00,1,13.95,12.26,31.93,1,-38,14,0,1,STAT,60,LAT,LON,W,CRC
02/22/26 06:57:05,21.38,348.28,18.37,9.53,-2.68,451.55,20.10,27.80,0.46,1.20,1.22,0.00,0.00,1,13.91,3.46,35.55,1,-37,14,0,0,STAT,60,LAT,LON,W,CRC
02/22/26 06:58:00,21.38,350.17,20.75,9.34,-3.91,451.21,20.10,27.80,0.44,0.95,1.12,0.00,0.00,1,13.87,1.09,32.51,1,-37,13,0,0,STAT,60,LAT,LON,W,CRC
02/22/26 06:59:01,21.37,345.90,22.28,8.42,-1.58,450.86,20.10,27.80,0.38,0.58,0.69,0.00,0.00,1,13.84,0.31,35.54,1,-36,12,0,0,STAT,60,LAT,LON,W,CRC
02/22/26 07:00:01,21.37,353.73,22.21,7.77,-0.64,450.43,20.10,27.90,0.46,1.13,1.16,0.00,0.00,1,13.84,0.09,35.22,1,-39,12,0,0,STAT,60,LAT,LON,W,CRC
02/22/26 07:01:01,21.37,345.82,20.69,8.77,-0.68,450.15,20.10,27.90,0.29,0.97,0.98,0.00,0.00,1,13.80,0.02,34.70,1,-37,13,0,0,STAT,60,LAT,LON,W,CRC
02/22/26 07:02:01,21.36,349.25,20.48,9.02,-2.07,450.41,20.10,27.90,0.15,0.64,0.64,0.00,0.00,1,14.05,165.24,32.91,1,-37,13,0,0,STAT,60,LAT,LON,W,CRC
02/22/26 07:03:02,21.34,351.18,20.25,9.90,-0.79,451.20,20.10,27.90,0.31,0.71,0.71,0.00,0.00,1,13.95,46.67,36.03,1,-38,13,0,1,STAT,60,LAT,LON,W,CRC
02/22/26 07:04:01,21.33,355.36,21.07,10.09,-3.46,451.72,20.10,27.90,0.22,0.57,0.57,0.00,0.00,1,13.91,13.18,35.90,1,-40,13,0,0,STAT,60,LAT,LON,W,CRC
02/22/26 07:05:01,21.31,346.91,21.14,9.98,-2.78,452.07,20.10,27.90,0.25,0.79,0.79,0.00,0.00,1,13.87,3.72,32.27,1,-36,12,0,0,STAT,60,LAT,LON,W,CRC
02/22/26 07:06:01,21.30,350.21,22.53,9.06,-2.42,452.20,20.10,27.90,0.46,1.11,1.11,0.00,0.00,1,13.87,1.05,32.38,1,-38,11,0,0,STAT,60,LAT,LON,W,CRC
02/22/26 07:07:01,21.30,355.98,22.63,8.46,-1.38,452.07,20.10,27.80,0.50,1.44,1.63,0.00,0.00,1,13.84,0.30,33.43,1,-39,11,0,0,STAT,60,LAT,LON,W,CRC
02/22/26 07:08:01,21.30,346.33,21.64,9.81,-3.16,452.02,20.10,27.90,0.60,1.37,1.43,0.00,0.00,1,13.84,0.08,34.01,1,-37,12,0,0,STAT,60,LAT,LON,W,CRC
02/22/26 07:09:02,21.30,344.66,23.64,8.49,-1.94,451.66,20.10,27.90,0.37,1.00,1.02,0.00,0.00,1,14.09,186.96,32.48,1,-36,10,0,0,STAT,60,LAT,LON,W,CRC
02/22/26 07:10:03,21.30,350.44,21.27,9.66,-3.10,451.23,20.10,27.80,0.42,1.00,1.00,0.00,0.00,1,14.02,103.04,35.26,1,-38,12,0,0,STAT,60,LAT,LON,W,CRC
02/22/26 07:11:03,21.30,350.45,21.69,9.73,-1.28,451.00,20.10,27.90,0.35,1.10,1.32,0.00,0.00,1,13.95,29.10,33.82,1,-38,11,0,0,STAT,60,LAT,LON,W,CRC
02/22/26 07:12:03,21.30,347.90,20.21,9.66,-1.20,450.71,20.00,27.90,0.16,0.92,0.99,0.00,0.00,1,13.91,8.22,32.15,1,-37,12,0,0,STAT,60,LAT,LON,W,CRC
02/22/26 07:13:03,21.30,348.48,20.73,9.34,-1.65,450.32,20.10,27.90,0.62,1.40,1.43,0.00,0.00,1,13.87,2.32,32.91,1,-37,12,0,0,STAT,60,LAT,LON,W,CRC
02/22/26 07:14:04,21.30,349.10,18.84,9.77,-1.97,450.21,20.00,27.90,0.36,1.12,1.13,0.00,0.00,1,13.87,0.66,33.97,1,-37,14,0,0,STAT,60,LAT,LON,W,CRC
02/22/26 07:15:05,21.30,348.24,18.88,9.86,-2.14,449.83,20.00,27.90,0.48,1.05,1.06,0.00,0.00,1,13.84,0.19,36.72,1,-37,13,0,0,STAT,60,LAT,LON,W,CRC
02/22/26 07:16:05,21.30,355.30,20.05,10.23,-3.10,449.86,20.10,27.90,0.46,0.98,0.98,0.00,0.00,1,13.84,0.05,34.21,1,-39,12,1,0,STAT,60,LAT,LON,W,CRC
02/22/26 07:17:05,21.30,351.47,20.52,9.43,-1.76,449.30,20.10,27.90,0.57,1.28,1.28,0.00,0.00,1,14.16,223.65,31.41,1,-38,12,0,0,STAT,60,LAT,LON,W,CRC
02/22/26 07:18:06,21.30,355.97,20.25,9.59,-1.73,449.11,20.10,27.80,0.46,1.09,1.09,0.00,0.00,1,13.98,63.16,35.01,1,-39,13,0,0,STAT,60,LAT,LON,W,CRC
02/22/26 07:19:06,21.30,351.06,20.24,10.09,-1.74,449.69,20.00,27.80,0.45,1.09,1.09,0.00,0.00,1,13.95,17.84,34.11,1,-38,13,0,1,STAT,60,LAT,LON,W,CRC
02/22/26 07:20:05,21.30,344.17,19.91,8.98,-1.82,449.50,20.10,27.90,0.25,0.97,0.97,0.00,0.00,1,13.91,5.04,34.81,1,-36,12,0,1,STAT,60,LAT,LON,W,CRC
02/22/26 07:21:05,21.30,346.73,19.99,9.08,-1.21,448.93,20.10,27.90,0.13,0.92,0.92,0.00,0.00,1,13.87,1.42,33.35,1,-37,12,0,1,STAT,60,LAT,LON,W,CRC
02/22/26 07:22:05,21.30,354.60,19.40,9.67,-1.11,448.23,20.00,27.90,0.28,0.60,0.60,0.00,0.00,1,13.87,0.40,33.95,1,-39,12,0,1,STAT,60,LAT,LON,W,CRC
02/22/26 07:23:05,21.30,353.21,21.39,9.04,-1.34,449.35,20.00,27.90,0.24,0.50,0.50,0.00,0.00,1,13.84,0.11,36.57,1,-38,12,0,0,STAT,60,LAT,LON,W,CRC
02/22/26 07:24:05,21.30,345.89,20.40,8.15,-1.29,449.18,20.00,27.90,0.37,0.96,0.96,0.00,0.00,1,13.84,0.03,33.49,1,-37,12,0,0,STAT,60,LAT,LON,W,CRC
02/22/26 07:25:06,21.29,350.87,18.99,8.67,-3.65,449.40,20.00,27.80,0.18,0.54,0.54,0.00,0.00,1,14.09,201.58,37.74,1,-38,14,0,0,STAT,60,LAT,LON,W,CRC
02/22/26 07:26:06,21.30,350.35,19.81,8.55,-1.74,450.54,20.00,27.80,0.16,0.51,0.51,0.00,0.00,1,13.98,56.93,36.55,1,-38,13,0,0,STAT,60,LAT,LON,W,CRC
02/22/26 07:27:06,21.29,354.80,19.30,9.18,-1.98,450.57,20.00,27.90,0.45,1.16,1.16,0.00,0.00,1,13.91,16.08,33.16,1,-39,14,0,0,STAT,60,LAT,LON,W,CRC
02/22/26 07:28:06,21.30,353.38,21.14,9.24,-2.20,450.73,20.00,27.90,0.23,0.97,1.18,0.00,0.00,1,13.91,4.54,34.21,1,-39,12,0,0,STAT,60,LAT,LON,W,CRC
02/22/26 07:29:06,21.30,351.63,20.70,9.59,-2.09,450.90,20.00,27.90,0.37,0.64,0.75,0.00,0.00,1,13.87,1.28,33.26,1,-39,12,0,0,STAT,60,LAT,LON,W,CRC
02/22/26 07:30:08,21.29,348.65,21.28,8.78,-1.70,451.31,20.00,27.90,0.16,0.66,0.72,0.00,0.00,1,13.84,0.36,40.54,1,-37,11,0,0,STAT,60,LAT,LON,W,CRC
02/22/26 07:31:08,21.30,351.29,20.46,8.86,-1.53,452.80,20.00,27.90,0.08,0.39,0.45,0.00,0.00,1,13.84,0.10,36.75,1,-39,13,0,1,STAT,60,LAT,LON,W,CRC
02/22/26 07:32:08,21.30,354.81,21.95,8.76,-1.24,453.35,20.00,27.90,0.31,0.95,1.12,0.00,0.00,1,13.84,0.03,33.63,1,-39,12,0,0,STAT,60,LAT,LON,W,CRC
02/22/26 07:33:08,21.29,345.70,20.38,7.81,-0.12,452.29,20.00,27.90,0.35,0.93,0.98,0.00,0.00,1,14.02,151.84,33.74,1,-37,14,0,1,STAT,60,LAT,LON,W,CRC
02/22/26 07:34:08,21.29,344.17,19.91,9.23,-1.44,451.29,20.00,27.90,0.63,1.56,1.57,0.00,0.00,1,13.95,42.88,33.43,1,-36,13,0,1,STAT,60,LAT,LON,W,CRC
02/22/26 07:35:08,21.29,345.72,19.71,9.96,-3.06,450.10,20.00,27.90,0.39,1.02,1.02,0.00,0.00,1,13.91,12.11,33.97,1,-37,13,0,0,STAT,60,LAT,LON,W,CRC
02/22/26 07:36:08,21.29,348.05,20.45,10.12,-2.55,449.68,20.00,27.80,0.26,1.28,1.28,0.00,0.00,1,13.87,3.42,32.52,1,-38,11,0,0,STAT,60,LAT,LON,W,CRC
02/22/26 07:37:09,21.29,354.38,19.70,10.31,-2.39,449.51,20.00,27.90,0.43,1.41,1.68,0.00,0.00,1,13.87,0.97,32.78,1,-40,13,0,0,STAT,60,LAT,LON,W,CRC
02/22/26 07:38:09,21.29,350.98,19.49,9.28,-1.56,448.44,20.00,27.90,0.48,1.46,1.71,0.00,0.00,1,13.84,0.27,32.39,1,-38,13,0,1,STAT,60,LAT,LON,W,CRC
02/22/26 07:39:09,21.29,349.82,18.93,9.05,-2.61,449.13,20.00,27.90,0.62,1.25,1.77,0.00,0.00,1,13.84,0.08,31.96,1,-38,14,0,0,STAT,60,LAT,LON,W,CRC
02/22/26 07:40:09,21.28,347.57,20.17,9.19,-2.37,449.61,20.00,27.90,0.77,1.21,1.38,0.00,0.00,1,14.05,123.25,33.09,1,-38,12,0,0,STAT,60,LAT,LON,W,CRC
02/22/26 07:41:04,21.28,348.08,20.07,8.33,-0.22,448.78,20.00,27.90,0.73,1.07,1.13,0.00,0.00,1,14.02,126.39,33.56,1,-38,12,0,0,STAT,60,LAT,LON,W,CRC
02/22/26 07:42:04,21.28,347.05,19.61,8.35,0.22,447.84,20.00,27.90,0.59,1.34,1.36,0.00,0.00,1,13.95,35.70,31.62,1,-38,13,0,0,STAT,60,LAT,LON,W,CRC
02/22/26 07:43:04,21.28,349.91,18.64,9.00,-2.73,447.18,20.00,27.90,0.39,1.04,1.05,0.00,0.00,1,13.91,10.08,32.57,1,-38,13,0,0,STAT,60,LAT,LON,W,CRC
02/22/26 07:44:04,21.28,350.44,19.71,8.77,-0.07,446.35,20.00,27.90,0.68,1.09,1.09,0.00,0.00,1,13.91,2.85,35.90,1,-38,13,0,1,STAT,60,LAT,LON,W,CRC
02/22/26 07:45:05,21.28,348.47,18.87,9.07,-1.13,446.30,20.00,27.90,0.50,1.01,1.01,0.00,0.00,1,13.87,0.80,31.70,1,-38,14,0,0,STAT,60,LAT,LON,W,CRC
02/22/26 07:46:05,21.27,343.55,21.11,8.98,-1.61,445.79,20.00,27.80,0.52,1.16,1.16,0.00,0.00,1,13.84,0.23,34.00,1,-36,12,0,0,STAT,60,LAT,LON,W,CRC
02/22/26 07:47:05,21.27,346.43,20.96,9.69,-2.03,446.32,20.00,27.90,0.68,0.99,1.10,0.00,0.00,1,13.84,0.06,33.71,1,-38,11,0,0,STAT,60,LAT,LON,W,CRC
02/22/26 07:48:05,21.26,342.92,20.26,9.02,-1.42,449.91,20.00,27.90,0.62,1.00,1.03,0.00,0.00,1,14.12,244.56,34.36,1,-36,12,0,1,STAT,60,LAT,LON,W,CRC
02/22/26 07:49:05,21.25,360.05,21.59,9.30,-1.99,450.72,20.00,27.90,0.25,0.83,0.90,0.00,0.00,1,14.02,100.51,30.83,1,-40,12,0,0,STAT,60,LAT,LON,W,CRC
02/22/26 07:50:05,21.23,348.17,19.17,9.33,-2.02,450.82,20.00,27.90,0.12,0.67,0.69,0.00,0.00,1,13.95,28.39,32.62,1,-37,14,0,0,STAT,60,LAT,LON,W,CRC
02/22/26 07:51:05,21.22,347.01,20.20,8.62,-3.86,449.94,20.00,27.90,0.51,1.05,1.05,0.00,0.00,1,13.91,8.02,33.72,1,-37,12,0,0,STAT,60,LAT,LON,W,CRC
02/22/26 07:52:06,21.21,343.19,21.41,9.32,-3.38,448.59,20.00,27.80,0.25,0.51,0.51,0.00,0.00,1,13.87,2.26,32.81,1,-36,12,0,0,STAT,60,LAT,LON,W,CRC
02/22/26 07:53:06,21.20,345.26,18.35,9.66,-3.91,447.56,20.00,27.80,0.32,0.72,0.90,0.00,0.00,1,13.87,0.64,31.22,1,-37,15,0,0,STAT,60,LAT,LON,W,CRC
02/22/26 07:54:06,21.20,350.80,20.54,9.35,-2.39,447.13,20.00,27.90,0.66,0.99,1.22,0.00,0.00,1,13.84,0.18,34.45,1,-38,13,0,1,STAT,60,LAT,LON,W,CRC
02/22/26 07:55:06,21.20,347.56,19.96,9.41,-1.10,447.13,20.00,27.90,0.45,1.14,1.21,0.00,0.00,1,13.84,0.05,33.82,1,-37,13,0,1,STAT,60,LAT,LON,W,CRC
02/22/26 07:56:07,21.20,340.35,20.47,8.73,-2.98,447.11,20.00,27.90,0.42,1.24,1.26,0.00,0.00,1,14.12,206.85,33.53,1,-36,13,0,0,STAT,60,LAT,LON,W,CRC
02/22/26 07:57:07,21.20,350.58,19.66,8.29,-1.79,447.35,20.00,27.90,0.32,0.95,0.95,0.00,0.00,1,13.98,58.42,32.75,1,-39,13,0,0,STAT,60,LAT,LON,W,CRC
02/22/26 07:58:07,21.20,341.52,21.13,8.26,-2.32,447.77,20.00,27.90,0.31,1.08,1.08,0.00,0.00,1,13.95,16.50,33.49,1,-37,12,0,0,STAT,60,LAT,LON,W,CRC
02/22/26 07:59:07,21.20,350.06,21.98,8.67,-1.96,446.62,20.00,27.90,0.35,1.05,1.05,0.00,0.00,1,13.91,4.66,33.37,1,-39,12,0,0,STAT,60,LAT,LON,W,CRC
02/22/26 08:00:07,21.20,345.27,21.32,9.44,-1.89,445.81,20.00,27.90,0.47,1.06,1.06,0.00,0.00,1,13.87,1.32,31.24,1,-37,12,0,1,STAT,60,LAT,LON,W,CRC
02/22/26 08:01:07,21.20,350.98,21.82,9.67,-1.68,445.87,20.00,27.90,0.71,1.37,1.37,0.00,0.00,1,13.84,0.37,39.43,1,-38,12,0,1,STAT,60,LAT,LON,W,CRC
02/22/26 08:02:07,21.20,350.86,20.59,8.38,-0.65,445.95,20.00,27.90,0.52,1.09,1.09,0.00,0.00,1,13.84,0.10,35.45,1,-39,13,0,1,STAT,60,LAT,LON,W,CRC
02/22/26 08:03:08,21.20,346.54,20.91,8.44,-1.23,445.98,20.00,27.80,0.29,0.99,1.14,0.00,0.00,1,13.84,0.03,31.92,1,-37,12,0,0,STAT,60,LAT,LON,W,CRC
02/22/26 08:04:08,21.20,347.72,19.38,9.82,-1.66,445.99,20.00,27.90,0.21,0.79,0.90,0.00,0.00,1,14.05,196.64,32.01,1,-37,13,0,1,STAT,60,LAT,LON,W,CRC
02/22/26 08:05:08,21.20,346.52,17.45,9.44,-3.70,446.00,20.00,27.90,0.55,1.24,1.40,0.00,0.00,1,13.98,55.54,34.67,1,-38,14,0,0,STAT,60,LAT,LON,W,CRC
02/22/26 08:06:09,21.20,349.09,19.94,9.81,-2.99,446.00,20.00,27.90,0.33,0.99,1.18,0.00,0.00,1,13.95,15.69,33.31,1,-38,12,0,0,STAT,60,LAT,LON,W,CRC
02/22/26 08:07:09,21.20,351.54,21.26,9.82,-5.57,446.00,20.00,27.90,0.18,1.03,1.09,0.00,0.00,1,13.91,4.43,35.82,1,-39,11,0,0,STAT,60,LAT,LON,W,CRC
02/22/26 08:08:09,21.20,348.69,20.72,8.72,-3.78,446.00,20.00,27.90,0.11,1.35,1.37,0.00,0.00,1,13.87,1.25,33.96,1,-37,12,0,0,STAT,60,LAT,LON,W,CRC
02/22/26 08:09:10,21.20,347.86,20.20,9.51,-1.99,446.00,20.00,27.80,0.53,1.44,1.45,0.00,0.00,1,13.84,0.35,32.10,1,-38,12,0,0,STAT,60,LAT,LON,W,CRC
02/22/26 08:10:10,21.20,348.48,20.38,10.29,-3.74,445.91,20.00,27.80,0.32,1.01,1.01,0.00,0.00,1,13.84,0.10,33.42,1,-38,12,0,0,STAT,60,LAT,LON,W,CRC
02/22/26 08:11:10,21.20,341.60,20.74,9.64,-2.57,445.43,20.00,27.90,0.31,0.77,0.77,0.00,0.00,1,14.05,148.09,33.51,1,-35,13,0,0,STAT,60,LAT,LON,W,CRC
02/22/26 08:12:10,21.20,340.73,20.43,8.87,-1.43,445.15,20.00,27.90,0.57,1.19,1.19,0.00,0.00,1,14.02,127.74,39.80,1,-36,13,0,0,STAT,60,LAT,LON,W,CRC
02/22/26 08:13:10,21.20,344.17,20.97,9.43,-2.91,444.88,20.00,27.90,0.27,1.02,1.02,0.00,0.00,1,13.95,36.08,36.24,1,-37,12,0,0,STAT,60,LAT,LON,W,CRC
02/22/26 08:14:10,21.20,345.78,21.30,9.54,-1.46,445.41,20.00,27.90,0.46,1.31,1.31,0.00,0.00,1,13.91,10.19,32.82,1,-38,12,0,0,STAT,60,LAT,LON,W,CRC
02/22/26 08:15:10,21.20,348.28,19.61,9.64,-2.58,445.25,20.00,27.90,0.76,1.79,1.79,0.00,0.00,1,13.87,2.88,31.92,1,-37,14,0,0,STAT,60,LAT,LON,W,CRC
02/22/26 08:16:11,21.20,345.64,20.07,9.28,-1.57,445.01,20.00,27.90,0.25,1.00,1.00,0.00,0.00,1,13.87,0.81,32.63,1,-37,13,0,0,STAT,60,LAT,LON,W,CRC
02/22/26 08:17:06,21.20,347.00,21.58,9.46,-1.54,445.00,20.00,27.90,0.08,0.63,0.63,0.00,0.00,1,13.84,0.26,37.10,1,-38,12,0,0,STAT,60,LAT,LON,W,CRC
02/22/26 08:18:07,21.20,344.91,21.93,8.58,-1.48,445.00,20.00,27.90,0.24,0.97,0.97,0.00,0.00,1,13.84,0.07,33.78,1,-36,11,0,0,STAT,60,LAT,LON,W,CRC
02/22/26 08:19:07,21.19,341.64,21.76,8.95,-1.66,445.00,20.00,27.90,0.12,1.26,1.26,0.00,0.00,1,14.12,307.10,33.90,1,-35,11,0,1,STAT,60,LAT,LON,W,CRC
02/22/26 08:20:07,21.20,352.64,21.49,9.23,-2.11,444.51,20.00,27.90,0.43,1.19,1.19,0.00,0.00,1,13.98,105.93,35.68,1,-39,11,0,0,STAT,60,LAT,LON,W,CRC
02/22/26 08:21:07,21.20,350.42,21.04,9.66,-2.85,444.18,20.00,27.90,0.30,0.73,0.73,0.00,0.00,1,13.95,29.92,32.88,1,-38,11,0,0,STAT,60,LAT,LON,W,CRC
02/22/26 08:22:08,21.20,349.72,20.93,8.97,-2.55,443.77,20.00,27.90,0.29,0.59,0.80,0.00,0.00,1,13.91,8.45,33.09,1,-38,12,0,0,STAT,60,LAT,LON,W,CRC
02/22/26 08:23:08,21.20,345.30,19.54,9.76,-1.01,443.66,20.00,27.90,0.23,0.37,0.44,0.00,0.00,1,13.87,2.39,33.80,1,-37,13,0,0,STAT,60,LAT,LON,W,CRC
02/22/26 08:24:08,21.19,346.85,20.49,8.48,-0.33,444.75,20.00,27.90,0.33,0.71,0.94,0.00,0.00,1,13.87,0.67,32.57,1,-38,13,0,0,STAT,60,LAT,LON,W,CRC
02/22/26 08:25:08,21.19,346.25,20.51,8.49,-1.91,445.19,19.90,27.90,0.14,0.42,0.75,0.00,0.00,1,13.84,0.19,32.13,1,-37,12,0,0,STAT,60,LAT,LON,W,CRC
02/22/26 08:26:09,21.19,347.02,19.50,9.93,-2.15,445.15,19.90,27.90,0.18,0.90,1.13,0.00,0.00,1,13.84,0.05,33.22,1,-37,13,0,0,STAT,60,LAT,LON,W,CRC
02/22/26 08:27:08,21.19,346.96,18.83,9.58,-3.89,446.29,19.90,27.90,0.56,0.87,0.94,0.00,0.00,1,14.12,276.63,36.70,1,-37,13,0,0,STAT,60,LAT,LON,W,CRC
02/22/26 08:28:08,21.19,347.42,20.62,8.84,-3.41,446.74,19.90,27.90,0.35,0.90,0.92,0.00,0.00,1,13.98,78.13,31.91,1,-38,11,0,0,STAT,60,LAT,LON,W,CRC
02/22/26 08:29:08,21.19,346.60,20.77,8.74,-2.84,446.26,20.00,27.90,0.14,0.54,0.55,0.00,0.00,1,13.95,22.07,32.07,1,-37,12,0,0,STAT,60,LAT,LON,W,CRC
02/22/26 08:30:08,21.19,338.48,19.79,8.96,-1.73,445.41,20.00,27.90,0.31,1.00,1.00,0.00,0.00,1,13.91,6.23,34.22,1,-36,13,0,0,STAT,60,LAT,LON,W,CRC
02/22/26 08:31:08,21.19,344.65,19.30,9.72,-3.17,444.09,19.90,27.90,0.22,0.99,0.99,0.00,0.00,1,13.87,1.76,34.81,1,-37,14,0,0,STAT,60,LAT,LON,W,CRC
02/22/26 08:32:10,21.18,348.94,17.73,9.34,-1.34,443.18,20.00,27.90,0.25,1.14,1.14,0.00,0.00,1,13.84,0.50,36.70,1,-38,14,0,1,STAT,60,LAT,LON,W,CRC
02/22/26 08:33:10,21.18,353.19,19.65,10.25,-1.79,441.96,19.90,27.90,0.49,1.08,1.08,0.00,0.00,1,13.84,0.14,37.68,1,-39,13,0,0,STAT,60,LAT,LON,W,CRC
02/22/26 08:34:10,21.18,350.85,19.53,10.23,-2.66,442.71,19.90,27.90,0.61,1.36,1.36,0.00,0.00,1,13.80,0.04,33.35,1,-39,13,0,0,STAT,60,LAT,LON,W,CRC
02/22/26 08:35:11,21.18,347.40,20.16,8.78,-2.08,443.09,19.90,27.90,0.85,1.68,1.68,0.00,0.00,1,14.05,123.92,32.79,1,-38,11,0,0,STAT,60,LAT,LON,W,CRC
02/22/26 08:36:11,21.18,349.85,21.01,8.81,-2.11,443.94,19.90,27.90,0.49,1.34,1.34,0.00,0.00,1,13.98,35.00,32.33,1,-39,11,0,0,STAT,60,LAT,LON,W,CRC
02/22/26 08:37:11,21.18,352.86,19.71,8.97,-4.10,443.95,19.90,27.90,0.65,1.32,1.32,0.00,0.00,1,13.91,9.89,34.91,1,-40,13,0,0,STAT,60,LAT,LON,W,CRC
02/22/26 08:38:11,21.18,349.11,20.52,8.48,-2.85,443.75,19.90,27.90,0.69,1.44,1.44,0.00,0.00,1,13.87,2.79,31.28,1,-38,12,0,0,STAT,60,LAT,LON,W,CRC
02/22/26 08:39:11,21.18,349.57,20.76,9.12,-2.46,442.87,19.90,27.90,0.22,0.96,0.96,0.00,0.00,1,13.87,0.79,32.52,1,-39,12,0,0,STAT,60,LAT,LON,W,CRC
02/22/26 08:40:11,21.18,352.12,20.89,7.73,-1.20,443.57,19.90,27.90,0.28,1.03,1.23,0.00,0.00,1,13.84,0.22,35.39,1,-39,12,0,0,STAT,60,LAT,LON,W,CRC
02/22/26 08:41:11,21.16,345.80,21.08,7.99,-1.92,444.20,19.90,27.90,0.30,0.88,1.19,0.00,0.00,1,13.84,0.06,35.47,1,-37,12,0,0,STAT,60,LAT,LON,W,CRC
02/22/26 08:42:11,21.15,343.64,21.12,8.11,-1.94,444.72,19.90,27.90,0.61,1.47,1.57,0.00,0.00,1,14.09,236.05,31.91,1,-36,12,0,0,STAT,60,LAT,LON,W,CRC
02/22/26 08:43:11,21.13,348.87,20.61,9.86,-1.86,444.83,20.00,27.90,0.51,1.03,1.25,0.00,0.00,1,14.02,124.46,39.64,1,-38,13,0,0,STAT,60,LAT,LON,W,CRC
02/22/26 08:44:12,21.12,352.62,20.94,9.72,-3.54,444.94,19.90,27.90,0.41,1.27,1.35,0.00,0.00,1,13.95,35.15,36.59,1,-39,12,0,0,STAT,60,LAT,LON,W,CRC
02/22/26 08:45:12,21.11,346.71,19.70,9.01,-3.10,445.26,19.90,27.90,0.19,0.92,1.34,0.00,0.00,1,13.91,9.93,31.71,1,-38,12,0,0,STAT,60,LAT,LON,W,CRC
02/22/26 08:46:12,21.10,344.68,19.19,9.12,-1.89,445.16,19.90,27.90,0.15,0.88,1.03,0.00,0.00,1,13.87,2.80,31.88,1,-37,12,0,0,STAT,60,LAT,LON,W,CRC
02/22/26 08:47:12,21.10,344.62,19.15,8.64,0.61,445.06,19.90,27.90,0.33,1.40,1.45,0.00,0.00,1,13.87,0.79,34.45,1,-37,13,0,1,STAT,60,LAT,LON,W,CRC
02/22/26 08:48:14,21.10,344.69,19.72,8.97,-0.52,444.56,19.90,27.90,0.24,1.23,1.40,0.00,0.00,1,13.84,0.22,31.53,1,-37,13,0,1,STAT,60,LAT,LON,W,CRC
02/22/26 08:49:14,21.10,353.40,18.82,9.16,-1.51,444.08,19.90,27.90,0.20,1.18,1.31,0.00,0.00,1,13.84,0.06,33.31,1,-40,14,0,0,STAT,60,LAT,LON,W,CRC
02/22/26 08:50:14,21.10,349.90,20.66,9.52,-2.31,443.39,19.90,27.90,0.26,0.91,0.95,0.00,0.00,1,14.16,280.05,36.62,1,-38,12,0,1,STAT,60,LAT,LON,W,CRC
02/22/26 08:51:14,21.10,349.17,21.53,9.08,-4.84,442.37,19.90,27.90,0.39,0.79,0.81,0.00,0.00,1,13.98,79.09,32.21,1,-38,12,0,0,STAT,60,LAT,LON,W,CRC
02/22/26 08:52:14,21.10,342.94,19.53,10.12,-3.20,443.99,19.90,27.90,0.34,0.87,1.17,0.00,0.00,1,13.95,22.34,33.72,1,-37,13,0,0,STAT,60,LAT,LON,W,CRC
02/22/26 08:53:14,21.10,343.49,22.69,9.71,-2.59,444.78,19.90,27.90,0.53,1.29,1.39,0.00,0.00,1,13.91,6.31,55.92,1,-37,10,0,0,STAT,60,LAT,LON,W,CRC
02/22/26 08:54:14,21.10,346.51,20.81,9.98,-1.81,443.14,19.90,27.90,0.74,1.74,1.87,0.00,0.00,1,13.87,1.78,38.51,1,-37,12,0,1,STAT,60,LAT,LON,W,CRC
02/22/26 08:55:15,21.10,348.50,21.27,8.89,-1.86,441.95,19.90,27.90,0.62,1.45,1.58,0.00,0.00,1,13.87,0.50,35.81,1,-37,12,0,0,STAT,60,LAT,LON,W,CRC
02/22/26 08:56:15,21.10,351.63,22.23,8.42,-3.06,441.79,19.90,27.90,0.83,2.13,2.25,0.00,0.00,1,13.84,0.14,34.67,1,-38,12,0,0,STAT,60,LAT,LON,W,CRC
02/22/26 08:57:15,21.10,346.55,19.47,8.94,-2.77,441.28,19.90,27.90,0.71,1.64,1.77,0.00,0.00,1,13.84,0.04,35.12,1,-37,14,0,0,STAT,60,LAT,LON,W,CRC
02/22/26 08:58:15,21.10,350.77,21.72,9.26,-3.17,442.36,19.90,27.90,0.70,1.41,1.62,0.00,0.00,1,14.05,129.26,34.16,1,-39,11,0,0,STAT,60,LAT,LON,W,CRC
02/22/26 08:59:15,21.10,354.75,20.58,9.30,-2.81,442.67,19.90,27.90,0.48,0.95,1.08,0.00,0.00,1,13.95,36.51,33.66,1,-40,13,0,0,STAT,60,LAT,LON,W,CRC
02/22/26 09:00:15,21.10,346.62,20.95,8.13,-0.91,442.27,19.90,27.90,0.61,1.23,1.40,0.00,0.00,1,13.91,10.31,33.33,1,-38,12,0,1,STAT,60,LAT,LON,W,CRC
02/22/26 09:01:16,21.10,338.30,21.76,8.53,-2.59,442.32,19.90,27.90,0.59,0.98,1.04,0.00,0.00,1,13.87,2.91,33.39,1,-35,11,0,0,STAT,60,LAT,LON,W,CRC
02/22/26 09:02:16,21.10,350.56,19.29,9.01,-4.40,441.79,19.90,27.90,0.72,1.36,1.62,0.00,0.00,1,13.87,0.82,31.79,1,-39,13,0,0,STAT,60,LAT,LON,W,CRC
02/22/26 09:03:16,21.10,343.56,18.49,8.58,-2.38,441.68,19.90,27.90,0.71,1.04,1.55,0.00,0.00,1,13.84,0.23,32.16,1,-37,14,0,0,STAT,60,LAT,LON,W,CRC
02/22/26 09:04:12,21.10,342.18,19.29,9.36,-2.56,442.49,19.90,27.90,0.52,1.13,1.30,0.00,0.00,1,13.84,0.07,30.50,1,-36,13,0,0,STAT,60,LAT,LON,W,CRC
02/22/26 09:05:12,21.10,339.62,20.64,9.42,-2.15,443.25,19.90,27.90,0.42,1.07,1.12,0.00,0.00,1,14.12,196.49,32.17,1,-36,12,1,0,STAT,60,LAT,LON,W,CRC
02/22/26 09:06:12,21.10,350.24,21.52,8.28,-3.19,443.16,19.90,27.90,0.68,1.40,1.42,0.00,0.00,1,14.02,75.43,33.99,1,-39,12,0,0,STAT,60,LAT,LON,W,CRC
02/22/26 09:07:12,21.10,348.86,19.13,8.48,-2.86,443.25,19.90,27.90,0.47,1.19,1.43,0.00,0.00,1,13.95,21.30,33.07,1,-38,12,0,0,STAT,60,LAT,LON,W,CRC
02/22/26 09:08:12,21.10,349.23,19.47,9.99,-3.68,441.93,19.90,27.90,0.30,0.97,1.05,0.00,0.00,1,13.91,6.02,31.56,1,-38,13,0,0,STAT,60,LAT,LON,W,CRC
02/22/26 09:09:12,21.10,353.19,19.40,10.89,-4.59,441.73,19.90,27.90,0.11,0.70,0.87,0.00,0.00,1,13.87,1.70,37.73,1,-39,12,0,0,STAT,60,LAT,LON,W,CRC
02/22/26 09:10:13,21.10,349.03,19.45,9.30,-2.90,443.04,19.90,27.90,0.33,1.23,1.30,0.00,0.00,1,13.87,0.48,36.17,1,-38,12,0,0,STAT,60,LAT,LON,W,CRC
02/22/26 09:11:13,21.10,348.82,20.99,8.10,-3.02,443.11,19.90,28.00,0.34,0.84,1.18,0.00,0.00,1,13.84,0.14,33.79,1,-38,11,0,0,STAT,60,LAT,LON,W,CRC
02/22/26 09:12:13,21.10,343.71,21.19,9.64,-3.15,443.01,19.90,28.00,0.11,1.08,1.27,0.00,0.00,1,13.84,0.04,31.73,1,-37,12,0,0,STAT,60,LAT,LON,W,CRC
02/22/26 09:13:13,21.09,341.70,19.32,10.67,-3.89,443.02,19.90,27.90,0.09,0.74,0.80,0.00,0.00,1,14.09,173.57,33.22,1,-36,12,0,0,STAT,60,LAT,LON,W,CRC
02/22/26 09:14:13,21.10,348.02,19.58,9.65,-3.33,443.01,19.90,27.90,0.21,0.89,1.77,0.00,0.00,1,13.98,49.02,35.79,1,-38,13,0,0,STAT,60,LAT,LON,W,CRC
02/22/26 09:15:13,21.10,353.02,19.94,9.14,-1.58,441.78,19.90,28.00,0.39,1.16,1.60,0.00,0.00,1,13.95,13.84,32.98,1,-40,12,0,0,STAT,60,LAT,LON,W,CRC
02/22/26 09:16:13,21.10,352.29,20.36,9.47,-2.72,440.97,19.90,28.00,0.47,1.22,1.69,0.00,0.00,1,13.91,3.91,31.93,1,-39,11,0,0,STAT,60,LAT,LON,W,CRC
02/22/26 09:17:13,21.10,351.93,20.21,10.25,-3.34,441.34,19.90,27.90,0.62,1.55,1.71,0.00,0.00,1,13.87,1.10,33.14,1,-39,11,0,0,STAT,60,LAT,LON,W,CRC
02/22/26 09:18:13,21.09,353.60,21.11,9.30,-1.71,441.84,19.90,28.00,0.64,1.56,1.68,0.00,0.00,1,13.84,0.31,35.89,1,-40,11,0,0,STAT,60,LAT,LON,W,CRC
02/22/26 09:19:15,21.10,349.67,21.22,7.99,-2.72,442.65,19.90,28.00,0.32,1.39,1.85,0.00,0.00,1,13.84,0.09,35.39,1,-38,11,0,0,STAT,60,LAT,LON,W,CRC
02/22/26 09:20:15,21.09,346.70,19.88,7.71,-0.75,442.87,19.90,27.90,0.45,1.33,1.65,0.00,0.00,1,14.09,103.90,34.26,1,-37,12,0,0,STAT,60,LAT,LON,W,CRC
02/22/26 09:21:15,21.09,348.89,21.14,7.85,-1.24,442.96,19.90,28.00,0.28,0.71,1.15,0.00,0.00,1,14.02,90.01,35.32,1,-38,11,0,0,STAT,60,LAT,LON,W,CRC
02/22/26 09:22:16,21.09,344.67,22.20,8.42,-3.83,442.98,19.90,27.90,0.36,0.97,1.12,0.00,0.00,1,13.95,25.42,37.32,1,-37,11,0,0,STAT,60,LAT,LON,W,CRC
02/22/26 09:23:16,21.09,346.85,21.92,7.90,-1.68,442.41,19.90,27.90,0.39,1.59,1.64,0.00,0.00,1,13.91,7.18,35.23,1,-38,11,0,0,STAT,60,LAT,LON,W,CRC
02/22/26 09:24:15,21.09,344.35,20.75,8.00,-2.27,442.37,19.90,27.90,0.33,1.11,1.25,0.00,0.00,1,13.87,2.03,33.83,1,-37,13,0,0,STAT,60,LAT,LON,W,CRC
02/22/26 09:25:15,21.09,344.43,20.03,7.61,-1.14,442.22,19.90,28.00,0.28,1.15,1.19,0.00,0.00,1,13.87,0.57,35.55,1,-36,12,0,0,STAT,60,LAT,LON,W,CRC
02/22/26 09:26:15,21.09,345.61,20.55,8.83,-1.00,442.08,19.90,27.90,0.43,1.09,1.11,0.00,0.00,1,13.84,0.16,33.75,1,-38,12,0,0,STAT,60,LAT,LON,W,CRC
02/22/26 09:27:15,21.09,342.96,20.52,8.28,-0.58,442.03,19.90,27.90,0.54,1.46,1.46,0.00,0.00,1,13.84,0.05,36.79,1,-37,12,0,0,STAT,60,LAT,LON,W,CRC
02/22/26 09:28:15,21.08,345.00,22.20,7.74,-0.45,441.36,19.90,27.90,0.60,1.28,1.28,0.00,0.00,1,14.16,272.24,31.75,1,-37,11,0,0,STAT,60,LAT,LON,W,CRC
02/22/26 09:29:17,21.09,348.07,20.72,7.80,-1.59,441.13,19.90,28.00,0.53,0.97,0.97,0.00,0.00,1,13.98,76.89,34.53,1,-37,13,0,0,STAT,60,LAT,LON,W,CRC
02/22/26 09:30:17,21.09,347.75,21.37,9.66,-3.78,439.85,19.90,27.90,0.39,0.81,0.81,0.00,0.00,1,13.95,21.72,33.79,1,-38,11,0,0,STAT,60,LAT,LON,W,CRC
02/22/26 09:31:17,21.09,350.62,20.31,9.59,-4.00,439.76,19.90,27.90,0.55,1.13,1.13,0.00,0.00,1,13.91,6.13,32.94,1,-39,12,0,0,STAT,60,LAT,LON,W,CRC
02/22/26 09:32:17,21.08,349.77,19.74,10.21,-3.24,439.91,19.90,28.00,0.51,1.35,1.35,0.00,0.00,1,13.87,1.73,34.14,1,-39,12,0,0,STAT,60,LAT,LON,W,CRC
02/22/26 09:33:17,21.08,351.86,18.72,8.89,-3.65,440.47,19.90,27.90,0.69,1.48,1.48,0.00,0.00,1,13.87,0.49,33.22,1,-40,13,0,0,STAT,60,LAT,LON,W,CRC
02/22/26 09:34:18,21.08,346.14,19.86,8.66,-3.36,440.50,19.90,27.90,0.71,1.56,1.76,0.00,0.00,1,13.84,0.14,32.32,1,-39,12,0,0,STAT,60,LAT,LON,W,CRC
02/22/26 09:35:19,21.08,354.05,19.63,8.84,-3.02,440.70,19.90,28.00,0.59,1.44,1.51,0.00,0.00,1,14.05,141.90,33.90,1,-40,12,0,0,STAT,60,LAT,LON,W,CRC
02/22/26 09:36:19,21.08,354.63,21.43,8.70,-2.96,440.86,19.90,27.90,0.54,1.42,1.44,0.00,0.00,1,13.98,40.08,32.93,1,-41,12,0,0,STAT,60,LAT,LON,W,CRC
02/22/26 09:37:19,21.08,348.96,22.00,9.96,-4.28,441.03,19.90,28.00,0.74,1.26,1.27,0.00,0.00,1,13.95,11.32,31.87,1,-39,11,0,0,STAT,60,LAT,LON,W,CRC
02/22/26 09:38:19,21.08,342.96,20.06,9.68,-3.03,441.20,19.90,27.90,0.30,1.07,1.41,0.00,0.00,1,13.91,3.20,34.12,1,-36,12,0,0,STAT,60,LAT,LON,W,CRC
02/22/26 09:39:19,21.08,345.93,20.47,8.59,-3.59,441.49,19.90,28.00,0.52,1.04,1.35,0.00,0.00,1,13.87,0.90,36.72,1,-38,12,0,0,STAT,60,LAT,LON,W,CRC
02/22/26 09:40:16,21.07,348.46,17.89,9.42,-3.11,441.26,19.90,27.90,0.24,1.09,1.18,0.00,0.00,1,13.84,0.28,41.28,1,-38,15,0,0,STAT,60,LAT,LON,W,CRC
02/22/26 09:41:16,21.06,349.39,19.46,8.57,-1.74,440.86,19.90,28.00,0.50,1.52,1.55,0.00,0.00,1,13.84,0.08,37.07,1,-38,13,0,0,STAT,60,LAT,LON,W,CRC
02/22/26 09:42:16,21.04,355.11,19.89,9.15,-3.04,440.57,19.90,28.00,0.29,1.03,1.04,0.00,0.00,1,13.84,0.02,32.85,1,-39,11,0,0,STAT,60,LAT,LON,W,CRC
02/22/26 09:43:16,21.03,354.98,20.70,8.43,-1.64,440.38,19.80,28.00,0.22,1.24,1.50,0.00,0.00,1,14.05,154.77,32.03,1,-40,12,0,0,STAT,60,LAT,LON,W,CRC
02/22/26 09:44:16,21.02,350.99,19.17,8.43,-2.34,440.38,19.80,27.90,0.42,1.24,1.45,0.00,0.00,1,13.95,43.71,33.27,1,-39,13,0,0,STAT,60,LAT,LON,W,CRC
02/22/26 09:45:17,21.01,352.12,18.00,9.44,-3.17,440.29,19.90,27.90,0.25,1.22,1.30,0.00,0.00,1,13.91,12.35,33.53,1,-39,14,0,0,STAT,60,LAT,LON,W,CRC
02/22/26 09:46:17,21.00,343.73,20.76,9.21,-3.16,440.10,19.80,28.00,0.48,1.29,1.31,0.00,0.00,1,13.91,3.49,34.64,1,-36,12,0,0,STAT,60,LAT,LON,W,CRC
02/22/26 09:47:17,21.00,348.25,22.30,9.46,-3.87,440.23,19.80,28.00,0.70,1.36,1.37,0.00,0.00,1,13.87,0.98,32.81,1,-39,11,0,0,STAT,60,LAT,LON,W,CRC
02/22/26 09:48:17,21.00,355.32,20.16,9.16,-2.54,440.16,19.90,28.00,0.37,1.12,1.24,0.00,0.00,1,13.84,0.28,35.97,1,-41,12,0,0,STAT,60,LAT,LON,W,CRC
02/22/26 09:49:17,21.00,346.77,19.67,8.87,-2.14,440.71,19.80,27.90,0.34,0.78,0.98,0.00,0.00,1,13.84,0.08,33.41,1,-38,12,0,0,STAT,60,LAT,LON,W,CRC
02/22/26 09:50:18,21.00,344.41,19.63,8.62,-3.90,440.90,19.80,27.90,0.21,0.61,0.78,0.00,0.00,1,14.12,265.46,35.83,1,-37,12,0,0,STAT,60,LAT,LON,W,CRC
02/22/26 09:51:18,21.00,352.36,19.35,9.70,-5.45,441.03,19.90,28.00,0.21,0.79,1.03,0.00,0.00,1,14.02,107.94,33.82,1,-40,13,0,0,STAT,60,LAT,LON,W,CRC
02/22/26 09:52:18,21.00,348.84,19.97,9.49,-1.60,440.57,19.80,28.00,0.08,0.68,0.75,0.00,0.00,1,13.95,30.49,32.77,1,-38,12,0,0,STAT,60,LAT,LON,W,CRC
02/22/26 09:53:18,21.00,345.40,20.58,10.04,-2.27,439.96,19.90,27.90,0.15,0.63,0.66,0.00,0.00,1,13.91,8.61,34.29,1,-37,12,0,0,STAT,60,LAT,LON,W,CRC
02/22/26 09:54:18,21.00,349.31,21.56,10.06,-2.06,440.07,19.80,27.90,0.10,0.55,0.56,0.00,0.00,1,13.87,2.43,33.86,1,-39,11,0,1,STAT,60,LAT,LON,W,CRC
02/22/26 09:55:20,21.00,349.65,21.30,8.63,-2.38,440.32,19.80,28.00,0.11,0.40,0.41,0.00,0.00,1,13.87,0.69,36.56,1,-39,11,0,0,STAT,60,LAT,LON,W,CRC
02/22/26 09:56:18,21.00,350.09,19.61,8.33,-2.90,440.30,19.90,28.00,0.23,0.40,0.41,0.00,0.00,1,13.84,0.19,33.47,1,-39,12,0,0,STAT,60,LAT,LON,W,CRC
02/22/26 09:57:18,21.00,347.75,17.51,8.84,-3.35,440.32,19.80,28.00,0.09,0.82,0.82,0.00,0.00,1,13.84,0.05,32.26,1,-39,14,0,0,STAT,60,LAT,LON,W,CRC
02/22/26 09:58:18,21.00,347.10,18.83,9.47,-2.59,440.35,19.80,28.00,0.17,1.53,1.68,0.00,0.00,1,14.09,245.83,32.52,1,-37,14,0,0,STAT,60,LAT,LON,W,CRC
02/22/26 09:59:19,21.00,347.28,20.95,8.17,-0.98,440.12,19.80,27.90,0.17,0.86,1.25,0.00,0.00,1,13.98,69.43,37.12,1,-38,12,0,1,STAT,60,LAT,LON,W,CRC
02/22/26 10:00:19,21.00,349.20,20.22,8.57,-3.09,440.04,19.80,28.00,0.25,0.85,0.97,0.00,0.00,1,13.95,19.61,31.91,1,-38,13,0,0,STAT,60,LAT,LON,W,CRC
02/22/26 10:01:18,21.00,347.25,20.20,8.06,-2.10,439.55,19.80,28.00,0.19,0.78,1.07,0.00,0.00,1,13.91,5.54,34.21,1,-38,13,0,0,STAT,60,LAT,LON,W,CRC
02/22/26 10:02:18,21.00,348.55,21.28,7.82,-1.89,439.40,19.80,27.90,0.21,1.21,1.30,0.00,0.00,1,13.87,1.56,34.10,1,-39,12,0,0,STAT,60,LAT,LON,W,CRC
02/22/26 10:03:18,21.00,344.48,20.75,8.93,-2.53,439.06,19.80,28.00,0.28,1.34,1.37,0.00,0.00,1,13.84,0.44,33.69,1,-37,12,0,0,STAT,60,LAT,LON,W,CRC
02/22/26 10:04:18,21.00,346.99,20.64,8.45,-1.61,438.75,19.80,28.00,0.44,1.17,1.18,0.00,0.00,1,13.84,0.12,31.99,1,-38,12,0,0,STAT,60,LAT,LON,W,CRC
02/22/26 10:05:18,21.00,344.72,20.26,9.20,-2.69,438.88,19.80,28.00,0.37,0.92,0.94,0.00,0.00,1,13.84,0.04,32.91,1,-38,12,0,0,STAT,60,LAT,LON,W,CRC
02/22/26 10:06:21,21.00,346.46,18.97,9.46,-1.42,438.55,19.80,28.00,0.25,1.22,1.40,0.00,0.00,1,14.05,172.06,35.93,1,-37,14,0,0,STAT,60,LAT,LON,W,CRC
02/22/26 10:07:21,21.00,348.67,21.23,8.93,-2.41,438.50,19.80,28.00,0.27,1.25,1.32,0.00,0.00,1,13.98,48.59,33.31,1,-38,11,0,0,STAT,60,LAT,LON,W,CRC
02/22/26 10:08:21,21.00,344.58,20.40,8.50,-2.88,438.62,19.80,28.00,0.44,1.12,1.14,0.00,0.00,1,13.91,13.72,33.86,1,-37,12,0,0,STAT,60,LAT,LON,W,CRC
02/22/26 10:09:21,21.00,345.62,19.27,8.63,-3.65,438.38,19.80,27.90,0.66,1.45,1.46,0.00,0.00,1,13.87,3.88,32.31,1,-38,13,0,0,STAT,60,LAT,LON,W,CRC
02/22/26 10:10:21,21.00,350.89,20.30,9.58,-3.36,438.75,19.80,28.00,0.41,1.20,1.20,0.00,0.00,1,13.87,1.09,31.29,1,-38,12,0,0,STAT,60,LAT,LON,W,CRC
02/22/26 10:11:23,21.00,353.65,22.17,8.83,-2.82,438.51,19.80,28.00,0.31,0.83,0.91,0.00,0.00,1,13.84,0.31,46.45,1,-40,11,0,0,STAT,60,LAT,LON,W,CRC
02/22/26 10:12:23,21.00,344.99,21.06,9.22,-1.79,438.18,19.80,28.00,0.10,1.13,1.36,0.00,0.00,1,13.84,0.09,37.37,1,-38,11,0,0,STAT,60,LAT,LON,W,CRC
02/22/26 10:13:23,21.00,354.36,21.53,8.23,-1.41,438.06,19.80,28.00,0.44,1.17,1.24,0.00,0.00,1,14.12,195.94,33.85,1,-39,11,0,0,STAT,60,LAT,LON,W,CRC
02/22/26 10:14:23,21.00,342.68,20.33,9.89,-3.46,438.02,19.80,28.00,0.77,1.47,1.49,0.00,0.00,1,13.98,75.17,36.65,1,-37,11,0,0,STAT,60,LAT,LON,W,CRC
02/22/26 10:15:23,21.00,351.90,20.81,9.79,-2.93,438.01,19.80,28.00,0.92,1.63,1.90,0.00,0.00,1,13.95,21.23,32.37,1,-40,11,0,0,STAT,60,LAT,LON,W,CRC
02/22/26 10:16:19,21.00,347.07,21.03,8.98,-3.13,438.00,19.80,28.00,0.47,0.91,1.00,0.00,0.00,1,13.91,6.66,37.11,1,-37,12,0,0,STAT,60,LAT,LON,W,CRC
02/22/26 10:17:19,21.00,351.45,21.43,8.37,-1.09,438.00,19.80,28.00,0.15,0.82,0.85,0.00,0.00,1,13.87,1.88,35.05,1,-39,12,0,0,STAT,60,LAT,LON,W,CRC
02/22/26 10:18:19,21.00,349.58,22.58,9.11,-3.52,438.00,19.80,28.00,0.22,1.25,1.26,0.00,0.00,1,13.87,0.53,32.10,1,-39,11,0,0,STAT,60,LAT,LON,W,CRC
02/22/26 10:19:19,20.99,347.72,21.11,10.03,-3.36,438.32,19.80,28.00,0.51,1.38,1.39,0.00,0.00,1,13.84,0.15,32.38,1,-39,11,0,0,STAT,60,LAT,LON,W,CRC
02/22/26 10:20:19,20.99,344.61,19.74,9.53,-1.78,438.76,19.80,28.00,0.40,0.94,1.01,0.00,0.00,1,13.84,0.04,33.26,1,-38,12,0,0,STAT,60,LAT,LON,W,CRC
02/22/26 10:21:25,20.99,340.40,20.60,9.51,-2.29,438.92,19.80,28.00,0.17,0.65,0.67,0.00,0.00,1,14.09,246.01,33.58,1,-36,12,0,0,STAT,60,LAT,LON,W,CRC
02/22/26 10:22:20,21.00,343.50,20.56,9.85,-2.80,438.56,19.80,28.00,0.11,0.73,1.19,0.00,0.00,1,13.98,77.20,34.59,1,-37,12,0,0,STAT,60,LAT,LON,W,CRC
02/22/26 10:23:20,21.00,345.03,21.30,9.44,0.65,438.47,19.80,28.00,0.30,1.01,1.26,0.00,0.00,1,13.95,21.80,37.18,1,-38,13,0,1,STAT,60,LAT,LON,W,CRC
02/22/26 10:24:20,20.99,340.62,21.49,9.35,-0.96,438.81,19.80,28.00,0.45,1.53,1.61,0.00,0.00,1,13.91,6.16,34.50,1,-37,11,0,1,STAT,60,LAT,LON,W,CRC
02/22/26 10:25:20,20.99,342.69,21.57,8.72,-2.68,438.93,19.80,28.00,0.49,1.07,1.31,0.00,0.00,1,13.87,1.74,32.11,1,-37,11,0,0,STAT,60,LAT,LON,W,CRC
02/22/26 10:26:20,20.99,347.26,20.18,9.45,-3.30,439.15,19.80,28.00,0.37,1.10,1.37,0.00,0.00,1,13.84,0.49,33.56,1,-39,13,0,0,STAT,60,LAT,LON,W,CRC
02/22/26 10:27:21,20.99,342.26,19.88,9.00,-3.60,439.70,19.80,28.00,0.67,1.60,1.74,0.00,0.00,1,13.84,0.14,37.39,1,-37,11,0,0,STAT,60,LAT,LON,W,CRC
02/22/26 10:28:21,20.99,343.36,18.67,9.57,-2.30,439.89,19.80,28.00,0.60,1.66,1.79,0.00,0.00,1,14.02,157.46,32.32,1,-38,14,0,1,STAT,60,LAT,LON,W,CRC
02/22/26 10:29:21,20.99,352.83,19.70,9.73,-0.84,439.51,19.80,28.00,0.79,1.49,1.62,0.00,0.00,1,14.02,135.82,33.78,1,-41,13,0,1,STAT,60,LAT,LON,W,CRC
02/22/26 10:30:21,20.99,347.95,21.40,8.65,-1.78,439.18,19.80,28.00,0.44,1.25,1.55,0.00,0.00,1,13.95,38.36,33.69,1,-39,11,0,0,STAT,60,LAT,LON,W,CRC
02/22/26 10:31:21,20.99,349.29,20.41,7.95,-1.13,438.62,19.80,28.10,0.14,1.20,1.37,0.00,0.00,1,13.91,10.83,36.87,1,-40,12,0,0,STAT,60,LAT,LON,W,CRC
02/22/26 10:32:21,20.99,346.32,19.85,8.89,-0.79,438.44,19.80,28.10,0.47,1.36,1.41,0.00,0.00,1,13.87,3.06,32.88,1,-39,12,0,0,STAT,60,LAT,LON,W,CRC
02/22/26 10:33:22,20.99,347.73,20.12,9.64,-1.15,438.16,19.80,28.00,0.36,1.41,1.70,0.00,0.00,1,13.87,0.86,35.34,1,-39,11,0,0,STAT,60,LAT,LON,W,CRC
02/22/26 10:34:22,20.99,341.10,20.31,9.67,-2.66,437.95,19.80,28.00,0.22,1.16,1.26,0.00,0.00,1,13.84,0.24,36.11,1,-37,11,0,0,STAT,60,LAT,LON,W,CRC
02/22/26 10:35:22,20.98,347.46,20.19,10.03,-2.33,437.98,19.80,28.00,0.62,1.40,1.43,0.00,0.00,1,13.84,0.07,31.90,1,-40,12,0,0,STAT,60,LAT,LON,W,CRC
02/22/26 10:36:22,20.98,348.83,20.84,8.72,-2.18,437.99,19.80,28.10,0.82,1.41,1.56,0.00,0.00,1,14.16,265.35,31.60,1,-39,12,0,0,STAT,60,LAT,LON,W,CRC
02/22/26 10:37:22,20.98,344.89,21.20,9.06,-1.17,437.45,19.80,28.00,0.58,1.33,1.44,0.00,0.00,1,13.98,74.94,34.24,1,-38,11,0,0,STAT,60,LAT,LON,W,CRC
02/22/26 10:38:22,20.98,341.55,21.49,8.86,-1.54,437.33,19.80,28.00,0.39,1.06,1.09,0.00,0.00,1,13.95,21.17,32.75,1,-38,12,0,0,STAT,60,LAT,LON,W,CRC
02/22/26 10:39:22,20.98,345.93,20.35,8.56,-2.27,437.36,19.80,28.00,0.49,1.19,1.28,0.00,0.00,1,13.91,5.98,32.13,1,-39,11,0,0,STAT,60,LAT,LON,W,CRC
02/22/26 10:40:22,20.98,341.81,20.65,8.86,-1.75,437.44,19.80,28.10,0.15,0.74,0.77,0.00,0.00,1,13.87,1.69,33.91,1,-38,11,0,0,STAT,60,LAT,LON,W,CRC
02/22/26 10:41:22,20.98,342.66,20.46,8.79,-0.86,437.95,19.80,28.10,0.11,0.90,0.91,0.00,0.00,1,13.84,0.48,38.14,1,-38,11,0,1,STAT,60,LAT,LON,W,CRC
02/22/26 10:42:23,20.98,340.32,19.78,8.89,-0.53,438.06,19.80,28.10,0.10,0.91,0.92,0.00,0.00,1,13.84,0.13,33.39,1,-38,12,0,1,STAT,60,LAT,LON,W,CRC
02/22/26 10:43:23,20.97,340.25,20.63,8.01,-1.57,436.51,19.80,28.10,0.50,1.04,1.04,0.00,0.00,1,13.80,0.04,32.79,1,-38,11,-1,0,STAT,60,LAT,LON,W,CRC
02/22/26 10:44:23,20.96,344.72,21.20,8.10,-3.60,435.70,19.80,28.10,0.39,0.88,0.88,0.00,0.00,1,14.02,111.43,32.86,1,-39,12,0,0,STAT,60,LAT,LON,W,CRC
02/22/26 10:45:24,20.94,345.31,18.85,8.28,-2.08,435.77,19.80,28.10,0.26,0.77,0.77,0.00,0.00,1,13.95,31.47,37.06,1,-39,13,0,0,STAT,60,LAT,LON,W,CRC
02/22/26 10:46:24,20.93,339.86,17.99,8.84,-2.89,436.54,19.80,28.10,0.13,0.65,0.65,0.00,0.00,1,13.91,8.89,32.30,1,-38,12,0,0,STAT,60,LAT,LON,W,CRC
02/22/26 10:47:23,20.92,343.71,18.41,8.67,-1.83,436.64,19.80,28.10,0.08,0.48,0.78,0.00,0.00,1,13.87,2.51,33.33,1,-39,13,0,0,STAT,60,LAT,LON,W,CRC
02/22/26 10:48:24,20.91,343.54,20.23,8.73,-2.34,435.68,19.80,28.10,0.13,0.68,0.79,0.00,0.00,1,13.87,0.71,35.08,1,-39,11,0,0,STAT,60,LAT,LON,W,CRC
02/22/26 10:49:24,20.91,342.25,22.18,9.76,-4.02,434.57,19.80,28.20,0.37,0.66,0.69,0.00,0.00,1,13.84,0.20,32.28,1,-38,10,0,0,STAT,60,LAT,LON,W,CRC
02/22/26 10:50:24,20.90,336.61,20.12,9.05,-2.87,433.53,19.80,28.10,0.32,0.93,0.94,0.00,0.00,1,13.84,0.06,34.20,1,-37,12,0,0,STAT,60,LAT,LON,W,CRC
02/22/26 10:51:24,20.90,337.75,20.52,9.13,-2.43,434.25,19.80,28.10,0.51,0.84,1.08,0.00,0.00,1,14.16,211.83,33.22,1,-37,11,0,0,STAT,60,LAT,LON,W,CRC
02/22/26 10:52:24,20.90,343.69,19.97,9.34,-1.32,435.61,19.80,28.10,0.20,0.48,0.56,0.00,0.00,1,13.98,68.03,32.87,1,-39,11,0,0,STAT,60,LAT,LON,W,CRC
02/22/26 10:53:27,20.90,338.50,19.80,10.04,-3.54,435.00,19.70,28.10,0.29,0.79,0.85,0.00,0.00,1,13.95,19.21,34.59,1,-37,11,0,0,STAT,60,LAT,LON,W,CRC
02/22/26 10:54:27,20.90,332.02,19.75,9.98,-1.02,434.16,19.80,28.10,0.24,0.90,1.07,0.00,0.00,1,13.91,5.43,33.43,1,-36,12,0,1,STAT,60,LAT,LON,W,CRC
02/22/26 10:55:27,20.90,336.46,19.36,9.10,-1.16,433.41,19.80,28.20,0.12,0.71,0.77,0.00,0.00,1,13.87,1.53,31.94,1,-38,12,0,0,STAT,60,LAT,LON,W,CRC
02/22/26 10:56:27,20.90,336.82,20.17,8.57,-1.35,433.47,19.80,28.10,0.09,0.64,0.76,0.00,0.00,1,13.87,0.43,34.99,1,-38,12,0,0,STAT,60,LAT,LON,W,CRC
02/22/26 10:57:27,20.90,331.75,17.88,9.05,-1.65,433.81,19.80,28.20,0.40,1.00,1.04,0.00,0.00,1,13.84,0.12,36.63,1,-37,13,0,0,STAT,60,LAT,LON,W,CRC
02/22/26 10:58:22,20.90,338.22,20.83,8.46,-1.13,435.12,19.80,28.20,0.18,0.94,0.95,0.00,0.00,1,14.09,187.01,33.69,1,-38,11,0,0,STAT,60,LAT,LON,W,CRC
02/22/26 10:59:22,20.90,336.65,20.34,8.37,-4.01,436.11,19.80,28.10,0.20,0.70,0.70,0.00,0.00,1,13.98,52.82,33.27,1,-38,12,0,0,STAT,60,LAT,LON,W,CRC
02/22/26 11:00:22,20.90,339.90,18.35,8.82,-2.97,436.85,19.80,28.10,0.06,0.22,0.26,0.00,0.00,1,13.95,14.92,35.22,1,-39,13,0,0,STAT,60,LAT,LON,W,CRC
02/22/26 11:01:22,20.90,338.66,19.09,8.76,0.99,436.14,19.70,28.20,0.28,0.76,0.77,0.00,0.00,1,13.91,4.21,32.26,1,-38,12,0,1,STAT,60,LAT,LON,W,CRC
02/22/26 11:02:22,20.90,333.45,19.98,8.36,1.04,435.57,19.70,28.20,0.21,0.83,0.83,0.00,0.00,1,13.87,1.19,32.53,1,-36,11,0,1,STAT,60,LAT,LON,W,CRC
02/22/26 11:03:24,20.90,333.73,22.33,7.97,-2.14,434.59,19.80,28.10,0.25,0.59,0.72,0.00,0.00,1,13.84,0.34,36.10,1,-37,10,0,0,STAT,60,LAT,LON,W,CRC
02/22/26 11:04:24,20.90,335.39,20.49,8.70,-1.36,432.53,19.70,28.20,0.13,0.52,0.67,0.00,0.00,1,13.84,0.09,33.04,1,-37,12,0,0,STAT,60,LAT,LON,W,CRC
02/22/26 11:05:24,20.90,338.94,21.55,9.73,-0.74,431.39,19.70,28.20,0.06,0.44,0.91,0.00,0.00,1,13.84,0.03,32.74,1,-39,11,0,1,STAT,60,LAT,LON,W,CRC
02/22/26 11:06:24,20.90,341.81,21.63,9.53,-0.90,431.32,19.70,28.20,0.03,0.54,0.69,0.00,0.00,1,14.05,147.16,33.15,1,-40,11,0,0,STAT,60,LAT,LON,W,CRC
02/22/26 11:07:24,20.90,347.85,19.81,9.25,-1.98,432.30,19.80,28.20,0.23,0.81,0.92,0.00,0.00,1,13.98,41.56,34.10,1,-42,12,0,0,STAT,60,LAT,LON,W,CRC
02/22/26 11:08:24,20.90,343.16,20.18,8.21,-2.63,432.36,19.70,28.20,0.12,0.45,0.61,0.00,0.00,1,13.91,11.74,35.50,1,-40,11,0,0,STAT,60,LAT,LON,W,CRC
02/22/26 11:09:24,20.90,338.78,20.22,8.10,-1.72,432.99,19.70,28.20,0.04,0.38,0.44,0.00,0.00,1,13.87,3.32,33.44,1,-39,12,0,0,STAT,60,LAT,LON,W,CRC
02/22/26 11:10:24,20.90,340.58,19.56,9.93,-1.95,433.64,19.70,28.20,0.14,0.81,0.83,0.00,0.00,1,13.87,0.94,36.58,1,-39,11,0,0,STAT,60,LAT,LON,W,CRC
02/22/26 11:11:24,20.90,340.95,19.88,9.87,-2.87,433.87,19.70,28.20,0.07,0.53,0.53,0.00,0.00,1,13.84,0.26,32.79,1,-39,12,0,0,STAT,60,LAT,LON,W,CRC
02/22/26 11:12:24,20.90,342.98,20.48,9.96,-2.09,433.96,19.70,28.20,0.02,0.35,0.35,0.00,0.00,1,13.84,0.07,34.31,1,-40,11,0,0,STAT,60,LAT,LON,W,CRC
02/22/26 11:13:26,20.90,333.42,21.43,8.59,-2.46,433.98,19.70,28.20,0.04,0.36,0.36,0.00,0.00,1,14.12,240.00,38.15,1,-37,11,0,0,STAT,60,LAT,LON,W,CRC
02/22/26 11:14:26,20.90,335.37,21.38,8.14,-2.81,433.83,19.70,28.20,0.06,0.35,0.35,0.00,0.00,1,14.02,99.51,33.96,1,-39,10,0,0,STAT,60,LAT,LON,W,CRC
02/22/26 11:15:26,20.90,330.96,21.07,8.20,-2.56,433.70,19.70,28.20,0.02,0.48,0.48,0.00,0.00,1,13.95,28.10,32.18,1,-38,11,0,0,STAT,60,LAT,LON,W,CRC
02/22/26 11:16:26,20.90,330.13,20.35,9.03,-1.45,433.61,19.70,28.20,0.17,0.82,0.82,0.00,0.00,1,13.91,7.94,34.82,1,-37,12,0,0,STAT,60,LAT,LON,W,CRC
02/22/26 11:17:26,20.90,340.01,20.57,9.89,-2.64,433.49,19.70,28.20,0.20,0.83,0.83,0.00,0.00,1,13.87,2.24,35.71,1,-39,12,1,0,STAT,60,LAT,LON,W,CRC
02/22/26 11:18:26,20.90,336.04,21.00,9.14,-1.32,433.54,19.70,28.20,0.18,0.80,0.80,0.00,0.00,1,13.87,0.63,32.09,1,-38,11,0,0,STAT,60,LAT,LON,W,CRC
02/22/26 11:19:27,20.90,341.41,19.53,10.18,-3.72,433.30,19.70,28.20,0.13,0.59,0.59,0.00,0.00,1,13.84,0.18,35.36,1,-39,12,0,0,STAT,60,LAT,LON,W,CRC
02/22/26 11:20:27,20.90,336.27,18.47,10.19,-1.44,433.10,19.70,28.20,0.04,0.46,0.46,0.00,0.00,1,13.84,0.05,35.21,1,-38,13,0,0,STAT,60,LAT,LON,W,CRC
02/22/26 11:21:27,20.89,336.57,20.24,10.09,-1.53,433.04,19.70,28.20,0.01,0.43,0.68,0.00,0.00,1,14.09,198.67,32.47,1,-39,11,0,1,STAT,60,LAT,LON,W,CRC
02/22/26 11:22:27,20.89,333.76,20.37,9.71,-3.40,433.01,19.70,28.20,0.00,0.80,0.88,0.00,0.00,1,13.98,56.11,32.50,1,-38,11,0,0,STAT,60,LAT,LON,W,CRC
02/22/26 11:23:27,20.90,331.51,21.29,9.49,-2.76,433.00,19.70,28.20,0.00,0.79,0.82,0.00,0.00,1,13.95,15.85,34.77,1,-37,11,0,0,STAT,60,LAT,LON,W,CRC
02/22/26 11:24:28,20.89,332.70,22.43,9.12,-2.82,433.00,19.70,28.20,0.00,1.03,1.25,0.00,0.00,1,13.91,4.48,35.64,1,-38,10,0,0,STAT,60,LAT,LON,W,CRC
02/22/26 11:25:28,20.89,341.45,21.49,7.87,-2.21,433.00,19.70,28.20,0.37,1.43,1.51,0.00,0.00,1,13.87,1.26,31.96,1,-40,10,0,0,STAT,60,LAT,LON,W,CRC
02/22/26 11:26:28,20.90,334.98,20.66,7.88,-2.35,433.50,19.70,28.20,0.26,0.98,1.18,0.00,0.00,1,13.84,0.36,34.51,1,-39,12,0,0,STAT,60,LAT,LON,W,CRC
02/22/26 11:27:28,20.89,335.51,19.93,9.26,-3.64,433.29,19.70,28.20,0.09,0.62,0.68,0.00,0.00,1,13.84,0.10,34.40,1,-39,12,0,0,STAT,60,LAT,LON,W,CRC
02/22/26 11:28:28,20.89,334.81,20.35,10.76,-3.92,433.72,19.70,28.20,0.12,1.01,1.03,0.00,0.00,1,13.80,0.03,32.67,1,-38,11,0,0,STAT,60,LAT,LON,W,CRC
02/22/26 11:29:28,20.89,335.64,19.94,10.15,-3.56,433.61,19.70,28.20,0.40,1.12,1.13,0.00,0.00,1,14.05,125.49,39.00,1,-38,12,0,0,STAT,60,LAT,LON,W,CRC
02/22/26 11:30:28,20.89,340.36,19.90,8.65,-2.31,433.75,19.70,28.20,0.13,0.82,0.83,0.00,0.00,1,13.95,35.44,36.15,1,-40,12,0,0,STAT,60,LAT,LON,W,CRC
02/22/26 11:31:29,20.89,339.98,19.15,8.51,-1.04,433.91,19.70,28.20,0.04,0.39,0.65,0.00,0.00,1,13.91,10.01,33.29,1,-40,13,0,1,STAT,60,LAT,LON,W,CRC
02/22/26 11:32:29,20.89,333.65,20.44,7.96,-1.97,433.97,19.70,28.20,0.01,0.65,0.73,0.00,0.00,1,13.91,2.83,35.26,1,-39,11,0,0,STAT,60,LAT,LON,W,CRC
02/22/26 11:33:29,20.89,336.46,20.24,8.98,-3.05,433.91,19.70,28.20,0.30,0.92,0.95,0.00,0.00,1,13.87,0.80,35.71,1,-39,11,0,0,STAT,60,LAT,LON,W,CRC
02/22/26 11:34:29,20.89,338.38,20.42,8.87,-1.93,433.35,19.70,28.20,0.09,0.77,0.94,0.00,0.00,1,13.84,0.23,43.47,1,-39,11,0,0,STAT,60,LAT,LON,W,CRC
02/22/26 11:35:30,20.88,338.33,18.60,8.98,-0.13,433.12,19.70,28.20,0.03,0.48,0.53,0.00,0.00,1,13.84,0.06,36.40,1,-39,13,0,1,STAT,60,LAT,LON,W,CRC
02/22/26 11:36:30,20.88,338.00,21.87,8.80,-0.89,433.17,19.70,28.20,0.01,0.75,0.82,0.00,0.00,1,14.16,247.45,37.31,1,-39,11,0,0,STAT,60,LAT,LON,W,CRC
02/22/26 11:37:30,20.88,334.08,21.71,8.08,-1.65,433.06,19.70,28.20,0.00,0.85,0.88,0.00,0.00,1,13.98,69.89,31.50,1,-38,12,0,0,STAT,60,LAT,LON,W,CRC
02/22/26 11:38:25,20.88,327.69,19.77,7.24,-0.26,433.41,19.70,28.20,0.07,0.49,0.74,0.00,0.00,1,13.95,21.93,31.69,1,-36,12,0,0,STAT,60,LAT,LON,W,CRC
02/22/26 11:39:27,20.88,335.30,19.53,8.60,-1.47,433.26,19.70,28.20,0.26,0.67,1.01,0.00,0.00,1,13.91,6.19,34.70,1,-39,12,0,0,STAT,60,LAT,LON,W,CRC
02/22/26 11:40:28,20.88,339.04,20.65,8.64,-1.57,433.09,19.70,28.20,0.32,0.74,0.85,0.00,0.00,1,13.87,1.75,39.49,1,-40,11,0,0,STAT,60,LAT,LON,W,CRC
02/22/26 11:41:28,20.88,338.53,21.11,8.84,-0.69,433.03,19.70,28.20,0.10,0.66,0.69,0.00,0.00,1,13.87,0.49,35.28,1,-40,10,0,0,STAT,60,LAT,LON,W,CRC
02/22/26 11:42:28,20.88,333.39,21.77,8.24,-1.59,433.14,19.70,28.20,0.03,0.57,0.93,0.00,0.00,1,13.84,0.14,32.94,1,-38,10,0,0,STAT,60,LAT,LON,W,CRC
02/22/26 11:43:28,20.88,333.83,21.46,8.64,-2.02,433.05,19.70,28.20,0.19,0.75,0.96,0.00,0.00,1,13.84,0.04,33.45,1,-38,11,0,0,STAT,60,LAT,LON,W,CRC
02/22/26 11:44:28,20.87,332.23,19.70,9.23,-2.68,433.02,19.70,28.20,0.29,0.92,0.99,0.00,0.00,1,14.05,213.37,35.54,1,-38,12,0,0,STAT,60,LAT,LON,W,CRC
02/22/26 11:45:27,20.87,335.63,20.43,9.08,-1.22,433.01,19.70,28.20,0.09,0.69,0.82,0.00,0.00,1,13.95,60.26,34.67,1,-39,12,0,0,STAT,60,LAT,LON,W,CRC
02/22/26 11:46:28,20.86,336.68,19.88,8.77,-0.32,433.00,19.70,28.20,0.23,0.83,0.87,0.00,0.00,1,13.91,17.02,32.58,1,-39,11,0,1,STAT,60,LAT,LON,W,CRC
02/22/26 11:47:28,20.85,339.28,20.82,7.72,0.04,433.00,19.70,28.20,0.07,1.03,1.04,0.00,0.00,1,13.87,4.81,32.68,1,-40,11,0,0,STAT,60,LAT,LON,W,CRC
02/22/26 11:48:28,20.84,338.96,21.30,8.55,-2.04,433.00,19.70,28.20,0.23,0.80,0.81,0.00,0.00,1,13.87,1.36,36.01,1,-40,11,0,0,STAT,60,LAT,LON,W,CRC
02/22/26 11:49:28,20.83,328.00,18.87,8.61,-3.54,433.00,19.70,28.20,0.08,0.81,0.90,0.00,0.00,1,13.84,0.38,33.93,1,-37,13,0,0,STAT,60,LAT,LON,W,CRC
02/22/26 11:50:28,20.83,327.70,19.80,8.43,-3.17,433.00,19.70,28.20,0.03,0.84,0.87,0.00,0.00,1,13.84,0.11,32.72,1,-37,11,0,0,STAT,60,LAT,LON,W,CRC
02/22/26 11:51:28,20.82,328.03,20.64,8.68,-3.37,433.00,19.70,28.20,0.01,0.91,1.22,0.00,0.00,1,14.12,274.10,33.36,1,-37,12,0,0,STAT,60,LAT,LON,W,CRC
02/22/26 11:52:28,20.81,334.09,20.69,8.98,-2.65,432.39,19.70,28.20,0.00,0.53,0.66,0.00,0.00,1,13.98,94.92,34.57,1,-39,10,0,0,STAT,60,LAT,LON,W,CRC
02/22/26 11:53:29,20.81,333.37,20.98,8.80,-1.25,432.26,19.70,28.20,0.00,0.76,0.79,0.00,0.00,1,13.95,26.81,34.19,1,-38,10,0,0,STAT,60,LAT,LON,W,CRC
02/22/26 11:54:29,20.81,334.51,21.95,8.36,-0.05,432.17,19.70,28.20,0.00,0.75,0.77,0.00,0.00,1,13.91,7.57,33.60,1,-39,11,0,1,STAT,60,LAT,LON,W,CRC
02/22/26 11:55:30,20.80,339.35,21.08,9.31,-0.83,432.55,19.70,28.30,0.09,0.84,0.84,0.00,0.00,1,13.87,2.14,35.27,1,-40,11,0,1,STAT,60,LAT,LON,W,CRC
02/22/26 11:56:30,20.80,332.62,21.59,8.60,-1.83,432.45,19.70,28.30,0.07,0.85,0.85,0.00,0.00,1,13.87,0.60,33.91,1,-38,10,0,0,STAT,60,LAT,LON,W,CRC
02/22/26 11:57:30,20.80,329.79,21.43,9.09,-1.42,432.16,19.70,28.20,0.02,0.55,0.55,0.00,0.00,1,13.84,0.17,33.94,1,-38,10,0,0,STAT,60,LAT,LON,W,CRC
02/22/26 11:58:30,20.80,332.75,21.94,8.62,-0.47,432.06,19.70,28.30,0.01,0.51,0.51,0.00,0.00,1,13.84,0.05,33.97,1,-39,10,0,0,STAT,60,LAT,LON,W,CRC
02/22/26 11:59:31,20.80,326.30,22.17,9.00,-2.25,432.02,19.70,28.30,0.00,0.28,0.28,0.00,0.00,1,14.05,173.97,31.42,1,-37,10,0,0,STAT,60,LAT,LON,W,CRC
02/22/26 12:00:27,20.80,328.49,21.80,8.97,-3.68,432.28,19.70,28.20,0.00,0.09,0.09,0.00,0.00,1,13.95,54.60,33.38,1,-38,10,0,0,STAT,60,LAT,LON,W,CRC
02/22/26 12:01:27,20.80,330.86,20.06,9.03,-1.92,432.75,19.70,28.20,0.03,0.17,0.17,0.00,0.00,1,13.91,15.42,34.79,1,-39,11,0,0,STAT,60,LAT,LON,W,CRC
02/22/26 12:02:27,20.80,331.56,20.65,7.73,-1.55,432.47,19.70,28.30,0.02,0.41,0.41,0.00,0.00,1,13.91,4.35,34.28,1,-39,10,0,0,STAT,60,LAT,LON,W,CRC
02/22/26 12:03:27,20.80,333.11,20.40,9.40,-2.01,432.20,19.70,28.30,0.05,0.45,0.69,0.00,0.00,1,13.87,1.23,35.49,1,-39,11,0,0,STAT,60,LAT,LON,W,CRC
02/22/26 12:04:28,20.80,331.21,20.12,9.87,-2.32,432.53,19.70,28.30,0.04,0.72,0.80,0.00,0.00,1,13.84,0.35,31.82,1,-38,11,0,0,STAT,60,LAT,LON,W,CRC
02/22/26 12:05:28,20.80,328.90,19.07,9.25,-1.02,432.38,19.70,28.30,0.01,0.69,0.83,0.00,0.00,1,14.12,166.52,32.69,1,-38,11,0,0,STAT,60,LAT,LON,W,CRC
02/22/26 12:06:28,20.80,332.21,21.71,9.63,-2.98,432.13,19.70,28.30,0.00,0.51,0.56,0.00,0.00,1,14.02,82.59,34.67,1,-39,10,0,0,STAT,60,LAT,LON,W,CRC
02/22/26 12:07:28,20.80,331.57,20.97,8.81,-1.04,432.05,19.70,28.20,0.00,0.51,0.53,0.00,0.00,1,13.95,23.33,32.34,1,-39,11,0,0,STAT,60,LAT,LON,W,CRC
02/22/26 12:08:28,20.80,335.51,21.29,8.16,-0.62,432.02,19.70,28.30,0.00,0.64,0.64,0.00,0.00,1,13.91,6.59,32.82,1,-40,11,0,0,STAT,60,LAT,LON,W,CRC
02/22/26 12:09:28,20.80,333.16,21.91,7.54,-2.00,431.92,19.70,28.30,0.00,0.55,0.56,0.00,0.00,1,13.87,1.86,33.32,1,-39,10,0,0,STAT,60,LAT,LON,W,CRC
02/22/26 12:10:29,20.80,320.66,20.85,8.65,-3.24,431.68,19.70,28.30,0.04,0.63,0.85,0.00,0.00,1,13.87,0.53,38.41,1,-36,11,0,0,STAT,60,LAT,LON,W,CRC
02/22/26 12:11:30,20.80,328.58,19.20,9.02,-3.10,431.78,19.70,28.30,0.01,0.54,0.61,0.00,0.00,1,13.84,0.15,34.91,1,-38,13,0,0,STAT,60,LAT,LON,W,CRC
02/22/26 12:12:30,20.80,326.05,20.40,8.70,-2.15,431.85,19.60,28.20,0.00,0.34,0.36,0.00,0.00,1,13.84,0.04,33.63,1,-37,12,0,0,STAT,60,LAT,LON,W,CRC
02/22/26 12:13:30,20.80,331.00,20.09,8.69,-0.94,431.95,19.60,28.30,0.00,0.24,0.25,0.00,0.00,1,14.16,304.52,34.35,1,-38,12,0,1,STAT,60,LAT,LON,W,CRC
02/22/26 12:14:30,20.80,331.52,20.48,8.89,-2.18,431.83,19.70,28.30,0.00,0.12,0.30,0.00,0.00,1,13.98,93.70,32.31,1,-39,11,0,0,STAT,60,LAT,LON,W,CRC
02/22/26 12:15:30,20.80,338.81,19.86,8.74,-0.35,431.21,19.70,28.30,0.00,0.47,0.73,0.00,0.00,1,13.95,26.46,31.59,1,-41,11,0,0,STAT,60,LAT,LON,W,CRC
02/22/26 12:16:31,20.80,336.71,19.90,9.04,-0.88,430.56,19.70,28.30,0.00,0.35,0.43,0.00,0.00,1,13.91,7.47,36.23,1,-40,11,0,0,STAT,60,LAT,LON,W,CRC
02/22/26 12:17:31,20.80,333.51,19.04,8.54,-2.30,430.04,19.70,28.30,0.00,0.40,0.58,0.00,0.00,1,13.87,2.11,33.16,1,-40,12,0,0,STAT,60,LAT,LON,W,CRC
02/22/26 12:18:31,20.80,327.59,20.64,8.97,-2.29,429.45,19.70,28.30,0.00,0.47,0.53,0.00,0.00,1,13.87,0.60,33.70,1,-38,10,0,0,STAT,60,LAT,LON,W,CRC
02/22/26 12:19:32,20.80,331.81,19.29,9.81,-2.59,428.93,19.70,28.30,0.00,0.56,0.57,0.00,0.00,1,13.84,0.17,33.48,1,-39,11,0,0,STAT,60,LAT,LON,W,CRC
02/22/26 12:20:32,20.80,328.18,21.04,9.16,-2.06,428.16,19.70,28.30,0.00,0.47,0.74,0.00,0.00,1,13.84,0.05,35.61,1,-38,10,0,0,STAT,60,LAT,LON,W,CRC
02/22/26 12:21:31,20.80,332.33,15.66,9.38,-3.66,427.47,19.60,28.20,0.02,0.31,0.43,0.00,0.00,1,14.05,156.73,37.07,1,-38,15,0,0,STAT,60,LAT,LON,W,CRC
02/22/26 12:22:31,20.80,338.92,17.21,9.48,-3.53,427.19,19.70,28.30,0.01,0.37,0.41,0.00,0.00,1,13.98,44.27,33.87,1,-41,15,0,0,STAT,60,LAT,LON,W,CRC
02/22/26 12:23:31,20.80,332.66,17.75,9.60,-2.79,427.65,19.70,28.30,0.00,0.38,0.40,0.00,0.00,1,13.91,12.50,34.38,1,-40,13,0,0,STAT,60,LAT,LON,W,CRC
02/22/26 12:24:31,20.80,333.16,19.76,9.21,-1.33,428.02,19.70,28.30,0.00,0.22,0.23,0.00,0.00,1,13.91,3.53,34.34,1,-40,11,0,0,STAT,60,LAT,LON,W,CRC
02/22/26 12:25:31,20.80,332.06,20.10,10.14,-2.26,428.42,19.70,28.20,0.00,0.30,0.30,0.00,0.00,1,13.87,1.00,31.85,1,-40,11,0,0,STAT,60,LAT,LON,W,CRC
02/22/26 12:26:34,20.80,329.90,19.88,9.55,-2.74,429.36,19.60,28.30,0.00,0.49,0.49,0.00,0.00,1,13.84,0.28,38.92,1,-39,10,0,0,STAT,60,LAT,LON,W,CRC
02/22/26 12:27:34,20.80,332.06,19.94,9.70,-3.16,428.75,19.70,28.30,0.00,0.63,0.63,0.00,0.00,1,13.84,0.08,34.61,1,-39,12,0,0,STAT,60,LAT,LON,W,CRC
02/22/26 12:28:34,20.80,322.41,22.03,8.97,-1.22,428.30,19.70,28.30,0.04,0.59,0.59,0.00,0.00,1,14.09,175.83,33.17,1,-36,9,0,1,STAT,60,LAT,LON,W,CRC
02/22/26 12:29:34,20.80,328.94,21.26,8.04,-0.36,428.72,19.60,28.30,0.02,0.59,0.59,0.00,0.00,1,14.02,87.88,34.11,1,-39,11,0,0,STAT,60,LAT,LON,W,CRC
02/22/26 12:30:34,20.80,324.26,21.54,8.60,-1.39,429.52,19.60,28.30,0.04,0.37,0.37,0.00,0.00,1,13.95,24.82,34.95,1,-38,10,0,0,STAT,60,LAT,LON,W,CRC
02/22/26 12:31:35,20.80,329.74,22.09,8.05,0.59,429.62,19.60,28.30,0.01,0.11,0.20,0.00,0.00,1,13.91,7.01,34.40,1,-39,11,0,0,STAT,60,LAT,LON,W,CRC
02/22/26 12:32:35,20.80,325.29,21.32,7.74,-0.42,429.25,19.60,28.40,0.00,0.07,0.10,0.00,0.00,1,13.87,1.98,33.97,1,-38,11,0,0,STAT,60,LAT,LON,W,CRC
02/22/26 12:33:35,20.80,333.97,19.88,8.10,-1.35,428.76,19.60,28.40,0.02,0.55,0.77,0.00,0.00,1,13.87,0.56,34.31,1,-41,12,0,0,STAT,60,LAT,LON,W,CRC
02/22/26 12:34:35,20.80,324.37,19.91,7.78,-1.01,428.46,19.60,28.30,0.01,0.71,0.78,0.00,0.00,1,13.84,0.16,31.62,1,-38,12,0,0,STAT,60,LAT,LON,W,CRC
02/22/26 12:35:35,20.80,329.99,21.78,7.88,-0.94,428.16,19.60,28.30,0.04,0.70,0.79,0.00,0.00,1,13.84,0.04,32.81,1,-39,9,0,0,STAT,60,LAT,LON,W,CRC
02/22/26 12:36:35,20.80,328.62,19.87,8.66,-2.14,428.06,19.70,28.40,0.12,0.86,1.04,0.00,0.00,1,14.09,237.81,36.36,1,-40,12,0,0,STAT,60,LAT,LON,W,CRC
02/22/26 12:37:35,20.80,322.59,20.46,8.14,-1.98,428.45,19.70,28.40,0.06,0.42,0.51,0.00,0.00,1,13.98,67.16,31.45,1,-38,11,0,0,STAT,60,LAT,LON,W,CRC
02/22/26 12:38:35,20.80,328.17,18.88,8.32,-2.15,428.08,19.70,28.40,0.02,0.40,0.43,0.00,0.00,1,13.91,18.97,32.81,1,-39,12,0,0,STAT,60,LAT,LON,W,CRC
02/22/26 12:39:35,20.80,333.54,20.54,9.43,-2.65,428.25,19.60,28.30,0.01,0.43,0.43,0.00,0.00,1,13.91,5.36,33.19,1,-41,11,0,0,STAT,60,LAT,LON,W,CRC
02/22/26 12:40:35,20.80,326.56,22.94,8.91,-1.58,428.21,19.60,28.40,0.00,0.18,0.36,0.00,0.00,1,13.87,1.51,34.37,1,-39,10,0,1,STAT,60,LAT,LON,W,CRC
02/22/26 12:41:35,20.80,321.08,21.71,8.45,-1.55,428.66,19.60,28.40,0.03,0.43,0.77,0.00,0.00,1,13.84,0.43,31.36,1,-37,10,0,0,STAT,60,LAT,LON,W,CRC
02/22/26 12:42:31,20.80,322.04,20.97,7.95,-0.96,428.67,19.60,28.40,0.01,0.14,0.28,0.00,0.00,1,13.84,0.13,35.31,1,-38,11,0,0,STAT,60,LAT,LON,W,CRC
02/22/26 12:43:31,20.79,319.13,22.16,9.03,-1.78,428.57,19.60,28.40,0.00,0.36,0.41,0.00,0.00,1,14.09,239.13,33.68,1,-37,11,0,1,STAT,60,LAT,LON,W,CRC
02/22/26 12:44:31,20.79,324.53,21.93,8.63,-1.45,428.82,19.60,28.40,0.25,0.75,0.76,0.00,0.00,1,14.02,125.08,33.16,1,-38,11,0,1,STAT,60,LAT,LON,W,CRC
02/22/26 12:45:31,20.79,324.69,22.06,8.89,-2.18,428.94,19.60,28.40,0.09,0.29,0.30,0.00,0.00,1,13.95,35.33,33.81,1,-39,10,0,0,STAT,60,LAT,LON,W,CRC
02/22/26 12:46:31,20.79,328.31,21.00,8.86,-2.07,428.98,19.60,28.40,0.03,0.62,0.62,0.00,0.00,1,13.91,9.98,33.67,1,-40,11,0,0,STAT,60,LAT,LON,W,CRC
02/22/26 12:47:33,20.79,328.57,18.66,9.31,-3.07,429.04,19.60,28.40,0.01,0.20,0.55,0.00,0.00,1,13.87,2.82,33.47,1,-40,13,0,0,STAT,60,LAT,LON,W,CRC
02/22/26 12:48:33,20.79,326.61,19.84,8.90,-3.65,429.01,19.60,28.40,0.00,0.20,0.31,0.00,0.00,1,13.87,0.80,33.52,1,-39,11,0,0,STAT,60,LAT,LON,W,CRC
02/22/26 12:49:33,20.79,325.64,19.23,8.82,-3.28,428.74,19.60,28.40,0.00,0.16,0.29,0.00,0.00,1,13.84,0.22,33.84,1,-39,12,0,0,STAT,60,LAT,LON,W,CRC
02/22/26 12:50:34,20.79,323.67,18.94,10.16,-1.91,429.22,19.60,28.40,0.14,0.71,0.86,0.00,0.00,1,13.84,0.06,31.67,1,-39,12,0,0,STAT,60,LAT,LON,W,CRC
02/22/26 12:51:34,20.78,320.78,19.45,8.62,-1.09,428.69,19.60,28.40,0.04,0.52,0.57,0.00,0.00,1,14.09,240.27,32.22,1,-38,11,0,0,STAT,60,LAT,LON,W,CRC
02/22/26 12:52:33,20.78,330.48,20.29,9.24,-2.26,427.47,19.60,28.40,0.01,0.43,0.81,0.00,0.00,1,13.98,67.86,37.50,1,-41,10,0,0,STAT,60,LAT,LON,W,CRC
02/22/26 12:53:33,20.78,324.08,19.21,8.64,-1.08,426.60,19.60,28.40,0.12,0.53,0.73,0.00,0.00,1,13.95,19.17,33.08,1,-39,12,0,0,STAT,60,LAT,LON,W,CRC
02/22/26 12:54:33,20.78,321.36,22.36,8.74,-1.11,427.61,19.60,28.50,0.07,0.44,0.51,0.00,0.00,1,13.91,5.41,32.03,1,-39,9,0,0,STAT,60,LAT,LON,W,CRC
02/22/26 12:55:33,20.78,320.98,19.61,8.43,-1.01,427.93,19.60,28.40,0.05,0.42,0.44,0.00,0.00,1,13.87,1.53,34.64,1,-38,11,0,0,STAT,60,LAT,LON,W,CRC
02/22/26 12:56:33,20.78,322.24,19.73,8.37,-1.76,427.52,19.60,28.40,0.01,0.54,0.59,0.00,0.00,1,13.84,0.43,35.21,1,-38,12,0,0,STAT,60,LAT,LON,W,CRC
02/22/26 12:57:34,20.77,317.27,18.03,9.53,-4.80,427.18,19.60,28.40,0.00,0.33,0.39,0.00,0.00,1,14.12,276.75,35.51,1,-37,14,0,0,STAT,60,LAT,LON,W,CRC
02/22/26 12:58:34,20.78,322.70,19.85,8.94,-4.11,426.71,19.60,28.50,0.00,0.40,0.42,0.00,0.00,1,14.02,87.27,33.37,1,-39,12,0,0,STAT,60,LAT,LON,W,CRC
02/22/26 12:59:34,20.78,324.32,21.00,8.75,-1.73,426.56,19.60,28.40,0.00,0.46,0.64,0.00,0.00,1,13.95,24.65,33.19,1,-39,11,0,0,STAT,60,LAT,LON,W,CRC
02/22/26 13:00:34,20.76,324.72,21.19,8.95,-1.85,426.44,19.60,28.40,0.00,0.66,0.72,0.00,0.00,1,13.91,6.96,35.56,1,-39,10,0,0,STAT,60,LAT,LON,W,CRC
02/22/26 13:01:34,20.75,324.15,19.85,8.63,-2.63,426.15,19.60,28.40,0.06,0.81,1.01,0.00,0.00,1,13.87,1.97,32.15,1,-40,11,0,0,STAT,60,LAT,LON,W,CRC
02/22/26 13:02:35,20.74,321.09,17.77,7.90,-2.39,426.54,19.60,28.40,0.02,0.46,0.52,0.00,0.00,1,13.87,0.56,36.18,1,-38,13,0,0,STAT,60,LAT,LON,W,CRC
02/22/26 13:03:36,20.73,322.58,17.97,8.88,-2.71,426.75,19.60,28.50,0.01,0.28,0.30,0.00,0.00,1,13.84,0.16,33.92,1,-40,13,0,0,STAT,60,LAT,LON,W,CRC
02/22/26 13:04:36,20.72,321.00,19.72,8.36,-2.13,426.70,19.60,28.40,0.00,0.16,0.17,0.00,0.00,1,13.84,0.04,33.65,1,-38,11,0,0,STAT,60,LAT,LON,W,CRC
02/22/26 13:05:36,20.72,323.32,20.37,8.79,-0.74,426.57,19.60,28.40,0.00,0.45,0.45,0.00,0.00,1,14.16,207.88,33.58,1,-39,10,0,0,STAT,60,LAT,LON,W,CRC
02/22/26 13:06:36,20.71,324.72,22.05,8.35,-1.80,426.81,19.60,28.40,0.00,0.43,0.43,0.00,0.00,1,13.98,58.71,33.49,1,-40,9,0,0,STAT,60,LAT,LON,W,CRC
02/22/26 13:07:36,20.71,319.69,21.77,8.26,-2.74,426.93,19.60,28.40,0.20,0.57,0.57,0.00,0.00,1,13.95,16.58,31.98,1,-39,9,0,0,STAT,60,LAT,LON,W,CRC
02/22/26 13:08:36,20.71,324.20,21.17,8.50,-1.95,426.98,19.60,28.50,0.07,0.24,0.24,0.00,0.00,1,13.91,4.68,34.37,1,-40,11,0,0,STAT,60,LAT,LON,W,CRC
02/22/26 13:09:37,20.71,325.07,21.58,8.28,-1.07,426.99,19.60,28.40,0.02,0.11,0.11,0.00,0.00,1,13.87,1.32,36.31,1,-40,10,0,0,STAT,60,LAT,LON,W,CRC
02/22/26 13:10:37,20.71,322.77,21.51,8.84,-0.80,427.00,19.60,28.50,0.01,0.36,0.36,0.00,0.00,1,13.84,0.37,31.45,1,-40,9,0,1,STAT,60,LAT,LON,W,CRC
02/22/26 13:11:37,20.71,324.30,19.43,8.51,-0.41,427.20,19.60,28.40,0.00,0.27,0.27,0.00,0.00,1,13.84,0.11,32.67,1,-40,12,0,0,STAT,60,LAT,LON,W,CRC
02/22/26 13:12:37,20.71,327.86,20.06,9.74,-1.76,427.07,19.60,28.50,0.00,0.10,0.10,0.00,0.00,1,13.84,0.03,33.56,1,-42,12,0,0,STAT,60,LAT,LON,W,CRC
02/22/26 13:13:37,20.71,317.07,20.90,8.57,-3.26,427.02,19.60,28.40,0.00,0.08,0.08,0.00,0.00,1,14.05,158.67,31.29,1,-39,11,0,0,STAT,60,LAT,LON,W,CRC
02/22/26 13:14:37,20.71,312.95,20.30,9.00,-1.80,427.01,19.60,28.50,0.00,0.03,0.54,0.00,0.00,1,13.95,44.81,31.63,1,-37,11,0,0,STAT,60,LAT,LON,W,CRC
02/22/26 13:15:38,20.71,315.83,21.45,9.51,-2.48,427.23,19.60,28.50,0.00,0.52,0.68,0.00,0.00,1,13.91,12.66,31.94,1,-37,10,0,0,STAT,60,LAT,LON,W,CRC
02/22/26 13:16:38,20.71,322.06,20.93,9.03,-2.69,427.73,19.60,28.50,0.00,0.59,0.64,0.00,0.00,1,13.87,3.57,36.29,1,-39,11,0,0,STAT,60,LAT,LON,W,CRC
02/22/26 13:17:38,20.71,320.35,20.13,8.20,-1.88,427.72,19.60,28.50,0.00,0.29,0.31,0.00,0.00,1,13.87,1.01,32.15,1,-38,12,0,0,STAT,60,LAT,LON,W,CRC
02/22/26 13:18:34,20.71,315.42,19.45,8.84,-1.85,427.68,19.60,28.50,0.00,0.26,0.27,0.00,0.00,1,13.84,0.32,42.37,1,-38,12,0,0,STAT,60,LAT,LON,W,CRC
02/22/26 13:19:34,20.71,319.13,20.89,8.93,-1.03,427.89,19.60,28.50,0.00,0.17,0.17,0.00,0.00,1,13.84,0.09,35.28,1,-38,11,0,0,STAT,60,LAT,LON,W,CRC
02/22/26 13:20:34,20.71,320.77,19.28,9.35,-1.32,427.96,19.60,28.40,0.00,0.08,0.08,0.00,0.00,1,14.12,214.56,35.11,1,-39,11,0,1,STAT,60,LAT,LON,W,CRC
02/22/26 13:21:35,20.71,321.06,20.24,8.35,-1.75,427.83,19.60,28.40,0.00,0.06,0.13,0.00,0.00,1,14.02,81.48,33.74,1,-39,11,0,0,STAT,60,LAT,LON,W,CRC
02/22/26 13:22:35,20.71,321.69,18.66,8.11,-1.30,427.65,19.60,28.50,0.00,0.02,0.06,0.00,0.00,1,13.95,23.01,33.56,1,-39,13,0,0,STAT,60,LAT,LON,W,CRC
02/22/26 13:23:36,20.71,317.24,19.02,9.73,-2.19,427.58,19.60,28.50,0.05,0.20,0.21,0.00,0.00,1,13.91,6.50,41.25,1,-38,12,0,0,STAT,60,LAT,LON,W,CRC
02/22/26 13:24:36,20.71,319.91,19.68,9.46,-2.23,427.20,19.60,28.50,0.03,0.26,0.26,0.00,0.00,1,13.87,1.84,33.91,1,-39,11,0,0,STAT,60,LAT,LON,W,CRC
02/22/26 13:25:36,20.71,321.48,19.87,8.16,-0.37,426.78,19.60,28.50,0.01,0.12,0.12,0.00,0.00,1,13.87,0.52,31.98,1,-39,12,0,0,STAT,60,LAT,LON,W,CRC
02/22/26 13:26:36,20.71,321.12,21.72,8.40,-1.58,424.90,19.60,28.50,0.00,0.12,0.12,0.00,0.00,1,13.84,0.15,32.60,1,-39,10,0,0,STAT,60,LAT,LON,W,CRC
02/22/26 13:27:37,20.71,319.05,20.94,8.13,-2.31,424.32,19.60,28.50,0.00,0.26,0.30,0.00,0.00,1,13.84,0.04,36.16,1,-38,11,0,0,STAT,60,LAT,LON,W,CRC
02/22/26 13:28:37,20.70,325.41,21.82,9.05,-1.66,424.64,19.60,28.50,0.00,0.24,0.26,0.00,0.00,1,14.09,206.53,32.20,1,-41,11,0,0,STAT,60,LAT,LON,W,CRC
02/22/26 13:29:37,20.70,321.15,21.01,8.16,-1.47,424.87,19.60,28.50,0.00,0.24,0.25,0.00,0.00,1,13.98,58.33,34.41,1,-39,10,0,0,STAT,60,LAT,LON,W,CRC
02/22/26 13:30:37,20.71,320.74,20.82,8.10,-2.45,424.95,19.60,28.50,0.00,0.24,0.43,0.00,0.00,1,13.91,16.47,33.91,1,-39,10,0,0,STAT,60,LAT,LON,W,CRC
02/22/26 13:31:37,20.71,316.92,20.87,7.32,-2.24,425.57,19.60,28.50,0.00,0.25,0.35,0.00,0.00,1,13.91,4.65,33.08,1,-38,11,0,0,STAT,60,LAT,LON,W,CRC
02/22/26 13:32:37,20.71,315.07,20.75,7.10,-1.27,425.70,19.60,28.50,0.00,0.43,0.98,0.00,0.00,1,13.87,1.31,31.92,1,-38,11,0,0,STAT,60,LAT,LON,W,CRC
02/22/26 13:33:38,20.71,311.55,20.89,9.18,-0.70,426.11,19.60,28.50,0.00,0.16,0.34,0.00,0.00,1,13.84,0.37,33.55,1,-37,11,0,1,STAT,60,LAT,LON,W,CRC
02/22/26 13:34:38,20.70,314.11,20.64,9.68,-1.92,426.64,19.60,28.50,0.00,0.35,0.41,0.00,0.00,1,13.84,0.10,33.47,1,-38,11,0,0,STAT,60,LAT,LON,W,CRC
02/22/26 13:35:38,20.71,315.36,17.72,9.29,-1.44,426.47,19.60,28.50,0.00,0.36,0.38,0.00,0.00,1,14.12,214.56,32.68,1,-37,13,0,0,STAT,60,LAT,LON,W,CRC
02/22/26 13:36:38,20.70,319.63,18.76,9.28,-1.27,426.16,19.60,28.50,0.00,0.16,0.16,0.00,0.00,1,14.02,81.49,32.96,1,-39,13,0,0,STAT,60,LAT,LON,W,CRC
02/22/26 13:37:38,20.70,317.75,18.62,9.22,-1.45,426.06,19.60,28.50,0.00,0.16,0.25,0.00,0.00,1,13.95,23.01,35.08,1,-38,12,0,0,STAT,60,LAT,LON,W,CRC
02/22/26 13:38:38,20.71,320.53,21.28,9.20,-2.86,426.02,19.60,28.50,0.00,0.30,0.61,0.00,0.00,1,13.91,6.50,32.27,1,-39,10,0,0,STAT,60,LAT,LON,W,CRC
02/22/26 13:39:40,20.70,319.26,21.46,9.40,-3.23,425.85,19.60,28.50,0.00,0.28,0.47,0.00,0.00,1,13.87,1.84,34.80,1,-39,10,-1,0,STAT,60,LAT,LON,W,CRC
02/22/26 13:40:40,20.70,318.05,20.60,9.34,-3.05,425.88,19.60,28.50,0.00,0.09,0.15,0.00,0.00,1,13.87,0.52,36.53,1,-39,12,0,0,STAT,60,LAT,LON,W,CRC
02/22/26 13:41:40,20.70,316.26,21.01,9.39,-3.48,426.17,19.60,28.50,0.00,0.11,0.25,0.00,0.00,1,13.84,0.15,34.13,1,-38,10,0,0,STAT,60,LAT,LON,W,CRC
02/22/26 13:42:40,20.70,309.69,18.91,9.61,-3.44,425.66,19.60,28.50,0.00,0.11,0.24,0.00,0.00,1,13.84,0.04,34.64,1,-37,12,0,0,STAT,60,LAT,LON,W,CRC
02/22/26 13:43:40,20.70,310.58,19.57,9.26,-1.41,425.19,19.50,28.50,0.00,0.11,0.15,0.00,0.00,1,14.09,218.73,33.73,1,-38,11,0,1,STAT,60,LAT,LON,W,CRC
02/22/26 13:44:41,20.70,313.83,20.01,7.68,-1.40,424.14,19.60,28.50,0.00,0.14,0.15,0.00,0.00,1,13.95,61.78,37.01,1,-38,11,0,0,STAT,60,LAT,LON,W,CRC
02/22/26 13:45:41,20.70,317.37,21.69,8.61,-0.88,422.38,19.50,28.60,0.00,0.04,0.16,0.00,0.00,1,13.91,17.45,32.58,1,-39,11,0,0,STAT,60,LAT,LON,W,CRC
02/22/26 13:46:41,20.70,316.17,22.10,9.06,-1.00,422.36,19.60,28.50,0.00,0.01,0.05,0.00,0.00,1,13.91,4.93,32.45,1,-39,11,0,0,STAT,60,LAT,LON,W,CRC
02/22/26 13:47:41,20.70,319.66,21.71,8.56,-1.39,422.62,19.60,28.50,0.00,0.00,0.02,0.00,0.00,1,13.87,1.39,32.61,1,-40,10,0,0,STAT,60,LAT,LON,W,CRC
02/22/26 13:48:41,20.70,318.34,21.59,8.95,-2.35,423.45,19.60,28.50,0.00,0.00,0.01,0.00,0.00,1,13.84,0.39,35.32,1,-40,10,0,0,STAT,60,LAT,LON,W,CRC
02/22/26 13:49:42,20.70,316.97,19.86,8.56,0.34,424.19,19.60,28.50,0.00,0.00,0.00,0.00,0.00,1,14.09,188.48,38.33,1,-38,11,0,1,STAT,60,LAT,LON,W,CRC
02/22/26 13:50:42,20.70,313.74,20.52,8.73,-0.86,424.13,19.60,28.50,0.00,0.16,0.32,0.00,0.00,1,13.98,53.23,35.28,1,-38,12,0,1,STAT,60,LAT,LON,W,CRC
02/22/26 13:51:42,20.70,317.09,20.81,9.63,-2.11,424.05,19.60,28.50,0.00,0.38,0.49,0.00,0.00,1,13.95,15.03,32.20,1,-39,11,0,0,STAT,60,LAT,LON,W,CRC
02/22/26 13:52:42,20.70,317.90,20.25,9.94,-2.17,424.02,19.60,28.60,0.00,0.14,0.17,0.00,0.00,1,13.91,4.25,33.32,1,-40,12,0,0,STAT,60,LAT,LON,W,CRC
02/22/26 13:53:42,20.70,316.31,21.75,9.90,-3.37,424.09,19.60,28.50,0.00,0.04,0.05,0.00,0.00,1,13.87,1.20,34.82,1,-39,10,0,0,STAT,60,LAT,LON,W,CRC
02/22/26 13:54:38,20.70,315.12,22.04,9.03,-3.82,423.96,19.50,28.50,0.00,0.04,0.04,0.00,0.00,1,13.87,0.38,32.39,1,-39,10,0,0,STAT,60,LAT,LON,W,CRC
02/22/26 13:55:38,20.70,319.37,21.10,9.87,-3.82,423.98,19.60,28.50,0.00,0.01,0.01,0.00,0.00,1,13.84,0.11,32.92,1,-40,10,0,0,STAT,60,LAT,LON,W,CRC
02/22/26 13:56:38,20.70,320.49,20.24,8.70,-2.09,424.11,19.60,28.50,0.00,0.07,0.07,0.00,0.00,1,13.84,0.03,36.46,1,-40,11,0,0,STAT,60,LAT,LON,W,CRC
02/22/26 13:57:38,20.69,322.28,20.02,9.55,-1.90,423.83,19.60,28.50,0.00,0.02,0.02,0.00,0.00,1,14.09,178.75,32.79,1,-40,11,0,0,STAT,60,LAT,LON,W,CRC
02/22/26 13:58:38,20.69,316.54,20.14,9.02,-3.32,423.94,19.60,28.50,0.00,0.10,0.10,0.00,0.00,1,13.98,50.48,33.80,1,-39,11,0,0,STAT,60,LAT,LON,W,CRC
02/22/26 13:59:39,20.69,314.11,19.42,8.82,-3.43,424.52,19.60,28.50,0.00,0.30,0.48,0.00,0.00,1,13.91,14.26,34.36,1,-38,11,0,0,STAT,60,LAT,LON,W,CRC
02/22/26 14:00:39,20.70,320.82,21.13,8.10,-1.52,425.45,19.50,28.50,0.00,0.64,0.70,0.00,0.00,1,13.91,4.03,33.81,1,-40,10,0,0,STAT,60,LAT,LON,W,CRC
02/22/26 14:01:39,20.69,317.22,20.54,8.87,-1.51,425.65,19.60,28.50,0.00,0.20,0.30,0.00,0.00,1,13.87,1.14,32.33,1,-39,11,0,1,STAT,60,LAT,LON,W,CRC
02/22/26 14:02:39,20.69,317.12,20.00,7.97,-0.57,425.23,19.60,28.50,0.00,0.06,0.26,0.00,0.00,1,13.84,0.32,32.32,1,-39,11,0,0,STAT,60,LAT,LON,W,CRC
02/22/26 14:03:39,20.70,312.67,21.30,8.41,-2.42,425.08,19.50,28.60,0.00,0.02,0.08,0.00,0.00,1,13.84,0.09,33.99,1,-38,10,0,0,STAT,60,LAT,LON,W,CRC
02/22/26 14:04:39,20.69,313.60,22.16,8.52,-2.49,425.03,19.60,28.60,0.00,0.01,0.04,0.00,0.00,1,13.80,0.03,34.36,1,-38,10,0,0,STAT,60,LAT,LON,W,CRC
02/22/26 14:05:41,20.69,321.45,18.56,8.47,-2.79,425.01,19.60,28.50,0.00,0.11,0.13,0.00,0.00,1,14.02,99.17,38.23,1,-40,13,-1,0,STAT,60,LAT,LON,W,CRC
02/22/26 14:06:41,20.69,318.43,18.89,9.47,-3.98,424.40,19.60,28.50,0.00,0.04,0.04,0.00,0.00,1,13.95,28.01,34.58,1,-39,12,0,0,STAT,60,LAT,LON,W,CRC
02/22/26 14:07:41,20.69,313.95,19.17,9.35,-2.40,422.66,19.60,28.50,0.00,0.01,0.01,0.00,0.00,1,13.91,7.91,31.84,1,-38,12,0,0,STAT,60,LAT,LON,W,CRC
02/22/26 14:08:41,20.69,314.83,19.13,9.06,-1.73,422.81,19.50,28.50,0.00,0.00,0.00,0.00,0.00,1,13.87,2.23,33.62,1,-39,12,0,0,STAT,60,LAT,LON,W,CRC
02/22/26 14:09:41,20.69,314.19,20.33,8.97,-0.68,423.93,19.50,28.60,0.00,0.08,0.21,0.00,0.00,1,13.87,0.63,35.60,1,-39,12,0,0,STAT,60,LAT,LON,W,CRC
02/22/26 14:10:41,20.69,312.11,20.10,8.57,-0.53,425.38,19.50,28.60,0.00,0.03,0.26,0.00,0.00,1,13.84,0.18,35.88,1,-38,11,0,0,STAT,60,LAT,LON,W,CRC
02/22/26 14:11:41,20.69,306.86,20.28,9.31,-0.48,425.39,19.60,28.50,0.00,0.05,0.12,0.00,0.00,1,13.84,0.05,32.67,1,-37,12,0,0,STAT,60,LAT,LON,W,CRC
02/22/26 14:12:41,20.68,306.34,20.79,7.74,-0.50,425.10,19.50,28.50,0.00,0.11,0.13,0.00,0.00,1,14.16,210.41,33.22,1,-36,10,0,0,STAT,60,LAT,LON,W,CRC
02/22/26 14:13:41,20.68,307.49,20.04,8.68,-2.68,425.03,19.50,28.50,0.00,0.19,0.20,0.00,0.00,1,13.98,59.43,33.73,1,-36,11,0,0,STAT,60,LAT,LON,W,CRC
02/22/26 14:14:42,20.68,317.01,20.86,9.59,-3.05,424.72,19.50,28.60,0.00,0.06,0.06,0.00,0.00,1,13.95,16.78,32.81,1,-39,10,0,0,STAT,60,LAT,LON,W,CRC
02/22/26 14:15:42,20.68,314.50,20.49,8.98,-2.19,424.35,19.50,28.60,0.00,0.05,0.05,0.00,0.00,1,13.91,4.74,34.02,1,-39,10,0,0,STAT,60,LAT,LON,W,CRC
02/22/26 14:16:42,20.68,315.85,19.09,9.74,-2.19,424.12,19.60,28.60,0.00,0.01,0.02,0.00,0.00,1,13.87,1.34,35.40,1,-39,12,0,0,STAT,60,LAT,LON,W,CRC
02/22/26 14:17:42,20.68,316.17,19.62,10.43,-2.98,424.04,19.50,28.60,0.00,0.11,0.11,0.00,0.00,1,13.87,0.38,31.22,1,-40,12,0,0,STAT,60,LAT,LON,W,CRC
02/22/26 14:18:42,20.68,311.61,20.57,9.12,-2.16,423.96,19.60,28.60,0.00,0.05,0.05,0.00,0.00,1,13.84,0.11,31.91,1,-38,12,0,0,STAT,60,LAT,LON,W,CRC
02/22/26 14:19:42,20.68,311.79,18.63,8.92,-2.67,423.91,19.50,28.60,0.00,0.11,0.11,0.00,0.00,1,13.84,0.03,33.79,1,-38,12,0,0,STAT,60,LAT,LON,W,CRC
02/22/26 14:20:44,20.68,314.31,20.88,10.12,-4.51,424.13,19.50,28.60,0.00,0.03,0.03,0.00,0.00,1,14.02,118.94,42.85,1,-39,10,0,0,STAT,60,LAT,LON,W,CRC
02/22/26 14:21:44,20.68,315.20,20.31,9.93,-3.50,424.88,19.50,28.60,0.00,0.05,0.05,0.00,0.00,1,13.95,33.59,34.93,1,-39,12,0,0,STAT,60,LAT,LON,W,CRC
02/22/26 14:22:44,20.68,313.48,19.31,10.01,-2.63,424.84,19.60,28.60,0.00,0.42,0.46,0.00,0.00,1,13.91,9.49,33.62,1,-39,12,0,0,STAT,60,LAT,LON,W,CRC
02/22/26 14:23:44,20.67,314.13,21.11,9.44,-2.41,424.62,19.50,28.60,0.00,0.23,0.24,0.00,0.00,1,13.87,2.68,34.29,1,-39,11,0,0,STAT,60,LAT,LON,W,CRC
02/22/26 14:24:44,20.66,307.25,20.04,9.14,-2.57,424.54,19.50,28.60,0.00,0.09,0.09,0.00,0.00,1,13.87,0.76,32.36,1,-37,11,0,0,STAT,60,LAT,LON,W,CRC
02/22/26 14:25:44,20.66,306.22,19.86,8.83,-1.28,424.30,19.50,28.60,0.00,0.03,0.03,0.00,0.00,1,13.84,0.21,32.12,1,-38,11,0,0,STAT,60,LAT,LON,W,CRC
02/22/26 14:26:44,20.64,311.04,19.57,8.42,-0.90,424.11,19.50,28.70,0.00,0.07,0.07,0.00,0.00,1,13.84,0.06,35.15,1,-39,11,0,0,STAT,60,LAT,LON,W,CRC
02/22/26 14:27:44,20.64,308.38,20.19,9.57,-1.55,423.67,19.50,28.70,0.00,0.04,0.04,0.00,0.00,1,14.09,225.36,34.37,1,-37,11,0,0,STAT,60,LAT,LON,W,CRC
02/22/26 14:28:44,20.62,315.08,19.61,8.57,-0.68,422.47,19.50,28.60,0.00,0.01,0.01,0.00,0.00,1,13.98,63.65,31.64,1,-40,11,0,0,STAT,60,LAT,LON,W,CRC
02/22/26 14:29:44,20.61,312.75,21.36,8.15,-0.99,422.13,19.50,28.60,0.00,0.00,0.00,0.00,0.00,1,13.95,17.98,33.32,1,-39,11,0,0,STAT,60,LAT,LON,W,CRC
02/22/26 14:30:44,20.61,307.27,20.94,7.94,-1.73,422.24,19.50,28.60,0.00,0.00,0.00,0.00,0.00,1,13.91,5.08,33.21,1,-38,10,0,0,STAT,60,LAT,LON,W,CRC
02/22/26 14:31:46,20.61,308.40,20.20,8.55,-3.19,423.38,19.50,28.60,0.00,0.00,0.00,0.00,0.00,1,13.87,1.43,34.94,1,-38,11,0,0,STAT,60,LAT,LON,W,CRC
02/22/26 14:32:46,20.61,315.06,18.99,9.34,-3.68,423.78,19.50,28.60,0.00,0.07,0.07,0.00,0.00,1,13.84,0.40,34.59,1,-40,12,0,0,STAT,60,LAT,LON,W,CRC
02/22/26 14:33:46,20.61,317.92,18.84,9.71,-3.11,423.58,19.50,28.60,0.00,0.04,0.04,0.00,0.00,1,13.84,0.11,34.42,1,-41,12,0,0,STAT,60,LAT,LON,W,CRC
02/22/26 14:34:46,20.61,313.27,20.64,9.89,-2.40,423.51,19.50,28.60,0.00,0.35,0.35,0.00,0.00,1,14.09,246.55,32.29,1,-39,11,0,1,STAT,60,LAT,LON,W,CRC
02/22/26 14:35:46,20.61,317.16,20.59,8.77,-1.58,423.68,19.50,28.70,0.00,0.25,0.25,0.00,0.00,1,14.02,128.95,31.98,1,-41,12,0,0,STAT,60,LAT,LON,W,CRC
02/22/26 14:36:42,20.61,310.70,20.33,8.06,-0.32,423.88,19.50,28.60,0.00,0.08,0.23,0.00,0.00,1,13.95,40.47,34.57,1,-39,11,0,0,STAT,60,LAT,LON,W,CRC
02/22/26 14:37:42,20.61,307.64,21.27,8.76,-0.91,424.01,19.50,28.60,0.00,0.04,0.08,0.00,0.00,1,13.91,11.43,33.21,1,-38,11,0,0,STAT,60,LAT,LON,W,CRC
02/22/26 14:38:43,20.61,304.32,19.80,8.19,-0.27,424.46,19.50,28.60,0.00,0.01,0.03,0.00,0.00,1,13.87,3.23,37.59,1,-37,12,0,0,STAT,60,LAT,LON,W,CRC
02/22/26 14:39:43,20.61,304.20,20.37,8.04,-1.67,424.20,19.50,28.70,0.00,0.00,0.01,0.00,0.00,1,13.87,0.91,33.77,1,-37,12,-1,0,STAT,60,LAT,LON,W,CRC
02/22/26 14:40:43,20.61,300.82,20.20,9.21,-4.13,424.58,19.50,28.60,0.00,0.00,0.00,0.00,0.00,1,13.84,0.26,32.60,1,-37,10,0,0,STAT,60,LAT,LON,W,CRC
02/22/26 14:41:44,20.61,311.68,22.94,8.32,0.11,424.31,19.50,28.70,0.00,0.00,0.00,0.00,0.00,1,14.12,216.63,37.04,1,-39,9,0,0,STAT,60,LAT,LON,W,CRC
02/22/26 14:42:44,20.61,309.91,22.08,8.88,-0.36,424.11,19.50,28.60,0.00,0.02,0.02,0.00,0.00,1,13.98,61.18,33.43,1,-38,11,0,0,STAT,60,LAT,LON,W,CRC
02/22/26 14:43:44,20.61,306.87,19.28,8.01,-1.62,424.04,19.50,28.70,0.00,0.00,0.00,0.00,0.00,1,13.95,17.28,34.40,1,-38,12,0,0,STAT,60,LAT,LON,W,CRC
02/22/26 14:44:44,20.61,306.08,18.97,7.70,-0.91,423.93,19.50,28.60,0.00,0.00,0.00,0.00,0.00,1,13.91,4.88,34.94,1,-38,12,0,0,STAT,60,LAT,LON,W,CRC
02/22/26 14:45:44,20.61,308.68,18.58,9.02,-1.71,423.39,19.50,28.60,0.00,0.00,0.00,0.00,0.00,1,13.87,1.38,32.81,1,-38,12,0,0,STAT,60,LAT,LON,W,CRC
02/22/26 14:46:46,20.61,316.51,20.89,9.05,-4.14,423.14,19.50,28.70,0.00,0.00,0.00,0.00,0.00,1,13.87,0.39,38.46,1,-41,11,0,0,STAT,60,LAT,LON,W,CRC
02/22/26 14:47:46,20.61,310.30,19.86,8.91,-3.82,423.22,19.50,28.70,0.00,0.00,0.27,0.00,0.00,1,13.84,0.11,35.94,1,-39,12,0,0,STAT,60,LAT,LON,W,CRC
02/22/26 14:48:46,20.61,304.84,21.74,8.69,-1.81,423.98,19.50,28.60,0.00,0.22,0.40,0.00,0.00,1,13.84,0.03,33.71,1,-38,10,0,0,STAT,60,LAT,LON,W,CRC
02/22/26 14:49:46,20.61,310.09,20.63,8.28,-1.03,424.64,19.50,28.60,0.00,0.07,0.13,0.00,0.00,1,14.09,223.58,31.79,1,-38,12,0,0,STAT,60,LAT,LON,W,CRC
02/22/26 14:50:46,20.61,311.30,20.32,9.13,-1.76,425.28,19.50,28.70,0.00,0.02,0.04,0.00,0.00,1,13.98,63.14,32.33,1,-39,11,0,0,STAT,60,LAT,LON,W,CRC
02/22/26 14:51:45,20.61,309.14,20.89,8.32,-0.77,424.91,19.50,28.70,0.00,0.01,0.01,0.00,0.00,1,13.91,17.83,37.50,1,-39,12,0,0,STAT,60,LAT,LON,W,CRC
02/22/26 14:52:46,20.61,305.64,20.23,8.86,-2.21,423.95,19.50,28.60,0.00,0.04,0.04,0.00,0.00,1,13.91,5.04,32.35,1,-38,12,0,0,STAT,60,LAT,LON,W,CRC
02/22/26 14:53:46,20.61,309.05,20.10,8.26,-1.04,422.33,19.50,28.70,0.00,0.09,0.09,0.00,0.00,1,13.87,1.42,31.81,1,-39,12,0,0,STAT,60,LAT,LON,W,CRC
02/22/26 14:54:46,20.61,306.43,19.54,7.96,-0.93,421.34,19.50,28.70,0.00,0.31,0.31,0.00,0.00,1,13.84,0.40,32.80,1,-38,12,0,0,STAT,60,LAT,LON,W,CRC
02/22/26 14:55:46,20.61,306.97,18.97,9.46,-2.74,421.20,19.50,28.70,0.00,0.29,0.29,0.00,0.00,1,13.84,0.11,33.80,1,-38,11,0,0,STAT,60,LAT,LON,W,CRC
02/22/26 14:56:46,20.60,308.67,20.35,8.16,-1.08,421.37,19.50,28.70,0.00,0.15,0.15,0.00,0.00,1,14.02,162.29,31.20,1,-39,11,0,0,STAT,60,LAT,LON,W,CRC
02/22/26 14:57:46,20.60,312.10,18.57,8.21,-1.70,421.20,19.50,28.70,0.00,0.05,0.05,0.00,0.00,1,14.02,139.40,33.23,1,-40,13,0,0,STAT,60,LAT,LON,W,CRC
02/22/26 14:58:47,20.61,312.93,19.49,8.50,-2.04,421.07,19.50,28.70,0.00,0.02,0.02,0.00,0.00,1,13.95,39.37,35.38,1,-40,12,0,0,STAT,60,LAT,LON,W,CRC
02/22/26 14:59:47,20.61,312.56,20.51,8.74,-2.51,421.02,19.50,28.70,0.00,0.39,0.39,0.00,0.00,1,13.91,11.12,31.95,1,-40,11,0,0,STAT,60,LAT,LON,W,CRC
02/22/26 15:00:47,20.60,306.75,20.83,8.75,-3.19,421.55,19.50,28.70,0.00,0.12,0.12,0.00,0.00,1,13.87,3.14,33.37,1,-38,10,0,0,STAT,60,LAT,LON,W,CRC
02/22/26 15:01:47,20.61,312.98,20.43,8.95,-3.59,421.84,19.50,28.70,0.00,0.04,0.04,0.00,0.00,1,13.87,0.89,35.64,1,-40,10,0,0,STAT,60,LAT,LON,W,CRC
02/22/26 15:02:47,20.61,311.73,20.59,8.16,-1.57,421.54,19.50,28.70,0.00,0.01,0.01,0.00,0.00,1,13.84,0.25,34.23,1,-40,10,0,0,STAT,60,LAT,LON,W,CRC
02/22/26 15:03:47,20.60,307.68,19.00,8.34,-2.25,421.19,19.50,28.70,0.00,0.00,0.00,0.00,0.00,1,13.84,0.07,34.23,1,-38,12,-1,0,STAT,60,LAT,LON,W,CRC
02/22/26 15:04:48,20.60,299.05,18.90,9.27,-2.22,421.29,19.50,28.70,0.00,0.00,0.10,0.00,0.00,1,14.12,269.54,32.93,1,-36,12,0,0,STAT,60,LAT,LON,W,CRC
02/22/26 15:05:48,20.60,307.05,19.19,9.06,-1.90,421.61,19.50,28.70,0.00,0.00,0.24,0.00,0.00,1,13.98,76.13,37.92,1,-39,13,0,0,STAT,60,LAT,LON,W,CRC
02/22/26 15:06:48,20.61,307.65,20.52,8.52,-1.54,421.74,19.50,28.70,0.00,0.00,0.08,0.00,0.00,1,13.95,21.50,32.53,1,-38,11,0,0,STAT,60,LAT,LON,W,CRC
02/22/26 15:07:48,20.61,302.96,20.33,9.27,-1.77,421.87,19.50,28.70,0.00,0.00,0.03,0.00,0.00,1,13.91,6.07,41.53,1,-38,12,0,0,STAT,60,LAT,LON,W,CRC
02/22/26 15:08:48,20.60,302.57,20.28,8.69,-0.99,421.50,19.50,28.70,0.00,0.00,0.01,0.00,0.00,1,13.87,1.72,36.92,1,-37,11,0,0,STAT,60,LAT,LON,W,CRC
02/22/26 15:09:48,20.60,304.14,20.15,9.03,-2.60,421.40,19.50,28.70,0.00,0.34,0.48,0.00,0.00,1,13.84,0.48,34.59,1,-38,11,0,0,STAT,60,LAT,LON,W,CRC
02/22/26 15:10:48,20.60,307.59,19.40,8.89,-2.99,421.33,19.50,28.70,0.00,0.14,0.19,0.00,0.00,1,13.84,0.14,32.47,1,-39,10,0,0,STAT,60,LAT,LON,W,CRC
02/22/26 15:11:49,20.60,309.26,21.02,10.00,-4.71,421.35,19.50,28.70,0.00,0.05,0.06,0.00,0.00,1,13.98,159.72,34.28,1,-38,11,0,0,STAT,60,LAT,LON,W,CRC
02/22/26 15:12:46,20.60,304.52,20.22,10.05,-2.69,420.88,19.50,28.70,0.00,0.02,0.02,0.00,0.00,1,14.02,158.71,41.06,1,-37,10,0,0,STAT,60,LAT,LON,W,CRC
02/22/26 15:13:46,20.60,317.38,19.63,9.47,-0.91,419.21,19.50,28.70,0.00,0.01,0.01,0.00,0.00,1,13.95,44.83,36.54,1,-42,11,0,1,STAT,60,LAT,LON,W,CRC
02/22/26 15:14:46,20.60,309.48,22.24,9.08,-0.67,419.04,19.50,28.70,0.00,0.00,0.00,0.00,0.00,1,13.91,12.66,35.00,1,-39,9,0,0,STAT,60,LAT,LON,W,CRC
02/22/26 15:15:46,20.60,305.13,20.12,9.26,-1.16,419.34,19.50,28.70,0.00,0.00,0.00,0.00,0.00,1,13.87,3.58,35.03,1,-38,11,0,0,STAT,60,LAT,LON,W,CRC
02/22/26 15:16:46,20.60,306.72,19.47,9.77,-1.38,419.51,19.50,28.80,0.00,0.05,0.05,0.00,0.00,1,13.87,1.01,34.20,1,-38,11,0,1,STAT,60,LAT,LON,W,CRC
02/22/26 15:17:47,20.60,303.41,20.13,8.22,-0.08,420.06,19.50,28.80,0.00,0.10,0.10,0.00,0.00,1,13.84,0.29,36.35,1,-37,11,0,1,STAT,60,LAT,LON,W,CRC
02/22/26 15:18:48,20.60,305.53,21.73,8.32,-1.32,421.81,19.50,28.80,0.00,0.04,0.04,0.00,0.00,1,14.05,126.12,35.27,1,-38,10,0,0,STAT,60,LAT,LON,W,CRC
02/22/26 15:19:48,20.60,305.25,21.10,9.40,-3.22,422.73,19.50,28.80,0.00,0.01,0.01,0.00,0.00,1,13.95,35.62,33.11,1,-38,10,0,0,STAT,60,LAT,LON,W,CRC
02/22/26 15:20:48,20.60,309.83,21.47,8.94,-0.93,422.97,19.50,28.70,0.00,0.11,0.11,0.00,0.00,1,13.91,10.06,31.64,1,-40,9,0,0,STAT,60,LAT,LON,W,CRC
02/22/26 15:21:48,20.60,302.48,18.96,9.44,-2.11,422.91,19.50,28.80,0.00,0.04,0.04,0.00,0.00,1,13.91,2.84,33.02,1,-37,12,0,0,STAT,60,LAT,LON,W,CRC
02/22/26 15:22:48,20.59,308.22,19.25,8.55,-1.31,422.64,19.50,28.70,0.00,0.01,0.01,0.00,0.00,1,13.87,0.80,36.60,1,-39,11,0,0,STAT,60,LAT,LON,W,CRC
02/22/26 15:23:48,20.60,309.58,21.06,8.06,-1.64,422.50,19.50,28.80,0.00,0.04,0.04,0.00,0.00,1,13.84,0.23,34.72,1,-39,10,0,0,STAT,60,LAT,LON,W,CRC
02/22/26 15:24:49,20.59,309.67,21.40,8.30,0.26,422.25,19.50,28.80,0.00,0.01,0.01,0.00,0.00,1,13.84,0.06,33.47,1,-39,10,0,1,STAT,60,LAT,LON,W,CRC
02/22/26 15:25:49,20.59,312.79,22.48,8.66,-0.74,422.28,19.50,28.70,0.00,0.00,0.00,0.00,0.00,1,13.80,0.02,33.98,1,-40,9,0,0,STAT,60,LAT,LON,W,CRC
02/22/26 15:26:49,20.59,313.95,20.69,9.19,-3.27,422.24,19.50,28.80,0.00,0.00,0.00,0.00,0.00,1,14.02,99.78,33.01,1,-41,10,0,0,STAT,60,LAT,LON,W,CRC
02/22/26 15:27:49,20.59,311.19,18.71,8.76,-2.32,422.08,19.50,28.80,0.00,0.00,0.00,0.00,0.00,1,13.95,28.18,33.51,1,-39,12,0,0,STAT,60,LAT,LON,W,CRC
02/22/26 15:28:49,20.59,313.88,18.74,9.92,-2.85,422.03,19.50,28.80,0.00,0.00,0.00,0.00,0.00,1,13.91,7.96,33.31,1,-41,12,0,0,STAT,60,LAT,LON,W,CRC
02/22/26 15:29:49,20.59,310.16,18.64,9.87,-2.57,421.69,19.50,28.80,0.00,0.00,0.00,0.00,0.00,1,13.87,2.25,36.07,1,-39,11,0,0,STAT,60,LAT,LON,W,CRC
02/22/26 15:30:50,20.59,307.69,19.00,8.98,-2.59,421.37,19.50,28.80,0.00,0.00,0.00,0.00,0.00,1,13.87,0.63,31.54,1,-38,11,0,0,STAT,60,LAT,LON,W,CRC
02/22/26 15:31:50,20.59,305.76,19.42,8.44,0.11,421.78,19.50,28.80,0.00,0.06,0.06,0.00,0.00,1,13.84,0.18,33.15,1,-38,10,0,0,STAT,60,LAT,LON,W,CRC
02/22/26 15:32:50,20.58,311.17,19.17,8.46,0.48,421.92,19.40,28.80,0.00,0.02,0.02,0.00,0.00,1,13.84,0.05,33.46,1,-39,11,0,0,STAT,60,LAT,LON,W,CRC
02/22/26 15:33:50,20.58,307.80,18.75,9.02,-0.02,422.74,19.50,28.80,0.00,0.01,0.01,0.00,0.00,1,14.09,166.52,36.28,1,-38,11,0,1,STAT,60,LAT,LON,W,CRC
02/22/26 15:34:50,20.58,310.24,21.01,8.04,-1.78,422.29,19.50,28.80,0.00,0.00,0.00,0.00,0.00,1,13.98,47.03,33.07,1,-39,10,0,0,STAT,60,LAT,LON,W,CRC
02/22/26 15:35:50,20.58,310.91,19.08,8.82,-2.44,421.96,19.40,28.80,0.00,0.00,0.00,0.00,0.00,1,13.95,13.28,35.47,1,-39,12,0,0,STAT,60,LAT,LON,W,CRC
02/22/26 15:36:51,20.58,313.71,18.78,8.89,-2.09,421.11,19.40,28.80,0.00,0.00,0.00,0.00,0.00,1,13.91,3.75,34.93,1,-40,12,0,0,STAT,60,LAT,LON,W,CRC
02/22/26 15:37:51,20.58,311.14,19.99,9.30,-1.47,421.23,19.40,28.90,0.00,0.00,0.00,0.00,0.00,1,13.87,1.06,31.69,1,-39,10,0,1,STAT,60,LAT,LON,W,CRC
02/22/26 15:38:52,20.58,314.14,20.75,8.29,-2.11,421.66,19.50,28.80,0.00,0.00,0.00,0.00,0.00,1,13.84,0.30,41.47,1,-40,10,0,0,STAT,60,LAT,LON,W,CRC
02/22/26 15:39:52,20.58,311.27,18.58,8.07,-0.79,423.72,19.50,28.80,0.00,0.00,0.00,0.00,0.00,1,13.84,0.08,33.78,1,-39,11,0,0,STAT,60,LAT,LON,W,CRC
02/22/26 15:40:47,20.57,313.41,20.51,8.80,-0.99,423.65,19.40,28.80,0.00,0.02,0.02,0.00,0.00,1,13.80,0.03,33.00,1,-40,11,0,0,STAT,60,LAT,LON,W,CRC
02/22/26 15:41:48,20.56,316.91,20.19,8.57,-0.30,423.23,19.40,28.90,0.00,0.00,0.00,0.00,0.00,1,14.02,98.79,34.69,1,-40,10,0,0,STAT,60,LAT,LON,W,CRC
02/22/26 15:42:48,20.55,311.66,21.12,8.26,0.09,423.08,19.50,28.90,0.00,0.00,0.00,0.00,0.00,1,13.95,27.90,31.06,1,-39,10,0,1,STAT,60,LAT,LON,W,CRC
02/22/26 15:43:48,20.54,310.86,19.65,8.34,-2.83,422.82,19.50,28.80,0.00,0.00,0.00,0.00,0.00,1,13.91,7.88,39.43,1,-39,12,0,0,STAT,60,LAT,LON,W,CRC
02/22/26 15:44:48,20.53,308.54,18.84,7.67,-2.21,422.41,19.40,28.80,0.00,0.00,0.00,0.00,0.00,1,13.87,2.23,36.29,1,-38,11,0,0,STAT,60,LAT,LON,W,CRC
02/22/26 15:45:48,20.52,310.03,17.17,9.42,-2.33,422.14,19.40,28.80,0.00,0.00,0.00,0.00,0.00,1,13.87,0.63,32.97,1,-38,12,0,0,STAT,60,LAT,LON,W,CRC
02/22/26 15:46:49,20.51,310.41,16.83,9.96,-3.04,422.05,19.40,28.90,0.00,0.00,0.00,0.00,0.00,1,13.84,0.18,32.44,1,-39,13,0,0,STAT,60,LAT,LON,W,CRC
02/22/26 15:47:49,20.51,313.40,19.54,9.35,-3.52,422.02,19.40,28.80,0.00,0.00,0.00,0.00,0.00,1,13.84,0.05,33.74,1,-40,11,0,0,STAT,60,LAT,LON,W,CRC
02/22/26 15:48:49,20.51,309.14,19.84,8.66,-0.89,422.01,19.40,28.80,0.00,0.00,0.00,0.00,0.00,1,14.09,261.48,34.53,1,-38,11,0,0,STAT,60,LAT,LON,W,CRC
02/22/26 15:49:49,20.51,305.09,19.45,8.58,-1.48,422.00,19.50,28.80,0.00,0.07,0.14,0.00,0.00,1,13.98,73.85,35.62,1,-37,11,0,0,STAT,60,LAT,LON,W,CRC
02/22/26 15:50:49,20.51,305.14,18.91,8.83,-1.87,422.00,19.40,28.80,0.00,0.02,0.11,0.00,0.00,1,13.91,20.86,33.82,1,-37,12,0,0,STAT,60,LAT,LON,W,CRC
02/22/26 15:51:49,20.51,310.54,19.53,8.99,-1.48,422.00,19.40,28.90,0.00,0.01,0.04,0.00,0.00,1,13.91,5.89,34.90,1,-39,11,0,0,STAT,60,LAT,LON,W,CRC
02/22/26 15:52:50,20.51,311.21,21.18,8.21,-3.28,422.00,19.40,28.80,0.00,0.02,0.03,0.00,0.00,1,13.87,1.66,32.14,1,-39,10,0,0,STAT,60,LAT,LON,W,CRC
02/22/26 15:53:50,20.51,309.59,19.43,8.43,-3.87,422.00,19.40,28.90,0.00,0.00,0.01,0.00,0.00,1,13.84,0.47,31.96,1,-38,11,0,0,STAT,60,LAT,LON,W,CRC
02/22/26 15:54:50,20.51,311.70,19.86,9.23,-3.40,421.91,19.40,28.90,0.00,0.00,0.00,0.00,0.00,1,13.84,0.13,36.75,1,-40,10,0,0,STAT,60,LAT,LON,W,CRC
02/22/26 15:55:50,20.51,308.54,21.16,8.51,-1.22,421.90,19.40,28.90,0.00,0.00,0.00,0.00,0.00,1,14.12,229.25,35.29,1,-38,10,0,0,STAT,60,LAT,LON,W,CRC
02/22/26 15:56:50,20.51,320.47,22.57,8.58,-1.39,421.54,19.40,28.90,0.00,0.00,0.00,0.00,0.00,1,14.02,86.38,31.44,1,-41,9,0,0,STAT,60,LAT,LON,W,CRC
02/22/26 15:57:50,20.51,308.34,20.31,8.98,-2.09,421.19,19.40,28.90,0.00,0.00,0.00,0.00,0.00,1,13.95,24.40,32.01,1,-38,10,-1,0,STAT,60,LAT,LON,W,CRC
02/22/26 15:58:50,20.51,312.28,18.06,9.83,-1.89,421.00,19.40,28.90,0.00,0.00,0.00,0.00,0.00,1,13.91,6.89,33.50,1,-39,11,0,0,STAT,60,LAT,LON,W,CRC
02/22/26 15:59:51,20.51,317.04,19.50,9.60,-1.05,420.38,19.40,28.90,0.00,0.00,0.00,0.00,0.00,1,13.87,1.95,33.70,1,-40,11,0,0,STAT,60,LAT,LON,W,CRC
02/22/26 16:00:51,20.51,315.46,19.17,8.54,-0.33,420.13,19.40,28.90,0.00,0.00,0.00,0.00,0.00,1,13.87,0.55,33.88,1,-40,11,-1,0,STAT,60,LAT,LON,W,CRC
02/22/26 16:01:51,20.51,309.99,21.51,8.36,-2.41,420.05,19.40,28.90,0.00,0.03,0.03,0.00,0.00,1,13.84,0.16,36.49,1,-38,8,0,0,STAT,60,LAT,LON,W,CRC
02/22/26 16:02:51,20.51,315.31,20.36,9.50,-2.47,420.02,19.40,28.90,0.00,0.31,0.31,0.00,0.00,1,13.84,0.04,33.25,1,-40,10,0,0,STAT,60,LAT,LON,W,CRC
02/22/26 16:03:52,20.51,318.00,21.89,8.81,-0.29,420.36,19.40,28.90,0.00,0.10,0.19,0.00,0.00,1,14.05,202.97,33.72,1,-40,10,0,0,STAT,60,LAT,LON,W,CRC
02/22/26 16:04:52,20.51,310.54,21.03,7.41,-1.93,420.77,19.40,28.90,0.00,0.03,0.06,0.00,0.00,1,13.98,57.33,34.76,1,-38,10,0,0,STAT,60,LAT,LON,W,CRC
02/22/26 16:05:52,20.51,317.94,20.63,9.50,-3.13,421.05,19.40,28.90,0.00,0.01,0.02,0.00,0.00,1,13.91,16.19,35.40,1,-40,10,0,0,STAT,60,LAT,LON,W,CRC
02/22/26 16:06:52,20.51,319.72,18.91,9.08,-2.49,420.07,19.40,28.80,0.00,0.00,0.01,0.00,0.00,1,13.91,4.57,32.12,1,-40,10,0,0,STAT,60,LAT,LON,W,CRC
02/22/26 16:07:52,20.51,320.14,21.01,8.95,-2.65,419.23,19.40,28.90,0.00,0.00,0.00,0.00,0.00,1,13.87,1.29,31.88,1,-41,9,0,0,STAT,60,LAT,LON,W,CRC
02/22/26 16:08:52,20.51,319.03,20.50,9.00,-1.73,419.16,19.40,28.90,0.00,0.00,0.00,0.00,0.00,1,13.84,0.36,33.69,1,-40,11,0,0,STAT,60,LAT,LON,W,CRC
02/22/26 16:09:52,20.51,307.91,22.32,9.38,-1.99,419.59,19.40,28.90,0.00,0.00,0.00,0.00,0.00,1,14.12,182.20,35.26,1,-37,9,0,0,STAT,60,LAT,LON,W,CRC
02/22/26 16:10:52,20.51,309.41,21.80,9.70,-3.45,419.54,19.40,28.90,0.00,0.00,0.00,0.00,0.00,1,14.02,69.88,32.53,1,-37,9,0,0,STAT,60,LAT,LON,W,CRC
02/22/26 16:11:53,20.51,310.59,20.97,8.93,-2.29,419.81,19.40,28.90,0.00,0.03,0.03,0.00,0.00,1,13.95,19.74,32.67,1,-38,9,0,0,STAT,60,LAT,LON,W,CRC
02/22/26 16:12:53,20.51,315.75,20.44,9.71,-3.55,419.48,19.40,28.90,0.00,0.01,0.01,0.00,0.00,1,13.91,5.57,35.69,1,-40,10,0,0,STAT,60,LAT,LON,W,CRC
02/22/26 16:13:53,20.51,322.52,19.33,8.33,-1.55,419.66,19.40,28.90,0.00,0.00,0.00,0.00,0.00,1,13.87,1.57,33.90,1,-41,10,-1,0,STAT,60,LAT,LON,W,CRC
02/22/26 16:14:53,20.51,317.39,19.55,8.56,-1.62,419.88,19.40,28.90,0.00,0.00,0.00,0.00,0.00,1,13.87,0.44,32.90,1,-39,10,-1,0,STAT,60,LAT,LON,W,CRC
02/22/26 16:15:53,20.51,316.40,19.97,9.60,-1.52,419.96,19.40,28.90,0.00,0.02,0.02,0.00,0.00,1,13.84,0.13,35.63,1,-39,9,0,0,STAT,60,LAT,LON,W,CRC
02/22/26 16:16:53,20.51,317.51,20.17,8.86,-3.38,419.99,19.40,28.90,0.00,0.01,0.01,0.00,0.00,1,13.84,0.04,35.17,1,-39,10,0,0,STAT,60,LAT,LON,W,CRC
02/22/26 16:17:53,20.51,315.39,19.77,8.92,-2.82,419.99,19.40,28.90,0.00,0.00,0.00,0.00,0.00,1,14.12,215.85,31.67,1,-38,9,0,0,STAT,60,LAT,LON,W,CRC
02/22/26 16:18:54,20.51,317.19,20.04,7.89,-1.47,419.84,19.40,28.90,0.00,0.14,0.14,0.00,0.00,1,13.98,60.96,32.83,1,-39,10,0,0,STAT,60,LAT,LON,W,CRC
02/22/26 16:19:54,20.51,322.10,19.43,9.15,-1.52,419.30,19.40,28.90,0.00,0.06,0.06,0.00,0.00,1,13.95,17.22,33.57,1,-41,10,0,0,STAT,60,LAT,LON,W,CRC
02/22/26 16:20:54,20.51,316.49,20.42,7.75,0.83,419.10,19.40,28.90,0.00,0.02,0.02,0.00,0.00,1,13.91,4.86,39.19,1,-39,9,0,1,STAT,60,LAT,LON,W,CRC
02/22/26 16:21:54,20.51,313.43,20.76,8.19,-0.50,419.04,19.40,28.90,0.00,0.01,0.01,0.00,0.00,1,13.87,1.37,35.84,1,-37,10,0,0,STAT,60,LAT,LON,W,CRC
02/22/26 16:22:54,20.51,314.74,20.79,8.28,-1.76,419.01,19.40,28.90,0.00,0.00,0.00,0.00,0.00,1,13.84,0.39,34.05,1,-38,10,0,0,STAT,60,LAT,LON,W,CRC
02/22/26 16:23:54,20.51,315.60,20.01,8.71,-4.42,419.00,19.40,28.90,0.00,0.00,0.00,0.00,0.00,1,13.84,0.11,36.98,1,-38,10,0,0,STAT,60,LAT,LON,W,CRC
02/22/26 16:24:54,20.51,317.39,19.07,9.32,-2.03,419.08,19.40,28.90,0.00,0.00,0.03,0.00,0.00,1,13.80,0.03,33.56,1,-39,11,0,0,STAT,60,LAT,LON,W,CRC
02/22/26 16:25:55,20.51,314.74,21.31,8.47,-2.71,419.41,19.40,28.90,0.00,0.24,0.47,0.00,0.00,1,14.05,113.10,34.86,1,-38,9,0,0,STAT,60,LAT,LON,W,CRC
02/22/26 16:26:55,20.51,316.43,22.07,9.02,-1.22,419.21,19.40,28.90,0.00,0.08,0.21,0.00,0.00,1,13.95,31.94,35.38,1,-38,10,0,0,STAT,60,LAT,LON,W,CRC
02/22/26 16:27:55,20.51,319.97,20.97,7.93,-1.09,419.41,19.40,28.90,0.00,0.02,0.07,0.00,0.00,1,13.91,9.02,32.53,1,-39,9,0,0,STAT,60,LAT,LON,W,CRC
02/22/26 16:28:55,20.51,318.02,20.96,9.00,-0.65,419.79,19.50,28.90,0.00,0.01,0.02,0.00,0.00,1,13.87,2.55,32.28,1,-39,9,0,0,STAT,60,LAT,LON,W,CRC
02/22/26 16:29:55,20.51,327.63,20.91,8.62,-1.78,419.93,19.40,28.90,0.00,0.00,0.01,0.00,0.00,1,13.87,0.72,32.56,1,-42,9,0,0,STAT,60,LAT,LON,W,CRC
02/22/26 16:30:55,20.51,322.44,19.81,8.70,-2.74,419.97,19.40,28.90,0.00,0.00,0.00,0.00,0.00,1,13.84,0.20,38.74,1,-40,10,0,0,STAT,60,LAT,LON,W,CRC
02/22/26 16:31:55,20.51,322.67,19.35,8.28,-0.51,420.53,19.40,28.90,0.00,0.00,0.00,0.00,0.00,1,13.84,0.06,34.08,1,-40,11,0,0,STAT,60,LAT,LON,W,CRC
02/22/26 16:32:55,20.50,321.53,19.55,8.62,-1.61,420.73,19.40,28.90,0.00,0.00,0.00,0.00,0.00,1,14.16,262.96,33.03,1,-40,10,0,0,STAT,60,LAT,LON,W,CRC
02/22/26 16:33:55,20.51,327.08,19.52,7.90,-2.27,420.91,19.40,28.90,0.00,0.00,0.00,0.00,0.00,1,13.98,74.27,33.22,1,-42,10,0,0,STAT,60,LAT,LON,W,CRC
02/22/26 16:34:55,20.51,315.96,19.91,8.91,-3.00,420.89,19.40,28.90,0.00,0.00,0.00,0.00,0.00,1,13.95,20.98,35.01,1,-38,10,0,0,STAT,60,LAT,LON,W,CRC
02/22/26 16:35:57,20.51,317.46,19.55,9.47,-2.74,421.18,19.40,28.90,0.00,0.00,0.00,0.00,0.00,1,13.91,5.92,34.68,1,-39,9,0,0,STAT,60,LAT,LON,W,CRC
02/22/26 16:36:57,20.51,319.68,18.84,10.62,-4.56,420.74,19.40,28.90,0.00,0.05,0.05,0.00,0.00,1,13.87,1.67,34.25,1,-40,10,0,0,STAT,60,LAT,LON,W,CRC
02/22/26 16:37:57,20.51,308.54,19.60,9.55,-3.48,420.72,19.40,28.90,0.00,0.02,0.02,0.00,0.00,1,13.84,0.47,34.93,1,-35,10,0,0,STAT,60,LAT,LON,W,CRC
02/22/26 16:38:57,20.51,314.53,20.55,9.65,-3.18,421.66,19.40,28.90,0.00,0.01,0.01,0.00,0.00,1,13.84,0.13,34.02,1,-38,9,0,0,STAT,60,LAT,LON,W,CRC
02/22/26 16:39:57,20.51,321.84,19.51,8.62,-2.81,421.60,19.40,28.90,0.00,0.00,0.00,0.00,0.00,1,13.80,0.04,34.77,1,-40,11,0,0,STAT,60,LAT,LON,W,CRC
02/22/26 16:40:58,20.51,321.21,22.45,9.72,-4.09,421.24,19.40,28.90,0.00,0.00,0.00,0.00,0.00,1,14.02,108.46,36.77,1,-40,8,0,0,STAT,60,LAT,LON,W,CRC
02/22/26 16:41:58,20.51,323.25,20.94,9.33,-1.41,421.31,19.40,28.90,0.00,0.00,0.00,0.00,0.00,1,13.95,30.63,33.43,1,-40,10,0,0,STAT,60,LAT,LON,W,CRC
02/22/26 16:42:58,20.51,321.35,22.68,9.98,-3.11,420.96,19.40,28.90,0.00,0.00,0.00,0.00,0.00,1,13.91,8.65,33.88,1,-40,9,0,0,STAT,60,LAT,LON,W,CRC
02/22/26 16:43:54,20.51,324.28,21.62,9.43,-3.04,420.89,19.40,28.90,0.00,0.00,0.00,0.00,0.00,1,13.87,2.71,36.95,1,-41,10,0,0,STAT,60,LAT,LON,W,CRC
02/22/26 16:44:54,20.51,318.12,20.76,8.99,-2.33,420.96,19.40,28.90,0.00,0.00,0.00,0.00,0.00,1,13.87,0.77,34.33,1,-39,10,0,0,STAT,60,LAT,LON,W,CRC
02/22/26 16:45:54,20.51,319.72,20.74,9.50,-2.48,420.34,19.40,29.00,0.00,0.00,0.00,0.00,0.00,1,13.84,0.22,33.38,1,-39,10,0,0,STAT,60,LAT,LON,W,CRC
02/22/26 16:46:54,20.50,318.55,20.22,9.76,-2.53,420.77,19.40,28.90,0.00,0.00,0.00,0.00,0.00,1,14.05,120.51,35.16,1,-38,10,0,0,STAT,60,LAT,LON,W,CRC
02/22/26 16:47:54,20.51,317.28,20.75,8.50,-1.89,420.46,19.40,28.90,0.00,0.00,0.00,0.00,0.00,1,13.98,34.03,31.37,1,-38,9,0,0,STAT,60,LAT,LON,W,CRC
02/22/26 16:48:54,20.51,319.18,20.94,9.31,-4.08,420.32,19.40,28.90,0.00,0.00,0.00,0.00,0.00,1,13.91,9.61,32.65,1,-38,10,0,0,STAT,60,LAT,LON,W,CRC
02/22/26 16:49:55,20.51,325.75,19.98,8.97,-1.00,420.76,19.50,28.90,0.00,0.00,0.00,0.00,0.00,1,13.91,2.71,32.73,1,-40,10,0,0,STAT,60,LAT,LON,W,CRC
02/22/26 16:50:55,20.50,321.59,18.93,9.40,-2.99,420.56,19.40,28.90,0.00,0.00,0.00,0.00,0.00,1,13.87,0.77,34.39,1,-39,11,0,0,STAT,60,LAT,LON,W,CRC
02/22/26 16:51:55,20.50,331.18,20.90,9.13,-1.92,420.20,19.40,29.00,0.00,0.00,0.00,0.00,0.00,1,13.84,0.22,41.20,1,-42,9,0,0,STAT,60,LAT,LON,W,CRC
02/22/26 16:52:55,20.50,319.38,20.88,8.02,-2.09,420.07,19.40,29.00,0.00,0.00,0.00,0.00,0.00,1,13.84,0.06,38.12,1,-38,9,0,0,STAT,60,LAT,LON,W,CRC
02/22/26 16:53:55,20.50,328.10,22.08,7.82,-3.39,420.02,19.40,29.00,0.00,0.00,0.00,0.00,0.00,1,14.05,120.66,34.73,1,-41,8,0,0,STAT,60,LAT,LON,W,CRC
02/22/26 16:54:55,20.50,326.68,22.04,8.87,-2.48,419.68,19.40,28.90,0.00,0.00,0.00,0.00,0.00,1,14.02,100.93,32.78,1,-41,8,0,0,STAT,60,LAT,LON,W,CRC
02/22/26 16:55:56,20.51,321.34,21.03,8.99,-4.60,419.89,19.40,28.90,0.00,0.00,0.00,0.00,0.00,1,13.95,28.51,35.19,1,-39,9,0,0,STAT,60,LAT,LON,W,CRC
02/22/26 16:56:57,20.50,323.71,21.30,9.41,-2.03,419.96,19.40,29.00,0.00,0.00,0.00,0.00,0.00,1,13.91,8.05,35.46,1,-40,8,0,0,STAT,60,LAT,LON,W,CRC
02/22/26 16:57:57,20.50,320.72,22.79,8.79,-0.80,420.04,19.40,28.90,0.00,0.00,0.00,0.00,0.00,1,13.87,2.27,34.44,1,-40,8,0,0,STAT,60,LAT,LON,W,CRC
02/22/26 16:58:57,20.51,317.10,21.24,9.66,-2.09,420.21,19.40,29.00,0.00,0.00,0.00,0.00,0.00,1,13.87,0.64,32.83,1,-38,9,0,0,STAT,60,LAT,LON,W,CRC
02/22/26 16:59:57,20.50,325.51,20.12,8.53,-0.69,420.14,19.40,29.00,0.00,0.00,0.00,0.00,0.00,1,13.84,0.18,33.67,1,-40,10,0,1,STAT,60,LAT,LON,W,CRC
02/22/26 17:00:57,20.51,327.25,20.63,7.62,-2.19,419.84,19.40,28.90,0.00,0.00,0.00,0.00,0.00,1,13.84,0.05,33.77,1,-40,9,0,0,STAT,60,LAT,LON,W,CRC
02/22/26 17:02:00,20.50,324.49,21.09,8.50,-3.82,419.94,19.40,28.90,0.00,0.00,0.00,0.00,0.00,1,14.09,180.86,32.44,1,-40,8,0,0,STAT,60,LAT,LON,W,CRC
02/22/26 17:03:00,20.50,318.12,20.95,9.16,-2.60,420.56,19.40,28.90,0.00,0.00,0.00,0.00,0.00,1,13.98,51.08,33.07,1,-38,8,0,0,STAT,60,LAT,LON,W,CRC
02/22/26 17:03:55,20.50,321.27,20.71,9.13,-3.32,420.83,19.40,28.90,0.00,0.00,0.00,0.00,0.00,1,13.95,16.03,34.52,1,-39,9,0,0,STAT,60,LAT,LON,W,CRC
02/22/26 17:04:55,20.51,317.43,18.63,9.68,-2.04,420.94,19.40,28.90,0.00,0.00,0.00,0.00,0.00,1,13.91,4.53,32.87,1,-38,10,0,0,STAT,60,LAT,LON,W,CRC
02/22/26 17:05:55,20.51,319.44,19.90,9.16,-1.73,420.73,19.40,29.00,0.00,0.00,0.00,0.00,0.00,1,13.87,1.28,32.81,1,-39,9,0,0,STAT,60,LAT,LON,W,CRC
02/22/26 17:06:57,20.51,316.07,19.19,8.82,-3.87,420.87,19.40,28.90,0.00,0.00,0.00,0.00,0.00,1,13.84,0.36,35.76,1,-38,11,0,0,STAT,60,LAT,LON,W,CRC
02/22/26 17:07:57,20.51,318.82,19.84,9.72,-3.53,420.41,19.40,28.90,0.00,0.00,0.00,0.00,0.00,1,13.84,0.10,33.93,1,-39,10,0,0,STAT,60,LAT,LON,W,CRC
02/22/26 17:08:57,20.50,318.74,20.16,9.13,-0.91,419.39,19.40,29.00,0.00,0.00,0.00,0.00,0.00,1,14.09,110.67,34.47,1,-38,10,0,1,STAT,60,LAT,LON,W,CRC
02/22/26 17:09:57,20.50,321.37,21.20,9.74,-1.85,419.06,19.40,28.90,0.00,0.00,0.20,0.00,0.00,1,14.02,93.95,32.53,1,-39,10,0,0,STAT,60,LAT,LON,W,CRC
02/22/26 17:10:57,20.50,322.56,20.23,8.72,-1.51,419.37,19.50,28.90,0.00,0.00,0.06,0.00,0.00,1,13.95,26.53,32.22,1,-39,10,0,0,STAT,60,LAT,LON,W,CRC
02/22/26 17:11:57,20.50,321.02,18.93,9.82,-3.11,420.09,19.40,29.00,0.00,0.00,0.02,0.00,0.00,1,13.91,7.49,32.50,1,-38,11,0,0,STAT,60,LAT,LON,W,CRC
02/22/26 17:12:59,20.50,325.29,19.74,9.31,-3.03,420.20,19.40,29.00,0.00,0.02,0.03,0.00,0.00,1,13.87,2.12,34.27,1,-40,10,0,0,STAT,60,LAT,LON,W,CRC
02/22/26 17:13:59,20.50,325.38,19.94,9.40,-2.61,420.15,19.40,29.00,0.00,0.01,0.01,0.00,0.00,1,13.87,0.60,34.91,1,-39,9,0,0,STAT,60,LAT,LON,W,CRC
02/22/26 17:14:59,20.50,319.36,21.34,8.77,-1.33,420.51,19.40,28.90,0.00,0.00,0.00,0.00,0.00,1,13.84,0.17,33.41,1,-39,9,0,0,STAT,60,LAT,LON,W,CRC
02/22/26 17:15:59,20.50,326.80,21.23,8.92,-3.12,420.21,19.40,29.00,0.00,0.00,0.00,0.00,0.00,1,13.84,0.05,32.62,1,-41,8,0,0,STAT,60,LAT,LON,W,CRC
02/22/26 17:16:59,20.50,320.26,21.92,8.99,-3.04,420.07,19.40,29.00,0.00,0.00,0.00,0.00,0.00,1,14.09,208.53,32.85,1,-38,7,0,0,STAT,60,LAT,LON,W,CRC
02/22/26 17:18:00,20.50,323.82,22.13,8.94,-3.10,419.62,19.40,28.90,0.00,0.00,0.00,0.00,0.00,1,13.98,58.90,37.31,1,-39,9,0,0,STAT,60,LAT,LON,W,CRC
02/22/26 17:19:00,20.50,328.55,23.14,10.34,-4.21,419.71,19.40,29.00,0.00,0.00,0.00,0.00,0.00,1,13.91,16.63,34.01,1,-41,7,0,0,STAT,60,LAT,LON,W,CRC
02/22/26 17:20:00,20.50,324.68,22.51,8.58,-3.01,419.97,19.40,28.90,0.00,0.00,0.00,0.00,0.00,1,13.91,4.70,32.53,1,-40,8,0,0,STAT,60,LAT,LON,W,CRC
02/22/26 17:21:00,20.50,323.16,22.69,8.84,-4.04,419.99,19.40,29.00,0.00,0.05,0.17,0.00,0.00,1,13.87,1.33,34.02,1,-39,8,0,0,STAT,60,LAT,LON,W,CRC
02/22/26 17:22:00,20.50,317.12,21.97,8.76,-3.47,420.50,19.40,29.00,0.00,0.07,0.15,0.00,0.00,1,13.84,0.37,35.91,1,-38,9,0,0,STAT,60,LAT,LON,W,CRC
02/22/26 17:23:00,20.49,318.44,19.99,9.21,-2.96,420.63,19.40,28.90,0.00,0.02,0.05,0.00,0.00,1,14.09,186.99,37.24,1,-38,10,0,0,STAT,60,LAT,LON,W,CRC
02/22/26 17:24:01,20.49,319.88,19.35,8.95,-1.43,421.10,19.40,29.00,0.00,0.01,0.02,0.00,0.00,1,13.98,52.81,34.63,1,-38,10,0,0,STAT,60,LAT,LON,W,CRC
02/22/26 17:25:01,20.49,326.66,20.22,8.04,-2.41,421.68,19.40,28.90,0.00,0.00,0.00,0.00,0.00,1,13.95,14.92,34.61,1,-40,10,0,0,STAT,60,LAT,LON,W,CRC
02/22/26 17:26:01,20.49,328.35,20.94,8.67,-1.73,422.05,19.40,29.00,0.00,0.00,0.00,0.00,0.00,1,13.91,4.21,32.71,1,-41,9,0,0,STAT,60,LAT,LON,W,CRC
02/22/26 17:27:01,20.49,330.69,19.26,8.11,-1.68,422.33,19.40,29.00,0.00,0.02,0.02,0.00,0.00,1,13.87,1.19,32.15,1,-42,10,0,0,STAT,60,LAT,LON,W,CRC
02/22/26 17:27:58,20.50,331.55,20.88,8.58,-1.61,421.43,19.40,29.00,0.00,0.01,0.01,0.00,0.00,1,13.87,0.37,43.62,1,-42,9,0,0,STAT,60,LAT,LON,W,CRC
02/22/26 17:28:58,20.50,323.85,20.67,8.25,-1.87,421.11,19.40,29.00,0.00,0.00,0.00,0.00,0.00,1,13.84,0.11,35.98,1,-39,9,0,0,STAT,60,LAT,LON,W,CRC
02/22/26 17:29:58,20.50,323.77,19.63,8.13,-1.74,420.91,19.40,29.00,0.00,0.00,0.00,0.00,0.00,1,13.84,0.03,34.59,1,-39,9,0,0,STAT,60,LAT,LON,W,CRC
02/22/26 17:30:58,20.49,320.97,20.66,8.54,-1.04,420.89,19.40,29.00,0.00,0.00,0.00,0.00,0.00,1,14.09,224.96,31.54,1,-38,9,0,0,STAT,60,LAT,LON,W,CRC
02/22/26 17:31:58,20.50,325.77,18.64,8.64,-1.32,420.47,19.40,29.00,0.00,0.00,0.00,0.00,0.00,1,13.98,63.54,31.51,1,-40,10,0,0,STAT,60,LAT,LON,W,CRC
02/22/26 17:32:59,20.50,322.08,20.09,8.37,-1.82,421.40,19.40,29.00,0.00,0.01,0.01,0.00,0.00,1,13.91,17.94,34.37,1,-39,10,0,0,STAT,60,LAT,LON,W,CRC
02/22/26 17:34:00,20.50,324.92,20.31,9.41,-2.32,421.69,19.40,29.00,0.00,0.00,0.00,0.00,0.00,1,13.91,5.07,33.58,1,-40,9,0,0,STAT,60,LAT,LON,W,CRC
02/22/26 17:35:00,20.50,319.12,20.89,9.03,-4.52,421.83,19.40,28.90,0.00,0.00,0.00,0.00,0.00,1,13.87,1.43,34.89,1,-38,9,0,0,STAT,60,LAT,LON,W,CRC
02/22/26 17:36:00,20.49,329.32,19.91,8.85,-1.79,421.96,19.40,29.00,0.00,0.00,0.00,0.00,0.00,1,13.84,0.40,34.57,1,-41,10,0,0,STAT,60,LAT,LON,W,CRC
02/22/26 17:37:00,20.49,332.97,21.95,8.76,-3.10,422.71,19.40,29.00,0.00,0.00,0.00,0.00,0.00,1,13.84,0.11,32.49,1,-41,9,0,0,STAT,60,LAT,LON,W,CRC
02/22/26 17:38:00,20.49,320.80,22.50,9.72,-3.15,422.44,19.40,29.00,0.00,0.00,0.00,0.00,0.00,1,14.12,171.32,32.57,1,-38,8,0,0,STAT,60,LAT,LON,W,CRC
02/22/26 17:39:02,20.49,318.40,20.89,9.67,-3.08,422.49,19.40,29.00,0.00,0.00,0.00,0.00,0.00,1,14.02,83.99,33.48,1,-37,9,0,0,STAT,60,LAT,LON,W,CRC
02/22/26 17:40:02,20.49,322.36,21.76,8.50,-2.15,422.38,19.40,29.00,0.00,0.00,0.00,0.00,0.00,1,13.95,23.72,33.12,1,-39,9,0,0,STAT,60,LAT,LON,W,CRC
02/22/26 17:41:02,20.49,324.66,20.17,9.36,-4.14,420.92,19.40,29.00,0.00,0.00,0.00,0.00,0.00,1,13.91,6.70,34.77,1,-40,9,0,0,STAT,60,LAT,LON,W,CRC
02/22/26 17:42:02,20.49,327.82,22.44,8.45,-1.92,420.73,19.40,29.00,0.00,0.00,0.00,0.00,0.00,1,13.87,1.89,35.24,1,-41,7,0,0,STAT,60,LAT,LON,W,CRC
02/22/26 17:43:02,20.49,321.06,20.90,8.60,-0.89,420.91,19.40,29.00,0.00,0.00,0.00,0.00,0.00,1,13.87,0.53,33.33,1,-39,9,0,0,STAT,60,LAT,LON,W,CRC
02/22/26 17:44:03,20.49,329.76,21.47,8.56,-2.73,420.74,19.40,29.10,0.00,0.00,0.00,0.00,0.00,1,13.84,0.15,36.98,1,-41,8,0,0,STAT,60,LAT,LON,W,CRC
02/22/26 17:45:03,20.49,322.03,20.42,9.68,-2.25,420.88,19.40,29.00,0.00,0.00,0.00,0.00,0.00,1,13.84,0.04,35.10,1,-39,9,0,0,STAT,60,LAT,LON,W,CRC
02/22/26 17:46:04,20.48,328.12,21.07,8.37,-1.96,420.96,19.40,29.10,0.00,0.00,0.00,0.00,0.00,1,14.05,158.30,35.72,1,-41,8,0,0,STAT,60,LAT,LON,W,CRC
02/22/26 17:47:04,20.48,325.46,20.40,8.44,-0.76,420.54,19.40,29.00,0.00,0.00,0.00,0.00,0.00,1,13.98,44.71,35.60,1,-40,9,0,0,STAT,60,LAT,LON,W,CRC
02/22/26 17:48:04,20.48,320.55,20.60,8.71,-2.80,420.72,19.40,29.00,0.00,0.00,0.00,0.00,0.00,1,13.91,12.63,31.98,1,-38,9,0,0,STAT,60,LAT,LON,W,CRC
02/22/26 17:48:59,20.48,327.26,21.29,8.14,-2.97,420.28,19.40,29.00,0.00,0.00,0.00,0.00,0.00,1,13.87,3.96,39.18,1,-40,9,0,0,STAT,60,LAT,LON,W,CRC
02/22/26 17:50:00,20.48,325.58,22.74,7.79,-0.35,420.10,19.40,29.00,0.00,0.00,0.00,0.00,0.00,1,13.87,1.12,32.99,1,-40,8,0,0,STAT,60,LAT,LON,W,CRC
02/22/26 17:51:00,20.48,325.58,20.18,8.57,-1.60,420.03,19.40,29.10,0.00,0.00,0.00,0.00,0.00,1,13.84,0.32,33.19,1,-41,8,0,0,STAT,60,LAT,LON,W,CRC
02/22/26 17:52:00,20.48,317.68,19.49,7.93,-1.56,420.10,19.40,29.10,0.00,0.00,0.00,0.00,0.00,1,13.84,0.09,33.83,1,-37,10,-1,0,STAT,60,LAT,LON,W,CRC
02/22/26 17:53:00,20.48,322.24,18.77,9.31,-1.58,420.90,19.40,29.10,0.00,0.00,0.00,0.00,0.00,1,14.05,139.38,32.66,1,-38,10,0,0,STAT,60,LAT,LON,W,CRC
02/22/26 17:54:01,20.48,323.79,24.01,8.00,-3.33,421.34,19.40,29.20,0.00,0.00,0.00,0.00,0.00,1,14.02,122.72,35.26,1,-39,7,0,0,STAT,60,LAT,LON,W,CRC
02/22/26 17:55:01,20.48,325.62,18.60,8.57,-1.57,422.00,19.40,29.20,0.00,0.00,0.00,0.00,0.00,1,13.95,34.66,36.48,1,-41,10,0,0,STAT,60,LAT,LON,W,CRC
02/22/26 17:56:01,20.48,326.78,20.33,8.23,0.55,423.19,19.40,29.20,0.00,0.00,0.00,0.00,0.00,1,13.91,9.79,35.65,1,-41,9,0,0,STAT,60,LAT,LON,W,CRC
02/22/26 17:57:01,20.48,334.95,18.76,8.37,0.41,423.87,19.40,29.10,0.00,0.00,0.00,0.00,0.00,1,13.87,2.76,35.33,1,-43,10,0,1,STAT,60,LAT,LON,W,CRC
02/22/26 17:58:01,20.48,329.05,21.20,8.77,-0.84,424.96,19.40,29.10,0.00,0.00,0.21,0.00,0.00,1,13.87,0.78,33.60,1,-41,9,0,0,STAT,60,LAT,LON,W,CRC
02/22/26 17:59:01,20.48,328.70,21.50,8.30,-0.63,425.82,19.40,29.10,0.00,0.00,0.06,0.00,0.00,1,14.09,127.64,39.11,1,-40,9,0,0,STAT,60,LAT,LON,W,CRC
02/22/26 18:00:01,20.48,326.68,21.06,7.85,-1.93,426.59,19.40,29.10,0.00,0.00,0.02,0.00,0.00,1,14.02,100.66,38.55,1,-40,9,-1,0,STAT,60,LAT,LON,W,CRC
02/22/26 18:01:01,20.48,325.45,18.78,9.80,-4.30,426.85,19.40,29.20,0.00,0.00,0.01,0.00,0.00,1,13.95,28.43,33.87,1,-40,11,0,0,STAT,60,LAT,LON,W,CRC
02/22/26 18:02:01,20.48,327.18,19.99,9.48,-2.90,426.33,19.40,29.10,0.00,0.00,0.13,0.00,0.00,1,13.91,8.03,34.97,1,-40,10,0,0,STAT,60,LAT,LON,W,CRC
02/22/26 18:03:01,20.47,333.13,22.48,7.73,-0.25,426.12,19.40,29.10,0.00,0.00,0.04,0.00,0.00,1,13.91,2.27,35.58,1,-41,8,-1,0,STAT,60,LAT,LON,W,CRC
02/22/26 18:04:01,20.47,325.49,20.82,8.45,-2.64,426.54,19.40,29.20,0.00,0.00,0.01,0.00,0.00,1,13.87,0.64,31.92,1,-40,10,0,0,STAT,60,LAT,LON,W,CRC
02/22/26 18:05:03,20.46,323.26,20.37,8.74,-1.99,426.84,19.40,29.10,0.00,0.00,0.00,0.00,0.00,1,13.84,0.18,36.92,1,-38,10,0,0,STAT,60,LAT,LON,W,CRC
02/22/26 18:06:03,20.46,330.65,19.91,8.80,-3.42,426.80,19.40,29.20,0.00,0.00,0.00,0.00,0.00,1,13.84,0.05,37.37,1,-41,9,0,0,STAT,60,LAT,LON,W,CRC
02/22/26 18:07:03,20.46,323.55,21.60,8.59,-2.26,425.39,19.40,29.10,0.00,0.00,0.00,0.00,0.00,1,14.12,228.51,34.07,1,-39,9,0,0,STAT,60,LAT,LON,W,CRC
02/22/26 18:08:04,20.45,325.31,19.70,8.77,-1.95,422.72,19.40,29.10,0.00,0.03,0.03,0.00,0.00,1,14.02,95.02,33.12,1,-40,10,0,0,STAT,60,LAT,LON,W,CRC
02/22/26 18:09:04,20.44,320.12,20.49,9.39,-1.91,422.11,19.40,29.20,0.00,0.01,0.01,0.00,0.00,1,13.95,26.84,36.77,1,-38,9,0,0,STAT,60,LAT,LON,W,CRC
02/22/26 18:10:03,20.44,320.57,20.24,8.84,-1.35,422.69,19.40,29.10,0.00,0.00,0.00,0.00,0.00,1,13.91,7.58,33.26,1,-38,10,-1,0,STAT,60,LAT,LON,W,CRC
02/22/26 18:11:03,20.44,323.13,20.52,9.43,-1.15,423.77,19.40,29.20,0.00,0.00,0.00,0.00,0.00,1,13.87,2.14,33.18,1,-39,9,0,0,STAT,60,LAT,LON,W,CRC
02/22/26 18:12:04,20.43,326.13,21.48,9.89,-1.65,423.92,19.40,29.10,0.00,0.00,0.00,0.00,0.00,1,13.87,0.60,33.94,1,-39,9,0,0,STAT,60,LAT,LON,W,CRC
02/22/26 18:13:04,20.43,333.59,21.81,8.85,-1.41,423.97,19.40,29.20,0.00,0.00,0.00,0.00,0.00,1,13.84,0.17,33.52,1,-42,8,0,0,STAT,60,LAT,LON,W,CRC
02/22/26 18:14:04,20.43,325.67,21.61,8.63,-1.19,423.46,19.40,29.20,0.00,0.00,0.03,0.00,0.00,1,13.84,0.05,32.20,1,-39,8,0,0,STAT,60,LAT,LON,W,CRC
02/22/26 18:15:05,20.43,324.72,21.64,8.75,-1.85,424.24,19.40,29.20,0.00,0.00,0.31,0.00,0.00,1,14.09,153.05,38.38,1,-39,8,0,0,STAT,60,LAT,LON,W,CRC
02/22/26 18:16:06,20.42,321.35,21.60,8.26,-1.55,424.84,19.40,29.20,0.00,0.00,0.10,0.00,0.00,1,13.98,43.22,34.59,1,-38,9,0,0,STAT,60,LAT,LON,W,CRC
02/22/26 18:17:06,20.41,327.59,20.96,8.08,0.09,423.65,19.40,29.20,0.00,0.00,0.03,0.00,0.00,1,13.91,12.21,32.32,1,-40,9,0,0,STAT,60,LAT,LON,W,CRC
02/22/26 18:18:06,20.41,325.22,22.30,7.45,0.20,423.02,19.40,29.20,0.00,0.00,0.01,0.00,0.00,1,13.91,3.45,32.89,1,-39,8,0,0,STAT,60,LAT,LON,W,CRC
02/22/26 18:19:06,20.41,324.04,20.13,7.33,-2.65,423.17,19.40,29.20,0.00,0.00,0.00,0.00,0.00,1,13.87,0.97,34.25,1,-39,9,0,0,STAT,60,LAT,LON,W,CRC
02/22/26 18:20:06,20.41,326.87,23.05,8.90,-1.63,423.06,19.40,29.20,0.00,0.00,0.00,0.00,0.00,1,13.84,0.28,34.80,1,-39,8,0,0,STAT,60,LAT,LON,W,CRC
02/22/26 18:21:06,20.41,323.16,21.36,8.48,-1.07,423.02,19.40,29.20,0.00,0.00,0.00,0.00,0.00,1,13.84,0.08,33.98,1,-39,8,-1,0,STAT,60,LAT,LON,W,CRC
02/22/26 18:22:06,20.41,317.10,19.58,9.41,-4.15,423.01,19.40,29.20,0.00,0.00,0.00,0.00,0.00,1,14.12,244.18,33.82,1,-37,11,0,0,STAT,60,LAT,LON,W,CRC
02/22/26 18:23:06,20.41,326.26,19.86,9.31,-2.11,423.00,19.40,29.20,0.00,0.00,0.00,0.00,0.00,1,14.02,100.06,35.51,1,-40,10,0,0,STAT,60,LAT,LON,W,CRC
02/22/26 18:24:07,20.41,332.23,21.56,9.03,-2.93,423.45,19.40,29.30,0.00,0.00,0.00,0.00,0.00,1,13.95,28.26,31.66,1,-42,9,0,0,STAT,60,LAT,LON,W,CRC
02/22/26 18:25:06,20.41,327.96,19.93,10.16,-2.63,423.16,19.40,29.30,0.00,0.08,0.19,0.00,0.00,1,13.91,7.98,34.29,1,-40,9,0,0,STAT,60,LAT,LON,W,CRC
02/22/26 18:26:06,20.41,328.58,21.08,9.92,-2.94,423.55,19.40,29.30,0.00,0.02,0.08,0.00,0.00,1,13.87,2.25,35.40,1,-41,8,0,0,STAT,60,LAT,LON,W,CRC
02/22/26 18:27:06,20.41,328.57,22.40,9.13,-0.41,424.24,19.40,29.30,0.00,0.01,0.03,0.00,0.00,1,13.87,0.64,31.59,1,-41,8,0,1,STAT,60,LAT,LON,W,CRC
02/22/26 18:28:06,20.41,327.49,21.49,9.00,-2.75,424.59,19.40,29.30,0.00,0.00,0.01,0.00,0.00,1,13.84,0.18,31.48,1,-41,9,0,0,STAT,60,LAT,LON,W,CRC
02/22/26 18:29:07,20.41,326.47,19.95,8.50,-2.12,424.85,19.40,29.30,0.00,0.00,0.00,0.00,0.00,1,13.84,0.05,33.43,1,-40,9,0,0,STAT,60,LAT,LON,W,CRC
02/22/26 18:30:07,20.41,317.99,21.95,9.26,-3.25,424.95,19.40,29.30,0.00,0.00,0.00,0.00,0.00,1,14.05,146.18,36.96,1,-38,7,0,0,STAT,60,LAT,LON,W,CRC
02/22/26 18:31:08,20.41,320.92,21.93,9.58,-1.98,424.67,19.40,29.30,0.00,0.00,0.00,0.00,0.00,1,13.95,41.29,33.01,1,-39,8,0,0,STAT,60,LAT,LON,W,CRC
02/22/26 18:32:08,20.41,314.78,22.17,8.94,-1.33,424.27,19.40,29.30,0.00,0.00,0.00,0.00,0.00,1,13.91,11.66,33.70,1,-37,9,0,0,STAT,60,LAT,LON,W,CRC
02/22/26 18:33:08,20.41,320.01,21.82,7.92,-1.04,424.10,19.40,29.30,0.00,0.04,0.04,0.00,0.00,1,13.87,3.29,36.16,1,-38,9,-1,0,STAT,60,LAT,LON,W,CRC
02/22/26 18:34:03,20.41,326.25,20.90,9.08,-2.40,423.86,19.40,29.30,0.00,0.01,0.01,0.00,0.00,1,13.87,1.03,32.32,1,-41,10,0,0,STAT,60,LAT,LON,W,CRC
02/22/26 18:35:03,20.41,328.63,21.14,7.90,-1.96,423.95,19.40,29.30,0.00,0.01,0.01,0.00,0.00,1,13.84,0.29,32.40,1,-41,9,0,0,STAT,60,LAT,LON,W,CRC
02/22/26 18:36:03,20.41,327.70,21.86,8.45,-1.79,423.98,19.30,29.30,0.00,0.00,0.00,0.00,0.00,1,13.84,0.08,36.17,1,-41,8,0,0,STAT,60,LAT,LON,W,CRC
02/22/26 18:37:08,20.41,321.14,21.74,8.71,-2.47,423.99,19.40,29.30,0.00,0.00,0.00,0.00,0.00,1,14.16,210.52,35.51,1,-38,9,0,0,STAT,60,LAT,LON,W,CRC
02/22/26 18:38:03,20.41,325.67,21.88,9.00,-3.26,424.00,19.40,29.40,0.00,0.00,0.11,0.00,0.00,1,13.98,66.06,32.39,1,-40,8,0,0,STAT,60,LAT,LON,W,CRC
02/22/26 18:39:03,20.41,324.68,21.62,9.67,-3.41,424.16,19.40,29.30,0.00,0.00,0.04,0.00,0.00,1,13.95,18.66,32.16,1,-40,9,0,0,STAT,60,LAT,LON,W,CRC
02/22/26 18:40:03,20.41,329.37,20.41,9.07,-1.11,424.06,19.40,29.40,0.00,0.00,0.01,0.00,0.00,1,13.91,5.27,34.95,1,-42,10,0,0,STAT,60,LAT,LON,W,CRC
02/22/26 18:41:04,20.41,321.16,21.07,9.83,-1.59,424.02,19.40,29.40,0.00,0.00,0.00,0.00,0.00,1,13.87,1.49,37.32,1,-40,10,0,0,STAT,60,LAT,LON,W,CRC
02/22/26 18:42:05,20.41,324.32,20.64,9.17,-1.89,424.01,19.40,29.50,0.00,0.00,0.00,0.00,0.00,1,13.87,0.42,33.67,1,-40,10,0,0,STAT,60,LAT,LON,W,CRC
02/22/26 18:43:05,20.41,320.89,20.12,8.48,-2.05,423.78,19.30,29.50,0.00,0.00,0.00,0.00,0.00,1,13.84,0.12,35.42,1,-39,9,0,0,STAT,60,LAT,LON,W,CRC
02/22/26 18:44:05,20.41,325.68,21.98,9.51,-2.15,423.89,19.40,29.60,0.00,0.00,0.00,0.00,0.00,1,13.80,0.03,34.69,1,-40,8,0,0,STAT,60,LAT,LON,W,CRC
02/22/26 18:45:05,20.41,324.26,20.27,9.90,-1.45,424.02,19.40,29.70,0.00,0.00,0.00,0.00,0.00,1,14.05,174.50,32.75,1,-40,9,0,0,STAT,60,LAT,LON,W,CRC
02/22/26 18:46:05,20.41,321.12,20.47,9.67,-1.21,424.01,19.40,29.80,0.00,0.00,0.06,0.00,0.00,1,13.95,49.29,37.32,1,-40,10,0,0,STAT,60,LAT,LON,W,CRC
02/22/26 18:47:05,20.41,324.44,21.02,9.96,0.55,424.00,19.40,29.90,0.00,0.00,0.06,0.00,0.00,1,13.91,13.92,36.29,1,-41,9,0,0,STAT,60,LAT,LON,W,CRC
02/22/26 18:48:05,20.41,331.11,21.13,10.19,-0.30,424.35,19.50,29.90,0.00,0.00,0.02,0.00,0.00,1,13.87,3.93,33.65,1,-42,9,0,0,STAT,60,LAT,LON,W,CRC
02/22/26 18:49:05,20.41,337.09,20.08,10.18,-0.24,424.77,19.50,30.00,0.00,0.14,0.14,0.00,0.00,1,13.87,1.11,32.23,1,-43,11,0,0,STAT,60,LAT,LON,W,CRC
02/22/26 18:50:06,20.42,336.13,18.57,9.40,0.59,424.54,19.60,30.00,0.00,0.05,0.18,0.00,0.00,1,13.84,0.31,33.22,1,-42,11,-1,0,STAT,60,LAT,LON,W,CRC
02/22/26 18:51:05,20.46,332.65,18.76,10.82,0.50,424.03,19.60,30.10,0.00,0.05,0.13,0.00,0.00,1,14.05,112.99,41.75,1,-39,10,0,0,STAT,60,LAT,LON,W,CRC
02/22/26 18:52:05,20.47,340.41,19.88,9.98,2.26,423.11,19.70,30.10,0.00,0.02,0.04,0.00,0.00,1,14.02,93.18,33.88,1,-41,11,0,0,STAT,60,LAT,LON,W,CRC
02/22/26 18:53:05,20.50,346.10,20.29,10.93,0.67,423.50,19.70,30.10,0.00,0.01,0.01,0.00,0.00,1,13.95,26.32,33.49,1,-42,11,0,0,STAT,60,LAT,LON,W,CRC
02/22/26 18:54:05,20.50,353.05,20.10,10.03,1.57,424.39,19.80,30.10,0.00,0.00,0.00,0.00,0.00,1,13.91,7.43,34.69,1,-41,11,0,0,STAT,60,LAT,LON,W,CRC
02/22/26 18:55:05,20.51,360.15,18.91,10.58,0.95,424.83,19.80,30.20,0.00,0.00,0.00,0.00,0.00,1,13.87,2.10,33.80,1,-41,12,-1,0,STAT,60,LAT,LON,W,CRC
02/22/26 18:56:05,20.54,367.77,16.79,10.80,0.93,425.43,19.90,30.10,0.00,0.00,0.00,0.00,0.00,1,13.87,0.59,31.39,1,-43,14,-1,0,STAT,60,LAT,LON,W,CRC
02/22/26 18:57:07,20.57,367.49,19.83,11.14,0.31,425.56,20.00,30.20,0.00,0.00,0.00,0.00,0.00,1,13.84,0.17,35.19,1,-43,11,-1,-1,STAT,60,LAT,LON,W,CRC
02/22/26 18:58:07,20.59,372.31,19.99,10.90,2.74,426.14,20.00,30.20,0.00,0.00,0.00,0.00,0.00,1,13.84,0.05,35.50,1,-43,11,-1,0,STAT,60,LAT,LON,W,CRC
02/22/26 18:59:07,20.61,365.11,20.75,11.73,2.43,426.97,20.10,30.20,0.00,0.00,0.00,0.00,0.00,1,14.12,208.11,31.57,1,-42,12,0,0,STAT,60,LAT,LON,W,CRC
02/22/26 19:00:07,20.66,376.41,18.75,11.68,1.19,426.99,20.20,30.10,0.00,0.00,0.00,0.00,0.00,1,13.98,58.78,32.92,1,-43,13,-1,0,STAT,60,LAT,LON,W,CRC
02/22/26 19:01:07,20.69,384.36,19.60,11.11,0.45,427.00,20.30,30.20,0.00,0.00,0.00,0.00,0.00,1,13.95,16.60,34.18,1,-44,13,-1,-1,STAT,60,LAT,LON,W,CRC
02/22/26 19:02:08,20.70,375.31,21.89,11.59,2.65,427.00,20.30,30.10,0.00,0.00,0.00,0.00,0.00,1,13.91,4.69,34.71,1,-41,12,-1,0,STAT,60,LAT,LON,W,CRC
02/22/26 19:03:08,20.76,379.38,19.95,11.58,2.16,427.00,20.40,30.00,0.00,0.00,0.00,0.00,0.00,1,13.87,1.32,36.14,1,-41,13,-1,0,STAT,60,LAT,LON,W,CRC
02/22/26 19:04:09,20.79,385.80,19.91,11.73,1.79,427.00,20.50,30.00,0.00,0.00,0.00,0.00,0.00,1,13.84,0.37,34.96,1,-42,14,-1,0,STAT,60,LAT,LON,W,CRC
02/22/26 19:05:09,20.82,386.01,19.53,11.84,2.23,427.00,20.50,30.00,0.00,0.00,0.00,0.00,0.00,1,13.84,0.11,33.15,1,-41,15,-1,0,STAT,60,LAT,LON,W,CRC
02/22/26 19:06:09,20.87,382.41,19.14,12.83,1.76,427.00,20.60,29.90,0.00,0.00,0.00,0.00,0.00,1,14.05,119.38,32.42,1,-41,15,-1,0,STAT,60,LAT,LON,W,CRC
02/22/26 19:07:08,20.89,384.39,19.00,12.93,-0.05,427.00,20.70,29.90,0.00,0.00,0.00,0.00,0.00,1,14.02,99.22,36.73,1,-42,15,-1,-1,STAT,60,LAT,LON,W,CRC
02/22/26 19:08:08,20.95,389.76,18.57,12.15,1.37,427.00,20.70,29.80,0.00,0.00,0.00,0.00,0.00,1,13.95,28.02,35.34,1,-43,15,-1,0,STAT,60,LAT,LON,W,CRC
02/22/26 19:09:08,20.98,381.47,19.72,12.28,0.74,426.65,20.80,29.80,0.00,0.00,0.00,0.00,0.00,1,13.91,7.91,31.70,1,-41,15,-1,-1,STAT,60,LAT,LON,W,CRC
02/22/26 19:10:08,21.02,391.64,20.59,12.58,1.41,426.43,20.90,29.70,0.00,0.00,0.00,0.00,0.00,1,13.87,2.24,32.12,1,-43,14,-1,-1,STAT,60,LAT,LON,W,CRC
02/22/26 19:11:08,21.07,394.74,19.99,12.17,1.46,426.80,20.90,29.70,0.00,0.00,0.00,0.00,0.00,1,13.87,0.63,32.76,1,-42,15,-1,0,STAT,60,LAT,LON,W,CRC
02/22/26 19:12:10,21.10,400.50,18.27,13.53,1.07,426.93,21.00,29.60,0.00,0.00,0.00,0.00,0.00,1,13.84,0.18,35.75,1,-42,16,-1,0,STAT,60,LAT,LON,W,CRC
02/22/26 19:13:10,21.16,393.02,19.14,12.46,2.37,427.52,21.10,29.60,0.00,0.00,0.27,0.00,0.00,1,13.84,0.05,33.18,1,-41,15,-1,0,STAT,60,LAT,LON,W,CRC
02/22/26 19:14:10,21.19,400.93,19.01,12.11,2.29,427.83,21.10,29.60,0.00,0.00,0.09,0.00,0.00,1,14.09,216.89,32.70,1,-44,15,-1,0,STAT,60,LAT,LON,W,CRC
02/22/26 19:15:10,21.24,397.87,19.55,12.91,2.16,427.94,21.20,29.50,0.00,0.00,0.03,0.00,0.00,1,13.98,61.26,34.43,1,-43,15,-1,0,STAT,60,LAT,LON,W,CRC
02/22/26 19:16:10,21.28,395.31,19.04,13.41,1.44,428.14,21.20,29.50,0.00,0.00,0.01,0.00,0.00,1,13.95,17.30,30.91,1,-42,15,-1,0,STAT,60,LAT,LON,W,CRC
02/22/26 19:17:11,21.33,392.75,20.25,12.94,0.84,428.25,21.30,29.40,0.00,0.00,0.00,0.00,0.00,1,13.87,4.89,38.19,1,-42,15,-2,0,STAT,60,LAT,LON,W,CRC
02/22/26 19:18:11,21.37,392.06,19.53,11.61,1.99,428.63,21.30,29.30,0.00,0.00,0.00,0.00,0.00,1,13.87,1.38,34.74,1,-42,16,-1,0,STAT,60,LAT,LON,W,CRC
02/22/26 19:19:11,21.40,382.39,19.41,12.37,2.23,428.69,21.40,29.20,0.00,0.00,0.00,0.00,0.00,1,13.84,0.39,31.48,1,-39,15,-1,0,STAT,60,LAT,LON,W,CRC
02/22/26 19:20:12,21.46,376.60,20.24,11.56,2.89,428.82,21.40,29.20,0.00,0.00,0.00,0.00,0.00,1,13.84,0.11,32.68,1,-38,15,-1,0,STAT,60,LAT,LON,W,CRC
02/22/26 19:21:12,21.48,380.69,19.89,11.63,2.38,428.81,21.40,29.10,0.00,0.00,0.00,0.00,0.00,1,14.12,281.66,33.07,1,-39,15,0,0,STAT,60,LAT,LON,W,CRC
02/22/26 19:22:12,21.53,380.48,19.44,12.63,1.25,428.93,21.50,29.00,0.00,0.00,0.00,0.00,0.00,1,14.02,114.48,31.61,1,-40,15,0,0,STAT,60,LAT,LON,W,CRC
02/22/26 19:23:08,21.57,372.71,20.98,11.82,-0.02,428.97,21.50,29.00,0.00,0.00,0.00,0.00,0.00,1,13.95,35.92,34.94,1,-38,14,-1,0,STAT,60,LAT,LON,W,CRC
02/22/26 19:24:08,21.59,371.37,20.92,12.33,0.13,428.99,21.50,29.00,0.00,0.00,0.00,0.00,0.00,1,13.91,10.15,31.53,1,-37,14,-1,0,STAT,60,LAT,LON,W,CRC
02/22/26 19:25:08,21.62,377.84,20.87,12.77,-0.63,429.58,21.50,28.90,0.00,0.00,0.00,0.00,0.00,1,13.87,2.87,33.35,1,-39,13,0,-1,STAT,60,LAT,LON,W,CRC
02/22/26 19:26:08,21.66,378.08,23.24,12.85,0.12,429.85,21.50,28.90,0.00,0.00,0.00,0.00,0.00,1,13.87,0.81,33.58,1,-38,12,0,0,STAT,60,LAT,LON,W,CRC
02/22/26 19:27:08,21.68,364.92,20.55,13.54,0.46,430.41,21.50,29.00,0.00,0.00,0.00,0.00,0.00,1,13.84,0.23,31.86,1,-36,14,0,0,STAT,60,LAT,LON,W,CRC
02/22/26 19:28:09,21.69,362.04,21.16,12.00,1.45,430.27,21.50,29.00,0.00,0.00,0.00,0.00,0.00,1,14.09,181.97,32.77,1,-36,14,-1,0,STAT,60,LAT,LON,W,CRC
02/22/26 19:29:09,21.72,361.09,22.06,12.03,1.82,430.10,21.50,28.90,0.00,0.00,0.00,0.00,0.00,1,13.98,51.39,33.93,1,-36,14,0,0,STAT,60,LAT,LON,W,CRC
02/22/26 19:30:09,21.76,358.70,20.38,12.71,0.89,429.89,21.50,28.90,0.00,0.00,0.00,0.00,0.00,1,13.95,14.52,31.92,1,-36,14,-1,0,STAT,60,LAT,LON,W,CRC
02/22/26 19:31:09,21.78,356.39,20.94,11.93,1.36,429.96,21.50,28.80,0.00,0.00,0.00,0.00,0.00,1,13.91,4.10,32.92,1,-36,14,-1,0,STAT,60,LAT,LON,W,CRC
02/22/26 19:32:09,21.79,362.26,21.30,11.12,1.97,429.37,21.50,28.80,0.00,0.00,0.11,0.00,0.00,1,13.87,1.16,35.01,1,-37,14,-1,0,STAT,60,LAT,LON,W,CRC
02/22/26 19:33:09,21.79,368.12,19.58,12.37,0.33,429.13,21.50,28.80,0.00,0.00,0.13,0.00,0.00,1,13.84,0.33,39.58,1,-37,16,0,0,STAT,60,LAT,LON,W,CRC
02/22/26 19:34:09,21.81,371.57,20.61,12.37,1.19,429.05,21.50,28.80,0.00,0.00,0.04,0.00,0.00,1,13.84,0.09,33.33,1,-36,15,-1,0,STAT,60,LAT,LON,W,CRC
02/22/26 19:35:09,21.85,376.38,20.75,12.41,0.70,429.10,21.50,28.80,0.00,0.00,0.01,0.00,0.00,1,13.84,0.03,35.70,1,-33,14,-1,0,STAT,60,LAT,LON,W,CRC
02/22/26 19:36:09,21.87,373.47,19.06,12.50,0.43,429.68,21.50,28.80,0.00,0.00,0.00,0.00,0.00,1,14.05,211.25,33.82,1,-32,16,0,0,STAT,60,LAT,LON,W,CRC
02/22/26 19:37:09,21.88,367.60,21.91,12.58,0.25,430.16,21.50,28.80,0.00,0.00,0.00,0.00,0.00,1,13.98,59.66,33.53,1,-32,14,0,0,STAT,60,LAT,LON,W,CRC
02/22/26 19:38:11,21.89,358.75,23.01,10.99,1.68,430.06,21.50,28.80,0.00,0.00,0.00,0.00,0.00,1,13.91,16.85,35.51,1,-33,13,-1,0,STAT,60,LAT,LON,W,CRC
02/22/26 19:39:11,21.89,351.84,22.40,11.49,2.00,430.02,21.50,28.90,0.00,0.00,0.00,0.00,0.00,1,13.91,4.76,35.54,1,-33,13,-1,0,STAT,60,LAT,LON,W,CRC
02/22/26 19:40:11,21.89,359.72,22.20,11.20,2.30,429.65,21.50,28.90,0.00,0.00,0.00,0.00,0.00,1,13.87,1.34,32.96,1,-35,13,-1,0,STAT,60,LAT,LON,W,CRC
02/22/26 19:41:11,21.92,353.81,19.39,11.47,3.06,429.81,21.50,28.90,0.00,0.00,0.00,0.00,0.00,1,13.84,0.38,33.02,1,-35,14,-1,0,STAT,60,LAT,LON,W,CRC
02/22/26 19:42:11,21.96,351.40,19.59,13.01,2.16,429.76,21.50,28.90,0.00,0.00,0.00,0.00,0.00,1,13.84,0.11,33.87,1,-35,14,0,0,STAT,60,LAT,LON,W,CRC
02/22/26 19:43:12,21.97,348.26,21.20,12.80,1.54,429.01,21.50,29.00,0.00,0.00,0.00,0.00,0.00,1,14.05,164.22,39.99,1,-33,14,0,0,STAT,60,LAT,LON,W,CRC
02/22/26 19:44:12,21.98,344.98,19.93,12.89,1.10,428.50,21.50,29.00,0.00,0.00,0.03,0.00,0.00,1,14.02,141.42,32.24,1,-33,14,0,0,STAT,60,LAT,LON,W,CRC
02/22/26 19:45:12,21.99,340.85,22.20,12.48,0.81,427.64,21.50,28.90,0.00,0.00,0.01,0.00,0.00,1,13.95,39.94,32.26,1,-31,13,0,0,STAT,60,LAT,LON,W,CRC
02/22/26 19:46:12,21.99,358.56,22.25,12.39,1.22,426.87,21.50,29.00,0.00,0.00,0.00,0.00,0.00,1,13.91,11.28,33.04,1,-35,14,-1,0,STAT,60,LAT,LON,W,CRC
02/22/26 19:47:12,21.99,356.77,21.17,11.81,1.82,427.01,21.50,29.00,0.00,0.00,0.00,0.00,0.00,1,13.87,3.19,32.50,1,-35,13,-1,0,STAT,60,LAT,LON,W,CRC
02/22/26 19:48:12,21.99,345.99,20.77,12.33,2.56,426.82,21.50,29.00,0.00,0.00,0.00,0.00,0.00,1,13.87,0.90,31.16,1,-33,14,0,0,STAT,60,LAT,LON,W,CRC
02/22/26 19:49:13,22.02,340.87,19.45,12.33,2.06,426.29,21.50,29.10,0.00,0.00,0.00,0.00,0.00,1,13.84,0.25,34.94,1,-32,14,0,0,STAT,60,LAT,LON,W,CRC
02/22/26 19:50:13,22.05,336.60,19.72,12.30,1.44,426.10,21.50,29.00,0.00,0.00,0.00,0.00,0.00,1,13.84,0.07,34.74,1,-32,14,0,0,STAT,60,LAT,LON,W,CRC
02/22/26 19:51:13,22.07,334.86,20.29,12.77,2.19,426.04,21.40,29.10,0.00,0.00,0.00,0.00,0.00,1,14.16,240.84,32.04,1,-32,14,0,0,STAT,60,LAT,LON,W,CRC
02/22/26 19:52:13,22.08,340.78,20.20,12.41,1.19,426.01,21.40,29.10,0.00,0.00,0.00,0.00,0.00,1,14.02,84.80,32.44,1,-33,15,0,0,STAT,60,LAT,LON,W,CRC
02/22/26 19:53:13,22.08,338.31,21.66,11.61,3.47,426.00,21.40,29.10,0.00,0.00,0.00,0.00,0.00,1,13.95,23.95,32.93,1,-31,14,-1,0,STAT,60,LAT,LON,W,CRC
02/22/26 19:54:13,22.09,342.08,21.16,11.86,1.54,426.00,21.40,29.10,0.00,0.00,0.00,0.00,0.00,1,13.91,6.76,34.62,1,-32,13,0,0,STAT,60,LAT,LON,W,CRC
02/22/26 19:55:14,22.09,350.12,21.16,10.97,2.06,426.00,21.50,29.20,0.00,0.00,0.05,0.00,0.00,1,13.87,1.91,32.77,1,-34,13,0,0,STAT,60,LAT,LON,W,CRC
02/22/26 19:56:14,22.09,348.22,21.86,12.76,1.46,426.07,21.40,29.20,0.00,0.00,0.16,0.00,0.00,1,13.87,0.54,32.85,1,-31,13,0,0,STAT,60,LAT,LON,W,CRC
02/22/26 19:57:14,22.09,350.60,20.40,11.84,1.66,426.43,21.40,29.20,0.00,0.00,0.05,0.00,0.00,1,13.84,0.15,30.94,1,-31,14,0,0,STAT,60,LAT,LON,W,CRC
02/22/26 19:58:14,22.09,362.31,18.83,11.83,2.35,426.26,21.50,29.20,0.00,0.00,0.02,0.00,0.00,1,13.84,0.04,31.55,1,-33,16,0,0,STAT,60,LAT,LON,W,CRC
02/22/26 19:59:14,22.09,353.74,19.52,11.95,3.44,425.63,21.50,29.20,0.00,0.08,0.09,0.00,0.00,1,14.09,254.62,49.81,1,-31,16,0,0,STAT,60,LAT,LON,W,CRC
02/22/26 20:00:15,22.10,359.59,20.91,11.58,3.68,425.22,21.50,29.30,0.00,0.03,0.03,0.00,0.00,1,13.98,71.91,38.50,1,-34,15,0,0,STAT,60,LAT,LON,W,CRC
02/22/26 20:01:15,22.14,351.58,21.40,11.93,5.29,425.08,21.50,29.30,0.00,0.01,0.01,0.00,0.00,1,13.95,20.31,32.79,1,-33,14,0,0,STAT,60,LAT,LON,W,CRC
02/22/26 20:02:15,22.16,356.14,20.79,11.45,5.75,425.03,21.50,29.20,0.00,0.14,0.14,0.00,0.00,1,13.91,5.74,32.36,1,-34,13,0,0,STAT,60,LAT,LON,W,CRC
02/22/26 20:03:15,22.17,350.79,19.95,12.43,3.66,425.01,21.50,29.30,0.00,0.06,0.06,0.00,0.00,1,13.87,1.62,34.00,1,-33,15,0,0,STAT,60,LAT,LON,W,CRC
02/22/26 20:04:16,22.18,344.67,20.93,11.39,3.86,425.00,21.50,29.30,0.00,0.02,0.02,0.00,0.00,1,13.84,0.46,34.93,1,-31,14,-1,0,STAT,60,LAT,LON,W,CRC
02/22/26 20:05:16,22.18,355.34,21.01,11.62,2.98,425.00,21.50,29.20,0.00,0.01,0.01,0.00,0.00,1,13.84,0.13,34.23,1,-32,14,-1,0,STAT,60,LAT,LON,W,CRC
02/22/26 20:06:16,22.19,368.18,21.21,10.82,6.23,425.21,21.50,29.30,0.00,0.00,0.00,0.00,0.00,1,13.80,0.04,32.09,1,-33,14,0,0,STAT,60,LAT,LON,W,CRC
02/22/26 20:07:17,22.19,366.78,21.45,10.79,4.81,425.23,21.50,29.30,0.00,0.00,0.00,0.00,0.00,1,14.05,122.99,31.17,1,-33,15,0,0,STAT,60,LAT,LON,W,CRC
02/22/26 20:08:17,22.19,360.61,21.77,12.09,5.19,425.08,21.50,29.30,0.00,0.00,0.00,0.00,0.00,1,13.98,34.74,33.20,1,-31,15,0,0,STAT,60,LAT,LON,W,CRC
02/22/26 20:09:16,22.19,364.32,18.67,12.05,4.35,425.22,21.60,29.30,0.00,0.00,0.00,0.00,0.00,1,13.91,9.81,39.60,1,-32,16,-1,0,STAT,60,LAT,LON,W,CRC
02/22/26 20:10:16,22.20,360.08,19.41,13.33,2.68,425.08,21.60,29.40,0.00,0.04,0.04,0.00,0.00,1,13.91,2.77,34.70,1,-33,14,0,0,STAT,60,LAT,LON,W,CRC
02/22/26 20:11:11,22.23,360.00,20.09,12.87,3.05,425.61,21.60,29.30,0.00,0.01,0.27,0.00,0.00,1,13.87,0.87,33.29,1,-34,15,0,0,STAT,60,LAT,LON,W,CRC
02/22/26 20:12:11,22.26,355.79,20.46,13.06,3.60,425.32,21.60,29.30,0.00,0.00,0.09,0.00,0.00,1,13.84,0.25,34.40,1,-32,14,0,0,STAT,60,LAT,LON,W,CRC
02/22/26 20:13:12,22.27,352.84,19.36,12.25,3.69,425.11,21.60,29.30,0.00,0.00,0.11,0.00,0.00,1,13.84,0.07,30.92,1,-32,15,0,0,STAT,60,LAT,LON,W,CRC
02/22/26 20:14:12,22.28,343.22,19.55,12.14,2.38,425.04,21.60,29.30,0.00,0.00,0.04,0.00,0.00,1,13.84,0.02,32.06,1,-30,16,0,0,STAT,60,LAT,LON,W,CRC
02/22/26 20:15:12,22.28,341.99,20.72,12.82,3.79,425.01,21.60,29.30,0.00,0.00,0.01,0.00,0.00,1,14.05,162.16,33.53,1,-30,15,0,0,STAT,60,LAT,LON,W,CRC
02/22/26 20:16:12,22.29,342.09,21.28,12.32,2.66,424.34,21.60,29.30,0.00,0.00,0.00,0.00,0.00,1,13.95,45.80,32.14,1,-30,14,0,0,STAT,60,LAT,LON,W,CRC
02/22/26 20:17:12,22.29,345.07,19.14,12.04,2.53,423.47,21.60,29.30,0.00,0.00,0.00,0.00,0.00,1,13.91,12.94,31.22,1,-32,16,0,0,STAT,60,LAT,LON,W,CRC
02/22/26 20:18:12,22.29,342.51,21.78,11.17,5.37,423.47,21.60,29.30,0.00,0.25,0.25,0.00,0.00,1,13.91,3.65,33.10,1,-30,15,-1,0,STAT,60,LAT,LON,W,CRC
02/22/26 20:19:13,22.29,346.30,20.90,11.71,5.43,423.28,21.60,29.30,0.00,0.08,0.08,0.00,0.00,1,13.87,1.03,35.06,1,-32,16,0,0,STAT,60,LAT,LON,W,CRC
02/22/26 20:20:14,22.29,334.83,19.70,12.40,3.95,423.64,21.60,29.40,0.00,0.02,0.02,0.00,0.00,1,13.84,0.29,40.40,1,-30,16,0,0,STAT,60,LAT,LON,W,CRC
02/22/26 20:21:14,22.29,327.43,20.13,11.94,2.93,423.96,21.60,29.40,0.00,0.01,0.01,0.00,0.00,1,13.84,0.08,36.09,1,-29,15,0,0,STAT,60,LAT,LON,W,CRC
02/22/26 20:22:14,22.30,332.09,18.30,11.36,4.76,424.25,21.60,29.50,0.00,0.00,0.00,0.00,0.00,1,14.09,249.89,31.15,1,-31,16,0,0,STAT,60,LAT,LON,W,CRC
02/22/26 20:23:14,22.33,335.90,18.79,11.83,4.11,424.49,21.60,29.50,0.00,0.00,0.00,0.00,0.00,1,14.02,131.14,31.67,1,-33,16,-1,0,STAT,60,LAT,LON,W,CRC
02/22/26 20:24:14,22.35,332.44,20.79,11.74,5.17,424.59,21.60,29.50,0.00,0.00,0.00,0.00,0.00,1,13.95,37.04,32.17,1,-32,15,-1,0,STAT,60,LAT,LON,W,CRC
02/22/26 20:25:15,22.36,333.03,21.35,12.50,4.68,424.86,21.60,29.50,0.00,0.00,0.21,0.00,0.00,1,13.91,10.46,35.71,1,-33,15,0,0,STAT,60,LAT,LON,W,CRC
02/22/26 20:26:15,22.37,329.93,20.34,11.59,4.58,424.95,21.60,29.50,0.00,0.00,0.07,0.00,0.00,1,13.87,2.95,32.78,1,-33,15,-1,0,STAT,60,LAT,LON,W,CRC
02/22/26 20:27:15,22.38,327.46,18.93,11.06,4.40,424.98,21.60,29.60,0.00,0.00,0.02,0.00,0.00,1,13.87,0.83,34.13,1,-32,17,-1,0,STAT,60,LAT,LON,W,CRC
02/22/26 20:28:15,22.38,327.73,20.53,12.45,4.62,424.99,21.50,29.60,0.00,0.00,0.01,0.00,0.00,1,13.84,0.24,33.20,1,-33,15,0,0,STAT,60,LAT,LON,W,CRC
02/22/26 20:29:15,22.39,323.25,21.95,11.36,5.16,424.42,21.50,29.60,0.00,0.00,0.23,0.00,0.00,1,13.84,0.07,31.21,1,-30,14,0,0,STAT,60,LAT,LON,W,CRC
02/22/26 20:30:17,22.38,318.24,22.54,12.31,4.91,424.15,21.50,29.60,0.00,0.00,0.08,0.00,0.00,1,14.12,270.39,37.00,1,-28,14,0,0,STAT,60,LAT,LON,W,CRC
02/22/26 20:31:17,22.38,325.99,22.27,11.95,5.38,424.05,21.50,29.70,0.00,0.00,0.02,0.00,0.00,1,14.02,93.87,34.88,1,-31,15,-1,0,STAT,60,LAT,LON,W,CRC
02/22/26 20:32:17,22.39,324.83,20.38,12.18,4.60,424.02,21.50,29.70,0.00,0.00,0.01,0.00,0.00,1,13.95,26.51,31.43,1,-31,16,0,0,STAT,60,LAT,LON,W,CRC
02/22/26 20:33:17,22.39,326.43,20.67,12.40,4.48,424.01,21.50,29.80,0.00,0.00,0.00,0.00,0.00,1,13.91,7.49,32.10,1,-31,16,0,0,STAT,60,LAT,LON,W,CRC
02/22/26 20:34:17,22.39,319.15,19.32,12.52,4.29,424.00,21.50,29.80,0.00,0.03,0.03,0.00,0.00,1,13.91,2.11,33.44,1,-30,16,0,0,STAT,60,LAT,LON,W,CRC
02/22/26 20:35:19,22.39,321.96,22.16,13.07,4.44,424.00,21.50,29.70,0.00,0.01,0.01,0.00,0.00,1,13.84,0.60,36.71,1,-31,14,0,0,STAT,60,LAT,LON,W,CRC
02/22/26 20:36:19,22.39,324.27,20.92,12.70,3.20,424.00,21.50,29.80,0.00,0.00,0.00,0.00,0.00,1,13.84,0.17,35.51,1,-32,15,0,0,STAT,60,LAT,LON,W,CRC
02/22/26 20:37:19,22.39,317.13,20.27,13.04,3.22,424.07,21.50,29.70,0.00,0.00,0.07,0.00,0.00,1,13.84,0.05,32.23,1,-31,15,0,0,STAT,60,LAT,LON,W,CRC
02/22/26 20:38:19,22.39,317.26,19.40,13.13,3.53,423.80,21.50,29.80,0.00,0.00,0.02,0.00,0.00,1,14.16,269.55,31.69,1,-31,16,0,0,STAT,60,LAT,LON,W,CRC
02/22/26 20:39:19,22.39,319.68,19.56,13.38,5.23,423.60,21.50,29.80,0.00,0.00,0.06,0.00,0.00,1,13.98,76.13,31.80,1,-33,16,0,0,STAT,60,LAT,LON,W,CRC
02/22/26 20:40:19,22.39,321.62,19.39,12.35,5.83,423.46,21.50,29.80,0.00,0.00,0.02,0.00,0.00,1,13.95,21.50,34.05,1,-33,17,0,0,STAT,60,LAT,LON,W,CRC
02/22/26 20:41:15,22.39,325.34,20.97,12.03,4.56,423.18,21.50,29.80,0.00,0.08,0.09,0.00,0.00,1,13.91,6.75,35.53,1,-34,15,0,0,STAT,60,LAT,LON,W,CRC
02/22/26 20:42:15,22.39,318.35,20.11,12.57,3.81,423.06,21.50,29.80,0.00,0.03,0.03,0.00,0.00,1,13.87,1.91,34.52,1,-32,16,0,0,STAT,60,LAT,LON,W,CRC
02/22/26 20:43:15,22.39,317.23,20.33,12.24,5.15,423.02,21.40,29.90,0.00,0.17,0.17,0.00,0.00,1,13.87,0.54,32.84,1,-32,15,0,0,STAT,60,LAT,LON,W,CRC
02/22/26 20:44:15,22.39,305.00,18.62,13.27,2.79,423.39,21.50,29.90,0.00,0.06,0.06,0.00,0.00,1,13.84,0.15,32.25,1,-28,17,0,0,STAT,60,LAT,LON,W,CRC
02/22/26 20:45:16,22.39,310.86,19.74,13.64,3.04,423.70,21.50,29.90,0.00,0.02,0.02,0.00,0.00,1,13.84,0.04,32.32,1,-31,15,0,0,STAT,60,LAT,LON,W,CRC
02/22/26 20:46:15,22.39,309.51,18.15,13.13,3.88,423.83,21.50,29.90,0.00,0.01,0.01,0.00,0.00,1,14.09,180.98,37.66,1,-31,17,-1,0,STAT,60,LAT,LON,W,CRC
02/22/26 20:47:15,22.39,313.84,20.38,11.77,5.14,424.09,21.50,29.90,0.00,0.00,0.00,0.00,0.00,1,13.98,51.11,33.16,1,-33,15,0,0,STAT,60,LAT,LON,W,CRC
02/22/26 20:48:15,22.39,318.59,20.90,12.41,5.42,424.03,21.50,29.90,0.00,0.00,0.00,0.00,0.00,1,13.95,14.44,32.99,1,-33,15,0,0,STAT,60,LAT,LON,W,CRC
02/22/26 20:49:15,22.39,306.95,20.16,12.26,4.87,424.01,21.50,29.90,0.00,0.00,0.00,0.00,0.00,1,13.91,4.08,34.54,1,-30,16,0,0,STAT,60,LAT,LON,W,CRC
02/22/26 20:50:15,22.39,301.79,18.75,13.48,3.38,424.00,21.50,29.90,0.00,0.00,0.00,0.00,0.00,1,13.87,1.15,33.80,1,-30,17,0,0,STAT,60,LAT,LON,W,CRC
02/22/26 20:51:16,22.40,303.56,19.81,12.84,4.35,424.00,21.40,29.90,0.00,0.00,0.00,0.00,0.00,1,13.87,0.33,36.93,1,-30,16,0,0,STAT,60,LAT,LON,W,CRC
02/22/26 20:52:17,22.42,303.39,20.63,12.21,5.00,424.00,21.50,29.90,0.00,0.07,0.07,0.00,0.00,1,13.84,0.09,35.36,1,-30,15,0,0,STAT,60,LAT,LON,W,CRC
02/22/26 20:53:17,22.43,304.61,20.24,12.24,6.21,423.79,21.40,29.90,0.00,0.02,0.02,0.00,0.00,1,13.84,0.03,36.08,1,-31,16,0,0,STAT,60,LAT,LON,W,CRC
02/22/26 20:54:17,22.45,303.26,21.07,12.48,6.60,423.93,21.40,30.00,0.00,0.01,0.01,0.00,0.00,1,14.09,233.01,31.45,1,-30,16,0,0,STAT,60,LAT,LON,W,CRC
02/22/26 20:55:17,22.46,308.25,19.09,11.40,5.49,423.97,21.40,29.80,0.00,0.10,0.10,0.00,0.00,1,13.98,65.81,32.40,1,-30,17,0,0,STAT,60,LAT,LON,W,CRC
02/22/26 20:56:16,22.46,311.15,21.87,11.86,4.35,423.34,21.40,29.90,0.00,0.03,0.03,0.00,0.00,1,13.91,18.59,42.23,1,-31,15,0,0,STAT,60,LAT,LON,W,CRC
02/22/26 20:57:16,22.47,307.02,21.09,12.31,4.27,423.12,21.40,29.90,0.00,0.01,0.01,0.00,0.00,1,13.91,5.25,34.72,1,-30,15,0,0,STAT,60,LAT,LON,W,CRC
02/22/26 20:58:16,22.47,302.34,21.40,11.80,4.63,423.04,21.40,29.90,0.00,0.00,0.00,0.00,0.00,1,13.87,1.48,32.20,1,-30,15,0,0,STAT,60,LAT,LON,W,CRC
02/22/26 20:59:17,22.47,300.58,22.12,12.54,3.97,423.10,21.40,29.90,0.00,0.00,0.00,0.00,0.00,1,13.87,0.42,33.47,1,-29,15,0,0,STAT,60,LAT,LON,W,CRC
02/22/26 21:00:17,22.47,308.17,21.12,11.69,6.59,423.68,21.40,29.90,0.00,0.00,0.00,0.00,0.00,1,13.84,0.12,36.45,1,-31,15,0,0,STAT,60,LAT,LON,W,CRC
02/22/26 21:01:17,22.47,302.88,21.23,10.93,4.76,423.70,21.40,29.80,0.00,0.00,0.00,0.00,0.00,1,14.05,121.00,37.11,1,-30,14,0,0,STAT,60,LAT,LON,W,CRC
02/22/26 21:02:17,22.47,303.39,20.93,12.24,5.31,423.45,21.40,29.90,0.00,0.00,0.00,0.00,0.00,1,14.02,101.36,38.97,1,-31,15,0,0,STAT,60,LAT,LON,W,CRC
02/22/26 21:03:17,22.47,302.07,21.25,12.85,4.65,423.42,21.40,29.90,0.00,0.00,0.00,0.00,0.00,1,13.95,28.63,35.84,1,-31,15,0,0,STAT,60,LAT,LON,W,CRC
02/22/26 21:04:18,22.47,302.63,20.68,12.58,4.55,423.67,21.40,29.90,0.00,0.00,0.00,0.00,0.00,1,13.91,8.08,31.88,1,-32,16,0,0,STAT,60,LAT,LON,W,CRC
02/22/26 21:05:18,22.47,296.46,20.41,11.55,5.77,423.88,21.40,29.90,0.00,0.00,0.00,0.00,0.00,1,13.91,2.28,31.39,1,-30,15,0,0,STAT,60,LAT,LON,W,CRC
02/22/26 21:06:18,22.47,297.35,19.70,11.77,5.38,424.17,21.40,29.90,0.00,0.00,0.00,0.00,0.00,1,13.87,0.64,33.86,1,-30,16,0,0,STAT,60,LAT,LON,W,CRC
02/22/26 21:07:19,22.48,299.72,19.62,12.01,3.89,424.71,21.40,29.90,0.00,0.00,0.00,0.00,0.00,1,13.84,0.18,32.90,1,-32,16,0,0,STAT,60,LAT,LON,W,CRC
02/22/26 21:08:19,22.48,296.09,20.15,12.70,4.15,426.03,21.40,29.90,0.00,0.00,0.00,0.00,0.00,1,13.84,0.05,33.46,1,-31,16,0,0,STAT,60,LAT,LON,W,CRC
02/22/26 21:09:19,22.48,298.31,19.95,11.86,5.44,426.12,21.40,29.90,0.00,0.00,0.00,0.00,0.00,1,14.05,116.47,33.02,1,-31,15,0,0,STAT,60,LAT,LON,W,CRC
02/22/26 21:10:20,22.48,298.71,19.98,12.81,4.85,426.95,21.40,29.90,0.00,0.00,0.00,0.00,0.00,1,14.02,98.21,30.46,1,-32,15,0,0,STAT,60,LAT,LON,W,CRC
02/22/26 21:11:20,22.48,294.00,21.05,11.51,6.07,427.94,21.40,29.90,0.00,0.00,0.00,0.00,0.00,1,13.95,27.74,32.14,1,-30,14,-1,0,STAT,60,LAT,LON,W,CRC
02/22/26 21:12:20,22.48,293.58,19.76,11.09,6.26,428.98,21.40,29.90,0.00,0.00,0.00,0.00,0.00,1,13.91,7.83,34.63,1,-31,14,-1,0,STAT,60,LAT,LON,W,CRC
02/22/26 21:13:20,22.48,292.34,18.99,11.27,6.33,430.83,21.40,30.00,0.00,0.00,0.00,0.00,0.00,1,13.87,2.21,31.51,1,-30,16,-1,0,STAT,60,LAT,LON,W,CRC
02/22/26 21:14:20,22.48,294.59,19.40,11.88,4.68,434.16,21.40,29.90,0.00,0.00,0.00,0.00,0.00,1,13.87,0.62,33.16,1,-31,16,0,0,STAT,60,LAT,LON,W,CRC
02/22/26 21:15:20,22.49,296.90,20.77,10.81,4.67,439.63,21.40,29.90,0.00,0.00,0.00,0.00,0.00,1,13.84,0.18,32.89,1,-32,16,0,0,STAT,60,LAT,LON,W,CRC
02/22/26 21:16:20,22.49,302.19,19.40,11.89,5.65,442.75,21.40,29.90,0.00,0.00,0.00,0.00,0.00,1,13.84,0.05,33.38,1,-34,17,0,0,STAT,60,LAT,LON,W,CRC
02/22/26 21:17:23,22.48,294.60,18.78,12.17,4.55,446.91,21.40,29.90,0.00,0.00,0.00,0.00,0.00,1,14.09,189.60,37.46,1,-32,16,0,0,STAT,60,LAT,LON,W,CRC
02/22/26 21:18:23,22.49,293.78,19.02,11.51,5.54,450.19,21.40,29.90,0.00,0.00,0.00,0.00,0.00,1,13.98,53.55,33.20,1,-32,17,0,0,STAT,60,LAT,LON,W,CRC
02/22/26 21:19:23,22.49,283.83,21.38,12.29,6.42,452.78,21.40,30.00,0.00,0.00,0.30,0.00,0.00,1,13.95,15.12,31.41,1,-30,14,0,0,STAT,60,LAT,LON,W,CRC
02/22/26 21:20:23,22.49,279.40,20.34,11.81,7.33,454.17,21.40,30.00,0.00,0.00,0.09,0.00,0.00,1,13.91,4.27,32.75,1,-28,15,0,1,STAT,60,LAT,LON,W,CRC
02/22/26 21:21:23,22.49,277.07,18.53,11.90,6.57,453.88,21.40,30.00,0.00,0.00,0.03,0.00,0.00,1,13.87,1.21,33.27,1,-27,17,0,0,STAT,60,LAT,LON,W,CRC
02/22/26 21:22:23,22.49,282.67,20.41,10.80,5.95,454.79,21.40,30.00,0.00,0.00,0.01,0.00,0.00,1,13.84,0.34,36.19,1,-28,16,0,0,STAT,60,LAT,LON,W,CRC
02/22/26 21:23:24,22.49,281.07,21.46,10.23,7.00,455.64,21.30,29.90,0.00,0.00,0.00,0.00,0.00,1,13.84,0.10,33.60,1,-28,14,0,0,STAT,60,LAT,LON,W,CRC
02/22/26 21:24:24,22.49,285.54,21.93,11.51,5.92,456.17,21.30,30.00,0.00,0.00,0.00,0.00,0.00,1,13.84,0.03,34.53,1,-28,14,0,0,STAT,60,LAT,LON,W,CRC
02/22/26 21:25:24,22.48,290.30,21.15,11.64,3.58,457.20,21.30,30.00,0.00,0.00,0.00,0.00,0.00,1,14.12,273.03,34.21,1,-29,16,0,0,STAT,60,LAT,LON,W,CRC
02/22/26 21:26:24,22.49,297.45,21.34,11.71,5.10,458.66,21.30,30.00,0.00,0.00,0.00,0.00,0.00,1,13.98,77.11,31.46,1,-31,15,0,0,STAT,60,LAT,LON,W,CRC
02/22/26 21:27:23,22.48,289.97,20.71,11.76,4.91,459.93,21.30,30.00,0.00,0.00,0.00,0.00,0.00,1,13.95,21.78,35.81,1,-29,15,0,0,STAT,60,LAT,LON,W,CRC
02/22/26 21:28:23,22.48,290.54,20.29,12.05,6.49,461.54,21.40,30.00,0.00,0.00,0.14,0.00,0.00,1,13.91,6.15,38.37,1,-30,16,0,0,STAT,60,LAT,LON,W,CRC
02/22/26 21:29:23,22.48,293.44,19.45,11.39,7.68,464.05,21.30,30.10,0.00,0.00,0.05,0.00,0.00,1,13.87,1.74,35.08,1,-31,16,0,1,STAT,60,LAT,LON,W,CRC
02/22/26 21:30:23,22.48,292.02,19.46,11.88,3.74,467.16,21.40,30.10,0.00,0.00,0.01,0.00,0.00,1,13.87,0.49,32.46,1,-31,17,0,0,STAT,60,LAT,LON,W,CRC
02/22/26 21:31:23,22.48,285.28,20.31,12.04,5.17,470.26,21.40,30.10,0.00,0.00,0.00,0.00,0.00,1,13.84,0.14,33.07,1,-29,16,0,0,STAT,60,LAT,LON,W,CRC
02/22/26 21:32:24,22.48,288.61,20.51,11.12,5.58,472.44,21.40,30.10,0.00,0.00,0.03,0.00,0.00,1,13.84,0.04,33.32,1,-30,16,0,0,STAT,60,LAT,LON,W,CRC
02/22/26 21:33:24,22.48,292.95,21.00,10.96,5.96,473.45,21.40,30.00,0.00,0.00,0.01,0.00,0.00,1,14.05,169.45,42.19,1,-32,16,0,0,STAT,60,LAT,LON,W,CRC
02/22/26 21:34:24,22.48,289.00,19.75,12.01,6.41,473.81,21.40,30.00,0.00,0.00,0.00,0.00,0.00,1,13.98,47.86,36.22,1,-31,16,-1,0,STAT,60,LAT,LON,W,CRC
02/22/26 21:35:24,22.49,291.26,20.69,11.42,5.86,473.93,21.40,30.00,0.00,0.00,0.00,0.00,0.00,1,13.91,13.52,34.55,1,-32,16,0,0,STAT,60,LAT,LON,W,CRC
02/22/26 21:36:19,22.48,288.91,20.30,12.28,5.85,474.36,21.40,30.00,0.00,0.00,0.00,0.00,0.00,1,13.91,4.24,35.41,1,-31,16,0,0,STAT,60,LAT,LON,W,CRC
02/22/26 21:37:19,22.49,285.31,21.01,11.43,6.98,474.77,21.40,30.00,0.00,0.00,0.00,0.00,0.00,1,13.87,1.20,35.49,1,-29,15,0,0,STAT,60,LAT,LON,W,CRC
02/22/26 21:38:20,22.49,283.14,22.54,10.01,6.73,475.37,21.40,30.00,0.00,0.00,0.00,0.00,0.00,1,13.87,0.34,39.35,1,-29,15,0,0,STAT,60,LAT,LON,W,CRC
02/22/26 21:39:21,22.48,287.04,21.28,11.05,7.83,476.28,21.40,30.00,0.00,0.00,0.00,0.00,0.00,1,13.84,0.10,36.69,1,-29,15,-1,1,STAT,60,LAT,LON,W,CRC
02/22/26 21:40:21,22.48,282.26,21.23,11.02,9.40,477.37,21.40,29.90,0.00,0.00,0.00,0.00,0.00,1,13.84,0.03,31.93,1,-28,15,0,1,STAT,60,LAT,LON,W,CRC
02/22/26 21:41:21,22.48,292.50,20.57,10.50,6.50,478.94,21.40,29.90,0.00,0.00,0.00,0.00,0.00,1,14.09,206.49,32.52,1,-31,16,-1,0,STAT,60,LAT,LON,W,CRC
02/22/26 21:42:21,22.48,290.07,19.99,11.18,4.22,481.67,21.40,29.90,0.00,0.03,0.03,0.00,0.00,1,13.98,58.32,32.60,1,-32,16,-1,0,STAT,60,LAT,LON,W,CRC
02/22/26 21:43:20,22.48,288.21,21.29,12.06,2.96,485.48,21.40,29.90,0.00,0.01,0.01,0.00,0.00,1,13.91,16.47,39.14,1,-30,14,0,0,STAT,60,LAT,LON,W,CRC
02/22/26 21:44:20,22.49,289.83,20.53,11.49,4.52,489.51,21.40,29.90,0.00,0.00,0.00,0.00,0.00,1,13.91,4.65,33.59,1,-31,15,0,0,STAT,60,LAT,LON,W,CRC
02/22/26 21:45:20,22.49,290.23,20.30,11.96,4.91,492.46,21.40,29.90,0.00,0.00,0.00,0.00,0.00,1,13.87,1.31,34.58,1,-31,16,0,0,STAT,60,LAT,LON,W,CRC
02/22/26 21:46:21,22.49,290.50,20.18,10.64,4.36,493.69,21.40,29.90,0.00,0.00,0.00,0.00,0.00,1,13.84,0.37,34.51,1,-31,15,0,0,STAT,60,LAT,LON,W,CRC
02/22/26 21:47:21,22.49,290.38,20.52,10.78,3.41,494.51,21.40,29.90,0.00,0.00,0.00,0.00,0.00,1,13.84,0.10,31.08,1,-31,15,0,-1,STAT,60,LAT,LON,W,CRC
02/22/26 21:48:21,22.48,290.45,20.32,10.40,6.73,494.83,21.40,29.90,0.00,0.00,0.00,0.00,0.00,1,14.12,239.56,36.46,1,-30,15,0,0,STAT,60,LAT,LON,W,CRC
02/22/26 21:49:21,22.49,288.13,19.60,10.25,5.10,494.94,21.40,29.80,0.00,0.00,0.00,0.00,0.00,1,14.02,98.20,35.20,1,-31,15,0,0,STAT,60,LAT,LON,W,CRC
02/22/26 21:50:21,22.49,282.65,19.32,10.46,5.35,494.98,21.30,29.80,0.00,0.00,0.00,0.00,0.00,1,13.95,27.74,32.47,1,-29,16,0,0,STAT,60,LAT,LON,W,CRC
02/22/26 21:51:21,22.49,283.80,21.20,10.36,4.54,495.22,21.30,29.90,0.00,0.00,0.00,0.00,0.00,1,13.91,7.83,32.18,1,-29,15,0,-1,STAT,60,LAT,LON,W,CRC
02/22/26 21:52:21,22.49,285.56,20.16,10.38,5.22,495.66,21.30,29.90,0.00,0.00,0.00,0.00,0.00,1,13.91,2.21,34.62,1,-29,16,0,0,STAT,60,LAT,LON,W,CRC
02/22/26 21:53:22,22.49,283.09,19.26,11.67,4.81,496.76,21.30,29.90,0.00,0.00,0.00,0.00,0.00,1,13.84,0.62,39.68,1,-28,16,0,0,STAT,60,LAT,LON,W,CRC
02/22/26 21:54:22,22.49,287.75,19.16,10.51,4.57,499.01,21.30,30.00,0.00,0.00,0.00,0.00,0.00,1,13.84,0.18,35.72,1,-29,16,0,0,STAT,60,LAT,LON,W,CRC
02/22/26 21:55:22,22.49,295.75,19.61,10.40,5.02,500.97,21.30,30.00,0.00,0.00,0.00,0.00,0.00,1,13.84,0.05,33.49,1,-30,15,0,0,STAT,60,LAT,LON,W,CRC
02/22/26 21:56:22,22.49,292.58,19.09,10.89,7.08,504.41,21.30,30.00,0.00,0.00,0.29,0.00,0.00,1,14.09,228.40,34.89,1,-28,16,0,0,STAT,60,LAT,LON,W,CRC
02/22/26 21:57:22,22.49,299.65,20.58,11.59,6.92,506.20,21.30,30.00,0.00,0.00,0.09,0.00,0.00,1,14.02,120.03,34.08,1,-30,16,0,0,STAT,60,LAT,LON,W,CRC
02/22/26 21:58:22,22.49,301.06,21.14,11.13,6.93,507.22,21.30,30.00,0.00,0.10,0.13,0.00,0.00,1,13.95,33.90,31.44,1,-31,15,0,0,STAT,60,LAT,LON,W,CRC
02/22/26 21:59:23,22.49,306.49,19.60,11.31,6.00,507.73,21.30,30.00,0.00,0.03,0.04,0.00,0.00,1,13.91,9.57,36.77,1,-31,16,0,0,STAT,60,LAT,LON,W,CRC
02/22/26 22:00:23,22.49,307.90,20.13,11.27,6.59,507.90,21.30,30.00,0.00,0.01,0.20,0.00,0.00,1,13.87,2.70,36.18,1,-32,15,0,0,STAT,60,LAT,LON,W,CRC
02/22/26 22:01:24,22.49,311.01,22.10,10.89,5.71,508.51,21.30,30.00,0.00,0.00,0.07,0.00,0.00,1,13.87,0.76,32.27,1,-32,13,0,0,STAT,60,LAT,LON,W,CRC
02/22/26 22:02:24,22.49,310.23,22.60,10.57,6.93,509.18,21.40,29.90,0.00,0.00,0.02,0.00,0.00,1,13.84,0.22,32.94,1,-32,13,0,0,STAT,60,LAT,LON,W,CRC
02/22/26 22:03:24,22.49,312.43,20.10,11.74,5.47,510.21,21.40,29.90,0.00,0.00,0.01,0.00,0.00,1,13.84,0.06,34.17,1,-33,14,0,0,STAT,60,LAT,LON,W,CRC
02/22/26 22:04:23,22.48,304.12,21.37,11.26,5.81,510.85,21.40,29.90,0.00,0.00,0.00,0.00,0.00,1,14.05,167.98,34.84,1,-30,14,-1,0,STAT,60,LAT,LON,W,CRC
02/22/26 22:05:23,22.49,303.07,21.49,10.72,7.22,511.59,21.40,29.90,0.00,0.00,0.00,0.00,0.00,1,13.98,47.44,31.08,1,-29,14,0,0,STAT,60,LAT,LON,W,CRC
02/22/26 22:06:23,22.48,310.35,20.91,10.96,6.65,512.21,21.40,30.00,0.00,0.00,0.00,0.00,0.00,1,13.95,13.40,32.01,1,-31,14,0,0,STAT,60,LAT,LON,W,CRC
02/22/26 22:07:23,22.49,308.91,20.60,11.54,4.88,512.61,21.40,29.90,0.00,0.00,0.00,0.00,0.00,1,13.91,3.78,34.00,1,-30,13,0,0,STAT,60,LAT,LON,W,CRC
02/22/26 22:08:23,22.49,307.26,20.79,11.45,5.09,512.93,21.40,29.90,0.00,0.00,0.00,0.00,0.00,1,13.87,1.07,31.96,1,-30,14,0,0,STAT,60,LAT,LON,W,CRC
02/22/26 22:09:26,22.49,310.81,20.83,10.47,5.47,513.98,21.30,29.80,0.00,0.00,0.00,0.00,0.00,1,13.87,0.30,35.64,1,-31,13,0,0,STAT,60,LAT,LON,W,CRC
02/22/26 22:10:26,22.49,311.14,20.76,10.26,6.59,514.64,21.30,29.90,0.00,0.00,0.00,0.00,0.00,1,13.84,0.09,32.38,1,-30,13,0,0,STAT,60,LAT,LON,W,CRC
02/22/26 22:11:26,22.49,320.31,21.22,11.79,4.57,515.49,21.30,29.90,0.00,0.00,0.00,0.00,0.00,1,13.84,0.02,33.26,1,-32,13,0,0,STAT,60,LAT,LON,W,CRC
02/22/26 22:12:26,22.48,320.42,21.53,10.43,4.06,517.90,21.30,29.90,0.00,0.00,0.11,0.00,0.00,1,14.09,245.61,32.36,1,-32,15,0,0,STAT,60,LAT,LON,W,CRC
02/22/26 22:13:26,22.49,319.89,20.51,11.78,4.45,519.62,21.30,29.80,0.00,0.00,0.13,0.00,0.00,1,13.98,69.37,34.26,1,-31,15,0,0,STAT,60,LAT,LON,W,CRC
02/22/26 22:14:27,22.49,320.76,20.65,11.23,4.77,520.37,21.30,29.90,0.00,0.00,0.04,0.00,0.00,1,13.95,19.59,33.98,1,-31,13,0,0,STAT,60,LAT,LON,W,CRC
02/22/26 22:15:27,22.49,324.14,21.35,9.57,5.71,521.28,21.30,29.80,0.00,0.00,0.01,0.00,0.00,1,13.91,5.53,33.59,1,-32,13,0,0,STAT,60,LAT,LON,W,CRC
02/22/26 22:16:27,22.49,334.33,21.37,11.51,7.25,521.82,21.30,29.90,0.00,0.00,0.00,0.00,0.00,1,13.87,1.56,34.28,1,-34,13,0,0,STAT,60,LAT,LON,W,CRC
02/22/26 22:17:27,22.49,330.59,18.88,11.32,7.41,522.81,21.30,29.80,0.00,0.00,0.00,0.00,0.00,1,13.87,0.44,34.44,1,-33,14,0,0,STAT,60,LAT,LON,W,CRC
02/22/26 22:18:27,22.49,331.71,20.21,11.41,5.45,525.67,21.40,29.80,0.00,0.00,0.29,0.00,0.00,1,13.84,0.12,32.98,1,-33,13,0,0,STAT,60,LAT,LON,W,CRC
02/22/26 22:19:27,22.49,333.20,19.48,11.26,5.80,526.71,21.40,29.70,0.00,0.00,0.10,0.00,0.00,1,14.12,281.42,39.09,1,-33,14,0,0,STAT,60,LAT,LON,W,CRC
02/22/26 22:20:27,22.49,334.55,20.16,10.81,6.74,526.40,21.40,29.70,0.00,0.00,0.03,0.00,0.00,1,14.02,113.53,32.57,1,-33,14,0,0,STAT,60,LAT,LON,W,CRC
02/22/26 22:21:27,22.49,327.68,19.43,11.10,6.03,526.82,21.40,29.70,0.00,0.00,0.01,0.00,0.00,1,13.95,32.06,32.13,1,-31,14,0,0,STAT,60,LAT,LON,W,CRC
02/22/26 22:22:27,22.49,327.50,20.31,10.61,8.45,527.53,21.40,29.70,0.00,0.00,0.05,0.00,0.00,1,13.91,9.06,33.79,1,-31,14,0,0,STAT,60,LAT,LON,W,CRC
02/22/26 22:23:27,22.49,328.37,19.49,11.53,6.53,527.60,21.40,29.70,0.00,0.00,0.13,0.00,0.00,1,13.87,2.56,36.22,1,-32,14,0,0,STAT,60,LAT,LON,W,CRC
02/22/26 22:24:28,22.49,334.39,20.64,10.26,7.61,527.94,21.30,29.60,0.00,0.00,0.04,0.00,0.00,1,13.87,0.72,33.31,1,-32,12,0,0,STAT,60,LAT,LON,W,CRC
02/22/26 22:25:29,22.49,331.82,21.83,11.21,5.74,528.63,21.30,29.70,0.00,0.00,0.01,0.00,0.00,1,13.84,0.20,33.65,1,-32,12,0,0,STAT,60,LAT,LON,W,CRC
02/22/26 22:26:29,22.49,330.44,22.43,9.87,5.94,528.76,21.30,29.70,0.00,0.00,0.00,0.00,0.00,1,13.84,0.06,34.54,1,-32,11,0,0,STAT,60,LAT,LON,W,CRC
02/22/26 22:27:29,22.49,333.34,21.17,10.30,4.26,528.91,21.30,29.70,0.00,0.00,0.00,0.00,0.00,1,14.05,140.66,31.02,1,-31,12,0,0,STAT,60,LAT,LON,W,CRC
02/22/26 22:28:29,22.49,335.67,21.36,9.60,7.56,529.54,21.30,29.60,0.00,0.00,0.00,0.00,0.00,1,14.02,124.47,33.86,1,-32,11,0,0,STAT,60,LAT,LON,W,CRC
02/22/26 22:29:29,22.49,338.78,20.34,10.42,8.02,529.92,21.30,29.80,0.00,0.00,0.00,0.00,0.00,1,13.95,35.15,38.49,1,-33,11,0,0,STAT,60,LAT,LON,W,CRC
02/22/26 22:30:28,22.49,342.93,20.90,11.00,6.30,530.27,21.20,29.80,0.00,0.00,0.00,0.00,0.00,1,13.91,9.93,35.82,1,-33,12,0,0,STAT,60,LAT,LON,W,CRC
02/22/26 22:31:28,22.49,348.82,21.62,10.37,6.54,531.51,21.20,29.80,0.00,0.00,0.00,0.00,0.00,1,13.87,2.80,35.29,1,-35,13,0,0,STAT,60,LAT,LON,W,CRC
02/22/26 22:32:29,22.49,342.52,23.28,11.07,7.04,533.09,21.20,29.80,0.00,0.00,0.00,0.00,0.00,1,13.87,0.79,33.93,1,-33,11,0,0,STAT,60,LAT,LON,W,CRC
02/22/26 22:33:29,22.49,341.96,21.36,10.83,7.67,534.68,21.20,29.80,0.00,0.00,0.00,0.00,0.00,1,13.84,0.22,34.02,1,-33,12,0,0,STAT,60,LAT,LON,W,CRC
02/22/26 22:34:29,22.48,341.58,22.59,11.02,6.62,537.58,21.30,29.80,0.00,0.00,0.00,0.00,0.00,1,13.84,0.06,31.78,1,-33,11,0,0,STAT,60,LAT,LON,W,CRC
02/22/26 22:35:29,22.48,348.23,20.49,11.27,6.38,539.65,21.30,29.80,0.00,0.00,0.00,0.00,0.00,1,14.09,184.91,32.21,1,-35,12,0,0,STAT,60,LAT,LON,W,CRC
02/22/26 22:36:29,22.49,351.37,21.00,11.84,6.94,540.53,21.30,29.70,0.00,0.00,0.00,0.00,0.00,1,13.98,52.22,33.98,1,-36,12,0,0,STAT,60,LAT,LON,W,CRC
02/22/26 22:37:29,22.49,347.14,19.31,10.97,6.51,540.83,21.30,29.70,0.00,0.00,0.00,0.00,0.00,1,13.91,14.75,36.11,1,-34,14,0,0,STAT,60,LAT,LON,W,CRC
02/22/26 22:38:30,22.49,351.68,19.69,11.89,6.11,540.94,21.30,29.70,0.00,0.00,0.00,0.00,0.00,1,13.91,4.17,32.31,1,-35,13,0,0,STAT,60,LAT,LON,W,CRC
02/22/26 22:39:25,22.49,340.96,22.08,10.54,6.69,540.98,21.30,29.70,-1.00,-1.00,-1.00,0.00,0.00,1,13.87,1.31,32.92,1,-32,11,-1,0,STAT,20,LAT,LON,W,CRC
02/22/26 22:40:25,22.48,353.33,22.76,10.94,8.14,540.70,21.30,29.70,0.00,0.00,0.00,0.00,0.00,1,13.84,0.37,35.99,1,-35,11,0,0,STAT,60,LAT,LON,W,CRC
02/22/26 22:41:26,22.48,350.82,21.14,11.17,8.36,540.25,21.30,29.70,0.00,0.03,0.07,0.00,0.00,1,13.84,0.10,33.05,1,-35,12,0,1,STAT,60,LAT,LON,W,CRC
02/22/26 22:42:26,22.48,352.79,22.00,11.20,8.85,539.98,21.30,29.70,0.00,0.01,0.02,0.00,0.00,1,13.84,0.03,33.16,1,-34,11,0,0,STAT,60,LAT,LON,W,CRC
02/22/26 22:43:26,22.48,357.59,20.00,10.68,9.70,539.99,21.20,29.70,0.00,0.00,0.01,0.00,0.00,1,14.16,216.66,34.77,1,-34,12,0,1,STAT,60,LAT,LON,W,CRC
02/22/26 22:44:26,22.48,359.83,19.37,11.17,7.14,540.00,21.20,29.70,0.00,0.00,0.00,0.00,0.00,1,13.98,69.59,31.81,1,-36,12,0,0,STAT,60,LAT,LON,W,CRC
02/22/26 22:45:27,22.48,351.04,19.67,9.72,8.20,539.66,21.20,29.80,0.00,0.00,0.15,0.00,0.00,1,13.95,19.66,37.08,1,-33,12,0,0,STAT,60,LAT,LON,W,CRC
02/22/26 22:46:27,22.48,352.89,20.80,9.72,7.04,539.88,21.20,29.80,0.00,0.00,0.05,0.00,0.00,1,13.91,5.55,34.22,1,-33,12,0,0,STAT,60,LAT,LON,W,CRC
02/22/26 22:47:27,22.48,354.44,23.37,10.06,7.61,540.12,21.20,29.80,0.00,0.00,0.02,0.00,0.00,1,13.87,1.57,31.89,1,-33,11,0,0,STAT,60,LAT,LON,W,CRC
02/22/26 22:48:28,22.48,353.66,21.31,10.70,5.46,541.03,21.20,29.80,0.00,0.00,0.01,0.00,0.00,1,13.87,0.44,33.17,1,-34,12,0,0,STAT,60,LAT,LON,W,CRC
02/22/26 22:49:28,22.48,357.10,21.23,11.17,6.18,542.20,21.30,29.80,0.00,0.00,0.00,0.00,0.00,1,13.84,0.13,34.81,1,-35,11,0,0,STAT,60,LAT,LON,W,CRC
02/22/26 22:50:28,22.48,362.68,22.33,10.53,8.36,544.36,21.30,29.90,0.00,0.12,0.39,0.00,0.00,1,13.84,0.04,31.39,1,-36,10,0,1,STAT,60,LAT,LON,W,CRC
02/22/26 22:51:29,22.48,361.97,22.84,10.90,9.75,544.47,21.30,29.90,0.00,0.04,0.15,0.00,0.00,1,14.05,157.39,35.56,1,-35,10,0,1,STAT,60,LAT,LON,W,CRC
02/22/26 22:52:29,22.48,366.50,23.09,11.47,7.39,544.65,21.30,29.90,0.00,0.01,0.05,0.00,0.00,1,13.98,44.45,33.52,1,-36,11,0,0,STAT,60,LAT,LON,W,CRC
02/22/26 22:53:29,22.48,367.12,20.73,11.18,6.88,543.11,21.30,29.80,0.00,0.00,0.02,0.00,0.00,1,13.95,12.55,31.38,1,-35,11,0,0,STAT,60,LAT,LON,W,CRC
02/22/26 22:54:29,22.48,368.71,20.50,12.38,7.27,542.59,21.30,29.90,0.00,0.00,0.01,0.00,0.00,1,13.91,3.55,32.64,1,-36,12,0,0,STAT,60,LAT,LON,W,CRC
02/22/26 22:55:29,22.48,362.47,22.15,10.43,7.51,542.21,21.30,29.90,0.00,0.00,0.00,0.00,0.00,1,13.87,1.00,34.11,1,-34,10,0,0,STAT,60,LAT,LON,W,CRC
02/22/26 22:56:31,22.48,365.35,22.20,11.28,5.69,542.43,21.30,29.90,0.00,0.00,0.00,0.00,0.00,1,13.87,0.28,35.36,1,-34,10,0,0,STAT,60,LAT,LON,W,CRC
02/22/26 22:57:31,22.48,369.22,21.70,10.65,4.91,542.80,21.20,29.90,0.00,0.00,0.00,0.00,0.00,1,13.84,0.08,33.98,1,-36,10,-1,0,STAT,60,LAT,LON,W,CRC
02/22/26 22:58:31,22.48,372.61,18.97,10.20,6.71,542.93,21.20,29.90,0.00,0.00,0.00,0.00,0.00,1,13.84,0.02,35.02,1,-36,12,-1,0,STAT,60,LAT,LON,W,CRC
02/22/26 22:59:31,22.48,373.07,21.41,11.76,5.83,543.32,21.20,30.00,0.00,0.00,0.00,0.00,0.00,1,14.05,130.43,30.92,1,-35,11,0,0,STAT,60,LAT,LON,W,CRC
02/22/26 23:00:31,22.48,376.17,19.42,12.40,5.70,543.95,21.20,30.00,0.00,0.00,0.00,0.00,0.00,1,13.98,36.84,31.81,1,-35,12,0,0,STAT,60,LAT,LON,W,CRC
02/22/26 23:01:32,22.48,368.03,20.75,12.21,5.61,545.92,21.20,30.00,0.00,0.00,0.00,0.00,0.00,1,13.91,10.40,37.88,1,-33,10,0,0,STAT,60,LAT,LON,W,CRC
02/22/26 23:02:32,22.47,378.06,22.37,9.95,7.83,548.53,21.20,30.10,0.00,0.00,0.06,0.00,0.00,1,13.91,2.94,33.74,1,-36,10,0,0,STAT,60,LAT,LON,W,CRC
02/22/26 23:03:32,22.47,381.86,21.74,10.33,6.88,549.84,21.20,30.10,0.00,0.00,0.02,0.00,0.00,1,13.87,0.83,32.59,1,-37,11,0,0,STAT,60,LAT,LON,W,CRC
02/22/26 23:04:32,22.47,377.25,21.69,11.88,5.19,550.75,21.20,30.10,0.00,0.00,0.01,0.00,0.00,1,13.87,0.23,33.30,1,-36,10,0,0,STAT,60,LAT,LON,W,CRC
02/22/26 23:05:33,22.47,374.29,20.68,11.02,5.80,551.56,21.20,30.10,0.00,0.00,0.00,0.00,0.00,1,13.84,0.07,33.28,1,-35,11,0,0,STAT,60,LAT,LON,W,CRC
02/22/26 23:06:32,22.46,376.30,21.04,10.74,5.01,552.49,21.20,30.10,0.00,0.08,0.08,0.00,0.00,1,14.16,226.35,38.40,1,-35,9,0,0,STAT,60,LAT,LON,W,CRC
02/22/26 23:07:32,22.47,379.02,21.16,10.66,5.45,552.74,21.20,30.10,0.00,0.14,0.39,0.00,0.00,1,14.02,72.23,34.38,1,-36,10,0,0,STAT,60,LAT,LON,W,CRC
02/22/26 23:08:32,22.47,383.63,22.87,11.17,4.86,552.34,21.30,30.10,0.00,0.05,0.14,0.00,0.00,1,13.95,20.40,35.06,1,-39,10,0,0,STAT,60,LAT,LON,W,CRC
02/22/26 23:09:32,22.47,376.04,22.11,10.52,5.88,552.12,21.20,30.10,0.00,0.02,0.05,0.00,0.00,1,13.91,5.76,32.53,1,-35,9,0,0,STAT,60,LAT,LON,W,CRC
02/22/26 23:10:32,22.47,386.89,22.83,10.93,5.32,552.60,21.30,30.10,0.00,0.03,0.04,0.00,0.00,1,13.87,1.63,31.69,1,-38,10,0,0,STAT,60,LAT,LON,W,CRC
02/22/26 23:11:29,22.47,387.72,23.58,10.40,5.29,552.36,21.20,30.10,0.00,0.01,0.01,0.00,0.00,1,13.87,0.51,34.49,1,-38,9,0,0,STAT,60,LAT,LON,W,CRC
02/22/26 23:12:29,22.47,376.17,20.88,11.43,5.03,551.76,21.20,30.10,0.00,0.00,0.00,0.00,0.00,1,13.84,0.14,35.83,1,-35,10,0,0,STAT,60,LAT,LON,W,CRC
02/22/26 23:13:29,22.47,372.00,20.93,11.37,5.25,551.33,21.20,30.20,0.00,0.00,0.00,0.00,0.00,1,13.84,0.04,34.17,1,-34,10,0,0,STAT,60,LAT,LON,W,CRC
02/22/26 23:14:29,22.47,373.62,20.44,10.64,6.92,551.92,21.20,30.20,0.00,0.00,0.00,0.00,0.00,1,14.09,229.30,31.03,1,-34,11,0,0,STAT,60,LAT,LON,W,CRC
02/22/26 23:15:29,22.47,377.39,20.20,10.40,4.87,552.76,21.20,30.30,0.00,0.00,0.00,0.00,0.00,1,14.02,121.39,31.76,1,-35,11,0,0,STAT,60,LAT,LON,W,CRC
02/22/26 23:16:30,22.47,379.79,22.19,9.84,5.35,553.88,21.20,30.30,0.00,0.12,0.12,0.00,0.00,1,13.95,34.28,32.90,1,-36,10,-1,0,STAT,60,LAT,LON,W,CRC
02/22/26 23:17:31,22.47,382.37,19.60,12.01,6.10,555.22,21.20,30.30,0.00,0.04,0.04,0.00,0.00,1,13.91,9.68,36.01,1,-36,11,0,0,STAT,60,LAT,LON,W,CRC
02/22/26 23:18:31,22.47,387.10,20.25,11.63,5.68,556.78,21.20,30.30,0.00,0.01,0.01,0.00,0.00,1,13.87,2.73,34.81,1,-37,11,-1,0,STAT,60,LAT,LON,W,CRC
02/22/26 23:19:31,22.46,389.96,22.93,11.35,6.62,558.32,21.20,30.40,0.00,0.00,0.00,0.00,0.00,1,13.87,0.77,33.71,1,-38,10,0,0,STAT,60,LAT,LON,W,CRC
02/22/26 23:20:31,22.45,385.13,22.69,11.55,4.99,560.64,21.20,30.40,0.00,0.00,0.00,0.00,0.00,1,13.84,0.22,31.65,1,-37,9,0,0,STAT,60,LAT,LON,W,CRC
02/22/26 23:21:31,22.43,383.77,22.81,11.81,5.02,561.60,21.20,30.40,0.00,0.00,0.00,0.00,0.00,1,13.84,0.06,34.19,1,-36,10,0,0,STAT,60,LAT,LON,W,CRC
02/22/26 23:22:34,22.42,392.04,21.31,12.26,5.37,562.96,21.20,30.40,0.00,0.00,0.00,0.00,0.00,1,14.09,159.48,33.23,1,-39,10,0,0,STAT,60,LAT,LON,W,CRC
02/22/26 23:23:35,22.40,390.67,19.32,13.02,3.77,565.57,21.20,30.40,0.00,0.00,0.00,0.00,0.00,1,13.98,45.04,34.82,1,-39,12,0,0,STAT,60,LAT,LON,W,CRC
02/22/26 23:24:35,22.40,390.30,20.50,12.20,4.23,567.22,21.20,30.40,0.00,0.00,0.00,0.00,0.00,1,13.95,12.72,31.85,1,-39,11,0,0,STAT,60,LAT,LON,W,CRC
02/22/26 23:25:35,22.39,397.53,22.76,11.04,5.56,567.02,21.20,30.40,0.00,0.00,0.11,0.00,0.00,1,13.91,3.59,33.47,1,-39,9,0,0,STAT,60,LAT,LON,W,CRC
02/22/26 23:26:35,22.39,416.84,20.68,11.30,4.93,565.99,21.20,30.40,0.00,0.00,0.10,0.00,0.00,1,13.87,1.01,33.82,1,-39,11,0,0,STAT,60,LAT,LON,W,CRC
02/22/26 23:27:34,22.40,431.57,23.15,10.72,6.19,564.86,21.20,30.40,0.00,0.00,0.28,0.00,0.00,1,13.84,0.29,46.07,1,-40,9,0,0,STAT,60,LAT,LON,W,CRC
02/22/26 23:28:34,22.40,438.47,21.30,11.69,7.14,564.60,21.20,30.40,0.00,0.18,0.27,0.00,0.00,1,13.84,0.08,37.77,1,-38,10,0,0,STAT,60,LAT,LON,W,CRC
02/22/26 23:29:34,22.41,438.17,19.75,11.35,7.68,564.86,21.20,30.50,0.00,0.06,0.09,0.00,0.00,1,13.84,0.02,33.50,1,-36,11,0,1,STAT,60,LAT,LON,W,CRC
02/22/26 23:30:34,22.41,440.71,20.26,12.37,5.40,565.18,21.20,30.50,0.00,0.02,0.21,0.00,0.00,1,14.12,267.13,34.81,1,-38,11,0,0,STAT,60,LAT,LON,W,CRC
02/22/26 23:31:35,22.42,432.91,20.47,11.09,5.30,565.71,21.20,30.50,0.00,0.04,0.11,0.00,0.00,1,13.98,75.45,32.12,1,-37,11,-1,0,STAT,60,LAT,LON,W,CRC
02/22/26 23:32:31,22.42,424.76,23.03,11.31,3.74,565.89,21.20,30.50,0.00,0.02,0.04,0.00,0.00,1,13.95,23.68,38.56,1,-36,10,-1,0,STAT,60,LAT,LON,W,CRC
02/22/26 23:33:31,22.42,420.29,23.07,11.22,5.29,565.96,21.20,30.50,0.00,0.01,0.01,0.00,0.00,1,13.91,6.69,33.50,1,-34,9,0,0,STAT,60,LAT,LON,W,CRC
02/22/26 23:34:31,22.42,423.95,24.11,11.25,6.10,566.10,21.20,30.60,0.00,0.00,0.00,0.00,0.00,1,13.87,1.89,32.12,1,-36,8,0,0,STAT,60,LAT,LON,W,CRC
02/22/26 23:35:31,22.42,417.99,21.86,12.12,5.37,566.68,21.30,30.50,0.00,0.00,0.00,0.00,0.00,1,13.87,0.53,33.22,1,-34,11,0,0,STAT,60,LAT,LON,W,CRC
02/22/26 23:36:31,22.43,427.22,23.44,11.45,5.22,566.81,21.30,30.60,0.00,0.03,0.03,0.00,0.00,1,13.84,0.15,34.05,1,-38,9,0,0,STAT,60,LAT,LON,W,CRC
02/22/26 23:37:37,22.44,429.70,23.98,12.21,4.74,566.87,21.30,30.50,0.00,0.02,0.02,0.00,0.00,1,14.05,146.49,33.74,1,-39,9,0,0,STAT,60,LAT,LON,W,CRC
02/22/26 23:38:32,22.45,417.33,21.06,14.05,5.02,566.95,21.30,30.60,0.00,0.01,0.04,0.00,0.00,1,14.05,141.10,35.37,1,-36,11,0,0,STAT,60,LAT,LON,W,CRC
02/22/26 23:39:32,22.46,426.75,19.51,14.01,4.67,566.98,21.30,30.60,0.00,0.00,0.20,0.00,0.00,1,13.95,39.85,34.25,1,-40,12,0,0,STAT,60,LAT,LON,W,CRC
02/22/26 23:40:32,22.47,416.58,20.29,12.46,5.77,566.99,21.30,30.60,0.00,0.06,0.13,0.00,0.00,1,13.91,11.25,30.68,1,-37,12,0,0,STAT,60,LAT,LON,W,CRC
02/22/26 23:41:32,22.47,414.92,20.45,13.23,5.80,567.35,21.30,30.60,0.00,0.02,0.04,0.00,0.00,1,13.91,3.18,32.48,1,-36,11,0,0,STAT,60,LAT,LON,W,CRC
02/22/26 23:42:32,22.47,410.33,20.67,12.16,4.95,567.69,21.30,30.60,0.00,0.05,0.05,0.00,0.00,1,13.87,0.90,32.80,1,-35,12,0,0,STAT,60,LAT,LON,W,CRC
02/22/26 23:43:33,22.48,415.41,22.27,11.73,5.79,567.27,21.30,30.60,0.00,0.02,0.02,0.00,0.00,1,13.84,0.25,33.02,1,-37,11,0,0,STAT,60,LAT,LON,W,CRC
02/22/26 23:44:33,22.48,414.22,22.27,10.88,7.15,567.64,21.30,30.60,0.00,0.04,0.04,0.00,0.00,1,13.84,0.07,34.37,1,-37,10,0,0,STAT,60,LAT,LON,W,CRC
02/22/26 23:45:34,22.48,414.27,22.53,11.61,6.45,566.82,21.30,30.60,0.00,0.01,0.01,0.00,0.00,1,13.84,0.02,34.98,1,-38,10,0,0,STAT,60,LAT,LON,W,CRC
02/22/26 23:46:34,22.48,412.51,23.15,11.19,7.73,565.55,21.30,30.70,0.00,0.00,0.00,0.00,0.00,1,14.05,134.65,30.97,1,-37,9,0,0,STAT,60,LAT,LON,W,CRC
02/22/26 23:47:34,22.48,407.54,20.93,11.96,6.11,564.17,21.20,30.70,0.00,0.02,0.02,0.00,0.00,1,13.98,38.03,33.89,1,-37,10,0,0,STAT,60,LAT,LON,W,CRC
02/22/26 23:48:34,22.48,406.25,20.73,11.26,7.35,562.82,21.20,30.70,0.00,0.01,0.01,0.00,0.00,1,13.91,10.74,39.90,1,-36,12,0,0,STAT,60,LAT,LON,W,CRC
02/22/26 23:49:34,22.48,411.12,20.57,11.83,6.53,562.38,21.20,30.70,0.00,0.00,0.00,0.00,0.00,1,13.91,3.03,36.37,1,-37,11,0,0,STAT,60,LAT,LON,W,CRC
02/22/26 23:50:34,22.48,409.20,20.71,12.61,3.00,562.13,21.20,30.80,0.00,0.17,0.17,0.00,0.00,1,13.87,0.86,32.14,1,-38,11,0,0,STAT,60,LAT,LON,W,CRC
02/22/26 23:51:34,22.48,408.82,20.24,12.11,5.64,562.61,21.20,30.80,0.00,0.20,0.20,0.00,0.00,1,13.87,0.24,33.07,1,-37,12,0,0,STAT,60,LAT,LON,W,CRC
02/22/26 23:52:34,22.47,407.64,20.48,12.29,5.97,565.39,21.20,30.90,0.00,0.07,0.07,0.00,0.00,1,13.84,0.07,35.64,1,-37,11,0,0,STAT,60,LAT,LON,W,CRC
02/22/26 23:53:35,22.47,403.39,20.89,12.10,4.57,568.55,21.20,30.90,0.00,0.02,0.02,0.00,0.00,1,14.16,215.01,33.16,1,-36,11,0,0,STAT,60,LAT,LON,W,CRC
02/22/26 23:54:35,22.47,407.43,19.81,12.60,3.70,572.98,21.20,31.00,0.00,0.01,0.01,0.00,0.00,1,13.98,60.72,33.05,1,-37,12,0,0,STAT,60,LAT,LON,W,CRC
02/22/26 23:55:35,22.47,410.98,20.01,13.50,4.56,577.39,21.20,31.00,0.00,0.00,0.00,0.00,0.00,1,13.95,17.15,32.76,1,-38,11,0,0,STAT,60,LAT,LON,W,CRC
02/22/26 23:56:35,22.47,411.77,20.50,12.58,4.90,579.19,21.20,30.90,0.00,0.00,0.00,0.00,0.00,1,13.91,4.84,34.66,1,-38,11,0,0,STAT,60,LAT,LON,W,CRC
02/22/26 23:57:35,22.47,407.09,20.00,12.15,4.42,579.71,21.20,30.90,0.00,0.00,0.00,0.00,0.00,1,13.87,1.37,31.86,1,-37,12,0,0,STAT,60,LAT,LON,W,CRC
02/22/26 23:58:35,22.47,425.92,22.81,11.54,6.11,578.59,21.30,30.90,0.00,0.00,0.00,0.00,0.00,1,13.87,0.39,36.76,1,-39,9,0,0,STAT,60,LAT,LON,W,CRC
02/22/26 23:59:35,22.47,436.03,21.31,11.71,3.23,576.61,21.20,30.90,0.00,0.00,0.00,0.00,0.00,1,13.84,0.11,35.27,1,-39,10,0,0,STAT,60,LAT,LON,W,CRC
02/23/26 00:00:35,22.47,432.72,21.39,11.91,4.99,574.34,21.20,31.00,0.00,0.00,0.00,0.00,0.00,1,13.84,0.03,33.82,1,-37,9,0,0,STAT,60,LAT,LON,W,CRC
02/23/26 00:01:35,22.46,443.96,20.82,11.26,5.65,571.82,21.20,30.90,0.00,0.00,0.00,0.00,0.00,1,14.12,308.40,32.27,1,-35,10,0,0,STAT,60,LAT,LON,W,CRC
02/23/26 00:02:36,22.47,453.63,21.85,11.69,5.13,571.13,21.20,31.00,0.00,0.00,0.00,0.00,0.00,1,14.02,106.62,33.08,1,-38,10,0,0,STAT,60,LAT,LON,W,CRC
02/23/26 00:03:36,22.47,447.43,18.82,11.77,3.63,571.39,21.20,30.90,0.00,0.11,0.11,0.00,0.00,1,13.95,30.11,41.05,1,-37,12,0,0,STAT,60,LAT,LON,W,CRC
02/23/26 00:04:36,22.47,441.20,22.07,12.09,4.26,571.75,21.20,30.90,0.00,0.05,0.05,0.00,0.00,1,13.91,8.50,33.24,1,-35,10,0,0,STAT,60,LAT,LON,W,CRC
02/23/26 00:05:36,22.47,442.74,20.50,12.61,3.85,571.84,21.20,30.90,0.00,0.02,0.02,0.00,0.00,1,13.87,2.40,32.17,1,-37,12,0,0,STAT,60,LAT,LON,W,CRC
02/23/26 00:06:36,22.47,439.49,21.88,12.52,4.29,571.55,21.20,30.90,0.00,0.01,0.01,0.00,0.00,1,13.87,0.68,33.81,1,-36,10,0,0,STAT,60,LAT,LON,W,CRC
02/23/26 00:07:36,22.47,442.60,23.74,12.27,4.56,571.84,21.30,31.00,0.00,0.00,0.00,0.00,0.00,1,13.84,0.19,33.20,1,-38,9,0,0,STAT,60,LAT,LON,W,CRC
02/23/26 00:08:36,22.47,435.57,21.58,12.37,5.25,571.67,21.20,31.00,0.00,0.00,0.00,0.00,0.00,1,13.80,0.05,34.20,1,-37,10,0,0,STAT,60,LAT,LON,W,CRC
02/23/26 00:09:38,22.47,431.11,22.63,12.34,5.09,571.24,21.30,31.00,0.00,0.05,0.05,0.00,0.00,1,14.05,154.82,37.59,1,-36,9,0,0,STAT,60,LAT,LON,W,CRC
02/23/26 00:10:38,22.47,437.90,22.73,12.81,5.20,570.50,21.30,31.00,0.00,0.06,0.06,0.00,0.00,1,13.98,43.73,33.56,1,-38,9,0,0,STAT,60,LAT,LON,W,CRC
02/23/26 00:11:38,22.47,431.68,20.91,12.67,4.71,571.09,21.30,31.00,0.00,0.02,0.02,0.00,0.00,1,13.91,12.35,33.19,1,-37,10,0,0,STAT,60,LAT,LON,W,CRC
02/23/26 00:12:39,22.48,442.32,20.55,12.08,5.58,571.53,21.30,31.00,0.00,0.01,0.01,0.00,0.00,1,13.91,3.49,33.83,1,-41,10,-1,0,STAT,60,LAT,LON,W,CRC
02/23/26 00:13:39,22.48,432.49,21.58,11.59,4.01,571.55,21.30,30.90,0.00,0.00,0.00,0.00,0.00,1,13.87,0.99,34.56,1,-37,9,0,0,STAT,60,LAT,LON,W,CRC
02/23/26 00:14:38,22.48,434.25,23.10,12.12,3.83,570.85,21.40,31.00,0.00,0.00,0.00,0.00,0.00,1,13.84,0.28,34.35,1,-38,9,0,0,STAT,60,LAT,LON,W,CRC
02/23/26 00:15:38,22.48,435.20,22.95,11.92,4.78,569.73,21.30,30.90,0.00,0.00,0.00,0.00,0.00,1,13.84,0.08,34.54,1,-38,10,0,0,STAT,60,LAT,LON,W,CRC
02/23/26 00:16:38,22.48,428.44,22.82,11.34,6.03,567.91,21.30,31.00,0.00,0.28,0.33,0.00,0.00,1,13.84,0.02,35.95,1,-37,10,0,0,STAT,60,LAT,LON,W,CRC
02/23/26 00:17:38,22.48,424.05,21.39,11.16,3.90,566.06,21.30,31.00,0.00,0.09,0.11,0.00,0.00,1,14.05,209.82,32.57,1,-36,10,-1,0,STAT,60,LAT,LON,W,CRC
02/23/26 00:18:39,22.48,426.37,21.38,12.55,4.52,564.34,21.30,31.00,0.00,0.03,0.03,0.00,0.00,1,13.98,59.26,32.46,1,-37,10,0,0,STAT,60,LAT,LON,W,CRC
02/23/26 00:19:39,22.49,419.69,20.71,12.60,5.25,562.60,21.30,31.00,0.00,0.01,0.03,0.00,0.00,1,13.95,16.74,33.97,1,-36,10,0,0,STAT,60,LAT,LON,W,CRC
02/23/26 00:20:39,22.49,413.05,20.51,11.95,6.12,562.26,21.20,31.00,0.00,0.05,0.05,0.00,0.00,1,13.91,4.73,33.95,1,-34,10,0,0,STAT,60,LAT,LON,W,CRC
02/23/26 00:21:39,22.49,415.90,21.03,12.33,5.08,562.16,21.20,31.10,0.00,0.02,0.02,0.00,0.00,1,13.87,1.34,30.91,1,-34,10,0,0,STAT,60,LAT,LON,W,CRC
02/23/26 00:22:39,22.49,418.56,20.26,11.42,4.63,561.60,21.20,31.10,0.00,0.20,0.20,0.00,0.00,1,13.87,0.38,32.55,1,-36,10,0,0,STAT,60,LAT,LON,W,CRC
02/23/26 00:23:35,22.49,421.15,20.22,12.77,3.67,561.23,21.20,31.10,0.00,0.16,0.16,0.00,0.00,1,13.84,0.12,33.63,1,-36,9,0,0,STAT,60,LAT,LON,W,CRC
02/23/26 00:24:37,22.49,418.88,22.42,12.83,4.19,561.24,21.20,31.20,0.00,0.05,0.05,0.00,0.00,1,14.12,170.13,38.43,1,-35,8,0,0,STAT,60,LAT,LON,W,CRC
02/23/26 00:25:37,22.48,416.22,21.85,11.76,3.45,561.67,21.20,31.20,0.00,0.02,0.02,0.00,0.00,1,14.02,85.27,32.44,1,-35,8,0,0,STAT,60,LAT,LON,W,CRC
02/23/26 00:26:37,22.48,415.81,20.70,11.46,7.11,562.40,21.20,31.30,0.00,0.07,0.38,0.00,0.00,1,13.95,24.08,32.99,1,-35,10,0,0,STAT,60,LAT,LON,W,CRC
02/23/26 00:27:37,22.48,419.43,24.10,11.33,5.01,562.74,21.20,31.30,0.00,0.02,0.12,0.00,0.00,1,13.91,6.80,37.14,1,-36,8,0,0,STAT,60,LAT,LON,W,CRC
02/23/26 00:28:37,22.48,415.15,21.60,11.73,4.61,562.41,21.20,31.30,0.00,0.01,0.04,0.00,0.00,1,13.91,1.92,33.71,1,-36,10,0,0,STAT,60,LAT,LON,W,CRC
02/23/26 00:29:38,22.48,425.42,20.44,11.87,3.05,560.87,21.20,31.30,0.00,0.00,0.01,0.00,0.00,1,13.87,0.54,36.76,1,-38,10,0,0,STAT,60,LAT,LON,W,CRC
02/23/26 00:30:38,22.48,438.22,21.02,11.61,8.69,559.93,21.20,31.30,0.00,0.33,0.33,0.00,0.00,1,13.84,0.15,39.33,1,-39,9,0,2,STAT,60,LAT,LON,W,CRC
02/23/26 00:31:38,22.47,440.29,21.40,11.55,7.02,559.02,21.20,31.30,0.00,0.14,0.18,0.00,0.00,1,13.84,0.04,32.94,1,-38,9,0,0,STAT,60,LAT,LON,W,CRC
02/23/26 00:32:38,22.47,446.16,20.72,12.56,5.80,556.09,21.20,31.30,0.00,0.22,0.24,0.00,0.00,1,13.98,165.82,32.49,1,-37,10,0,0,STAT,60,LAT,LON,W,CRC
02/23/26 00:33:38,22.47,455.83,20.98,11.32,5.33,554.98,21.20,31.20,0.00,0.07,0.08,0.00,0.00,1,14.02,145.63,32.30,1,-38,10,0,0,STAT,60,LAT,LON,W,CRC
02/23/26 00:34:39,22.47,450.27,21.72,12.82,4.54,554.34,21.20,31.20,0.00,0.02,0.03,0.00,0.00,1,13.95,41.13,33.94,1,-37,10,0,0,STAT,60,LAT,LON,W,CRC
02/23/26 00:35:39,22.47,443.92,22.24,11.42,3.33,554.12,21.20,31.20,0.00,0.01,0.01,0.00,0.00,1,13.91,11.62,33.72,1,-36,9,0,0,STAT,60,LAT,LON,W,CRC
02/23/26 00:36:39,22.47,442.48,19.79,11.34,4.42,554.98,21.20,31.20,0.00,0.00,0.00,0.00,0.00,1,13.91,3.28,34.01,1,-37,10,0,0,STAT,60,LAT,LON,W,CRC
02/23/26 00:37:39,22.48,443.38,22.21,12.08,3.85,556.42,21.20,31.20,0.00,0.00,0.00,0.00,0.00,1,13.87,0.93,33.56,1,-38,8,0,0,STAT,60,LAT,LON,W,CRC
02/23/26 00:38:39,22.47,440.76,22.42,12.18,3.96,558.40,21.20,31.20,0.00,0.00,0.00,0.00,0.00,1,13.84,0.26,32.46,1,-38,8,0,0,STAT,60,LAT,LON,W,CRC
02/23/26 00:39:39,22.48,434.73,21.96,11.07,4.68,561.36,21.20,31.30,0.00,0.00,0.00,0.00,0.00,1,13.84,0.07,31.94,1,-37,9,0,0,STAT,60,LAT,LON,W,CRC
02/23/26 00:40:40,22.47,439.25,20.33,12.13,3.28,564.13,21.20,31.40,0.00,0.00,0.00,0.00,0.00,1,14.09,186.07,34.92,1,-37,10,0,0,STAT,60,LAT,LON,W,CRC
02/23/26 00:41:40,22.47,440.45,21.64,11.33,3.66,570.70,21.30,31.40,0.00,0.00,0.00,0.00,0.00,1,13.98,52.55,35.63,1,-37,10,-1,0,STAT,60,LAT,LON,W,CRC
02/23/26 00:42:40,22.47,440.96,21.25,12.17,1.05,580.76,21.20,31.50,0.00,0.00,0.00,0.00,0.00,1,13.95,14.84,32.07,1,-38,10,0,0,STAT,60,LAT,LON,W,CRC
02/23/26 00:43:40,22.47,439.27,20.82,10.83,3.78,590.40,21.20,31.40,0.00,0.10,0.10,0.00,0.00,1,13.91,4.19,33.58,1,-37,11,0,0,STAT,60,LAT,LON,W,CRC
02/23/26 00:44:40,22.47,438.38,21.37,11.77,2.17,598.46,21.20,31.50,0.00,0.03,0.19,0.00,0.00,1,13.87,1.18,34.13,1,-35,10,0,0,STAT,60,LAT,LON,W,CRC
02/23/26 00:45:41,22.47,440.79,21.80,12.40,3.03,606.06,21.20,31.50,0.00,0.01,0.06,0.00,0.00,1,13.87,0.33,31.16,1,-36,8,0,0,STAT,60,LAT,LON,W,CRC
02/23/26 00:46:41,22.47,442.42,22.03,12.45,3.25,611.43,21.20,31.50,0.00,0.15,0.16,0.00,0.00,1,13.84,0.09,33.78,1,-36,9,0,0,STAT,60,LAT,LON,W,CRC
02/23/26 00:47:42,22.47,437.74,22.52,11.25,4.48,613.74,21.20,31.50,0.00,0.05,0.05,0.00,0.00,1,13.84,0.03,33.07,1,-35,9,-1,0,STAT,60,LAT,LON,W,CRC
02/23/26 00:48:42,22.46,446.47,21.42,11.62,2.33,615.33,21.20,31.60,0.00,0.02,0.02,0.00,0.00,1,14.12,201.35,33.66,1,-38,9,-1,0,STAT,60,LAT,LON,W,CRC
02/23/26 00:49:42,22.46,446.51,21.91,11.98,2.32,617.80,21.20,31.60,0.00,0.00,0.01,0.00,0.00,1,13.98,56.87,33.06,1,-39,8,0,0,STAT,60,LAT,LON,W,CRC
02/23/26 00:50:37,22.45,443.97,21.71,11.72,1.42,622.78,21.20,31.70,0.00,0.00,0.00,0.00,0.00,1,13.95,17.85,35.98,1,-36,9,-1,0,STAT,60,LAT,LON,W,CRC
02/23/26 00:51:37,22.43,446.15,21.12,11.98,0.44,628.47,21.20,31.70,0.00,0.11,0.11,0.00,0.00,1,13.91,5.04,33.84,1,-38,8,0,0,STAT,60,LAT,LON,W,CRC
02/23/26 00:52:37,22.41,448.74,21.74,11.33,1.06,630.76,21.20,31.60,0.00,0.03,0.03,0.00,0.00,1,13.87,1.42,34.04,1,-38,8,0,0,STAT,60,LAT,LON,W,CRC
02/23/26 00:53:37,22.40,445.41,20.82,12.12,1.18,631.56,21.20,31.60,0.00,0.05,0.05,0.00,0.00,1,13.87,0.40,35.21,1,-37,10,0,0,STAT,60,LAT,LON,W,CRC
02/23/26 00:54:38,22.39,439.68,22.61,11.28,0.53,631.85,21.20,31.60,0.00,0.02,0.02,0.00,0.00,1,13.84,0.11,33.59,1,-35,8,0,0,STAT,60,LAT,LON,W,CRC
02/23/26 00:55:43,22.39,441.05,22.59,10.95,1.88,632.41,21.20,31.60,0.00,0.01,0.01,0.00,0.00,1,13.84,0.03,33.36,1,-37,8,-1,0,STAT,60,LAT,LON,W,CRC
02/23/26 00:56:38,22.39,442.66,21.96,10.67,0.42,632.70,21.20,31.60,0.00,0.04,0.04,0.00,0.00,1,14.05,122.76,33.89,1,-37,9,-1,0,STAT,60,LAT,LON,W,CRC
02/23/26 00:57:38,22.39,447.34,21.62,11.12,1.92,632.89,21.20,31.60,0.00,0.03,0.03,0.00,0.00,1,13.98,34.67,33.34,1,-38,9,0,0,STAT,60,LAT,LON,W,CRC
02/23/26 00:58:38,22.39,443.12,19.50,10.76,1.12,632.91,21.20,31.50,0.00,0.01,0.01,0.00,0.00,1,13.91,9.79,31.93,1,-37,10,0,0,STAT,60,LAT,LON,W,CRC
02/23/26 00:59:38,22.39,444.81,21.09,11.09,2.06,631.55,21.10,31.50,0.00,0.06,0.06,0.00,0.00,1,13.91,2.77,33.44,1,-37,9,0,0,STAT,60,LAT,LON,W,CRC
02/23/26 01:00:39,22.39,444.99,19.95,11.43,1.96,628.51,21.10,31.40,0.00,0.02,0.02,0.00,0.00,1,13.87,0.78,34.69,1,-38,10,0,0,STAT,60,LAT,LON,W,CRC
02/23/26 01:01:39,22.39,441.19,22.09,11.63,1.13,622.76,21.10,31.40,0.00,0.01,0.01,0.00,0.00,1,13.87,0.22,32.69,1,-37,9,0,0,STAT,60,LAT,LON,W,CRC
02/23/26 01:02:39,22.39,441.18,22.07,10.77,2.12,619.54,21.10,31.40,0.00,0.26,0.26,0.00,0.00,1,13.84,0.06,33.39,1,-37,9,0,0,STAT,60,LAT,LON,W,CRC
02/23/26 01:03:39,22.39,443.07,22.47,11.54,0.06,616.31,21.10,31.40,0.00,0.15,0.15,0.00,0.00,1,13.84,0.02,34.32,1,-38,9,0,0,STAT,60,LAT,LON,W,CRC
02/23/26 01:04:39,22.39,441.02,21.33,10.83,0.57,614.36,21.10,31.40,0.00,0.05,0.05,0.00,0.00,1,14.05,175.85,32.28,1,-37,9,0,0,STAT,60,LAT,LON,W,CRC
02/23/26 01:05:39,22.39,434.62,21.44,10.94,1.68,613.48,21.10,31.40,0.00,0.02,0.21,0.00,0.00,1,13.98,49.67,31.95,1,-36,9,0,0,STAT,60,LAT,LON,W,CRC
02/23/26 01:06:40,22.39,441.01,22.35,11.74,2.14,612.52,21.10,31.40,0.00,0.03,0.17,0.00,0.00,1,13.91,14.03,39.46,1,-38,9,0,1,STAT,60,LAT,LON,W,CRC
02/23/26 01:07:40,22.39,436.20,22.49,11.01,-1.16,611.50,21.10,31.40,0.00,0.17,0.43,0.00,0.00,1,13.91,3.96,34.93,1,-36,8,0,0,STAT,60,LAT,LON,W,CRC
02/23/26 01:08:40,22.38,431.35,20.74,11.09,-1.20,609.42,21.00,31.40,0.00,0.06,0.44,0.00,0.00,1,13.87,1.12,33.26,1,-35,10,0,0,STAT,60,LAT,LON,W,CRC
02/23/26 01:09:40,22.38,434.38,20.71,11.28,1.28,607.40,21.00,31.40,0.00,0.02,0.14,0.00,0.00,1,13.87,0.32,32.89,1,-36,9,0,0,STAT,60,LAT,LON,W,CRC
02/23/26 01:10:40,22.38,432.45,21.02,10.56,2.57,605.19,21.00,31.40,0.00,0.01,0.04,0.00,0.00,1,13.84,0.09,35.05,1,-36,9,-1,0,STAT,60,LAT,LON,W,CRC
02/23/26 01:11:41,22.37,428.18,19.97,10.89,2.83,600.66,21.00,31.40,0.00,0.26,0.28,0.00,0.00,1,14.16,228.08,35.36,1,-34,10,0,0,STAT,60,LAT,LON,W,CRC
02/23/26 01:12:41,22.37,432.23,21.79,10.47,-0.55,597.83,21.00,31.40,0.00,0.10,0.10,0.00,0.00,1,13.98,64.42,32.96,1,-36,9,0,0,STAT,60,LAT,LON,W,CRC
02/23/26 01:13:41,22.37,425.56,23.60,12.05,-1.44,596.32,21.00,31.30,0.00,0.03,0.03,0.00,0.00,1,13.95,18.19,32.77,1,-34,7,0,0,STAT,60,LAT,LON,W,CRC
02/23/26 01:14:41,22.34,429.83,21.71,11.17,-0.32,596.07,21.00,31.30,0.00,0.01,0.40,0.00,0.00,1,13.91,5.14,33.32,1,-36,9,0,0,STAT,60,LAT,LON,W,CRC
02/23/26 01:15:41,22.31,439.46,20.68,11.81,-1.53,595.79,21.00,31.30,0.00,0.00,0.13,0.00,0.00,1,13.87,1.45,31.58,1,-38,10,0,0,STAT,60,LAT,LON,W,CRC
02/23/26 01:16:41,22.30,430.83,21.50,10.25,0.59,595.83,21.00,31.30,0.00,0.00,0.04,0.00,0.00,1,13.87,0.41,32.25,1,-35,10,0,0,STAT,60,LAT,LON,W,CRC
02/23/26 01:17:42,22.30,433.27,22.40,11.06,-0.23,595.62,21.00,31.20,0.00,0.09,0.11,0.00,0.00,1,13.84,0.12,34.14,1,-36,9,0,0,STAT,60,LAT,LON,W,CRC
02/23/26 01:18:42,22.29,430.42,22.68,11.30,0.43,594.57,21.00,31.20,0.00,0.22,0.25,0.00,0.00,1,13.84,0.03,30.99,1,-36,9,0,0,STAT,60,LAT,LON,W,CRC
02/23/26 01:19:42,22.29,424.12,22.11,10.40,0.34,594.12,21.00,31.30,0.00,0.07,0.08,0.00,0.00,1,14.12,264.85,31.32,1,-34,9,0,0,STAT,60,LAT,LON,W,CRC
02/23/26 01:20:42,22.29,434.17,20.96,10.41,0.76,593.15,20.90,31.30,0.00,0.02,0.03,0.00,0.00,1,14.02,108.22,31.49,1,-37,10,0,0,STAT,60,LAT,LON,W,CRC
02/23/26 01:21:42,22.29,436.80,20.91,9.35,-0.48,591.33,20.90,31.30,0.00,0.08,0.30,0.00,0.00,1,13.95,30.56,37.85,1,-38,9,-1,0,STAT,60,LAT,LON,W,CRC
02/23/26 01:22:42,22.29,434.84,20.75,9.91,-2.10,589.23,20.90,31.30,0.00,0.03,0.09,0.00,0.00,1,13.91,8.63,33.39,1,-38,9,0,-1,STAT,60,LAT,LON,W,CRC
02/23/26 01:23:42,22.29,434.97,23.03,10.20,-0.17,587.52,20.90,31.20,0.00,0.15,0.17,0.00,0.00,1,13.87,2.44,34.07,1,-38,8,-1,0,STAT,60,LAT,LON,W,CRC
02/23/26 01:24:42,22.29,431.11,21.30,10.12,1.74,587.18,20.90,31.30,0.00,0.06,0.07,0.00,0.00,1,13.87,0.69,34.19,1,-36,10,-1,0,STAT,60,LAT,LON,W,CRC
02/23/26 01:25:43,22.29,434.43,23.68,10.25,0.19,586.57,20.90,31.20,0.00,0.02,0.02,0.00,0.00,1,13.84,0.19,33.44,1,-37,8,-1,0,STAT,60,LAT,LON,W,CRC
02/23/26 01:26:43,22.29,430.28,23.13,10.91,-0.08,586.20,20.90,31.20,0.00,0.01,0.01,0.00,0.00,1,13.84,0.05,32.40,1,-36,8,0,0,STAT,60,LAT,LON,W,CRC
02/23/26 01:27:43,22.28,426.15,21.39,10.46,0.62,585.49,20.90,31.20,0.00,0.00,0.00,0.00,0.00,1,14.05,173.30,36.14,1,-36,9,0,0,STAT,60,LAT,LON,W,CRC
02/23/26 01:28:43,22.28,429.88,21.96,11.21,-0.83,585.17,20.90,31.20,0.00,0.00,0.00,0.00,0.00,1,13.98,48.95,33.76,1,-37,8,0,0,STAT,60,LAT,LON,W,CRC
02/23/26 01:29:43,22.27,434.30,20.88,10.17,-0.01,584.52,20.90,31.20,0.00,0.00,0.00,0.00,0.00,1,13.91,13.82,31.75,1,-38,9,0,0,STAT,60,LAT,LON,W,CRC
02/23/26 01:30:43,22.27,429.76,20.79,10.10,-0.62,583.90,20.90,31.20,0.00,0.00,0.00,0.00,0.00,1,13.91,3.90,32.61,1,-36,9,0,0,STAT,60,LAT,LON,W,CRC
02/23/26 01:31:43,22.25,425.26,23.36,10.97,-0.41,582.77,20.90,31.20,0.00,0.00,0.00,0.00,0.00,1,13.87,1.10,34.95,1,-35,7,0,0,STAT,60,LAT,LON,W,CRC
02/23/26 01:32:44,22.22,427.89,23.13,11.33,-0.97,582.27,20.90,31.30,0.00,0.00,0.00,0.00,0.00,1,13.84,0.31,36.92,1,-35,8,0,0,STAT,60,LAT,LON,W,CRC
02/23/26 01:33:44,22.20,431.21,22.38,9.87,-0.70,581.94,20.90,31.20,0.00,0.05,0.05,0.00,0.00,1,13.84,0.09,33.41,1,-36,9,-1,0,STAT,60,LAT,LON,W,CRC
02/23/26 01:34:44,22.20,425.47,21.87,10.66,0.32,581.33,20.80,31.20,0.00,0.02,0.02,0.00,0.00,1,13.80,0.02,33.44,1,-35,10,0,0,STAT,60,LAT,LON,W,CRC
02/23/26 01:35:44,22.19,429.78,23.11,10.41,0.57,580.53,20.80,31.20,0.00,0.01,0.01,0.00,0.00,1,14.05,197.22,35.78,1,-37,8,0,0,STAT,60,LAT,LON,W,CRC
02/23/26 01:36:44,22.19,434.12,23.42,11.10,-0.01,579.13,20.80,31.30,0.00,0.18,0.18,0.00,0.00,1,13.98,55.70,33.18,1,-38,8,0,0,STAT,60,LAT,LON,W,CRC
02/23/26 01:37:45,22.19,428.90,22.02,10.41,-0.21,578.63,20.80,31.20,0.00,0.23,0.23,0.00,0.00,1,13.91,15.73,38.67,1,-36,8,0,0,STAT,60,LAT,LON,W,CRC
02/23/26 01:38:46,22.19,424.54,22.63,10.16,-0.02,579.22,20.80,31.20,0.00,0.11,0.11,0.00,0.00,1,13.91,4.44,34.59,1,-35,8,0,0,STAT,60,LAT,LON,W,CRC
02/23/26 01:39:46,22.19,429.57,21.33,10.09,-0.48,580.52,20.80,31.10,0.00,0.04,0.04,0.00,0.00,1,13.87,1.25,33.06,1,-36,8,0,0,STAT,60,LAT,LON,W,CRC
02/23/26 01:40:46,22.19,427.62,22.00,10.79,-2.84,579.08,20.80,31.20,0.00,0.01,0.01,0.00,0.00,1,13.87,0.35,34.15,1,-35,8,0,0,STAT,60,LAT,LON,W,CRC
02/23/26 01:41:46,22.19,431.79,22.11,9.81,-1.35,577.15,20.80,31.20,0.00,0.28,0.28,0.00,0.00,1,13.84,0.10,32.71,1,-37,8,-1,0,STAT,60,LAT,LON,W,CRC
02/23/26 01:42:46,22.18,428.61,24.29,9.93,-1.88,575.95,20.80,31.20,0.00,0.26,0.26,0.00,0.00,1,14.12,255.79,34.60,1,-35,6,0,0,STAT,60,LAT,LON,W,CRC
02/23/26 01:43:46,22.19,432.26,22.17,10.22,-2.40,574.21,20.80,31.20,0.00,0.08,0.08,0.00,0.00,1,14.02,88.90,33.32,1,-37,8,0,0,STAT,60,LAT,LON,W,CRC
02/23/26 01:44:46,22.18,429.90,20.62,10.49,-0.74,573.60,20.80,31.20,0.00,0.03,0.03,0.00,0.00,1,13.95,25.11,35.79,1,-37,9,0,0,STAT,60,LAT,LON,W,CRC
02/23/26 01:45:46,22.18,424.62,21.17,10.94,-1.06,573.59,20.80,31.20,0.00,0.01,0.01,0.00,0.00,1,13.91,7.09,30.94,1,-35,9,0,0,STAT,60,LAT,LON,W,CRC
02/23/26 01:46:46,22.17,429.39,20.93,10.55,-1.71,573.14,20.80,31.20,0.00,0.00,0.00,0.00,0.00,1,13.87,2.00,31.44,1,-36,9,0,0,STAT,60,LAT,LON,W,CRC
02/23/26 01:47:47,22.17,430.65,21.23,10.41,-2.66,573.03,20.70,31.20,0.00,0.03,0.03,0.00,0.00,1,13.84,0.57,43.84,1,-37,8,0,0,STAT,60,LAT,LON,W,CRC
02/23/26 01:48:47,22.16,431.03,21.28,11.08,-2.24,572.95,20.80,31.20,0.00,0.01,0.01,0.00,0.00,1,13.84,0.16,33.92,1,-36,9,-1,0,STAT,60,LAT,LON,W,CRC
02/23/26 01:49:47,22.13,432.45,22.00,10.74,-2.25,570.96,20.80,31.10,0.00,0.00,0.00,0.00,0.00,1,13.84,0.05,32.28,1,-36,9,-1,0,STAT,60,LAT,LON,W,CRC
02/23/26 01:50:47,22.10,431.77,22.97,10.20,-1.28,570.42,20.80,31.20,0.00,0.00,0.00,0.00,0.00,1,14.12,195.70,33.42,1,-37,8,0,0,STAT,60,LAT,LON,W,CRC
02/23/26 01:51:48,22.10,437.42,21.47,11.19,-1.71,570.46,20.70,31.10,0.00,0.00,0.00,0.00,0.00,1,14.02,75.21,35.68,1,-39,8,0,0,STAT,60,LAT,LON,W,CRC
02/23/26 01:52:48,22.10,429.98,21.36,10.96,-1.39,570.69,20.70,31.20,0.00,0.00,0.00,0.00,0.00,1,13.95,21.24,32.03,1,-36,8,0,0,STAT,60,LAT,LON,W,CRC
02/23/26 01:53:43,22.09,435.21,20.82,10.27,-0.76,570.42,20.70,31.20,0.00,0.00,0.00,0.00,0.00,1,13.91,6.67,38.08,1,-37,9,0,0,STAT,60,LAT,LON,W,CRC
02/23/26 01:54:43,22.09,431.52,21.02,10.23,-0.75,569.96,20.70,31.10,0.00,0.00,0.00,0.00,0.00,1,13.87,1.88,36.31,1,-36,9,0,0,STAT,60,LAT,LON,W,CRC
02/23/26 01:55:43,22.09,433.29,20.72,10.20,0.42,569.34,20.70,31.20,0.00,0.07,0.07,0.00,0.00,1,13.87,0.53,34.52,1,-37,8,-1,0,STAT,60,LAT,LON,W,CRC
02/23/26 01:56:43,22.09,433.09,23.58,9.74,-2.42,568.62,20.70,31.20,0.00,0.42,0.42,0.00,0.00,1,13.84,0.15,33.33,1,-37,7,0,0,STAT,60,LAT,LON,W,CRC
02/23/26 01:57:43,22.09,432.03,22.58,9.23,-1.36,568.13,20.70,31.20,0.00,0.32,0.32,0.00,0.00,1,13.84,0.04,37.05,1,-37,7,0,0,STAT,60,LAT,LON,W,CRC
02/23/26 01:58:44,22.09,433.35,23.99,9.20,-1.18,567.40,20.70,31.10,0.00,0.10,0.10,0.00,0.00,1,14.09,187.07,36.65,1,-37,5,-1,0,STAT,60,LAT,LON,W,CRC
02/23/26 01:59:44,22.09,437.53,22.65,9.38,-1.18,567.14,20.70,31.20,0.00,0.03,0.03,0.00,0.00,1,13.98,52.83,32.79,1,-38,7,-1,0,STAT,60,LAT,LON,W,CRC
02/23/26 02:00:44,22.09,436.55,21.53,9.71,-1.03,566.82,20.70,31.10,0.00,0.01,0.01,0.00,0.00,1,13.95,14.92,32.61,1,-38,9,0,0,STAT,60,LAT,LON,W,CRC
02/23/26 02:01:44,22.09,437.43,22.92,9.96,-0.51,566.82,20.70,31.10,0.00,0.05,0.05,0.00,0.00,1,13.91,4.21,34.58,1,-38,7,0,0,STAT,60,LAT,LON,W,CRC
02/23/26 02:02:44,22.08,436.55,23.10,10.11,-0.62,566.00,20.70,31.20,0.00,0.05,0.05,0.00,0.00,1,13.87,1.19,32.58,1,-38,6,0,0,STAT,60,LAT,LON,W,CRC
02/23/26 02:03:45,22.08,436.28,24.15,9.95,-1.66,565.12,20.70,31.10,0.00,0.02,0.02,0.00,0.00,1,13.87,0.34,36.29,1,-37,6,0,0,STAT,60,LAT,LON,W,CRC
02/23/26 02:04:45,22.08,431.53,23.12,9.71,-0.39,564.93,20.70,31.20,0.00,0.01,0.01,0.00,0.00,1,13.84,0.09,34.19,1,-37,6,0,0,STAT,60,LAT,LON,W,CRC
02/23/26 02:05:45,22.07,434.34,21.44,9.77,-1.69,564.98,20.70,31.20,0.00,0.00,0.00,0.00,0.00,1,13.84,0.03,32.97,1,-37,8,-1,0,STAT,60,LAT,LON,W,CRC
02/23/26 02:06:45,22.06,437.40,22.57,9.68,0.91,564.22,20.70,31.10,0.00,0.00,0.00,0.00,0.00,1,14.12,255.77,31.89,1,-38,7,-1,0,STAT,60,LAT,LON,W,CRC
02/23/26 02:07:45,22.03,440.94,21.77,10.89,-0.91,562.76,20.70,31.20,0.00,0.04,0.04,0.00,0.00,1,13.98,72.24,33.57,1,-39,8,0,0,STAT,60,LAT,LON,W,CRC
02/23/26 02:08:45,22.01,445.99,23.47,10.65,-2.80,562.12,20.70,31.20,0.00,0.28,0.28,0.00,0.00,1,13.95,20.40,34.00,1,-41,7,0,0,STAT,60,LAT,LON,W,CRC
02/23/26 02:09:45,22.00,438.62,21.70,11.32,-3.42,561.76,20.70,31.10,0.00,0.10,0.10,0.00,0.00,1,13.91,5.76,31.10,1,-39,8,0,0,STAT,60,LAT,LON,W,CRC
02/23/26 02:10:46,22.00,441.00,22.74,11.01,-1.26,563.23,20.60,31.20,0.00,0.07,0.07,0.00,0.00,1,13.87,1.63,32.66,1,-39,8,0,0,STAT,60,LAT,LON,W,CRC
02/23/26 02:11:46,21.99,437.46,22.60,10.30,-1.98,562.00,20.60,31.20,0.00,0.09,0.09,0.00,0.00,1,13.87,0.46,33.60,1,-38,8,0,0,STAT,60,LAT,LON,W,CRC
02/23/26 02:12:46,21.99,438.88,22.63,9.56,-1.42,560.35,20.60,31.20,0.00,0.20,0.20,0.00,0.00,1,13.84,0.13,33.39,1,-39,8,0,0,STAT,60,LAT,LON,W,CRC
02/23/26 02:13:46,21.99,444.20,23.47,8.92,-0.05,559.46,20.60,31.20,0.00,0.06,0.06,0.00,0.00,1,14.09,117.78,33.45,1,-39,7,0,0,STAT,60,LAT,LON,W,CRC
02/23/26 02:14:46,21.99,437.33,24.15,10.45,-2.65,556.06,20.60,31.20,0.00,0.20,0.20,0.00,0.00,1,14.02,99.00,40.46,1,-37,6,0,0,STAT,60,LAT,LON,W,CRC
02/23/26 02:15:46,21.99,438.27,21.41,10.40,-2.96,553.67,20.60,31.10,0.00,0.07,0.07,0.00,0.00,1,13.95,27.96,34.39,1,-38,9,0,0,STAT,60,LAT,LON,W,CRC
02/23/26 02:16:46,21.99,441.38,22.59,10.81,-2.68,555.29,20.60,31.20,0.00,0.07,0.07,0.00,0.00,1,13.91,7.90,31.35,1,-39,8,0,0,STAT,60,LAT,LON,W,CRC
02/23/26 02:17:47,21.99,435.12,21.52,11.43,-3.20,557.25,20.60,31.10,0.00,0.10,0.10,0.00,0.00,1,13.91,2.23,32.21,1,-36,8,0,0,STAT,60,LAT,LON,W,CRC
02/23/26 02:18:47,21.99,439.46,21.82,9.99,-3.34,557.82,20.60,31.20,0.00,0.03,0.03,0.00,0.00,1,13.87,0.63,34.24,1,-38,7,0,0,STAT,60,LAT,LON,W,CRC
02/23/26 02:19:47,21.99,440.43,23.53,10.21,-2.53,557.85,20.60,31.20,0.00,0.23,0.23,0.00,0.00,1,13.84,0.18,34.66,1,-39,6,0,0,STAT,60,LAT,LON,W,CRC
02/23/26 02:20:47,21.99,437.28,24.70,9.44,-0.93,557.30,20.60,31.10,0.00,0.12,0.12,0.00,0.00,1,13.84,0.05,32.30,1,-37,6,0,0,STAT,60,LAT,LON,W,CRC
02/23/26 02:21:47,21.99,433.09,22.90,10.22,-0.82,556.57,20.60,31.20,0.00,0.04,0.04,0.00,0.00,1,14.09,109.37,35.23,1,-35,7,0,0,STAT,60,LAT,LON,W,CRC
02/23/26 02:22:47,21.98,444.87,21.27,9.58,-2.00,554.81,20.60,31.10,0.00,0.01,0.37,0.00,0.00,1,14.02,93.71,33.70,1,-40,8,-1,0,STAT,60,LAT,LON,W,CRC
02/23/26 02:23:48,21.98,441.60,23.19,11.06,-0.87,553.67,20.60,31.10,0.00,0.03,0.15,0.00,0.00,1,13.95,26.47,31.44,1,-39,7,0,0,STAT,60,LAT,LON,W,CRC
02/23/26 02:24:48,21.97,443.84,23.35,10.02,-2.24,552.80,20.60,31.10,0.00,0.43,0.46,0.00,0.00,1,13.91,7.48,36.09,1,-39,7,0,0,STAT,60,LAT,LON,W,CRC
02/23/26 02:25:48,21.97,452.52,23.06,9.63,-2.10,552.28,20.60,31.10,0.00,0.33,0.35,0.00,0.00,1,13.87,2.11,35.70,1,-41,7,0,0,STAT,60,LAT,LON,W,CRC
02/23/26 02:26:48,21.95,445.50,22.65,9.19,-1.81,551.70,20.60,31.10,0.00,0.17,0.18,0.00,0.00,1,13.87,0.60,31.83,1,-39,7,0,0,STAT,60,LAT,LON,W,CRC
02/23/26 02:27:48,21.92,438.39,21.32,9.71,-2.32,551.16,20.60,31.10,0.00,0.10,0.10,0.00,0.00,1,13.84,0.17,32.36,1,-37,7,0,0,STAT,60,LAT,LON,W,CRC
02/23/26 02:28:48,21.90,443.11,22.12,9.53,-1.95,550.41,20.60,31.20,0.00,0.03,0.03,0.00,0.00,1,13.84,0.05,33.33,1,-38,8,0,0,STAT,60,LAT,LON,W,CRC
02/23/26 02:29:49,21.90,444.64,20.21,9.04,-1.56,550.23,20.60,31.10,0.00,0.01,0.01,0.00,0.00,1,14.09,186.18,35.00,1,-39,8,0,0,STAT,60,LAT,LON,W,CRC
02/23/26 02:30:49,21.90,447.94,20.59,9.27,-0.03,550.41,20.50,31.10,0.00,0.00,0.00,0.00,0.00,1,13.98,52.58,33.79,1,-40,7,0,0,STAT,60,LAT,LON,W,CRC
02/23/26 02:31:49,21.90,444.32,22.38,9.77,-1.08,550.10,20.50,31.10,0.00,0.00,0.00,0.00,0.00,1,13.95,14.85,32.81,1,-39,6,0,0,STAT,60,LAT,LON,W,CRC
02/23/26 02:32:49,21.90,438.03,22.58,9.51,0.62,549.17,20.60,31.10,0.00,0.32,0.32,0.00,0.00,1,13.91,4.19,36.11,1,-37,7,0,0,STAT,60,LAT,LON,W,CRC
02/23/26 02:33:49,21.90,441.33,22.10,10.80,-0.77,548.38,20.50,31.10,0.00,0.11,0.11,0.00,0.00,1,13.87,1.18,33.55,1,-38,7,0,0,STAT,60,LAT,LON,W,CRC
02/23/26 02:34:50,21.90,444.87,23.56,10.43,-1.92,547.83,20.60,31.10,0.00,0.04,0.04,0.00,0.00,1,13.87,0.33,35.61,1,-39,5,0,0,STAT,60,LAT,LON,W,CRC
02/23/26 02:35:50,21.90,446.33,21.72,9.84,-2.88,547.32,20.60,31.10,0.00,0.01,0.35,0.00,0.00,1,13.84,0.09,33.95,1,-40,6,0,0,STAT,60,LAT,LON,W,CRC
02/23/26 02:36:50,21.90,449.39,21.90,10.49,-1.66,546.71,20.50,31.10,0.00,0.05,0.17,0.00,0.00,1,13.84,0.03,34.30,1,-41,7,0,0,STAT,60,LAT,LON,W,CRC
02/23/26 02:37:50,21.89,448.33,22.35,10.55,-1.88,546.29,20.50,31.10,0.00,0.02,0.05,0.00,0.00,1,14.12,253.77,32.49,1,-39,6,0,0,STAT,60,LAT,LON,W,CRC
02/23/26 02:38:50,21.89,450.68,23.96,9.40,-3.00,546.10,20.50,31.10,0.00,0.01,0.02,0.00,0.00,1,13.98,71.67,34.60,1,-41,6,0,0,STAT,60,LAT,LON,W,CRC
02/23/26 02:39:51,21.89,443.06,25.25,9.13,-2.00,545.74,20.50,31.10,0.00,0.00,0.01,0.00,0.00,1,13.95,20.24,37.03,1,-38,4,0,0,STAT,60,LAT,LON,W,CRC
02/23/26 02:40:51,21.89,443.34,22.45,9.60,-3.41,545.33,20.50,31.10,0.00,0.00,0.00,0.00,0.00,1,13.91,5.72,33.87,1,-39,8,0,0,STAT,60,LAT,LON,W,CRC
02/23/26 02:41:51,21.89,438.81,22.49,10.58,-2.34,544.54,20.50,31.10,0.00,0.00,0.00,0.00,0.00,1,13.87,1.61,33.14,1,-38,7,0,0,STAT,60,LAT,LON,W,CRC
02/23/26 02:42:51,21.89,451.68,21.98,9.96,-0.88,543.69,20.50,31.10,0.00,0.03,0.03,0.00,0.00,1,13.87,0.46,37.20,1,-41,7,0,0,STAT,60,LAT,LON,W,CRC
02/23/26 02:43:51,21.88,454.10,22.88,9.76,-1.19,542.79,20.50,31.10,0.00,0.04,0.04,0.00,0.00,1,13.84,0.13,32.62,1,-42,6,0,0,STAT,60,LAT,LON,W,CRC
02/23/26 02:44:51,21.87,446.02,22.84,10.44,-2.30,542.28,20.50,31.10,0.00,0.07,0.07,0.00,0.00,1,14.05,164.23,37.27,1,-40,8,0,0,STAT,60,LAT,LON,W,CRC
02/23/26 02:45:51,21.87,442.16,23.40,10.62,-1.13,541.52,20.50,31.10,0.00,0.02,0.02,0.00,0.00,1,14.02,141.40,36.71,1,-39,7,0,0,STAT,60,LAT,LON,W,CRC
02/23/26 02:46:52,21.86,441.89,23.47,9.76,-1.43,541.11,20.50,31.10,0.00,0.01,0.01,0.00,0.00,1,13.95,39.94,34.66,1,-39,6,-1,0,STAT,60,LAT,LON,W,CRC
02/23/26 02:47:52,21.83,442.81,22.89,8.41,-0.48,539.70,20.50,31.10,0.00,0.10,0.10,0.00,0.00,1,13.91,11.28,31.88,1,-39,6,0,0,STAT,60,LAT,LON,W,CRC
02/23/26 02:48:52,21.81,440.28,24.24,8.30,-1.38,539.09,20.50,31.10,0.00,0.03,0.40,0.00,0.00,1,13.91,3.19,34.19,1,-39,5,-1,0,STAT,60,LAT,LON,W,CRC
02/23/26 02:49:52,21.80,445.93,20.83,10.90,-2.60,539.06,20.50,31.10,0.00,0.01,0.13,0.00,0.00,1,13.87,0.90,33.92,1,-40,8,0,0,STAT,60,LAT,LON,W,CRC
02/23/26 02:50:52,21.80,448.38,22.84,9.30,-0.93,538.23,20.50,31.10,0.00,0.00,0.04,0.00,0.00,1,13.84,0.25,38.13,1,-40,7,0,0,STAT,60,LAT,LON,W,CRC
02/23/26 02:51:52,21.80,449.64,21.43,9.58,-2.01,537.12,20.50,31.10,0.00,0.02,0.03,0.00,0.00,1,13.84,0.07,33.24,1,-41,9,-1,0,STAT,60,LAT,LON,W,CRC
02/23/26 02:52:52,21.80,449.45,22.91,10.05,-2.16,535.81,20.50,31.10,0.00,0.10,0.12,0.00,0.00,1,13.84,0.02,34.94,1,-41,7,0,0,STAT,60,LAT,LON,W,CRC
02/23/26 02:53:52,21.80,440.72,21.76,10.04,-2.40,535.35,20.50,31.10,0.00,0.11,0.25,0.00,0.00,1,14.02,105.33,35.54,1,-39,7,-1,0,STAT,60,LAT,LON,W,CRC
02/23/26 02:54:53,21.80,449.04,21.06,11.09,-1.83,534.83,20.50,31.10,0.00,0.10,0.14,0.00,0.00,1,13.95,29.75,33.00,1,-41,8,0,0,STAT,60,LAT,LON,W,CRC
02/23/26 02:55:52,21.80,446.64,23.32,9.08,-1.89,533.94,20.50,31.10,0.00,0.17,0.18,0.00,0.00,1,13.91,8.40,34.14,1,-40,6,-1,0,STAT,60,LAT,LON,W,CRC
02/23/26 02:56:52,21.80,444.33,22.22,10.58,-3.94,532.48,20.40,31.00,0.00,0.05,0.06,0.00,0.00,1,13.91,2.37,33.81,1,-40,6,0,0,STAT,60,LAT,LON,W,CRC
02/23/26 02:57:52,21.80,442.75,21.06,10.81,-2.75,532.70,20.40,31.10,0.00,0.02,0.02,0.00,0.00,1,13.87,0.67,32.32,1,-40,7,0,0,STAT,60,LAT,LON,W,CRC
02/23/26 02:58:52,21.79,447.62,22.43,10.65,-1.63,533.54,20.40,31.10,0.00,0.01,0.01,0.00,0.00,1,13.84,0.19,30.55,1,-41,7,0,0,STAT,60,LAT,LON,W,CRC
02/23/26 02:59:52,21.79,452.11,24.75,8.59,-1.54,533.32,20.40,31.10,0.00,0.00,0.00,0.00,0.00,1,13.84,0.05,31.68,1,-42,5,-1,0,STAT,60,LAT,LON,W,CRC
02/23/26 03:00:53,21.79,445.04,24.44,8.13,-1.73,534.34,20.40,31.10,0.00,0.00,0.00,0.00,0.00,1,14.16,262.27,37.24,1,-40,5,0,0,STAT,60,LAT,LON,W,CRC
02/23/26 03:01:53,21.79,448.35,21.27,9.66,-3.02,534.19,20.40,31.10,0.00,0.00,0.00,0.00,0.00,1,13.98,80.96,33.21,1,-42,7,0,0,STAT,60,LAT,LON,W,CRC
02/23/26 03:02:54,21.79,448.57,21.41,10.61,-2.14,533.48,20.50,31.10,0.00,0.06,0.06,0.00,0.00,1,13.95,22.86,32.15,1,-42,7,0,0,STAT,60,LAT,LON,W,CRC
02/23/26 03:03:54,21.79,450.58,22.71,10.21,-1.59,532.86,20.40,31.00,0.00,0.08,0.08,0.00,0.00,1,13.91,6.46,32.75,1,-43,7,0,0,STAT,60,LAT,LON,W,CRC
02/23/26 03:04:54,21.79,456.92,22.64,8.63,0.39,531.10,20.40,31.10,0.00,0.03,0.03,0.00,0.00,1,13.87,1.82,35.53,1,-44,7,0,0,STAT,60,LAT,LON,W,CRC
02/23/26 03:05:54,21.78,453.24,23.11,10.16,-0.40,530.39,20.40,31.00,0.00,0.21,0.21,0.00,0.00,1,13.87,0.52,32.16,1,-43,7,0,0,STAT,60,LAT,LON,W,CRC
02/23/26 03:06:54,21.78,448.29,23.64,10.58,-2.29,529.49,20.40,31.10,0.00,0.07,0.23,0.00,0.00,1,13.84,0.15,35.78,1,-42,6,0,0,STAT,60,LAT,LON,W,CRC
02/23/26 03:07:54,21.78,450.14,24.99,9.09,-2.07,527.39,20.40,31.10,0.00,0.02,0.07,0.00,0.00,1,13.84,0.04,36.88,1,-42,4,0,0,STAT,60,LAT,LON,W,CRC
02/23/26 03:08:55,21.77,438.71,23.70,8.98,-1.66,524.54,20.40,31.10,0.00,0.01,0.02,0.00,0.00,1,14.16,292.38,33.10,1,-39,5,0,0,STAT,60,LAT,LON,W,CRC
02/23/26 03:09:55,21.77,441.66,21.76,8.90,-2.21,524.15,20.40,31.10,0.00,0.00,0.01,0.00,0.00,1,13.98,82.58,33.51,1,-40,7,-1,0,STAT,60,LAT,LON,W,CRC
02/23/26 03:10:55,21.77,443.33,22.18,9.87,-3.04,522.79,20.40,31.00,0.00,0.00,0.00,0.00,0.00,1,13.95,23.32,32.88,1,-40,6,0,0,STAT,60,LAT,LON,W,CRC
02/23/26 03:11:50,21.74,441.11,22.16,9.03,-2.50,521.73,20.40,31.10,0.00,0.00,0.00,0.00,0.00,1,13.91,7.32,31.34,1,-40,7,0,0,STAT,60,LAT,LON,W,CRC
02/23/26 03:12:50,21.72,439.99,20.39,10.85,-3.94,522.01,20.40,31.10,0.00,0.00,0.00,0.00,0.00,1,13.87,2.07,32.84,1,-40,8,0,0,STAT,60,LAT,LON,W,CRC
02/23/26 03:13:51,21.70,440.95,22.04,10.93,-1.67,522.27,20.40,31.00,0.00,0.04,0.04,0.00,0.00,1,13.87,0.58,33.31,1,-40,6,0,0,STAT,60,LAT,LON,W,CRC
02/23/26 03:14:51,21.70,435.45,21.69,10.12,-0.49,522.09,20.40,31.10,0.00,0.07,0.07,0.00,0.00,1,13.84,0.16,34.84,1,-38,7,0,0,STAT,60,LAT,LON,W,CRC
02/23/26 03:15:51,21.70,448.57,22.43,8.28,-1.72,522.07,20.40,31.00,0.00,0.04,0.09,0.00,0.00,1,13.84,0.05,31.56,1,-42,6,-1,0,STAT,60,LAT,LON,W,CRC
02/23/26 03:16:51,21.70,441.01,21.48,8.44,-1.30,522.38,20.40,31.00,0.00,0.01,0.03,0.00,0.00,1,14.09,168.89,35.14,1,-40,7,-1,0,STAT,60,LAT,LON,W,CRC
02/23/26 03:17:51,21.70,450.40,22.36,8.71,-3.78,521.57,20.40,31.10,0.00,0.00,0.01,0.00,0.00,1,13.98,47.70,35.09,1,-43,7,-1,-1,STAT,60,LAT,LON,W,CRC
02/23/26 03:18:51,21.70,440.17,22.25,8.94,-4.01,520.65,20.40,31.10,0.00,0.00,0.18,0.00,0.00,1,13.95,13.47,31.72,1,-40,6,0,0,STAT,60,LAT,LON,W,CRC
02/23/26 03:19:52,21.70,442.46,21.74,9.49,-1.57,519.23,20.40,31.00,0.00,0.00,0.06,0.00,0.00,1,13.91,3.80,32.15,1,-41,7,0,0,STAT,60,LAT,LON,W,CRC
02/23/26 03:20:52,21.70,446.67,22.16,10.21,-3.09,518.51,20.40,31.00,0.00,0.12,0.14,0.00,0.00,1,13.87,1.07,33.71,1,-42,7,0,0,STAT,60,LAT,LON,W,CRC
02/23/26 03:21:52,21.69,445.18,23.07,10.04,-1.96,517.96,20.40,31.00,0.00,0.08,0.08,0.00,0.00,1,13.84,0.30,33.07,1,-42,6,0,0,STAT,60,LAT,LON,W,CRC
02/23/26 03:22:52,21.69,440.46,25.23,9.51,-1.26,517.37,20.40,31.10,0.00,0.02,0.03,0.00,0.00,1,13.84,0.09,33.35,1,-41,5,0,0,STAT,60,LAT,LON,W,CRC
02/23/26 03:23:52,21.69,439.94,25.21,7.95,-0.25,517.62,20.40,31.00,0.00,0.01,0.01,0.00,0.00,1,13.84,0.02,34.81,1,-42,4,-1,0,STAT,60,LAT,LON,W,CRC
02/23/26 03:24:52,21.69,440.59,19.84,8.29,-1.08,516.69,20.40,31.10,0.00,0.00,0.00,0.00,0.00,1,14.05,187.01,31.23,1,-42,8,0,0,STAT,60,LAT,LON,W,CRC
02/23/26 03:25:52,21.69,441.97,22.76,9.43,-1.54,516.38,20.40,31.10,0.00,0.07,0.07,0.00,0.00,1,13.98,52.82,32.81,1,-42,6,0,0,STAT,60,LAT,LON,W,CRC
02/23/26 03:26:54,21.69,436.23,18.29,10.46,-4.73,516.24,20.40,31.10,0.00,0.16,0.40,0.00,0.00,1,13.91,14.92,34.90,1,-41,8,0,0,STAT,60,LAT,LON,W,CRC
02/23/26 03:27:54,21.69,439.44,21.43,10.38,-2.33,516.08,20.30,31.00,0.00,0.19,0.28,0.00,0.00,1,13.91,4.21,33.76,1,-40,7,0,0,STAT,60,LAT,LON,W,CRC
02/23/26 03:28:54,21.69,439.14,21.47,8.81,-0.04,516.03,20.40,31.10,0.00,0.06,0.09,0.00,0.00,1,13.87,1.19,32.59,1,-41,7,0,0,STAT,60,LAT,LON,W,CRC
02/23/26 03:29:54,21.69,438.96,21.94,8.49,-0.40,515.68,20.40,31.10,0.00,0.02,0.03,0.00,0.00,1,13.84,0.34,33.03,1,-41,7,0,0,STAT,60,LAT,LON,W,CRC
02/23/26 03:30:54,21.69,434.25,24.01,7.12,0.62,515.36,20.40,31.10,0.00,0.01,0.16,0.00,0.00,1,13.84,0.09,34.91,1,-40,5,-1,0,STAT,60,LAT,LON,W,CRC
02/23/26 03:31:55,21.68,434.47,26.23,7.26,2.93,515.13,20.40,31.10,0.00,0.07,0.12,0.00,0.00,1,14.09,223.45,38.76,1,-40,5,0,1,STAT,60,LAT,LON,W,CRC
02/23/26 03:32:55,21.68,442.91,25.57,8.29,0.06,514.72,20.40,31.10,0.00,0.30,0.32,0.00,0.00,1,14.02,117.89,37.19,1,-42,4,0,0,STAT,60,LAT,LON,W,CRC
02/23/26 03:33:55,21.67,439.08,22.94,8.12,0.54,514.74,20.40,31.00,0.00,0.12,0.48,0.00,0.00,1,13.95,33.30,35.36,1,-42,6,-1,0,STAT,60,LAT,LON,W,CRC
02/23/26 03:34:55,21.67,434.82,23.39,10.06,-2.60,514.52,20.30,31.00,0.00,0.04,0.17,0.00,0.00,1,13.91,9.40,34.01,1,-41,6,0,0,STAT,60,LAT,LON,W,CRC
02/23/26 03:35:55,21.66,436.72,23.87,10.19,-0.99,514.18,20.30,31.10,0.00,0.01,0.06,0.00,0.00,1,13.87,2.66,33.28,1,-41,6,0,0,STAT,60,LAT,LON,W,CRC
02/23/26 03:36:55,21.64,441.89,24.86,8.67,0.43,514.06,20.30,31.00,0.00,0.00,0.02,0.00,0.00,1,13.87,0.75,34.99,1,-42,6,0,0,STAT,60,LAT,LON,W,CRC
02/23/26 03:37:55,21.62,429.36,22.89,9.65,0.55,513.62,20.30,31.10,0.00,0.00,0.01,0.00,0.00,1,13.84,0.21,39.40,1,-39,6,0,0,STAT,60,LAT,LON,W,CRC
02/23/26 03:38:55,21.60,436.08,24.13,8.20,0.25,512.86,20.30,31.10,0.00,0.00,0.00,0.00,0.00,1,13.84,0.06,32.09,1,-42,6,-1,0,STAT,60,LAT,LON,W,CRC
02/23/26 03:39:56,21.60,433.01,22.76,8.09,-1.04,512.30,20.30,31.10,0.00,0.00,0.00,0.00,0.00,1,14.12,287.12,32.04,1,-41,8,0,0,STAT,60,LAT,LON,W,CRC
02/23/26 03:40:56,21.60,433.10,21.51,8.78,-2.10,512.11,20.30,31.00,0.00,0.00,0.00,0.00,0.00,1,14.02,116.60,32.58,1,-41,8,0,0,STAT,60,LAT,LON,W,CRC
02/23/26 03:41:56,21.60,425.13,20.76,9.32,-0.58,511.39,20.30,31.10,0.00,0.00,0.00,0.00,0.00,1,13.95,32.93,35.05,1,-39,8,-1,0,STAT,60,LAT,LON,W,CRC
02/23/26 03:42:56,21.60,427.53,21.31,9.96,-0.88,510.78,20.30,31.10,0.00,0.00,0.00,0.00,0.00,1,13.91,9.30,37.93,1,-39,8,0,0,STAT,60,LAT,LON,W,CRC
02/23/26 03:43:56,21.60,435.50,21.57,10.57,-1.62,510.13,20.30,31.10,0.00,0.00,0.00,0.00,0.00,1,13.87,2.63,34.91,1,-41,7,0,0,STAT,60,LAT,LON,W,CRC
02/23/26 03:44:56,21.60,435.60,23.54,9.56,0.32,509.64,20.30,31.10,0.00,0.26,0.26,0.00,0.00,1,13.87,0.74,31.61,1,-41,6,-1,1,STAT,60,LAT,LON,W,CRC
02/23/26 03:45:56,21.60,430.50,23.50,8.91,-2.06,509.22,20.30,31.10,0.00,0.08,0.08,0.00,0.00,1,13.84,0.21,32.52,1,-40,6,0,0,STAT,60,LAT,LON,W,CRC
02/23/26 03:46:57,21.60,435.33,23.31,9.95,-3.16,508.54,20.30,31.00,0.00,0.03,0.03,0.00,0.00,1,13.84,0.06,34.21,1,-42,7,0,0,STAT,60,LAT,LON,W,CRC
02/23/26 03:47:57,21.60,432.88,20.74,10.69,-2.44,508.19,20.30,31.10,0.00,0.01,0.01,0.00,0.00,1,14.12,270.32,36.43,1,-41,9,0,0,STAT,60,LAT,LON,W,CRC
02/23/26 03:48:57,21.60,434.25,25.13,9.63,-0.26,507.66,20.30,31.00,0.00,0.24,0.24,0.00,0.00,1,13.98,76.35,32.67,1,-41,6,0,0,STAT,60,LAT,LON,W,CRC
02/23/26 03:49:53,21.60,432.19,24.03,8.65,0.68,506.90,20.30,31.10,0.00,0.19,0.19,0.00,0.00,1,13.95,23.96,35.89,1,-41,7,0,0,STAT,60,LAT,LON,W,CRC
02/23/26 03:50:53,21.59,437.87,22.21,8.51,-1.22,506.32,20.30,31.10,0.00,0.07,0.07,0.00,0.00,1,13.91,6.77,32.15,1,-43,6,0,0,STAT,60,LAT,LON,W,CRC
02/23/26 03:51:53,21.59,425.56,22.82,8.65,-0.90,506.11,20.30,31.10,0.00,0.02,0.02,0.00,0.00,1,13.87,1.91,31.63,1,-40,7,0,0,STAT,60,LAT,LON,W,CRC
02/23/26 03:52:54,21.59,432.03,22.24,9.26,0.63,505.50,20.30,31.10,0.00,0.01,0.01,0.00,0.00,1,13.84,0.54,37.43,1,-42,8,0,1,STAT,60,LAT,LON,W,CRC
02/23/26 03:53:55,21.59,428.58,21.53,10.52,-0.94,504.59,20.30,31.10,0.00,0.00,0.00,0.00,0.00,1,13.84,0.15,32.82,1,-41,8,0,0,STAT,60,LAT,LON,W,CRC
02/23/26 03:54:55,21.59,428.10,22.22,9.75,-0.92,504.59,20.30,31.00,0.00,0.00,0.28,0.00,0.00,1,13.84,0.04,34.82,1,-41,8,0,0,STAT,60,LAT,LON,W,CRC
02/23/26 03:55:55,21.58,424.37,23.32,10.28,-2.16,503.46,20.30,31.00,0.00,0.00,0.09,0.00,0.00,1,14.12,274.78,34.20,1,-39,7,0,0,STAT,60,LAT,LON,W,CRC
02/23/26 03:56:55,21.58,427.39,23.73,8.76,-1.56,502.95,20.30,31.00,0.00,0.00,0.03,0.00,0.00,1,13.98,77.61,32.37,1,-41,6,0,0,STAT,60,LAT,LON,W,CRC
02/23/26 03:57:55,21.59,421.94,21.12,7.73,-2.06,502.86,20.30,31.00,0.00,0.00,0.01,0.00,0.00,1,13.95,21.92,35.22,1,-39,8,-1,0,STAT,60,LAT,LON,W,CRC
02/23/26 03:58:55,21.58,422.52,23.13,9.18,-3.43,501.97,20.30,31.10,0.00,0.00,0.00,0.00,0.00,1,13.91,6.19,35.14,1,-41,6,0,0,STAT,60,LAT,LON,W,CRC
02/23/26 03:59:56,21.58,426.83,21.29,8.74,-1.07,500.41,20.30,31.10,0.00,0.00,0.09,0.00,0.00,1,13.87,1.75,34.74,1,-41,7,0,0,STAT,60,LAT,LON,W,CRC
02/23/26 04:00:56,21.58,433.58,23.05,10.23,-1.56,499.37,20.30,31.10,0.00,0.00,0.08,0.00,0.00,1,13.87,0.49,31.75,1,-42,7,0,0,STAT,60,LAT,LON,W,CRC
02/23/26 04:01:56,21.57,430.49,24.34,8.84,-0.42,498.69,20.20,31.10,0.00,0.00,0.03,0.00,0.00,1,13.84,0.14,32.79,1,-42,6,0,0,STAT,60,LAT,LON,W,CRC
02/23/26 04:02:56,21.57,429.24,23.80,9.30,-0.81,498.33,20.20,31.00,0.00,0.05,0.06,0.00,0.00,1,13.84,0.04,36.93,1,-42,7,-1,0,STAT,60,LAT,LON,W,CRC
02/23/26 04:03:56,21.56,421.15,24.59,8.48,-1.58,498.18,20.30,31.10,0.00,0.02,0.04,0.00,0.00,1,14.05,137.67,35.90,1,-40,5,-1,0,STAT,60,LAT,LON,W,CRC
02/23/26 04:04:56,21.54,416.69,23.00,7.68,-1.10,497.61,20.20,31.10,0.00,0.01,0.14,0.00,0.00,1,13.98,38.88,34.55,1,-39,6,0,0,STAT,60,LAT,LON,W,CRC
02/23/26 04:05:57,21.52,413.84,21.07,9.82,-4.26,497.06,20.20,31.00,0.00,0.11,0.16,0.00,0.00,1,13.95,10.98,33.89,1,-39,6,0,0,STAT,60,LAT,LON,W,CRC
02/23/26 04:06:57,21.50,417.49,20.55,9.96,-1.48,497.02,20.20,31.10,0.00,0.03,0.05,0.00,0.00,1,13.91,3.10,35.25,1,-40,8,0,0,STAT,60,LAT,LON,W,CRC
02/23/26 04:07:57,21.50,422.44,22.45,8.80,0.69,497.12,20.20,31.10,0.00,0.01,0.02,0.00,0.00,1,13.87,0.88,32.40,1,-41,7,0,0,STAT,60,LAT,LON,W,CRC
02/23/26 04:08:56,21.50,422.41,22.80,9.05,-0.87,497.04,20.20,31.00,0.00,0.00,0.01,0.00,0.00,1,13.84,0.25,37.49,1,-42,7,-1,0,STAT,60,LAT,LON,W,CRC
02/23/26 04:09:57,21.50,423.51,24.14,7.60,1.25,496.65,20.20,31.10,0.00,0.00,0.00,0.00,0.00,1,13.84,0.07,35.96,1,-42,6,0,0,STAT,60,LAT,LON,W,CRC
02/23/26 04:10:57,21.50,421.32,22.88,8.32,-0.72,496.35,20.20,31.10,0.00,0.03,0.03,0.00,0.00,1,13.84,0.02,34.74,1,-42,7,0,0,STAT,60,LAT,LON,W,CRC
02/23/26 04:11:57,21.50,424.04,23.09,7.35,0.97,495.75,20.20,31.10,0.00,0.07,0.07,0.00,0.00,1,14.05,114.79,32.73,1,-42,7,-1,0,STAT,60,LAT,LON,W,CRC
02/23/26 04:12:57,21.50,426.83,20.61,9.05,-2.40,494.68,20.20,31.10,0.00,0.02,0.02,0.00,0.00,1,13.95,32.42,34.37,1,-43,8,0,0,STAT,60,LAT,LON,W,CRC
02/23/26 04:13:58,21.50,422.26,23.11,9.01,-2.09,494.24,20.20,31.00,0.00,0.01,0.25,0.00,0.00,1,13.91,9.16,43.11,1,-42,6,0,0,STAT,60,LAT,LON,W,CRC
02/23/26 04:14:58,21.50,421.44,23.52,10.10,-1.77,494.08,20.20,31.10,0.00,0.00,0.08,0.00,0.00,1,13.87,2.59,35.08,1,-42,6,0,0,STAT,60,LAT,LON,W,CRC
02/23/26 04:15:58,21.50,416.10,22.51,11.36,-2.94,493.62,20.20,31.00,0.00,0.00,0.03,0.00,0.00,1,13.87,0.73,33.75,1,-40,7,0,0,STAT,60,LAT,LON,W,CRC
02/23/26 04:16:59,21.50,414.96,24.16,9.99,-1.86,493.22,20.20,31.10,0.00,0.00,0.01,0.00,0.00,1,13.84,0.21,33.96,1,-40,6,0,0,STAT,60,LAT,LON,W,CRC
02/23/26 04:17:59,21.50,425.24,22.81,10.82,-2.75,492.85,20.20,31.00,0.00,0.00,0.00,0.00,0.00,1,13.84,0.06,33.14,1,-43,6,0,0,STAT,60,LAT,LON,W,CRC
02/23/26 04:18:58,21.50,418.29,23.03,8.87,-1.41,492.22,20.20,31.10,0.00,0.00,0.00,0.00,0.00,1,14.12,226.33,32.86,1,-42,6,0,0,STAT,60,LAT,LON,W,CRC
02/23/26 04:19:58,21.50,419.43,22.38,9.22,-1.69,492.08,20.20,31.10,0.00,0.21,0.47,0.00,0.00,1,13.98,72.32,37.72,1,-42,7,0,0,STAT,60,LAT,LON,W,CRC
02/23/26 04:20:58,21.50,411.70,21.37,10.28,-3.37,492.28,20.20,31.10,0.00,0.07,0.16,0.00,0.00,1,13.95,20.43,35.07,1,-40,8,0,0,STAT,60,LAT,LON,W,CRC
02/23/26 04:21:58,21.49,413.80,20.38,10.14,-1.55,492.42,20.20,31.10,0.00,0.04,0.06,0.00,0.00,1,13.91,5.77,32.97,1,-40,8,0,0,STAT,60,LAT,LON,W,CRC
02/23/26 04:22:59,21.49,410.20,21.45,9.44,-1.02,492.44,20.20,31.10,0.00,0.01,0.02,0.00,0.00,1,13.87,1.63,35.14,1,-40,7,0,0,STAT,60,LAT,LON,W,CRC
02/23/26 04:23:59,21.49,411.31,21.07,9.06,-1.17,492.54,20.20,31.10,0.00,0.00,0.01,0.00,0.00,1,13.87,0.46,39.63,1,-40,7,-1,0,STAT,60,LAT,LON,W,CRC
02/23/26 04:24:59,21.49,409.77,22.06,10.08,-2.49,492.19,20.20,31.10,0.00,0.00,0.04,0.00,0.00,1,13.84,0.13,34.64,1,-40,7,0,0,STAT,60,LAT,LON,W,CRC
02/23/26 04:25:59,21.49,405.33,23.44,8.57,-0.96,491.91,20.20,31.10,0.00,0.00,0.25,0.00,0.00,1,13.84,0.04,34.31,1,-38,6,0,0,STAT,60,LAT,LON,W,CRC
02/23/26 04:26:59,21.49,407.55,23.26,8.78,-0.66,490.97,20.20,31.10,0.00,0.00,0.08,0.00,0.00,1,14.12,273.70,35.55,1,-39,7,0,0,STAT,60,LAT,LON,W,CRC
02/23/26 04:27:59,21.49,410.38,21.69,9.13,-1.21,490.55,20.20,31.10,0.04,0.20,0.23,0.00,0.00,1,13.98,77.30,36.12,1,-41,7,0,0,STAT,60,LAT,LON,W,CRC
02/23/26 04:28:59,21.48,409.49,21.47,9.29,-2.94,490.55,20.20,31.00,0.01,0.07,0.08,0.00,0.00,1,13.95,21.83,33.05,1,-40,9,0,0,STAT,60,LAT,LON,W,CRC
02/23/26 04:30:00,21.48,414.31,22.10,8.88,-2.63,490.19,20.20,31.00,0.00,0.02,0.03,0.00,0.00,1,13.91,6.17,40.27,1,-42,7,0,0,STAT,60,LAT,LON,W,CRC
02/23/26 04:31:01,21.48,410.43,23.15,10.35,-4.67,489.32,20.20,31.00,0.00,0.01,0.05,0.00,0.00,1,13.87,1.74,36.56,1,-40,7,0,0,STAT,60,LAT,LON,W,CRC
02/23/26 04:32:01,21.48,410.67,21.73,9.21,-2.87,488.82,20.20,31.10,0.00,0.04,0.05,0.00,0.00,1,13.87,0.49,33.03,1,-40,8,-1,0,STAT,60,LAT,LON,W,CRC
02/23/26 04:33:01,21.47,410.27,22.42,10.56,-3.36,487.99,20.20,31.00,0.00,0.03,0.30,0.00,0.00,1,13.84,0.14,32.79,1,-41,8,0,0,STAT,60,LAT,LON,W,CRC
02/23/26 04:34:01,21.47,406.68,22.56,9.73,-1.65,486.46,20.20,31.10,0.00,0.01,0.10,0.00,0.00,1,13.84,0.04,32.73,1,-40,7,0,0,STAT,60,LAT,LON,W,CRC
02/23/26 04:35:01,21.46,409.55,21.07,9.34,-2.29,484.97,20.20,31.10,0.00,0.00,0.03,0.00,0.00,1,14.05,199.42,41.27,1,-41,9,0,0,STAT,60,LAT,LON,W,CRC
02/23/26 04:36:01,21.44,408.96,21.82,8.62,-1.29,484.57,20.20,31.00,0.00,0.00,0.01,0.00,0.00,1,13.98,56.32,33.65,1,-41,8,0,0,STAT,60,LAT,LON,W,CRC
02/23/26 04:37:02,21.42,415.25,23.59,8.55,-0.62,484.85,20.20,31.10,0.00,0.00,0.11,0.00,0.00,1,13.91,15.91,37.97,1,-43,7,0,0,STAT,60,LAT,LON,W,CRC
02/23/26 04:38:02,21.41,414.71,23.44,9.05,-1.50,485.38,20.20,31.10,0.00,0.22,0.34,0.00,0.00,1,13.91,4.49,33.35,1,-43,6,0,0,STAT,60,LAT,LON,W,CRC
02/23/26 04:39:02,21.40,410.06,22.06,8.60,-1.76,485.93,20.20,31.10,0.00,0.07,0.11,0.00,0.00,1,13.87,1.27,34.59,1,-41,8,0,0,STAT,60,LAT,LON,W,CRC
02/23/26 04:40:02,21.40,415.54,24.17,9.21,-2.32,486.11,20.20,31.10,0.00,0.03,0.04,0.00,0.00,1,13.84,0.36,35.97,1,-43,6,0,0,STAT,60,LAT,LON,W,CRC
02/23/26 04:41:02,21.40,409.72,23.56,10.61,-3.87,485.92,20.20,31.10,0.00,0.01,0.01,0.00,0.00,1,13.84,0.10,35.78,1,-42,7,-1,0,STAT,60,LAT,LON,W,CRC
02/23/26 04:42:03,21.40,406.46,23.54,9.56,-2.51,485.32,20.20,31.10,0.00,0.00,0.00,0.00,0.00,1,13.84,0.03,33.14,1,-41,7,0,0,STAT,60,LAT,LON,W,CRC
02/23/26 04:43:03,21.40,400.79,23.09,8.62,-0.89,484.10,20.20,31.10,0.00,0.00,0.00,0.00,0.00,1,14.05,156.96,31.77,1,-40,7,0,0,STAT,60,LAT,LON,W,CRC
02/23/26 04:44:03,21.40,398.48,22.11,8.91,-1.76,483.60,20.20,31.10,0.00,0.01,0.01,0.00,0.00,1,13.98,44.33,32.32,1,-39,9,0,0,STAT,60,LAT,LON,W,CRC
02/23/26 04:45:02,21.40,404.02,22.22,9.42,-1.87,483.25,20.20,31.10,0.00,0.00,0.00,0.00,0.00,1,13.91,12.52,36.62,1,-40,9,0,0,STAT,60,LAT,LON,W,CRC
02/23/26 04:46:02,21.40,409.26,22.34,8.53,-2.98,483.43,20.20,31.10,0.00,0.18,0.18,0.00,0.00,1,13.91,3.54,32.63,1,-42,8,-1,0,STAT,60,LAT,LON,W,CRC
02/23/26 04:47:02,21.40,401.94,21.87,8.67,-1.09,483.64,20.20,31.00,0.00,0.09,0.30,0.00,0.00,1,13.87,1.00,33.29,1,-41,9,0,0,STAT,60,LAT,LON,W,CRC
02/23/26 04:48:03,21.40,404.12,22.42,8.82,-1.10,483.77,20.10,31.10,0.00,0.03,0.10,0.00,0.00,1,13.84,0.28,34.11,1,-40,8,-1,0,STAT,60,LAT,LON,W,CRC
02/23/26 04:49:03,21.40,397.09,23.65,9.49,-2.19,484.03,20.20,31.00,0.00,0.01,0.03,0.00,0.00,1,13.84,0.08,32.92,1,-39,7,-1,0,STAT,60,LAT,LON,W,CRC
02/23/26 04:49:58,21.40,393.75,23.01,9.18,-2.61,484.01,20.10,31.00,0.00,0.00,0.01,0.00,0.00,1,14.05,150.02,33.88,1,-38,7,0,0,STAT,60,LAT,LON,W,CRC
02/23/26 04:50:58,21.40,399.91,22.27,8.92,-1.10,483.60,20.10,31.10,0.00,0.00,0.00,0.00,0.00,1,14.02,130.81,35.53,1,-40,8,0,0,STAT,60,LAT,LON,W,CRC
02/23/26 04:51:58,21.40,403.22,25.22,9.69,-0.20,483.35,20.10,31.10,0.00,0.00,0.00,0.00,0.00,1,13.95,36.94,31.71,1,-41,6,0,0,STAT,60,LAT,LON,W,CRC
02/23/26 04:52:59,21.40,396.81,23.26,9.01,-2.03,482.89,20.10,31.10,0.00,0.00,0.03,0.00,0.00,1,13.91,10.43,31.89,1,-39,7,0,0,STAT,60,LAT,LON,W,CRC
02/23/26 04:53:59,21.40,393.68,23.39,9.71,-3.57,483.05,20.10,31.00,0.00,0.00,0.05,0.00,0.00,1,13.87,2.95,33.24,1,-39,7,0,-1,STAT,60,LAT,LON,W,CRC
02/23/26 04:54:59,21.40,398.09,21.78,9.44,-3.21,482.87,20.10,31.10,0.00,0.02,0.04,0.00,0.00,1,13.87,0.83,33.20,1,-40,8,0,0,STAT,60,LAT,LON,W,CRC
