DATE,TE,CO,NO,NO2,O3,CO2,T,RH,PM1.0,PM2.5,PM10,WD,WS,PWR,BATT,CHRG,RUN,SD,RAW,145,30,0,-1,6,0,0.00000,0.00000,0,1580736106
08/28/26 03:56:19,23.06,255.37,23.26,10.37,-4.03,421.94,21.60,52.00,0.01,0.32,0.32,0.00,0.00,1,13.98,33.45,31.68,1,-24,14,0,0,STAT,60,LAT,LON,W,CRC
08/28/26 03:57:19,23.06,262.13,24.52,10.57,-2.74,421.98,21.70,52.00,0.00,0.58,0.58,0.00,0.00,1,13.95,9.45,27.73,1,-26,12,0,0,STAT,60,LAT,LON,W,CRC
08/28/26 03:58:19,23.06,269.38,23.84,10.78,-3.21,421.99,21.70,52.10,0.03,0.40,0.40,0.00,0.00,1,13.91,2.67,27.60,1,-28,13,0,0,STAT,60,LAT,LON,W,CRC
08/28/26 03:59:19,23.05,253.37,25.56,10.02,-3.20,422.00,21.60,52.00,0.07,0.24,0.27,0.00,0.00,1,13.87,0.75,24.82,1,-24,12,0,0,STAT,60,LAT,LON,W,CRC
08/28/26 04:00:19,23.05,264.51,24.49,10.28,-4.37,422.00,21.60,52.00,0.05,0.31,0.32,0.00,0.00,1,13.87,0.21,26.26,1,-26,12,1,0,STAT,60,LAT,LON,W,CRC
08/28/26 04:01:19,23.04,240.62,23.99,9.39,-3.23,422.00,21.60,52.00,0.03,0.25,0.26,0.00,0.00,1,14.12,220.93,40.32,1,-19,14,0,0,STAT,60,LAT,LON,W,CRC
08/28/26 04:02:19,23.04,263.03,24.04,10.28,-2.61,421.61,21.60,51.90,0.01,0.14,0.15,0.00,0.00,1,14.02,93.84,30.27,1,-25,13,0,0,STAT,60,LAT,LON,W,CRC
08/28/26 04:03:19,23.04,266.00,24.64,9.70,-2.32,421.33,21.60,52.00,0.00,0.19,0.19,0.00,0.00,1,13.98,26.50,27.14,1,-27,12,0,0,STAT,60,LAT,LON,W,CRC
08/28/26 04:04:20,23.04,265.84,23.08,9.87,-2.27,421.20,21.70,52.00,0.00,0.16,0.16,0.00,0.00,1,13.95,7.49,31.65,1,-27,13,0,0,STAT,60,LAT,LON,W,CRC
08/28/26 04:05:20,23.04,264.77,23.34,9.47,-2.48,421.31,21.70,51.90,0.05,0.34,0.34,0.00,0.00,1,13.91,2.11,26.55,1,-26,13,0,0,STAT,60,LAT,LON,W,CRC
08/28/26 04:06:22,23.04,264.98,23.66,10.29,-3.92,421.11,21.60,51.90,0.03,0.15,0.15,0.00,0.00,1,13.87,0.60,28.90,1,-27,13,0,0,STAT,60,LAT,LON,W,CRC
08/28/26 04:07:22,23.04,269.82,23.62,10.40,-5.73,421.04,21.70,52.00,0.06,0.17,0.17,0.00,0.00,1,13.87,0.17,29.87,1,-28,14,0,-1,STAT,60,LAT,LON,W,CRC
08/28/26 04:08:22,23.04,266.20,24.39,10.55,-4.68,421.01,21.60,52.00,0.11,0.31,0.31,0.00,0.00,1,13.84,0.05,24.93,1,-27,13,0,0,STAT,60,LAT,LON,W,CRC
08/28/26 04:09:22,23.04,271.67,23.17,9.49,-2.60,421.00,21.60,51.90,0.04,0.21,0.21,0.00,0.00,1,14.05,163.07,25.74,1,-28,15,0,0,STAT,60,LAT,LON,W,CRC
08/28/26 04:10:22,23.04,265.24,25.16,10.55,-2.59,421.54,21.60,52.00,0.01,0.13,0.18,0.00,0.00,1,13.98,46.05,26.34,1,-25,13,0,0,STAT,60,LAT,LON,W,CRC
08/28/26 04:11:22,23.04,266.73,24.37,10.50,-3.45,421.84,21.60,52.00,0.00,0.30,0.31,0.00,0.00,1,13.95,13.01,28.34,1,-27,12,0,0,STAT,60,LAT,LON,W,CRC
08/28/26 04:12:21,23.04,263.92,23.62,10.82,-5.25,421.94,21.60,52.00,0.00,0.35,0.36,0.00,0.00,1,13.91,3.67,32.62,1,-27,13,0,-1,STAT,60,LAT,LON,W,CRC
08/28/26 04:13:22,23.04,265.73,23.24,10.51,-4.55,421.98,21.60,51.90,0.09,0.50,0.55,0.00,0.00,1,13.87,1.04,30.12,1,-27,14,0,0,STAT,60,LAT,LON,W,CRC
08/28/26 04:14:22,23.04,264.73,23.70,9.59,-1.62,421.99,21.60,51.90,0.03,0.60,0.67,0.00,0.00,1,13.87,0.29,28.47,1,-26,14,0,0,STAT,60,LAT,LON,W,CRC
08/28/26 04:15:22,23.03,263.99,23.92,9.93,-2.69,422.58,21.70,52.00,0.01,0.19,0.21,0.00,0.00,1,13.84,0.08,28.91,1,-26,12,0,0,STAT,60,LAT,LON,W,CRC
08/28/26 04:16:22,23.04,269.60,23.66,9.09,-0.75,423.38,21.60,52.00,0.00,0.06,0.07,0.00,0.00,1,14.09,138.43,24.15,1,-27,14,0,0,STAT,60,LAT,LON,W,CRC
08/28/26 04:17:23,23.02,266.25,22.23,9.39,-1.94,423.33,21.60,52.00,0.03,0.14,0.14,0.00,0.00,1,13.98,39.10,30.21,1,-27,14,0,0,STAT,60,LAT,LON,W,CRC
08/28/26 04:18:24,23.03,266.19,22.00,8.98,-1.92,422.47,21.60,51.90,0.01,0.13,0.13,0.00,0.00,1,13.95,11.04,28.99,1,-27,14,0,0,STAT,60,LAT,LON,W,CRC
08/28/26 04:19:24,23.02,258.81,23.55,9.48,-3.34,422.16,21.60,51.90,0.00,0.52,0.52,0.00,0.00,1,13.91,3.12,26.80,1,-24,13,0,0,STAT,60,LAT,LON,W,CRC
08/28/26 04:20:24,23.02,265.48,24.64,9.53,-4.65,422.06,21.60,52.00,0.54,0.80,0.80,0.00,0.00,1,13.87,0.88,25.43,1,-27,12,0,-1,STAT,60,LAT,LON,W,CRC
08/28/26 04:21:24,23.02,266.82,23.80,8.91,-1.88,422.60,21.60,52.00,0.18,0.52,0.52,0.00,0.00,1,13.87,0.25,26.58,1,-27,13,1,0,STAT,60,LAT,LON,W,CRC
08/28/26 04:22:24,23.02,259.96,24.23,9.27,-1.70,422.95,21.60,51.90,0.10,0.59,0.73,0.00,0.00,1,13.84,0.07,32.56,1,-25,13,0,0,STAT,60,LAT,LON,W,CRC
08/28/26 04:23:25,23.02,265.79,24.33,8.95,-1.69,422.98,21.60,51.90,0.03,0.72,0.76,0.00,0.00,1,14.09,201.64,27.29,1,-26,12,0,0,STAT,60,LAT,LON,W,CRC
08/28/26 04:24:25,23.02,258.61,23.29,9.19,-1.74,422.99,21.60,51.90,0.01,0.64,0.65,0.00,0.00,1,13.98,56.95,26.25,1,-24,14,0,0,STAT,60,LAT,LON,W,CRC
08/28/26 04:25:25,23.02,262.42,24.86,10.26,-2.39,423.00,21.60,51.90,0.00,0.30,0.31,0.00,0.00,1,13.95,16.08,27.00,1,-25,13,1,0,STAT,60,LAT,LON,W,CRC
08/28/26 04:26:25,23.02,267.03,24.43,10.11,-2.16,423.00,21.60,51.80,0.07,0.56,0.56,0.00,0.00,1,13.91,4.54,27.52,1,-26,13,0,0,STAT,60,LAT,LON,W,CRC
08/28/26 04:27:21,23.02,270.69,23.28,9.55,-2.09,423.00,21.60,51.90,0.25,0.66,0.66,0.00,0.00,1,13.87,1.43,30.22,1,-28,15,0,0,STAT,60,LAT,LON,W,CRC
08/28/26 04:28:21,23.01,269.43,23.39,9.75,-3.39,422.59,21.60,51.90,0.09,0.75,0.75,0.00,0.00,1,13.87,0.40,26.03,1,-28,13,0,0,STAT,60,LAT,LON,W,CRC
08/28/26 04:29:22,23.01,264.20,24.32,9.70,-2.37,422.21,21.60,51.90,0.05,0.49,0.49,0.00,0.00,1,13.84,0.11,24.75,1,-25,12,0,0,STAT,60,LAT,LON,W,CRC
08/28/26 04:30:22,23.01,268.25,23.21,9.89,-3.32,421.84,21.60,51.80,0.44,0.97,0.97,0.00,0.00,1,14.16,235.67,25.15,1,-26,14,0,0,STAT,60,LAT,LON,W,CRC
08/28/26 04:31:22,23.01,271.42,23.86,9.70,-2.08,421.62,21.60,51.90,0.18,0.91,0.91,0.00,0.00,1,14.02,73.65,26.55,1,-27,13,0,0,STAT,60,LAT,LON,W,CRC
08/28/26 04:32:23,23.01,265.47,24.17,9.76,-2.09,421.76,21.60,51.90,0.06,0.87,0.87,0.00,0.00,1,13.95,20.80,28.43,1,-27,13,0,0,STAT,60,LAT,LON,W,CRC
08/28/26 04:33:23,23.01,267.28,24.83,9.70,-3.62,421.92,21.60,51.80,0.04,0.74,0.74,0.00,0.00,1,13.91,5.87,27.79,1,-27,12,0,0,STAT,60,LAT,LON,W,CRC
08/28/26 04:34:23,23.01,269.47,24.91,9.75,-4.16,421.97,21.60,51.90,0.01,0.24,0.32,0.00,0.00,1,13.91,1.66,25.62,1,-28,12,0,-1,STAT,60,LAT,LON,W,CRC
08/28/26 04:35:24,23.00,262.93,25.17,9.63,-3.73,421.99,21.60,51.90,0.00,0.46,0.49,0.00,0.00,1,13.87,0.47,25.44,1,-25,11,0,0,STAT,60,LAT,LON,W,CRC
08/28/26 04:36:24,23.00,270.27,22.55,9.03,-1.48,422.21,21.60,51.90,0.02,0.45,0.46,0.00,0.00,1,13.87,0.13,26.44,1,-27,14,0,0,STAT,60,LAT,LON,W,CRC
08/28/26 04:37:24,23.00,269.40,25.52,9.56,-3.95,422.08,21.60,51.90,0.06,0.43,0.43,0.00,0.00,1,14.12,151.91,28.92,1,-27,12,0,0,STAT,60,LAT,LON,W,CRC
08/28/26 04:38:24,23.00,275.86,25.32,9.85,-2.88,422.57,21.60,51.90,0.03,0.53,0.53,0.00,0.00,1,14.02,88.73,29.88,1,-29,12,0,0,STAT,60,LAT,LON,W,CRC
08/28/26 04:39:24,22.99,276.36,25.39,9.85,-3.88,422.85,21.60,51.90,0.18,0.51,0.73,0.00,0.00,1,13.98,25.06,28.50,1,-29,11,0,0,STAT,60,LAT,LON,W,CRC
08/28/26 04:40:25,22.99,273.09,24.93,9.45,-3.14,422.42,21.60,51.90,0.09,0.51,0.59,0.00,0.00,1,13.91,7.08,31.42,1,-29,12,0,0,STAT,60,LAT,LON,W,CRC
08/28/26 04:41:25,22.99,265.29,24.14,9.91,-5.28,422.18,21.60,51.80,0.27,0.69,0.72,0.00,0.00,1,13.91,2.00,25.37,1,-26,13,0,-1,STAT,60,LAT,LON,W,CRC
08/28/26 04:42:25,22.99,262.60,24.44,9.43,-3.50,422.06,21.60,51.80,0.30,0.76,0.77,0.00,0.00,1,13.87,0.56,26.38,1,-25,12,0,0,STAT,60,LAT,LON,W,CRC
08/28/26 04:43:25,22.99,266.50,23.18,8.96,-3.44,422.18,21.60,51.80,0.22,0.45,0.66,0.00,0.00,1,13.87,0.16,29.83,1,-27,13,0,-1,STAT,60,LAT,LON,W,CRC
08/28/26 04:44:25,22.99,266.90,23.67,9.61,-2.48,422.68,21.60,51.90,0.07,0.33,0.40,0.00,0.00,1,13.84,0.05,24.84,1,-26,12,0,0,STAT,60,LAT,LON,W,CRC
08/28/26 04:45:25,22.99,269.53,21.98,10.47,-5.02,422.89,21.60,51.90,0.14,0.42,0.49,0.00,0.00,1,14.05,103.60,27.51,1,-28,15,0,0,STAT,60,LAT,LON,W,CRC
08/28/26 04:46:25,22.99,271.49,23.51,10.45,-4.61,422.80,21.60,51.80,0.05,0.65,0.69,0.00,0.00,1,13.98,29.26,26.78,1,-29,13,0,-1,STAT,60,LAT,LON,W,CRC
08/28/26 04:47:25,22.99,266.57,25.41,10.27,-3.64,422.86,21.60,51.80,0.17,0.58,0.59,0.00,0.00,1,13.95,8.26,28.08,1,-27,12,0,0,STAT,60,LAT,LON,W,CRC
08/28/26 04:48:26,22.99,263.83,25.19,10.03,-2.33,422.66,21.60,51.80,0.06,0.21,0.21,0.00,0.00,1,13.91,2.33,24.65,1,-26,12,0,0,STAT,60,LAT,LON,W,CRC
08/28/26 04:49:26,22.99,265.07,23.61,9.82,-2.87,421.62,21.60,51.80,0.02,0.07,0.07,0.00,0.00,1,13.87,0.66,26.02,1,-26,12,0,0,STAT,60,LAT,LON,W,CRC
08/28/26 04:50:26,22.99,267.85,24.62,9.85,-3.77,421.35,21.60,51.70,0.05,0.15,0.15,0.00,0.00,1,13.87,0.19,27.70,1,-27,12,0,0,STAT,60,LAT,LON,W,CRC
08/28/26 04:51:26,22.99,266.81,23.64,9.36,-3.34,421.12,21.60,51.80,0.02,0.11,0.11,0.00,0.00,1,13.84,0.05,28.43,1,-28,12,0,0,STAT,60,LAT,LON,W,CRC
08/28/26 04:52:26,22.99,266.71,23.98,9.18,-4.20,421.45,21.60,51.80,0.01,0.39,0.39,0.00,0.00,1,14.09,143.64,25.10,1,-27,13,0,-1,STAT,60,LAT,LON,W,CRC
08/28/26 04:53:26,22.99,256.29,24.07,8.92,-2.49,421.72,21.60,51.80,0.00,0.52,0.52,0.00,0.00,1,13.98,40.57,38.85,1,-24,14,0,0,STAT,60,LAT,LON,W,CRC
08/28/26 04:54:27,22.99,260.40,24.69,9.40,-1.87,421.87,21.60,51.90,0.00,0.47,0.47,0.00,0.00,1,13.95,11.46,30.88,1,-25,13,0,0,STAT,60,LAT,LON,W,CRC
08/28/26 04:55:27,22.99,261.44,23.70,8.76,-2.87,421.60,21.60,51.90,0.00,0.59,0.59,0.00,0.00,1,13.91,3.24,27.61,1,-26,14,0,0,STAT,60,LAT,LON,W,CRC
08/28/26 04:56:27,22.99,263.18,22.87,8.80,-3.56,421.48,21.60,51.90,0.06,0.38,0.62,0.00,0.00,1,13.87,0.91,25.44,1,-25,15,0,0,STAT,60,LAT,LON,W,CRC
08/28/26 04:57:27,22.99,267.15,22.35,8.59,-2.94,421.82,21.60,51.80,0.02,0.17,0.27,0.00,0.00,1,13.87,0.26,25.75,1,-27,15,0,0,STAT,60,LAT,LON,W,CRC
08/28/26 04:58:23,22.99,268.43,23.26,9.37,-2.87,421.51,21.60,51.80,0.01,0.41,0.44,0.00,0.00,1,14.05,107.82,32.35,1,-28,13,0,0,STAT,60,LAT,LON,W,CRC
08/28/26 04:59:24,22.99,272.26,23.50,9.52,-2.80,421.56,21.60,51.80,0.00,0.48,0.63,0.00,0.00,1,14.05,104.78,26.66,1,-28,13,0,0,STAT,60,LAT,LON,W,CRC
08/28/26 05:00:24,22.99,265.83,26.06,9.65,-3.87,422.08,21.60,51.70,0.36,0.69,0.74,0.00,0.00,1,13.98,29.59,24.86,1,-27,10,0,0,STAT,60,LAT,LON,W,CRC
08/28/26 05:01:24,22.99,266.86,24.81,9.43,-0.60,422.67,21.60,51.80,0.14,0.65,0.67,0.00,0.00,1,13.95,8.36,25.77,1,-27,12,0,0,STAT,60,LAT,LON,W,CRC
08/28/26 05:02:24,22.99,271.70,24.25,10.12,-3.18,422.67,21.60,51.90,0.05,0.61,0.62,0.00,0.00,1,13.91,2.36,27.19,1,-28,12,0,0,STAT,60,LAT,LON,W,CRC
08/28/26 05:03:24,22.99,263.84,25.15,10.66,-2.34,422.85,21.60,51.90,0.01,0.29,0.29,0.00,0.00,1,13.87,0.67,24.52,1,-25,12,0,0,STAT,60,LAT,LON,W,CRC
08/28/26 05:04:25,22.99,267.19,24.98,9.76,-2.88,422.95,21.60,51.80,0.05,0.22,0.22,0.00,0.00,1,13.87,0.19,31.06,1,-27,13,0,0,STAT,60,LAT,LON,W,CRC
08/28/26 05:05:26,22.99,268.56,24.85,9.14,-3.26,422.98,21.60,51.80,0.02,0.19,0.27,0.00,0.00,1,13.84,0.05,26.23,1,-27,13,0,0,STAT,60,LAT,LON,W,CRC
08/28/26 05:06:26,22.99,275.41,25.53,9.23,-4.78,422.99,21.60,51.70,0.02,0.19,0.22,0.00,0.00,1,14.05,153.51,26.32,1,-29,12,0,-1,STAT,60,LAT,LON,W,CRC
08/28/26 05:07:26,22.99,267.19,25.63,8.19,-4.49,422.60,21.60,51.80,0.01,0.38,0.51,0.00,0.00,1,13.98,43.36,27.85,1,-27,13,0,-1,STAT,60,LAT,LON,W,CRC
08/28/26 05:08:26,22.99,261.97,25.38,9.00,-2.85,422.21,21.60,51.80,0.29,0.82,1.22,0.00,0.00,1,13.95,12.25,26.93,1,-25,12,0,0,STAT,60,LAT,LON,W,CRC
08/28/26 05:09:26,22.99,269.06,25.01,9.72,-3.98,422.32,21.60,51.80,0.15,0.41,0.55,0.00,0.00,1,13.91,3.46,28.86,1,-28,12,0,0,STAT,60,LAT,LON,W,CRC
08/28/26 05:10:27,22.99,270.05,25.92,8.69,-1.57,422.46,21.60,51.70,0.09,0.57,0.61,0.00,0.00,1,13.87,0.98,27.26,1,-28,12,0,0,STAT,60,LAT,LON,W,CRC
08/28/26 05:11:27,22.99,269.68,24.79,9.60,-3.54,422.40,21.60,51.70,0.03,0.37,0.39,0.00,0.00,1,13.87,0.28,27.97,1,-28,12,1,0,STAT,60,LAT,LON,W,CRC
08/28/26 05:12:27,22.99,261.14,23.84,8.85,-4.36,422.21,21.60,51.70,0.01,0.18,0.19,0.00,0.00,1,13.84,0.08,24.42,1,-26,13,1,-1,STAT,60,LAT,LON,W,CRC
08/28/26 05:13:27,22.99,266.80,22.68,9.27,-3.65,422.22,21.60,51.70,0.00,0.38,0.48,0.00,0.00,1,14.12,216.72,24.89,1,-27,14,1,0,STAT,60,LAT,LON,W,CRC
08/28/26 05:14:27,22.99,273.80,24.70,9.09,-1.54,422.58,21.60,51.80,0.20,0.78,0.97,0.00,0.00,1,13.98,61.21,27.79,1,-29,11,0,0,STAT,60,LAT,LON,W,CRC
08/28/26 05:15:27,22.99,268.62,23.81,8.96,-2.25,423.15,21.60,51.70,0.07,0.37,0.50,0.00,0.00,1,13.95,17.29,26.03,1,-27,11,0,0,STAT,60,LAT,LON,W,CRC
08/28/26 05:16:28,22.99,275.15,22.87,9.81,-4.11,423.31,21.60,51.80,0.21,0.74,0.78,0.00,0.00,1,13.91,4.88,25.77,1,-29,14,0,0,STAT,60,LAT,LON,W,CRC
08/28/26 05:17:28,22.99,267.27,23.25,9.28,-3.88,423.11,21.60,51.70,0.07,0.56,0.76,0.00,0.00,1,13.91,1.38,26.65,1,-28,14,0,-1,STAT,60,LAT,LON,W,CRC
08/28/26 05:18:28,22.99,266.09,24.85,9.45,-4.94,423.10,21.60,51.80,0.06,0.75,0.82,0.00,0.00,1,13.87,0.39,28.72,1,-27,12,0,0,STAT,60,LAT,LON,W,CRC
08/28/26 05:19:28,22.99,267.35,22.37,9.57,-3.78,423.04,21.60,51.80,0.06,0.52,0.55,0.00,0.00,1,13.87,0.11,26.06,1,-27,13,0,0,STAT,60,LAT,LON,W,CRC
08/28/26 05:20:28,22.99,263.70,23.94,9.10,-2.05,422.93,21.60,51.80,0.02,0.30,0.31,0.00,0.00,1,14.16,194.71,24.65,1,-26,13,0,0,STAT,60,LAT,LON,W,CRC
08/28/26 05:21:29,22.99,266.63,25.45,9.92,-4.43,422.50,21.60,51.80,0.01,0.15,0.15,0.00,0.00,1,14.02,54.99,26.53,1,-28,12,0,0,STAT,60,LAT,LON,W,CRC
08/28/26 05:22:29,22.99,266.62,24.23,9.82,-3.23,423.02,21.60,51.70,0.00,0.58,0.59,0.00,0.00,1,13.95,15.53,27.68,1,-28,13,0,0,STAT,60,LAT,LON,W,CRC
08/28/26 05:23:29,22.99,264.96,24.37,9.70,-2.89,423.42,21.60,51.70,0.00,0.60,0.60,0.00,0.00,1,13.91,4.39,25.15,1,-27,13,0,0,STAT,60,LAT,LON,W,CRC
08/28/26 05:24:29,22.99,262.19,24.50,9.28,-4.08,423.74,21.60,51.70,0.00,0.53,0.53,0.00,0.00,1,13.87,1.24,32.42,1,-26,13,0,0,STAT,60,LAT,LON,W,CRC
08/28/26 05:25:29,22.99,267.63,23.92,9.72,-2.83,423.37,21.60,51.70,0.05,0.46,0.46,0.00,0.00,1,13.87,0.35,29.97,1,-28,12,1,0,STAT,60,LAT,LON,W,CRC
08/28/26 05:26:30,22.99,261.51,25.90,9.36,-2.57,423.13,21.60,51.60,0.13,0.60,0.60,0.00,0.00,1,13.84,0.10,24.67,1,-26,11,0,0,STAT,60,LAT,LON,W,CRC
08/28/26 05:27:30,22.99,261.63,23.68,8.87,-2.02,423.05,21.60,51.70,0.10,0.39,0.39,0.00,0.00,1,14.12,245.72,25.27,1,-26,14,1,0,STAT,60,LAT,LON,W,CRC
08/28/26 05:28:30,22.99,269.90,23.32,8.96,-2.00,422.67,21.60,51.70,0.03,0.46,0.61,0.00,0.00,1,14.02,103.08,26.45,1,-29,15,0,0,STAT,60,LAT,LON,W,CRC
08/28/26 05:29:30,22.99,260.18,22.45,8.89,-4.58,422.46,21.60,51.70,0.01,0.36,0.41,0.00,0.00,1,13.95,29.11,27.93,1,-26,15,0,-1,STAT,60,LAT,LON,W,CRC
08/28/26 05:30:30,22.99,264.17,22.02,9.30,-3.45,422.51,21.60,51.70,0.00,0.28,0.58,0.00,0.00,1,13.95,8.22,27.80,1,-26,14,0,0,STAT,60,LAT,LON,W,CRC
08/28/26 05:31:30,22.99,261.83,22.92,8.88,-3.21,422.83,21.60,51.70,0.00,0.10,0.23,0.00,0.00,1,13.91,2.32,26.41,1,-26,14,0,0,STAT,60,LAT,LON,W,CRC
08/28/26 05:32:31,22.99,267.33,23.92,8.71,-3.94,422.66,21.60,51.70,0.00,0.03,0.11,0.00,0.00,1,13.87,0.66,27.35,1,-28,13,0,-1,STAT,60,LAT,LON,W,CRC
08/28/26 05:33:31,22.99,262.83,24.27,8.33,-0.85,422.80,21.60,51.60,0.00,0.51,0.69,0.00,0.00,1,13.87,0.19,26.76,1,-26,12,0,0,STAT,60,LAT,LON,W,CRC
08/28/26 05:34:31,22.99,262.44,23.46,8.25,-0.84,422.35,21.60,51.70,0.00,0.47,0.52,0.00,0.00,1,14.12,244.26,26.04,1,-26,13,0,0,STAT,60,LAT,LON,W,CRC
08/28/26 05:35:27,22.99,253.15,24.54,8.67,-3.12,422.13,21.60,51.70,0.00,0.29,0.31,0.00,0.00,1,14.05,124.87,33.06,1,-23,13,0,0,STAT,60,LAT,LON,W,CRC
08/28/26 05:36:27,22.99,265.12,24.24,9.71,-4.04,422.36,21.60,51.70,0.13,0.37,0.37,0.00,0.00,1,13.98,35.27,26.82,1,-27,13,0,0,STAT,60,LAT,LON,W,CRC
08/28/26 05:37:27,22.99,264.27,25.53,9.45,-2.74,422.77,21.60,51.60,0.12,0.27,0.28,0.00,0.00,1,13.95,9.96,26.72,1,-27,12,0,0,STAT,60,LAT,LON,W,CRC
08/28/26 05:38:27,22.99,269.48,25.95,10.23,-4.17,422.92,21.60,51.70,0.04,0.34,0.34,0.00,0.00,1,13.91,2.81,27.95,1,-28,11,0,0,STAT,60,LAT,LON,W,CRC
08/28/26 05:39:28,22.99,268.72,25.97,9.75,-5.25,422.97,21.60,51.70,0.01,0.22,0.22,0.00,0.00,1,13.87,0.79,25.53,1,-28,12,0,-1,STAT,60,LAT,LON,W,CRC
08/28/26 05:40:29,22.99,264.54,25.86,9.22,-4.68,422.99,21.60,51.60,0.00,0.37,0.37,0.00,0.00,1,13.87,0.22,31.37,1,-27,12,0,0,STAT,60,LAT,LON,W,CRC
08/28/26 05:41:29,22.99,260.35,25.47,9.20,-4.48,423.00,21.60,51.70,0.00,0.38,0.38,0.00,0.00,1,13.84,0.06,28.01,1,-26,13,0,0,STAT,60,LAT,LON,W,CRC
08/28/26 05:42:29,22.99,260.30,24.10,9.29,-3.13,423.00,21.60,51.70,0.00,0.17,0.17,0.00,0.00,1,14.09,170.94,24.52,1,-25,14,0,0,STAT,60,LAT,LON,W,CRC
08/28/26 05:43:29,22.99,264.34,25.26,8.92,-3.37,423.00,21.60,51.70,0.00,0.36,0.36,0.00,0.00,1,13.98,48.28,25.43,1,-26,12,0,0,STAT,60,LAT,LON,W,CRC
08/28/26 05:44:29,22.99,265.29,24.04,9.74,-4.34,423.29,21.60,51.70,0.00,0.35,0.35,0.00,0.00,1,13.95,13.64,27.16,1,-28,13,1,0,STAT,60,LAT,LON,W,CRC
08/28/26 05:45:29,22.99,260.63,24.31,9.53,-1.67,423.21,21.60,51.60,0.00,0.28,0.28,0.00,0.00,1,13.91,3.85,29.01,1,-26,13,0,0,STAT,60,LAT,LON,W,CRC
08/28/26 05:46:29,22.99,259.84,25.56,9.81,-3.29,423.07,21.60,51.70,0.04,0.37,0.42,0.00,0.00,1,13.87,1.09,26.83,1,-26,12,0,0,STAT,60,LAT,LON,W,CRC
08/28/26 05:47:29,22.99,260.44,24.45,9.77,-4.21,423.03,21.60,51.60,0.01,0.19,0.27,0.00,0.00,1,13.87,0.31,26.94,1,-26,12,1,0,STAT,60,LAT,LON,W,CRC
08/28/26 05:48:29,22.99,259.95,24.38,9.50,-2.94,422.93,21.60,51.60,0.07,0.26,0.30,0.00,0.00,1,13.84,0.09,28.04,1,-25,12,0,0,STAT,60,LAT,LON,W,CRC
08/28/26 05:49:29,22.99,261.16,24.22,8.63,-0.81,422.42,21.60,51.70,0.02,0.09,0.10,0.00,0.00,1,14.16,250.57,25.65,1,-26,14,0,0,STAT,60,LAT,LON,W,CRC
08/28/26 05:50:30,22.99,274.74,25.62,8.85,-1.97,422.02,21.60,51.70,0.09,0.11,0.11,0.00,0.00,1,14.02,78.46,27.73,1,-30,13,0,0,STAT,60,LAT,LON,W,CRC
08/28/26 05:51:30,22.99,269.88,24.39,9.29,-2.54,422.41,21.60,51.70,0.03,0.04,0.05,0.00,0.00,1,13.95,22.16,28.83,1,-29,13,0,0,STAT,60,LAT,LON,W,CRC
08/28/26 05:52:30,22.99,270.98,23.47,9.14,-2.55,422.15,21.60,51.70,0.01,0.01,0.01,0.00,0.00,1,13.91,6.26,29.17,1,-29,13,0,0,STAT,60,LAT,LON,W,CRC
08/28/26 05:53:31,22.99,272.66,23.98,9.09,-3.41,422.05,21.60,51.70,0.03,0.09,0.09,0.00,0.00,1,13.91,1.77,27.04,1,-30,12,0,0,STAT,60,LAT,LON,W,CRC
08/28/26 05:54:31,22.99,271.22,24.35,8.99,-4.03,422.02,21.60,51.70,0.03,0.52,0.52,0.00,0.00,1,13.87,0.50,25.85,1,-29,13,0,0,STAT,60,LAT,LON,W,CRC
08/28/26 05:55:30,22.99,268.30,24.54,8.65,-3.94,422.18,21.60,51.60,0.01,0.50,0.50,0.00,0.00,1,13.84,0.14,28.01,1,-29,12,1,0,STAT,60,LAT,LON,W,CRC
08/28/26 05:56:30,22.99,262.00,22.99,8.36,-3.23,422.06,21.60,51.60,0.00,0.43,0.43,0.00,0.00,1,14.16,217.24,25.54,1,-27,13,0,0,STAT,60,LAT,LON,W,CRC
08/28/26 05:57:30,22.99,263.10,23.51,9.10,-3.66,422.02,21.60,51.70,0.00,0.17,0.18,0.00,0.00,1,14.02,78.14,24.19,1,-28,14,0,0,STAT,60,LAT,LON,W,CRC
08/28/26 05:58:31,22.99,264.38,24.36,9.44,-3.45,422.36,21.60,51.70,0.05,0.30,0.45,0.00,0.00,1,13.95,22.07,25.13,1,-28,13,1,0,STAT,60,LAT,LON,W,CRC
08/28/26 05:59:31,22.99,264.51,24.91,8.87,-1.95,422.37,21.60,51.70,0.02,0.30,0.38,0.00,0.00,1,13.91,6.23,26.68,1,-28,12,0,0,STAT,60,LAT,LON,W,CRC
08/28/26 06:00:31,22.99,266.77,25.07,8.96,-2.16,422.20,21.60,51.70,0.01,0.20,0.25,0.00,0.00,1,13.91,1.76,26.55,1,-29,12,0,0,STAT,60,LAT,LON,W,CRC
08/28/26 06:01:32,22.99,265.02,24.00,8.58,-3.06,422.42,21.60,51.70,0.00,0.06,0.08,0.00,0.00,1,13.87,0.50,31.03,1,-28,13,0,0,STAT,60,LAT,LON,W,CRC
08/28/26 06:02:32,22.99,259.91,23.73,9.65,-5.75,422.39,21.60,51.70,0.00,0.02,0.03,0.00,0.00,1,13.84,0.14,28.78,1,-28,13,0,-1,STAT,60,LAT,LON,W,CRC
08/28/26 06:03:32,22.98,264.05,23.59,9.94,-5.90,422.33,21.60,51.70,0.00,0.14,0.14,0.00,0.00,1,14.12,238.29,25.10,1,-28,14,1,0,STAT,60,LAT,LON,W,CRC
08/28/26 06:04:32,22.99,253.17,24.28,9.34,-3.85,422.05,21.60,51.60,0.00,0.44,0.66,0.00,0.00,1,14.02,101.26,25.52,1,-26,14,0,0,STAT,60,LAT,LON,W,CRC
08/28/26 06:05:32,22.99,262.26,24.87,8.96,-3.90,421.82,21.50,51.70,0.00,0.20,0.26,0.00,0.00,1,13.98,28.60,26.76,1,-29,13,0,-1,STAT,60,LAT,LON,W,CRC
08/28/26 06:06:33,22.99,267.32,25.28,8.83,-3.76,422.48,21.50,51.70,0.03,0.13,0.16,0.00,0.00,1,13.91,8.08,28.72,1,-30,11,0,0,STAT,60,LAT,LON,W,CRC
08/28/26 06:07:33,22.99,258.09,25.33,9.36,-4.01,422.24,21.60,51.60,0.01,0.23,0.24,0.00,0.00,1,13.91,2.28,25.11,1,-27,12,0,0,STAT,60,LAT,LON,W,CRC
08/28/26 06:08:33,22.98,256.89,25.05,9.20,-3.91,422.08,21.60,51.60,0.02,0.19,0.19,0.00,0.00,1,13.87,0.64,25.33,1,-27,13,0,0,STAT,60,LAT,LON,W,CRC
08/28/26 06:09:33,22.99,258.73,24.53,9.19,-4.43,422.03,21.60,51.60,0.00,0.31,0.31,0.00,0.00,1,13.87,0.18,26.48,1,-28,12,0,0,STAT,60,LAT,LON,W,CRC
08/28/26 06:10:33,22.99,265.69,23.46,9.48,-5.30,422.01,21.50,51.60,0.00,0.10,0.23,0.00,0.00,1,13.84,0.05,26.84,1,-30,14,0,-1,STAT,60,LAT,LON,W,CRC
08/28/26 06:11:30,22.98,259.60,24.11,8.80,-4.58,422.00,21.50,51.60,0.00,0.15,0.24,0.00,0.00,1,14.09,164.79,32.55,1,-27,13,1,-1,STAT,60,LAT,LON,W,CRC
08/28/26 06:12:30,22.99,255.90,24.30,9.04,-3.77,422.00,21.60,51.60,0.00,0.18,0.22,0.00,0.00,1,13.98,46.54,30.25,1,-26,12,0,0,STAT,60,LAT,LON,W,CRC
08/28/26 06:13:30,22.98,260.02,24.21,9.58,-5.85,422.00,21.60,51.60,0.13,0.30,0.31,0.00,0.00,1,13.95,13.14,26.01,1,-27,12,0,-1,STAT,60,LAT,LON,W,CRC
08/28/26 06:14:30,22.99,262.06,23.03,9.13,-5.53,422.00,21.60,51.60,0.08,0.53,0.53,0.00,0.00,1,13.91,3.71,25.46,1,-28,14,1,-1,STAT,60,LAT,LON,W,CRC
08/28/26 06:15:30,22.98,260.42,24.44,8.87,-3.40,422.29,21.50,51.60,0.03,0.23,0.23,0.00,0.00,1,13.91,1.05,26.75,1,-28,12,0,0,STAT,60,LAT,LON,W,CRC
08/28/26 06:16:31,22.98,258.82,24.69,9.42,-4.44,423.25,21.50,51.60,0.01,0.20,0.20,0.00,0.00,1,13.87,0.30,25.36,1,-27,12,0,-1,STAT,60,LAT,LON,W,CRC
08/28/26 06:17:31,22.98,265.42,26.61,8.82,-3.36,423.57,21.50,51.50,0.00,0.08,0.08,0.00,0.00,1,13.84,0.08,26.28,1,-30,11,0,0,STAT,60,LAT,LON,W,CRC
08/28/26 06:18:31,22.98,259.55,25.77,8.81,-3.25,423.20,21.50,51.60,0.00,0.41,0.41,0.00,0.00,1,14.12,222.54,27.16,1,-28,12,0,0,STAT,60,LAT,LON,W,CRC
08/28/26 06:19:31,22.98,261.93,25.28,9.75,-5.00,423.53,21.50,51.60,0.00,0.37,0.37,0.00,0.00,1,13.98,62.85,27.90,1,-28,12,1,0,STAT,60,LAT,LON,W,CRC
08/28/26 06:20:31,22.98,258.75,25.35,9.42,-4.54,423.48,21.50,51.60,0.01,0.25,0.25,0.00,0.00,1,13.95,17.75,25.39,1,-28,13,0,0,STAT,60,LAT,LON,W,CRC
08/28/26 06:21:33,22.98,248.97,23.75,8.82,-1.58,422.76,21.50,51.60,0.05,0.37,0.37,0.00,0.00,1,13.91,5.01,29.02,1,-25,14,0,0,STAT,60,LAT,LON,W,CRC
08/28/26 06:22:33,22.98,259.44,23.28,8.34,-2.27,422.62,21.50,51.60,0.07,0.47,0.47,0.00,0.00,1,13.91,1.42,24.62,1,-29,14,0,0,STAT,60,LAT,LON,W,CRC
08/28/26 06:23:33,22.98,258.76,23.68,8.63,-4.06,422.87,21.50,51.50,0.06,0.26,0.41,0.00,0.00,1,13.87,0.40,25.07,1,-28,13,0,0,STAT,60,LAT,LON,W,CRC
08/28/26 06:24:33,22.97,262.80,24.31,8.68,-3.08,422.95,21.50,51.50,0.02,0.09,0.13,0.00,0.00,1,13.84,0.11,27.40,1,-29,13,0,0,STAT,60,LAT,LON,W,CRC
08/28/26 06:25:34,22.97,259.59,24.50,9.62,-4.35,422.98,21.50,51.50,0.01,0.05,0.07,0.00,0.00,1,14.16,216.97,28.49,1,-27,13,1,0,STAT,60,LAT,LON,W,CRC
08/28/26 06:26:34,22.97,262.67,23.60,9.44,-5.61,422.83,21.60,51.50,0.00,0.09,0.10,0.00,0.00,1,14.02,77.63,24.06,1,-29,13,0,0,STAT,60,LAT,LON,W,CRC
08/28/26 06:27:34,22.97,249.92,23.21,9.61,-5.35,422.94,21.50,51.50,0.00,0.13,0.13,0.00,0.00,1,13.95,21.93,28.36,1,-26,14,0,0,STAT,60,LAT,LON,W,CRC
08/28/26 06:28:34,22.97,254.69,23.39,8.85,-3.42,422.98,21.50,51.50,0.00,0.16,0.16,0.00,0.00,1,13.91,6.19,24.34,1,-28,14,0,0,STAT,60,LAT,LON,W,CRC
08/28/26 06:29:34,22.97,250.80,24.03,9.35,-4.07,422.99,21.50,51.40,0.00,0.12,0.12,0.00,0.00,1,13.91,1.75,24.41,1,-26,13,0,0,STAT,60,LAT,LON,W,CRC
08/28/26 06:30:34,22.97,256.83,23.44,9.29,-4.54,422.75,21.50,51.50,0.00,0.10,0.65,0.00,0.00,1,13.87,0.49,33.56,1,-28,14,0,0,STAT,60,LAT,LON,W,CRC
08/28/26 06:31:34,22.97,255.74,24.25,8.66,-4.92,422.91,21.50,51.50,0.00,0.13,0.32,0.00,0.00,1,13.84,0.14,30.08,1,-28,12,0,-1,STAT,60,LAT,LON,W,CRC
08/28/26 06:32:35,22.96,253.82,23.17,8.49,-2.63,422.97,21.50,51.50,0.00,0.12,0.31,0.00,0.00,1,14.09,169.43,28.15,1,-27,14,0,0,STAT,60,LAT,LON,W,CRC
08/28/26 06:33:35,22.95,258.90,23.58,8.44,-3.82,422.99,21.50,51.50,0.00,0.08,0.15,0.00,0.00,1,13.98,47.85,25.83,1,-28,13,0,0,STAT,60,LAT,LON,W,CRC
08/28/26 06:34:35,22.94,250.84,22.71,8.95,-1.34,423.00,21.50,51.40,0.02,0.15,0.17,0.00,0.00,1,13.95,13.51,26.78,1,-27,14,0,0,STAT,60,LAT,LON,W,CRC
08/28/26 06:35:35,22.94,257.25,24.33,8.57,-2.19,423.65,21.50,51.40,0.01,0.05,0.06,0.00,0.00,1,13.91,3.82,26.93,1,-28,13,1,0,STAT,60,LAT,LON,W,CRC
08/28/26 06:36:35,22.93,255.60,25.30,9.11,-3.75,423.88,21.60,51.50,0.00,0.02,0.06,0.00,0.00,1,13.91,1.08,26.86,1,-28,12,0,0,STAT,60,LAT,LON,W,CRC
08/28/26 06:37:35,22.92,250.33,23.85,9.17,-4.36,423.96,21.50,51.50,0.00,0.01,0.02,0.00,0.00,1,13.87,0.30,27.10,1,-26,13,0,0,STAT,60,LAT,LON,W,CRC
08/28/26 06:38:36,22.92,251.36,24.02,8.07,-4.86,423.98,21.50,51.40,0.00,0.08,0.08,0.00,0.00,1,13.84,0.09,29.02,1,-27,14,0,-1,STAT,60,LAT,LON,W,CRC
08/28/26 06:39:36,22.92,247.80,24.99,7.89,-2.87,423.99,21.50,51.40,0.00,0.12,0.12,0.00,0.00,1,14.12,277.33,27.02,1,-26,12,0,0,STAT,60,LAT,LON,W,CRC
08/28/26 06:40:36,22.91,260.10,24.15,8.33,-3.37,424.00,21.50,51.50,0.01,0.31,0.31,0.00,0.00,1,14.02,105.41,25.07,1,-30,12,0,0,STAT,60,LAT,LON,W,CRC
08/28/26 06:41:36,22.90,259.47,23.47,9.27,-4.69,424.00,21.50,51.40,0.00,0.10,0.12,0.00,0.00,1,13.95,29.77,25.90,1,-29,13,0,0,STAT,60,LAT,LON,W,CRC
08/28/26 06:42:32,22.90,251.76,24.01,8.92,-5.32,424.00,21.50,51.40,0.00,0.13,0.14,0.00,0.00,1,13.91,9.34,28.65,1,-27,13,0,-1,STAT,60,LAT,LON,W,CRC
08/28/26 06:43:32,22.89,257.27,23.99,8.46,-3.82,424.00,21.50,51.40,0.00,0.12,0.13,0.00,0.00,1,13.91,2.64,25.33,1,-28,13,0,0,STAT,60,LAT,LON,W,CRC
08/28/26 06:44:33,22.89,256.65,24.11,8.71,-3.15,424.00,21.50,51.40,0.00,0.25,0.25,0.00,0.00,1,13.87,0.75,25.87,1,-28,13,0,0,STAT,60,LAT,LON,W,CRC
08/28/26 06:45:33,22.89,254.04,22.50,8.99,-3.62,424.00,21.50,51.40,0.00,0.16,0.16,0.00,0.00,1,13.87,0.21,27.12,1,-29,15,1,0,STAT,60,LAT,LON,W,CRC
08/28/26 06:46:33,22.89,250.88,23.60,8.98,-3.95,424.06,21.50,51.30,0.00,0.16,0.16,0.00,0.00,1,13.84,0.06,29.10,1,-26,14,0,0,STAT,60,LAT,LON,W,CRC
08/28/26 06:47:33,22.89,258.31,23.90,8.99,-3.38,424.21,21.50,51.40,0.00,0.05,0.05,0.00,0.00,1,14.05,115.47,25.66,1,-29,13,0,0,STAT,60,LAT,LON,W,CRC
08/28/26 06:48:33,22.89,254.52,24.68,8.75,-4.84,424.28,21.50,51.30,0.00,0.21,0.21,0.00,0.00,1,13.98,32.61,26.61,1,-28,12,0,0,STAT,60,LAT,LON,W,CRC
08/28/26 06:49:34,22.89,255.77,23.82,9.00,-4.96,424.14,21.50,51.40,0.01,0.21,0.21,0.00,0.00,1,13.95,9.21,27.92,1,-28,13,1,0,STAT,60,LAT,LON,W,CRC
08/28/26 06:50:34,22.89,253.81,23.02,9.34,-5.48,424.05,21.50,51.40,0.00,0.15,0.15,0.00,0.00,1,13.91,2.60,24.09,1,-28,14,1,0,STAT,60,LAT,LON,W,CRC
08/28/26 06:51:34,22.89,252.61,24.47,9.06,-4.05,424.02,21.50,51.40,0.00,0.39,0.39,0.00,0.00,1,13.87,0.73,25.90,1,-28,14,0,0,STAT,60,LAT,LON,W,CRC
08/28/26 06:52:34,22.89,248.59,23.50,8.55,-2.27,424.01,21.50,51.40,0.00,0.14,0.21,0.00,0.00,1,13.87,0.21,28.12,1,-26,15,0,0,STAT,60,LAT,LON,W,CRC
08/28/26 06:53:34,22.89,246.63,24.37,8.84,-4.48,424.00,21.50,51.40,0.00,0.24,0.26,0.00,0.00,1,13.84,0.06,31.34,1,-25,13,0,0,STAT,60,LAT,LON,W,CRC
08/28/26 06:54:34,22.89,242.12,24.78,7.92,-3.10,424.00,21.50,51.40,0.00,0.32,0.33,0.00,0.00,1,14.09,150.82,26.10,1,-24,13,0,0,STAT,60,LAT,LON,W,CRC
08/28/26 06:55:35,22.89,249.73,22.91,8.20,-2.37,424.58,21.50,51.40,0.00,0.19,0.20,0.00,0.00,1,13.98,42.60,28.85,1,-26,15,0,0,STAT,60,LAT,LON,W,CRC
08/28/26 06:56:35,22.89,250.82,23.66,9.08,-3.46,424.85,21.50,51.30,0.00,0.06,0.06,0.00,0.00,1,13.95,12.03,28.34,1,-26,13,0,0,STAT,60,LAT,LON,W,CRC
08/28/26 06:57:35,22.89,255.74,24.79,8.81,-3.73,424.95,21.50,51.20,0.00,0.02,0.02,0.00,0.00,1,13.91,3.40,28.43,1,-29,11,0,0,STAT,60,LAT,LON,W,CRC
08/28/26 06:58:35,22.89,260.07,24.67,9.01,-3.33,424.98,21.50,51.30,0.00,0.01,0.06,0.00,0.00,1,13.87,0.96,29.81,1,-30,12,0,0,STAT,60,LAT,LON,W,CRC
08/28/26 06:59:35,22.89,250.62,24.89,10.25,-5.00,424.99,21.50,51.30,0.00,0.56,0.58,0.00,0.00,1,13.84,0.27,37.60,1,-27,12,2,0,STAT,60,LAT,LON,W,CRC
08/28/26 07:00:35,22.89,257.25,24.24,9.48,-3.63,425.00,21.50,51.30,0.02,0.49,0.49,0.00,0.00,1,13.84,0.08,31.80,1,-29,13,0,0,STAT,60,LAT,LON,W,CRC
08/28/26 07:01:35,22.89,253.46,24.13,8.68,-3.32,425.00,21.50,51.30,0.01,0.15,0.15,0.00,0.00,1,14.05,154.73,28.59,1,-28,13,0,0,STAT,60,LAT,LON,W,CRC
08/28/26 07:02:36,22.89,252.25,22.92,8.77,-5.23,425.23,21.50,51.30,0.00,0.11,0.11,0.00,0.00,1,13.98,43.70,26.93,1,-27,14,0,-1,STAT,60,LAT,LON,W,CRC
08/28/26 07:03:36,22.89,241.34,22.77,8.07,-4.61,425.73,21.50,51.30,0.00,0.03,0.03,0.00,0.00,1,13.95,12.34,37.52,1,-24,14,0,-1,STAT,60,LAT,LON,W,CRC
08/28/26 07:04:36,22.89,251.87,25.04,7.93,-2.28,425.90,21.50,51.30,0.00,0.03,0.03,0.00,0.00,1,13.91,3.49,27.34,1,-27,13,0,0,STAT,60,LAT,LON,W,CRC
08/28/26 07:05:36,22.89,254.46,23.83,7.76,-3.29,425.97,21.50,51.20,0.00,0.03,0.03,0.00,0.00,1,13.87,0.98,27.34,1,-29,14,0,0,STAT,60,LAT,LON,W,CRC
08/28/26 07:06:36,22.89,255.20,24.80,9.79,-5.44,425.99,21.50,51.30,0.00,0.03,0.03,0.00,0.00,1,13.87,0.28,27.16,1,-27,13,1,0,STAT,60,LAT,LON,W,CRC
08/28/26 07:07:36,22.89,251.30,24.63,9.23,-4.75,426.00,21.50,51.30,0.00,0.09,0.09,0.00,0.00,1,13.84,0.08,26.98,1,-28,14,1,0,STAT,60,LAT,LON,W,CRC
08/28/26 07:08:36,22.89,254.99,23.26,9.05,-2.81,426.00,21.50,51.30,0.00,0.06,0.14,0.00,0.00,1,14.12,202.18,28.62,1,-28,14,1,0,STAT,60,LAT,LON,W,CRC
08/28/26 07:09:36,22.89,257.64,24.01,8.89,-1.82,426.00,21.50,51.30,0.00,0.14,0.33,0.00,0.00,1,14.02,57.10,26.64,1,-29,13,1,0,STAT,60,LAT,LON,W,CRC
08/28/26 07:10:37,22.89,253.32,25.29,9.09,-3.85,426.00,21.50,51.20,0.00,0.06,0.12,0.00,0.00,1,13.95,16.13,29.25,1,-28,12,1,0,STAT,60,LAT,LON,W,CRC
08/28/26 07:11:37,22.89,256.35,23.74,8.95,-3.87,426.00,21.50,51.20,0.00,0.11,0.13,0.00,0.00,1,13.91,4.55,27.96,1,-29,14,1,0,STAT,60,LAT,LON,W,CRC
08/28/26 07:12:37,22.89,255.21,23.96,8.50,-4.81,425.65,21.50,51.20,0.00,0.12,0.13,0.00,0.00,1,13.91,1.29,24.47,1,-29,14,0,0,STAT,60,LAT,LON,W,CRC
08/28/26 07:13:38,22.89,249.96,24.69,8.57,-4.46,425.23,21.50,51.20,0.00,0.07,0.07,0.00,0.00,1,13.87,0.36,30.74,1,-27,13,0,0,STAT,60,LAT,LON,W,CRC
08/28/26 07:14:38,22.89,252.79,24.99,8.01,-3.44,425.08,21.50,51.20,0.00,0.02,0.02,0.00,0.00,1,13.84,0.10,28.44,1,-28,13,0,0,STAT,60,LAT,LON,W,CRC
08/28/26 07:15:38,22.89,245.16,25.01,8.65,-4.67,425.46,21.50,51.20,0.00,0.12,0.17,0.00,0.00,1,14.12,177.61,27.58,1,-25,13,0,0,STAT,60,LAT,LON,W,CRC
08/28/26 07:16:38,22.89,254.48,25.30,8.33,-4.05,425.81,21.50,51.20,0.00,0.04,0.06,0.00,0.00,1,14.02,77.68,24.63,1,-28,13,0,0,STAT,60,LAT,LON,W,CRC
08/28/26 07:17:38,22.89,248.00,26.08,8.48,-4.21,425.98,21.50,51.20,0.00,0.14,0.15,0.00,0.00,1,13.98,21.94,25.37,1,-27,12,0,0,STAT,60,LAT,LON,W,CRC
08/28/26 07:18:38,22.89,226.63,25.85,8.44,-3.46,425.99,21.50,51.20,0.00,0.05,0.05,0.00,0.00,1,13.91,6.20,28.54,1,-21,13,0,0,STAT,60,LAT,LON,W,CRC
08/28/26 07:19:39,22.89,235.33,25.10,8.47,-3.51,426.50,21.50,51.20,0.00,0.03,0.03,0.00,0.00,1,13.91,1.75,29.20,1,-24,14,0,0,STAT,60,LAT,LON,W,CRC
08/28/26 07:20:39,22.89,244.34,23.53,9.29,-5.22,427.18,21.50,51.20,0.00,0.14,0.35,0.00,0.00,1,13.87,0.49,27.54,1,-26,14,0,0,STAT,60,LAT,LON,W,CRC
08/28/26 07:21:39,22.89,245.14,23.53,8.13,-2.64,427.25,21.50,51.20,0.00,0.12,0.19,0.00,0.00,1,13.84,0.14,28.12,1,-27,15,0,0,STAT,60,LAT,LON,W,CRC
08/28/26 07:22:39,22.89,253.12,23.61,7.59,-2.45,427.12,21.50,51.20,0.00,0.09,0.19,0.00,0.00,1,14.09,89.72,26.20,1,-28,15,0,0,STAT,60,LAT,LON,W,CRC
08/28/26 07:23:39,22.89,248.14,24.29,7.41,-3.09,426.39,21.50,51.20,0.00,0.03,0.09,0.00,0.00,1,14.05,83.23,24.32,1,-26,14,0,0,STAT,60,LAT,LON,W,CRC
08/28/26 07:24:40,22.89,247.52,23.44,8.48,-3.52,426.14,21.50,51.20,0.00,0.01,0.03,0.00,0.00,1,13.95,23.51,31.50,1,-26,14,0,0,STAT,60,LAT,LON,W,CRC
08/28/26 07:25:41,22.89,249.09,24.88,7.56,-2.30,426.05,21.50,51.20,0.00,0.06,0.07,0.00,0.00,1,13.91,6.64,37.60,1,-27,13,0,0,STAT,60,LAT,LON,W,CRC
08/28/26 07:26:41,22.89,253.23,23.01,8.88,-3.53,426.02,21.50,51.20,0.00,0.05,0.05,0.00,0.00,1,13.91,1.88,28.97,1,-28,15,0,0,STAT,60,LAT,LON,W,CRC
08/28/26 07:27:41,22.89,247.28,26.00,8.56,-4.81,426.01,21.50,51.10,0.00,0.02,0.02,0.00,0.00,1,13.87,0.53,27.07,1,-26,12,0,-1,STAT,60,LAT,LON,W,CRC
08/28/26 07:28:41,22.89,253.07,25.78,7.91,-3.47,426.39,21.50,51.20,0.00,0.00,0.01,0.00,0.00,1,13.87,0.15,27.08,1,-28,13,0,0,STAT,60,LAT,LON,W,CRC
08/28/26 07:29:36,22.89,247.63,24.71,8.31,-4.82,426.77,21.50,51.10,0.00,0.12,0.28,0.00,0.00,1,14.12,202.89,25.88,1,-26,13,0,-1,STAT,60,LAT,LON,W,CRC
08/28/26 07:30:37,22.89,247.87,25.39,8.06,-3.96,427.21,21.50,51.10,0.00,0.08,0.13,0.00,0.00,1,14.02,57.30,27.19,1,-28,12,0,0,STAT,60,LAT,LON,W,CRC
08/28/26 07:31:37,22.89,241.27,25.47,7.93,-3.99,427.72,21.50,51.10,0.00,0.03,0.04,0.00,0.00,1,13.95,16.18,25.67,1,-25,12,0,0,STAT,60,LAT,LON,W,CRC
08/28/26 07:32:37,22.89,254.03,25.51,8.32,-3.29,427.90,21.50,51.10,0.00,0.01,0.01,0.00,0.00,1,13.91,4.57,25.53,1,-29,13,1,0,STAT,60,LAT,LON,W,CRC
08/28/26 07:33:37,22.89,250.86,25.60,8.81,-3.52,427.97,21.50,51.10,0.00,0.00,0.00,0.00,0.00,1,13.91,1.29,26.25,1,-28,12,0,0,STAT,60,LAT,LON,W,CRC
08/28/26 07:34:37,22.89,253.95,23.13,7.95,-2.93,427.99,21.50,51.10,0.00,0.16,0.16,0.00,0.00,1,13.87,0.36,36.04,1,-29,15,0,0,STAT,60,LAT,LON,W,CRC
08/28/26 07:35:37,22.89,258.58,24.11,8.36,-3.80,428.00,21.50,51.10,0.00,0.05,0.05,0.00,0.00,1,13.84,0.10,27.32,1,-30,14,0,0,STAT,60,LAT,LON,W,CRC
08/28/26 07:36:38,22.88,249.20,23.91,8.32,-4.99,428.00,21.50,51.10,0.00,0.02,0.02,0.00,0.00,1,14.16,241.45,26.76,1,-27,14,0,0,STAT,60,LAT,LON,W,CRC
08/28/26 07:37:38,22.89,251.25,26.31,8.18,-2.98,428.46,21.50,51.10,0.00,0.01,0.01,0.00,0.00,1,14.02,75.38,31.52,1,-28,12,0,0,STAT,60,LAT,LON,W,CRC
08/28/26 07:38:38,22.89,245.65,25.52,7.91,-1.84,428.81,21.50,51.10,0.00,0.02,0.02,0.00,0.00,1,13.95,21.29,29.79,1,-27,13,0,0,STAT,60,LAT,LON,W,CRC
08/28/26 07:39:39,22.89,247.55,26.42,8.09,-1.72,428.58,21.50,51.00,0.00,0.01,0.01,0.00,0.00,1,13.91,6.01,29.57,1,-26,12,0,0,STAT,60,LAT,LON,W,CRC
08/28/26 07:40:39,22.89,245.85,25.20,7.68,-3.37,428.60,21.50,51.10,0.00,0.41,0.41,0.00,0.00,1,13.87,1.70,29.02,1,-26,13,1,0,STAT,60,LAT,LON,W,CRC
08/28/26 07:41:39,22.89,243.83,24.25,8.51,-3.10,428.86,21.50,51.00,0.00,0.16,0.16,0.00,0.00,1,13.87,0.48,28.59,1,-25,13,0,0,STAT,60,LAT,LON,W,CRC
08/28/26 07:42:39,22.89,247.38,23.76,8.78,-3.25,428.95,21.50,51.10,0.00,0.05,0.05,0.00,0.00,1,13.84,0.14,27.24,1,-26,13,0,0,STAT,60,LAT,LON,W,CRC
08/28/26 07:43:40,22.88,250.51,24.37,8.30,-2.50,428.98,21.50,51.00,0.00,0.09,0.09,0.00,0.00,1,14.16,242.18,26.52,1,-28,13,1,0,STAT,60,LAT,LON,W,CRC
08/28/26 07:44:39,22.88,251.61,23.45,8.10,-2.57,429.40,21.40,51.00,0.00,0.03,0.03,0.00,0.00,1,13.98,68.40,31.57,1,-28,14,0,0,STAT,60,LAT,LON,W,CRC
08/28/26 07:45:39,22.89,257.50,24.27,8.72,-5.63,429.79,21.50,51.00,0.00,0.05,0.05,0.00,0.00,1,13.95,19.32,30.53,1,-29,14,0,0,STAT,60,LAT,LON,W,CRC
08/28/26 07:46:39,22.88,245.50,23.02,8.32,-4.41,429.93,21.50,51.00,0.00,0.11,0.11,0.00,0.00,1,13.91,5.46,29.09,1,-26,15,0,0,STAT,60,LAT,LON,W,CRC
08/28/26 07:47:39,22.89,250.57,24.36,8.54,-2.93,429.97,21.50,51.00,0.00,0.22,0.22,0.00,0.00,1,13.91,1.54,25.84,1,-27,13,1,0,STAT,60,LAT,LON,W,CRC
08/28/26 07:48:39,22.88,247.95,24.70,7.99,-1.76,429.99,21.50,51.00,0.00,0.21,0.21,0.00,0.00,1,13.87,0.44,28.95,1,-27,12,0,0,STAT,60,LAT,LON,W,CRC
08/28/26 07:49:39,22.88,246.74,25.88,8.98,-4.50,430.00,21.40,51.00,0.00,0.09,0.09,0.00,0.00,1,13.84,0.12,28.37,1,-27,12,1,0,STAT,60,LAT,LON,W,CRC
08/28/26 07:50:40,22.87,253.20,24.64,8.59,-4.24,430.37,21.50,51.00,0.00,0.12,0.12,0.00,0.00,1,14.05,119.89,30.14,1,-28,12,1,0,STAT,60,LAT,LON,W,CRC
08/28/26 07:51:40,22.88,248.27,24.73,8.18,-2.14,430.20,21.40,51.00,0.00,0.23,0.23,0.00,0.00,1,13.98,33.86,26.95,1,-27,14,1,0,STAT,60,LAT,LON,W,CRC
08/28/26 07:52:40,22.88,244.33,23.68,8.56,-3.89,430.07,21.50,51.00,0.00,0.22,0.22,0.00,0.00,1,13.95,9.56,26.57,1,-26,14,1,0,STAT,60,LAT,LON,W,CRC
08/28/26 07:53:40,22.87,247.90,24.71,7.97,-3.68,430.02,21.50,51.00,0.00,0.21,0.21,0.00,0.00,1,13.91,2.70,28.04,1,-27,13,0,0,STAT,60,LAT,LON,W,CRC
08/28/26 07:54:40,22.87,249.15,24.68,8.10,-3.47,430.01,21.40,50.90,0.00,0.08,0.08,0.00,0.00,1,13.87,0.76,31.32,1,-27,13,0,0,STAT,60,LAT,LON,W,CRC
08/28/26 07:55:42,22.87,250.01,24.95,8.00,-3.62,430.00,21.50,51.00,0.00,0.03,0.03,0.00,0.00,1,13.87,0.22,36.77,1,-28,13,0,0,STAT,60,LAT,LON,W,CRC
08/28/26 07:56:42,22.87,250.20,25.81,8.61,-2.31,430.00,21.50,51.00,0.00,0.01,0.01,0.00,0.00,1,13.84,0.06,29.16,1,-28,12,0,0,STAT,60,LAT,LON,W,CRC
08/28/26 07:57:42,22.87,244.29,24.90,8.64,-2.13,430.00,21.40,50.90,0.00,0.36,0.36,0.00,0.00,1,14.05,107.76,27.15,1,-26,14,0,0,STAT,60,LAT,LON,W,CRC
08/28/26 07:58:43,22.87,252.65,24.75,8.83,-2.62,430.00,21.40,51.00,0.00,0.12,0.12,0.00,0.00,1,13.98,30.44,26.23,1,-29,13,0,0,STAT,60,LAT,LON,W,CRC
08/28/26 07:59:43,22.87,246.54,23.91,8.67,-3.60,430.00,21.40,51.00,0.00,0.04,0.04,0.00,0.00,1,13.95,8.60,28.38,1,-27,14,0,0,STAT,60,LAT,LON,W,CRC
08/28/26 08:00:38,22.87,236.76,23.30,7.89,-2.65,430.00,21.50,50.90,0.00,0.01,0.01,0.00,0.00,1,13.91,2.70,34.11,1,-24,15,0,0,STAT,60,LAT,LON,W,CRC
08/28/26 08:01:38,22.86,254.31,25.29,8.73,-1.76,429.65,21.40,50.90,0.00,0.17,0.17,0.00,0.00,1,13.87,0.76,29.28,1,-29,13,0,0,STAT,60,LAT,LON,W,CRC
08/28/26 08:02:38,22.85,249.75,25.04,8.89,-2.79,429.88,21.40,51.00,0.00,0.18,0.24,0.00,0.00,1,13.87,0.22,26.86,1,-28,14,0,0,STAT,60,LAT,LON,W,CRC
08/28/26 08:03:38,22.85,248.87,25.28,8.18,-2.51,429.96,21.40,51.00,0.00,0.08,0.41,0.00,0.00,1,13.84,0.06,25.49,1,-28,13,0,0,STAT,60,LAT,LON,W,CRC
08/28/26 08:04:38,22.84,253.25,23.47,7.69,-1.33,429.98,21.40,50.90,0.00,0.02,0.13,0.00,0.00,1,14.09,141.50,25.63,1,-29,14,0,0,STAT,60,LAT,LON,W,CRC
08/28/26 08:05:39,22.83,241.59,23.63,8.03,-3.29,430.34,21.40,50.90,0.00,0.01,0.16,0.00,0.00,1,13.98,39.96,34.58,1,-25,14,0,0,STAT,60,LAT,LON,W,CRC
08/28/26 08:06:40,22.82,247.40,25.01,9.58,-4.06,430.36,21.40,50.90,0.00,0.00,0.05,0.00,0.00,1,13.95,11.29,27.51,1,-28,12,1,0,STAT,60,LAT,LON,W,CRC
08/28/26 08:07:40,22.82,251.09,24.44,9.20,-3.16,430.17,21.40,50.90,0.00,0.00,0.02,0.00,0.00,1,13.91,3.19,26.44,1,-29,13,1,0,STAT,60,LAT,LON,W,CRC
08/28/26 08:08:40,22.81,253.81,25.28,9.04,-3.59,430.06,21.40,50.90,0.00,0.20,0.21,0.00,0.00,1,13.87,0.90,28.48,1,-29,12,1,0,STAT,60,LAT,LON,W,CRC
08/28/26 08:09:40,22.80,249.47,23.38,8.57,-1.84,430.17,21.40,50.90,0.00,0.07,0.08,0.00,0.00,1,13.87,0.25,26.96,1,-28,14,1,0,STAT,60,LAT,LON,W,CRC
08/28/26 08:10:42,22.79,226.75,23.52,8.07,-1.18,430.68,21.40,50.90,0.24,0.26,0.26,0.00,0.00,1,14.12,217.66,31.73,1,-21,15,0,1,STAT,60,LAT,LON,W,CRC
08/28/26 08:11:42,22.79,244.39,24.73,8.31,-3.10,430.89,21.40,50.90,0.08,0.30,0.30,0.00,0.00,1,14.02,92.75,29.12,1,-27,13,1,0,STAT,60,LAT,LON,W,CRC
08/28/26 08:12:42,22.79,247.99,25.02,9.27,-4.79,430.96,21.40,50.90,0.02,0.15,0.15,0.00,0.00,1,13.98,26.20,26.40,1,-28,13,1,0,STAT,60,LAT,LON,W,CRC
08/28/26 08:13:42,22.79,252.35,26.16,8.75,-4.44,430.99,21.40,50.90,0.01,0.05,0.05,0.00,0.00,1,13.95,7.40,25.89,1,-28,12,0,0,STAT,60,LAT,LON,W,CRC
08/28/26 08:14:42,22.79,250.68,25.06,8.06,-3.50,430.99,21.40,50.90,0.00,0.11,0.11,0.00,0.00,1,13.91,2.09,28.55,1,-28,13,0,0,STAT,60,LAT,LON,W,CRC
08/28/26 08:15:43,22.79,228.70,23.50,7.80,-1.45,431.38,21.40,50.90,0.00,0.04,0.04,0.00,0.00,1,13.91,0.59,26.93,1,-22,13,0,0,STAT,60,LAT,LON,W,CRC
08/28/26 08:16:43,22.79,244.27,24.42,8.07,-3.52,431.63,21.40,50.90,0.00,0.01,0.01,0.00,0.00,1,13.84,0.17,40.36,1,-27,14,0,0,STAT,60,LAT,LON,W,CRC
08/28/26 08:17:43,22.79,244.56,25.87,8.32,-5.15,431.87,21.40,50.90,0.00,0.00,0.00,0.00,0.00,1,14.12,179.89,34.18,1,-27,13,0,0,STAT,60,LAT,LON,W,CRC
08/28/26 08:18:43,22.79,253.12,25.46,7.96,-5.57,432.31,21.40,50.90,0.00,0.00,0.00,0.00,0.00,1,13.98,50.81,27.01,1,-29,13,0,0,STAT,60,LAT,LON,W,CRC
08/28/26 08:19:43,22.79,250.07,23.97,8.42,-3.80,432.30,21.40,50.90,0.00,0.00,0.00,0.00,0.00,1,13.95,14.35,28.51,1,-29,15,1,0,STAT,60,LAT,LON,W,CRC
08/28/26 08:20:43,22.79,245.44,24.52,8.41,-3.51,432.11,21.40,50.90,0.00,0.03,0.03,0.00,0.00,1,13.91,4.05,27.64,1,-27,13,0,0,STAT,60,LAT,LON,W,CRC
08/28/26 08:21:44,22.79,244.14,23.83,8.19,-2.26,431.58,21.40,50.90,0.00,0.16,0.16,0.00,0.00,1,13.87,1.14,33.14,1,-26,14,0,0,STAT,60,LAT,LON,W,CRC
08/28/26 08:22:44,22.79,254.84,24.19,8.79,-1.61,431.20,21.40,50.90,0.00,0.05,0.05,0.00,0.00,1,13.87,0.32,27.96,1,-29,13,0,0,STAT,60,LAT,LON,W,CRC
08/28/26 08:23:44,22.79,243.39,24.69,9.07,-3.43,431.23,21.40,50.90,0.00,0.02,0.02,0.00,0.00,1,13.84,0.09,26.85,1,-27,14,1,0,STAT,60,LAT,LON,W,CRC
08/28/26 08:24:45,22.79,242.27,24.07,7.74,-2.17,431.29,21.40,50.90,0.00,0.01,0.01,0.00,0.00,1,14.16,227.80,29.24,1,-26,13,0,0,STAT,60,LAT,LON,W,CRC
08/28/26 08:25:45,22.79,243.31,24.44,8.23,-4.10,431.10,21.40,50.90,0.00,0.00,0.00,0.00,0.00,1,14.02,71.22,27.82,1,-27,12,0,0,STAT,60,LAT,LON,W,CRC
08/28/26 08:26:44,22.79,242.82,26.58,8.17,-5.08,431.04,21.40,50.90,0.00,0.00,0.00,0.00,0.00,1,13.95,20.12,35.43,1,-26,11,1,0,STAT,60,LAT,LON,W,CRC
08/28/26 08:27:44,22.79,252.92,25.22,8.92,-4.01,431.01,21.40,50.90,0.00,0.00,0.00,0.00,0.00,1,13.91,5.68,30.33,1,-29,13,1,0,STAT,60,LAT,LON,W,CRC
08/28/26 08:28:44,22.79,256.10,25.44,8.22,-4.03,431.00,21.40,50.90,0.00,0.00,0.00,0.00,0.00,1,13.91,1.60,29.51,1,-29,13,0,0,STAT,60,LAT,LON,W,CRC
08/28/26 08:29:44,22.79,249.92,23.79,8.53,-3.63,431.00,21.40,50.90,0.00,0.00,0.00,0.00,0.00,1,13.87,0.45,28.88,1,-28,14,1,0,STAT,60,LAT,LON,W,CRC
08/28/26 08:30:44,22.79,255.96,25.40,8.62,-3.53,431.00,21.40,50.90,0.00,0.02,0.02,0.00,0.00,1,13.87,0.13,25.94,1,-30,12,0,0,STAT,60,LAT,LON,W,CRC
08/28/26 08:31:45,22.79,251.24,23.93,7.19,-1.93,431.50,21.40,50.90,0.00,0.05,0.05,0.00,0.00,1,14.16,206.41,32.76,1,-28,14,1,0,STAT,60,LAT,LON,W,CRC
08/28/26 08:32:45,22.79,248.78,24.18,7.98,-3.75,431.82,21.40,50.80,0.00,0.01,0.16,0.00,0.00,1,14.02,58.30,28.58,1,-27,14,0,0,STAT,60,LAT,LON,W,CRC
08/28/26 08:33:45,22.79,251.92,25.46,8.32,-4.38,431.94,21.40,50.80,0.09,0.09,0.14,0.00,0.00,1,13.95,16.46,26.02,1,-29,12,0,0,STAT,60,LAT,LON,W,CRC
08/28/26 08:34:45,22.79,253.05,23.07,8.33,-4.69,431.98,21.40,50.80,0.03,0.03,0.05,0.00,0.00,1,13.95,4.65,24.90,1,-29,15,1,0,STAT,60,LAT,LON,W,CRC
08/28/26 08:35:45,22.79,243.61,23.56,9.00,-5.37,431.99,21.40,50.80,0.01,0.05,0.05,0.00,0.00,1,13.91,1.31,28.63,1,-27,16,0,0,STAT,60,LAT,LON,W,CRC
08/28/26 08:36:46,22.79,234.48,25.09,8.94,-5.72,432.00,21.40,50.80,0.00,0.01,0.02,0.00,0.00,1,13.87,0.37,37.73,1,-24,13,0,0,STAT,60,LAT,LON,W,CRC
08/28/26 08:37:46,22.79,244.58,23.53,7.96,-4.26,432.00,21.40,50.80,0.00,0.00,0.01,0.00,0.00,1,13.84,0.10,29.47,1,-27,15,0,0,STAT,60,LAT,LON,W,CRC
08/28/26 08:38:46,22.79,244.77,22.56,7.95,-2.88,432.35,21.40,50.80,0.00,0.27,0.27,0.00,0.00,1,14.16,232.29,25.52,1,-27,16,0,0,STAT,60,LAT,LON,W,CRC
08/28/26 08:39:46,22.79,246.46,22.77,8.49,-5.46,432.77,21.40,50.80,0.00,0.09,0.09,0.00,0.00,1,14.02,82.70,26.03,1,-28,15,0,0,STAT,60,LAT,LON,W,CRC
08/28/26 08:40:47,22.79,249.40,24.54,8.01,-4.62,432.92,21.40,50.80,0.00,0.15,0.15,0.00,0.00,1,13.95,23.36,27.76,1,-28,14,0,0,STAT,60,LAT,LON,W,CRC
08/28/26 08:41:42,22.79,225.37,25.50,8.27,-4.43,432.97,21.40,50.80,0.00,0.05,0.17,0.00,0.00,1,13.91,7.33,25.61,1,-22,13,0,0,STAT,60,LAT,LON,W,CRC
08/28/26 08:42:42,22.79,245.63,24.65,8.05,-5.59,432.99,21.40,50.70,0.00,0.03,0.27,0.00,0.00,1,13.91,2.07,30.29,1,-28,14,0,-1,STAT,60,LAT,LON,W,CRC
08/28/26 08:43:42,22.79,250.93,25.68,8.41,-5.57,433.00,21.40,50.70,0.00,0.01,0.09,0.00,0.00,1,13.87,0.58,29.72,1,-29,13,0,-1,STAT,60,LAT,LON,W,CRC
08/28/26 08:44:42,22.79,248.29,24.25,7.67,-4.00,433.54,21.40,50.80,0.00,0.00,0.03,0.00,0.00,1,13.87,0.17,24.95,1,-28,13,0,0,STAT,60,LAT,LON,W,CRC
08/28/26 08:45:42,22.79,244.17,24.93,9.11,-5.07,433.49,21.40,50.70,0.00,0.00,0.01,0.00,0.00,1,14.12,153.40,25.63,1,-26,13,0,0,STAT,60,LAT,LON,W,CRC
08/28/26 08:46:42,22.79,246.93,24.51,7.63,-2.84,432.94,21.40,50.80,0.00,0.02,0.02,0.00,0.00,1,14.02,89.21,26.38,1,-27,13,0,0,STAT,60,LAT,LON,W,CRC
08/28/26 08:47:42,22.79,245.35,24.27,8.11,-2.62,432.41,21.40,50.70,0.00,0.01,0.01,0.00,0.00,1,13.95,25.20,29.52,1,-27,14,1,0,STAT,60,LAT,LON,W,CRC
08/28/26 08:48:43,22.79,244.59,24.05,8.20,-4.39,432.79,21.40,50.70,0.00,0.00,0.00,0.00,0.00,1,13.91,7.12,25.40,1,-27,15,0,0,STAT,60,LAT,LON,W,CRC
08/28/26 08:49:43,22.79,251.69,23.70,8.40,-2.94,433.66,21.40,50.80,0.00,0.05,0.08,0.00,0.00,1,13.91,2.01,27.95,1,-29,15,0,0,STAT,60,LAT,LON,W,CRC
08/28/26 08:50:43,22.79,244.83,23.74,7.83,-0.90,434.32,21.40,50.80,0.00,0.27,0.34,0.00,0.00,1,13.87,0.57,27.43,1,-27,15,0,1,STAT,60,LAT,LON,W,CRC
08/28/26 08:51:43,22.79,253.38,23.80,9.11,-3.22,434.11,21.40,50.80,0.00,0.09,0.13,0.00,0.00,1,13.84,0.16,28.08,1,-29,15,1,0,STAT,60,LAT,LON,W,CRC
08/28/26 08:52:44,22.79,243.69,24.80,8.49,-3.37,434.04,21.40,50.80,0.00,0.03,0.04,0.00,0.00,1,14.09,175.22,35.45,1,-27,12,1,0,STAT,60,LAT,LON,W,CRC
08/28/26 08:53:44,22.79,244.14,22.54,7.85,-2.81,434.01,21.40,50.80,0.00,0.13,0.14,0.00,0.00,1,13.98,49.49,30.42,1,-26,14,0,0,STAT,60,LAT,LON,W,CRC
08/28/26 08:54:44,22.79,242.52,24.30,8.87,-3.73,434.51,21.40,50.80,0.00,0.18,0.19,0.00,0.00,1,13.95,13.98,24.42,1,-26,13,1,0,STAT,60,LAT,LON,W,CRC
08/28/26 08:55:44,22.79,242.25,24.61,8.51,-3.73,434.76,21.40,50.70,0.00,0.06,0.36,0.00,0.00,1,13.91,3.95,25.00,1,-26,14,0,0,STAT,60,LAT,LON,W,CRC
08/28/26 08:56:44,22.79,246.13,24.93,8.25,-3.51,435.27,21.40,50.70,0.00,0.11,0.22,0.00,0.00,1,13.91,1.11,27.38,1,-28,14,0,0,STAT,60,LAT,LON,W,CRC
08/28/26 08:57:46,22.79,242.11,24.19,8.07,-2.10,435.58,21.40,50.70,0.00,0.04,0.07,0.00,0.00,1,13.87,0.31,31.60,1,-26,14,0,0,STAT,60,LAT,LON,W,CRC
08/28/26 08:58:46,22.79,243.25,24.96,7.28,-2.10,434.33,21.40,50.70,0.00,0.05,0.06,0.00,0.00,1,13.84,0.09,27.22,1,-27,13,0,0,STAT,60,LAT,LON,W,CRC
08/28/26 08:59:46,22.78,245.00,23.57,7.12,-0.27,434.12,21.40,50.70,0.00,0.02,0.02,0.00,0.00,1,14.12,238.85,28.15,1,-27,13,0,1,STAT,60,LAT,LON,W,CRC
08/28/26 09:00:46,22.78,245.87,24.61,8.59,-3.65,434.04,21.40,50.70,0.00,0.01,0.01,0.00,0.00,1,14.02,67.46,27.23,1,-28,14,0,0,STAT,60,LAT,LON,W,CRC
08/28/26 09:01:46,22.79,250.86,25.28,8.04,-4.89,434.01,21.40,50.60,0.00,0.00,0.00,0.00,0.00,1,13.95,19.05,25.13,1,-28,14,0,0,STAT,60,LAT,LON,W,CRC
08/28/26 09:02:48,22.79,239.99,24.30,7.77,-4.58,434.00,21.40,50.70,0.00,0.00,0.00,0.00,0.00,1,13.91,5.38,38.12,1,-25,14,0,0,STAT,60,LAT,LON,W,CRC
08/28/26 09:03:48,22.79,241.70,23.33,7.60,-3.26,434.00,21.40,50.60,0.00,0.07,0.07,0.00,0.00,1,13.87,1.52,29.43,1,-26,15,0,0,STAT,60,LAT,LON,W,CRC
08/28/26 09:04:48,22.78,244.36,24.49,7.82,-3.98,434.00,21.40,50.70,0.00,0.03,0.03,0.00,0.00,1,13.87,0.43,26.65,1,-27,13,0,0,STAT,60,LAT,LON,W,CRC
08/28/26 09:05:48,22.78,241.14,24.51,8.43,-4.75,434.00,21.40,50.70,0.00,0.02,0.02,0.00,0.00,1,14.16,224.60,32.22,1,-26,14,0,0,STAT,60,LAT,LON,W,CRC
08/28/26 09:06:48,22.78,246.06,24.33,9.06,-6.29,434.00,21.40,50.60,0.00,0.01,0.01,0.00,0.00,1,14.02,70.12,29.61,1,-26,14,0,0,STAT,60,LAT,LON,W,CRC
08/28/26 09:07:48,22.78,244.48,23.37,7.93,-3.34,434.46,21.40,50.70,0.00,0.00,0.00,0.00,0.00,1,13.95,19.80,34.06,1,-27,15,0,0,STAT,60,LAT,LON,W,CRC
08/28/26 09:08:48,22.78,248.62,23.29,8.54,-4.58,435.16,21.40,50.70,0.00,0.00,0.07,0.00,0.00,1,13.91,5.59,29.73,1,-28,14,0,0,STAT,60,LAT,LON,W,CRC
08/28/26 09:09:48,22.78,251.64,25.28,8.53,-3.44,435.70,21.40,50.60,0.00,0.00,0.02,0.00,0.00,1,13.91,1.58,27.96,1,-29,13,0,0,STAT,60,LAT,LON,W,CRC
08/28/26 09:10:48,22.78,242.94,25.05,9.09,-6.43,435.90,21.40,50.70,0.00,0.06,0.06,0.00,0.00,1,13.87,0.45,32.11,1,-25,12,1,0,STAT,60,LAT,LON,W,CRC
08/28/26 09:11:48,22.78,244.22,24.24,8.17,-3.15,436.35,21.40,50.70,0.00,0.02,0.02,0.00,0.00,1,13.87,0.13,26.76,1,-26,15,1,0,STAT,60,LAT,LON,W,CRC
08/28/26 09:12:48,22.77,249.98,25.08,8.11,-2.19,436.12,21.30,50.60,0.00,0.01,0.01,0.00,0.00,1,14.16,258.47,26.82,1,-27,14,1,0,STAT,60,LAT,LON,W,CRC
08/28/26 09:13:49,22.77,243.09,25.22,8.28,-2.05,436.04,21.40,50.70,0.00,0.00,0.00,0.00,0.00,1,14.02,100.91,32.17,1,-26,14,0,0,STAT,60,LAT,LON,W,CRC
08/28/26 09:14:49,22.77,241.90,23.95,8.40,-3.83,436.31,21.30,50.60,0.00,0.00,0.00,0.00,0.00,1,13.95,28.50,27.05,1,-26,15,0,0,STAT,60,LAT,LON,W,CRC
08/28/26 09:15:49,22.77,246.20,24.55,7.93,-4.11,436.76,21.40,50.60,0.00,0.00,0.14,0.00,0.00,1,13.95,8.05,26.36,1,-27,15,0,0,STAT,60,LAT,LON,W,CRC
08/28/26 09:16:49,22.77,249.27,25.21,7.63,-2.39,436.91,21.40,50.60,0.00,0.00,0.05,0.00,0.00,1,13.91,2.27,26.48,1,-28,13,1,0,STAT,60,LAT,LON,W,CRC
08/28/26 09:17:49,22.77,247.41,24.36,8.64,-3.90,436.97,21.40,50.60,0.00,0.04,0.06,0.00,0.00,1,13.87,0.64,29.39,1,-28,14,1,0,STAT,60,LAT,LON,W,CRC
08/28/26 09:18:46,22.77,251.60,24.78,8.34,-3.60,436.99,21.40,50.60,0.00,0.01,0.02,0.00,0.00,1,13.84,0.20,33.47,1,-29,13,0,0,STAT,60,LAT,LON,W,CRC
08/28/26 09:19:46,22.77,245.16,25.15,7.54,-1.90,437.00,21.40,50.60,0.00,0.00,0.01,0.00,0.00,1,14.05,116.51,27.63,1,-27,13,1,0,STAT,60,LAT,LON,W,CRC
08/28/26 09:20:46,22.75,245.48,26.20,7.86,-3.89,437.00,21.30,50.60,0.00,0.00,0.00,0.00,0.00,1,14.05,111.89,27.91,1,-27,12,0,0,STAT,60,LAT,LON,W,CRC
08/28/26 09:21:46,22.75,253.10,24.45,8.40,-3.62,437.00,21.40,50.60,0.00,0.00,0.00,0.00,0.00,1,13.98,31.60,25.98,1,-29,14,1,0,STAT,60,LAT,LON,W,CRC
08/28/26 09:22:46,22.74,251.46,22.77,8.00,-3.55,437.00,21.30,50.60,0.00,0.00,0.00,0.00,0.00,1,13.95,8.92,24.59,1,-29,15,0,0,STAT,60,LAT,LON,W,CRC
08/28/26 09:23:47,22.73,253.73,24.37,7.60,-3.80,437.46,21.30,50.60,0.00,0.00,0.00,0.00,0.00,1,13.91,2.52,39.19,1,-30,15,0,0,STAT,60,LAT,LON,W,CRC
08/28/26 09:24:47,22.72,249.89,24.06,8.03,-3.72,437.76,21.30,50.60,0.00,0.00,0.00,0.00,0.00,1,13.87,0.71,31.56,1,-28,14,0,0,STAT,60,LAT,LON,W,CRC
08/28/26 09:25:47,22.72,249.66,25.36,8.22,-2.81,437.52,21.30,50.60,0.00,0.04,0.06,0.00,0.00,1,13.87,0.20,26.22,1,-28,14,0,0,STAT,60,LAT,LON,W,CRC
08/28/26 09:26:47,22.71,246.51,25.50,7.77,-2.38,437.18,21.30,50.60,0.00,0.08,0.08,0.00,0.00,1,14.05,133.28,28.44,1,-27,14,0,0,STAT,60,LAT,LON,W,CRC
08/28/26 09:27:47,22.70,249.66,25.34,8.37,-3.64,437.36,21.30,50.60,0.00,0.08,0.08,0.00,0.00,1,14.05,122.13,27.60,1,-28,13,1,0,STAT,60,LAT,LON,W,CRC
08/28/26 09:28:46,22.70,245.93,25.83,8.07,-4.38,437.77,21.40,50.60,0.00,0.02,0.02,0.00,0.00,1,13.95,34.49,34.83,1,-27,13,0,0,STAT,60,LAT,LON,W,CRC
08/28/26 09:29:46,22.69,249.67,26.03,7.73,-3.47,437.58,21.40,50.50,0.00,0.01,0.01,0.00,0.00,1,13.95,9.74,29.24,1,-28,12,0,0,STAT,60,LAT,LON,W,CRC
08/28/26 09:30:47,22.69,250.63,24.21,8.49,-3.74,437.20,21.30,50.60,0.00,0.00,0.00,0.00,0.00,1,13.91,2.75,27.56,1,-29,14,0,0,STAT,60,LAT,LON,W,CRC
08/28/26 09:31:47,22.69,253.37,24.08,8.65,-4.72,437.13,21.30,50.50,0.12,0.22,0.57,0.00,0.00,1,13.87,0.78,27.90,1,-29,14,1,0,STAT,60,LAT,LON,W,CRC
08/28/26 09:32:47,22.69,251.88,24.93,8.51,-4.36,437.04,21.40,50.60,0.04,0.07,0.18,0.00,0.00,1,13.87,0.22,29.07,1,-29,13,1,0,STAT,60,LAT,LON,W,CRC
08/28/26 09:33:48,22.69,253.28,22.83,8.41,-5.06,436.47,21.30,50.50,0.01,0.02,0.06,0.00,0.00,1,14.12,162.09,32.73,1,-29,16,0,0,STAT,60,LAT,LON,W,CRC
08/28/26 09:34:48,22.69,258.02,23.39,6.98,-1.93,436.65,21.30,50.50,0.00,0.01,0.02,0.00,0.00,1,14.02,93.46,26.32,1,-32,15,0,0,STAT,60,LAT,LON,W,CRC
08/28/26 09:35:49,22.69,245.98,21.72,8.28,-4.37,436.55,21.30,50.60,0.00,0.00,0.01,0.00,0.00,1,13.98,26.40,24.99,1,-27,16,1,0,STAT,60,LAT,LON,W,CRC
08/28/26 09:36:49,22.69,249.63,23.28,8.83,-4.29,436.30,21.30,50.50,0.00,0.00,0.00,0.00,0.00,1,13.95,7.46,25.93,1,-28,16,1,0,STAT,60,LAT,LON,W,CRC
08/28/26 09:37:49,22.69,244.28,24.76,8.90,-5.70,436.10,21.30,50.50,0.00,0.00,0.00,0.00,0.00,1,13.91,2.11,27.62,1,-27,14,1,0,STAT,60,LAT,LON,W,CRC
08/28/26 09:38:49,22.69,250.77,24.30,7.65,-4.66,436.04,21.30,50.60,0.00,0.00,0.00,0.00,0.00,1,13.87,0.59,25.82,1,-28,14,0,0,STAT,60,LAT,LON,W,CRC
08/28/26 09:39:49,22.69,245.59,23.96,8.04,-3.09,436.46,21.30,50.50,0.00,0.00,0.00,0.00,0.00,1,13.87,0.17,27.98,1,-27,14,0,0,STAT,60,LAT,LON,W,CRC
08/28/26 09:40:50,22.69,246.44,24.34,8.10,-3.40,436.81,21.30,50.50,0.00,0.00,0.13,0.00,0.00,1,14.02,133.27,27.00,1,-26,14,1,0,STAT,60,LAT,LON,W,CRC
08/28/26 09:41:50,22.69,229.82,25.73,8.72,-5.30,436.93,21.30,50.50,0.00,0.14,0.19,0.00,0.00,1,14.05,134.58,28.72,1,-23,13,0,0,STAT,60,LAT,LON,W,CRC
08/28/26 09:42:50,22.69,238.16,25.13,8.13,-3.59,436.98,21.30,50.50,0.00,0.05,0.07,0.00,0.00,1,13.98,38.01,24.72,1,-25,13,2,0,STAT,60,LAT,LON,W,CRC
08/28/26 09:43:50,22.69,244.49,25.80,7.50,-2.36,437.18,21.30,50.50,0.00,0.02,0.02,0.00,0.00,1,13.95,10.73,25.18,1,-27,14,1,0,STAT,60,LAT,LON,W,CRC
08/28/26 09:44:50,22.69,247.11,24.43,8.11,-3.03,437.47,21.30,50.40,0.00,0.01,0.01,0.00,0.00,1,13.91,3.03,32.56,1,-27,14,1,0,STAT,60,LAT,LON,W,CRC
08/28/26 09:45:50,22.69,248.00,24.34,8.28,-2.22,437.37,21.30,50.50,0.00,0.00,0.00,0.00,0.00,1,13.87,0.86,32.10,1,-28,14,1,0,STAT,60,LAT,LON,W,CRC
08/28/26 09:46:51,22.69,244.02,25.53,9.11,-4.12,437.67,21.30,50.50,0.00,0.00,0.00,0.00,0.00,1,13.87,0.24,27.67,1,-27,13,0,0,STAT,60,LAT,LON,W,CRC
08/28/26 09:47:51,22.69,248.68,23.09,8.77,-5.83,437.89,21.30,50.60,0.00,0.00,0.00,0.00,0.00,1,14.05,114.26,27.72,1,-28,15,0,0,STAT,60,LAT,LON,W,CRC
08/28/26 09:48:51,22.69,251.98,23.49,8.92,-4.36,437.81,21.30,50.50,0.00,0.00,0.00,0.00,0.00,1,14.05,110.12,28.76,1,-29,14,0,0,STAT,60,LAT,LON,W,CRC
08/28/26 09:49:51,22.69,249.63,23.19,8.81,-4.28,437.93,21.30,50.50,0.00,0.00,0.00,0.00,0.00,1,13.95,31.10,29.70,1,-28,14,1,0,STAT,60,LAT,LON,W,CRC
08/28/26 09:50:51,22.69,258.03,24.99,7.79,-3.35,437.98,21.30,50.50,0.00,0.00,0.00,0.00,0.00,1,13.95,8.78,27.19,1,-31,13,0,0,STAT,60,LAT,LON,W,CRC
08/28/26 09:51:52,22.69,250.24,26.00,8.23,-2.91,437.99,21.30,50.50,0.00,0.00,0.00,0.00,0.00,1,13.91,2.48,26.85,1,-30,13,1,0,STAT,60,LAT,LON,W,CRC
08/28/26 09:52:52,22.69,248.47,24.61,7.65,-1.41,438.08,21.30,50.50,0.00,0.00,0.00,0.00,0.00,1,13.87,0.70,27.98,1,-28,14,1,0,STAT,60,LAT,LON,W,CRC
08/28/26 09:53:52,22.69,240.23,22.93,8.55,-2.69,438.03,21.30,50.50,0.00,0.00,0.00,0.00,0.00,1,13.87,0.20,24.86,1,-27,15,0,0,STAT,60,LAT,LON,W,CRC
08/28/26 09:54:53,22.69,237.01,24.42,7.61,-3.05,438.01,21.30,50.50,0.00,0.00,0.00,0.00,0.00,1,14.16,264.05,36.45,1,-25,14,1,0,STAT,60,LAT,LON,W,CRC
08/28/26 09:55:53,22.69,250.36,25.06,7.55,-2.64,437.84,21.30,50.50,0.00,0.00,0.00,0.00,0.00,1,14.02,74.58,29.99,1,-29,14,0,0,STAT,60,LAT,LON,W,CRC
08/28/26 09:56:53,22.69,247.75,24.14,8.26,-2.60,437.36,21.30,50.50,0.00,0.00,0.00,0.00,0.00,1,13.95,21.06,28.22,1,-28,14,0,0,STAT,60,LAT,LON,W,CRC
08/28/26 09:57:53,22.69,241.59,24.08,7.52,-2.60,437.28,21.30,50.60,0.00,0.00,0.00,0.00,0.00,1,13.91,5.95,25.20,1,-27,15,0,0,STAT,60,LAT,LON,W,CRC
08/28/26 09:58:53,22.69,242.79,24.81,8.00,-3.55,437.75,21.30,50.50,0.00,0.01,0.01,0.00,0.00,1,13.91,1.68,26.18,1,-27,13,0,0,STAT,60,LAT,LON,W,CRC
08/28/26 09:59:49,22.69,250.29,24.03,8.25,-3.43,437.90,21.30,50.50,0.00,0.00,0.00,0.00,0.00,1,13.87,0.53,30.95,1,-29,14,0,0,STAT,60,LAT,LON,W,CRC
08/28/26 10:00:49,22.69,250.10,23.71,8.09,-3.56,437.32,21.30,50.50,0.00,0.00,0.00,0.00,0.00,1,13.84,0.15,28.61,1,-30,14,1,0,STAT,60,LAT,LON,W,CRC
08/28/26 10:01:49,22.69,239.25,22.82,8.46,-5.52,437.35,21.30,50.50,0.00,0.07,0.07,0.00,0.00,1,14.12,272.69,31.16,1,-26,15,2,0,STAT,60,LAT,LON,W,CRC
08/28/26 10:02:49,22.69,251.05,22.34,8.14,-4.37,437.12,21.30,50.50,0.00,0.02,0.02,0.00,0.00,1,14.02,95.69,25.54,1,-29,16,0,0,STAT,60,LAT,LON,W,CRC
08/28/26 10:03:49,22.69,251.57,23.56,8.26,-4.19,437.04,21.30,50.50,0.00,0.01,0.01,0.00,0.00,1,13.98,27.02,28.38,1,-30,14,0,0,STAT,60,LAT,LON,W,CRC
08/28/26 10:04:51,22.69,252.00,24.61,7.57,-2.69,437.02,21.30,50.40,0.00,0.00,0.00,0.00,0.00,1,13.91,7.63,29.98,1,-30,14,0,0,STAT,60,LAT,LON,W,CRC
08/28/26 10:05:51,22.69,248.73,24.80,7.43,-2.83,437.01,21.30,50.50,0.00,0.18,0.25,0.00,0.00,1,13.91,2.16,30.01,1,-29,12,0,0,STAT,60,LAT,LON,W,CRC
08/28/26 10:06:51,22.69,241.30,25.04,8.00,-3.67,437.40,21.30,50.50,0.00,0.06,0.14,0.00,0.00,1,13.87,0.61,28.94,1,-27,12,0,0,STAT,60,LAT,LON,W,CRC
08/28/26 10:07:51,22.69,249.59,25.92,8.05,-3.97,437.79,21.30,50.50,0.00,0.02,0.19,0.00,0.00,1,13.87,0.17,27.15,1,-29,12,0,0,STAT,60,LAT,LON,W,CRC
08/28/26 10:08:51,22.69,250.18,24.24,8.40,-4.18,437.93,21.30,50.50,0.00,0.01,0.06,0.00,0.00,1,14.12,230.47,24.77,1,-28,13,0,0,STAT,60,LAT,LON,W,CRC
08/28/26 10:09:52,22.69,247.68,24.24,9.41,-6.98,437.97,21.30,50.50,0.00,0.00,0.02,0.00,0.00,1,14.02,97.48,32.39,1,-28,14,1,-1,STAT,60,LAT,LON,W,CRC
08/28/26 10:10:52,22.69,252.06,24.36,8.66,-3.90,437.99,21.30,50.50,0.00,0.00,0.01,0.00,0.00,1,13.95,27.53,32.25,1,-30,14,0,0,STAT,60,LAT,LON,W,CRC
08/28/26 10:11:52,22.69,251.30,25.76,8.50,-3.91,437.85,21.30,50.50,0.00,0.00,0.00,0.00,0.00,1,13.91,7.78,25.58,1,-30,12,0,0,STAT,60,LAT,LON,W,CRC
08/28/26 10:12:52,22.69,252.55,25.49,8.45,-4.55,437.53,21.30,50.50,0.00,0.00,0.32,0.00,0.00,1,13.91,2.20,25.46,1,-30,13,0,0,STAT,60,LAT,LON,W,CRC
08/28/26 10:13:52,22.69,249.31,23.85,7.35,-4.00,437.64,21.30,50.50,0.00,0.00,0.10,0.00,0.00,1,13.87,0.62,26.44,1,-28,15,0,0,STAT,60,LAT,LON,W,CRC
08/28/26 10:14:52,22.69,247.14,25.83,8.35,-5.13,437.66,21.30,50.50,0.00,0.00,0.03,0.00,0.00,1,13.84,0.18,27.27,1,-29,13,0,0,STAT,60,LAT,LON,W,CRC
08/28/26 10:15:53,22.68,248.45,23.87,9.04,-5.69,437.88,21.30,50.50,0.00,0.00,0.33,0.00,0.00,1,14.09,172.25,27.15,1,-28,15,1,0,STAT,60,LAT,LON,W,CRC
08/28/26 10:16:53,22.69,249.34,24.74,8.43,-3.73,437.96,21.30,50.50,0.00,0.00,0.10,0.00,0.00,1,13.98,48.65,26.93,1,-28,13,1,0,STAT,60,LAT,LON,W,CRC
08/28/26 10:17:53,22.69,249.53,25.98,8.22,-1.40,437.99,21.30,50.50,0.00,0.00,0.03,0.00,0.00,1,13.95,13.74,28.47,1,-29,12,1,0,STAT,60,LAT,LON,W,CRC
08/28/26 10:18:53,22.69,239.32,25.41,8.21,-1.65,437.99,21.30,50.50,0.00,0.00,0.01,0.00,0.00,1,13.91,3.88,25.99,1,-26,13,0,0,STAT,60,LAT,LON,W,CRC
08/28/26 10:19:53,22.69,239.93,24.97,8.76,-3.90,438.00,21.30,50.50,0.00,0.00,0.00,0.00,0.00,1,13.91,1.10,25.10,1,-26,13,1,0,STAT,60,LAT,LON,W,CRC
08/28/26 10:20:54,22.69,250.98,25.05,8.15,-3.01,438.08,21.30,50.60,0.00,0.00,0.00,0.00,0.00,1,13.87,0.31,31.58,1,-30,14,1,0,STAT,60,LAT,LON,W,CRC
08/28/26 10:21:54,22.69,244.60,24.74,7.93,-0.07,438.03,21.30,50.50,0.00,0.00,0.00,0.00,0.00,1,13.84,0.09,27.67,1,-28,14,1,1,STAT,60,LAT,LON,W,CRC
08/28/26 10:22:54,22.68,243.16,24.41,8.50,-3.88,438.01,21.30,50.50,0.00,0.00,0.00,0.00,0.00,1,14.16,260.20,23.36,1,-27,14,1,0,STAT,60,LAT,LON,W,CRC
08/28/26 10:23:54,22.68,245.74,23.88,8.14,-3.97,437.56,21.30,50.50,0.00,0.00,0.00,0.00,0.00,1,14.02,73.49,23.60,1,-28,14,1,0,STAT,60,LAT,LON,W,CRC
08/28/26 10:24:54,22.68,242.67,24.05,8.24,-4.93,437.36,21.30,50.50,0.00,0.00,0.00,0.00,0.00,1,13.95,20.76,24.74,1,-27,14,1,0,STAT,60,LAT,LON,W,CRC
08/28/26 10:25:51,22.68,250.20,21.94,7.72,-1.52,437.75,21.30,50.50,0.04,0.05,0.05,0.00,0.00,1,13.91,6.51,28.89,1,-29,16,0,0,STAT,60,LAT,LON,W,CRC
08/28/26 10:26:51,22.68,249.14,23.76,8.19,-3.06,437.91,21.30,50.50,0.01,0.02,0.05,0.00,0.00,1,13.91,1.84,28.50,1,-28,14,0,0,STAT,60,LAT,LON,W,CRC
08/28/26 10:27:51,22.67,243.50,24.54,8.32,-2.78,438.12,21.30,50.40,0.00,0.01,0.01,0.00,0.00,1,13.87,0.52,26.93,1,-28,13,1,0,STAT,60,LAT,LON,W,CRC
08/28/26 10:28:51,22.67,246.78,22.74,8.69,-4.09,438.04,21.30,50.50,0.00,0.00,0.27,0.00,0.00,1,13.87,0.15,25.79,1,-28,15,0,0,STAT,60,LAT,LON,W,CRC
08/28/26 10:29:51,22.67,249.49,24.96,8.89,-3.89,438.01,21.30,50.50,0.00,0.00,0.09,0.00,0.00,1,14.16,192.74,26.32,1,-29,13,1,0,STAT,60,LAT,LON,W,CRC
08/28/26 10:30:52,22.67,250.11,23.17,9.10,-4.57,438.34,21.30,50.40,0.00,0.00,0.03,0.00,0.00,1,14.02,69.62,29.40,1,-29,14,1,0,STAT,60,LAT,LON,W,CRC
08/28/26 10:31:52,22.67,250.82,24.83,7.99,-3.16,438.77,21.30,50.50,0.00,0.00,0.01,0.00,0.00,1,13.95,19.66,29.33,1,-29,13,0,0,STAT,60,LAT,LON,W,CRC
08/28/26 10:32:52,22.67,237.84,23.03,7.85,-2.82,438.87,21.30,50.50,0.00,0.00,0.00,0.00,0.00,1,13.91,5.55,26.82,1,-25,14,0,0,STAT,60,LAT,LON,W,CRC
08/28/26 10:33:52,22.67,243.44,24.52,8.43,-2.35,438.96,21.20,50.40,0.00,0.05,0.05,0.00,0.00,1,13.91,1.57,27.17,1,-28,13,0,0,STAT,60,LAT,LON,W,CRC
08/28/26 10:34:52,22.66,240.48,25.00,7.01,-0.80,438.98,21.30,50.50,0.00,0.02,0.02,0.00,0.00,1,13.87,0.44,27.37,1,-27,13,0,0,STAT,60,LAT,LON,W,CRC
08/28/26 10:35:52,22.65,242.71,23.86,8.30,-4.28,438.99,21.30,50.50,0.00,0.01,0.01,0.00,0.00,1,13.84,0.13,24.48,1,-28,14,0,0,STAT,60,LAT,LON,W,CRC
08/28/26 10:36:53,22.64,247.81,22.98,8.15,-2.84,438.84,21.20,50.50,0.00,0.01,0.01,0.00,0.00,1,14.05,124.48,28.20,1,-29,15,0,0,STAT,60,LAT,LON,W,CRC
08/28/26 10:37:53,22.63,240.90,23.38,8.25,-3.88,438.35,21.30,50.50,0.00,0.10,0.10,0.00,0.00,1,13.98,35.16,29.01,1,-27,16,0,0,STAT,60,LAT,LON,W,CRC
08/28/26 10:38:53,22.62,238.57,23.86,8.51,-5.12,438.12,21.20,50.50,0.01,0.09,0.09,0.00,0.00,1,13.95,9.93,24.51,1,-26,15,1,-1,STAT,60,LAT,LON,W,CRC
08/28/26 10:39:53,22.62,248.06,23.38,8.68,-5.51,438.45,21.20,50.50,0.00,0.07,0.07,0.00,0.00,1,13.91,2.80,25.19,1,-28,16,1,0,STAT,60,LAT,LON,W,CRC
08/28/26 10:40:53,22.61,249.43,23.12,8.22,-2.81,438.81,21.20,50.50,0.00,0.02,0.02,0.00,0.00,1,13.91,0.79,26.83,1,-29,15,0,0,STAT,60,LAT,LON,W,CRC
08/28/26 10:41:54,22.60,250.55,23.75,8.44,-3.97,438.93,21.30,50.50,0.00,0.03,0.03,0.00,0.00,1,13.87,0.22,32.56,1,-30,14,0,0,STAT,60,LAT,LON,W,CRC
08/28/26 10:42:54,22.59,251.48,24.59,8.05,-3.45,438.98,21.30,50.50,0.00,0.01,0.01,0.00,0.00,1,13.84,0.06,29.03,1,-29,12,0,0,STAT,60,LAT,LON,W,CRC
08/28/26 10:43:54,22.59,255.76,25.04,7.92,-2.81,438.99,21.30,50.50,0.00,0.00,0.00,0.00,0.00,1,14.09,178.54,25.85,1,-31,13,0,0,STAT,60,LAT,LON,W,CRC
08/28/26 10:44:54,22.59,249.72,23.56,8.47,-4.68,438.70,21.30,50.40,0.00,0.00,0.00,0.00,0.00,1,13.98,50.43,27.10,1,-30,15,1,0,STAT,60,LAT,LON,W,CRC
08/28/26 10:45:54,22.59,246.63,24.59,8.62,-4.29,438.40,21.20,50.40,0.00,0.00,0.00,0.00,0.00,1,13.95,14.24,26.31,1,-28,12,0,0,STAT,60,LAT,LON,W,CRC
08/28/26 10:46:55,22.59,243.72,24.18,9.78,-6.25,438.32,21.30,50.50,0.00,0.00,0.00,0.00,0.00,1,13.91,4.02,28.71,1,-28,13,0,0,STAT,60,LAT,LON,W,CRC
08/28/26 10:47:55,22.59,249.87,23.82,9.16,-4.39,438.11,21.20,50.40,0.00,0.00,0.04,0.00,0.00,1,13.87,1.14,28.88,1,-29,14,0,0,STAT,60,LAT,LON,W,CRC
08/28/26 10:48:55,22.59,247.24,25.13,8.70,-4.28,438.04,21.20,50.40,0.00,0.00,0.15,0.00,0.00,1,13.87,0.32,28.17,1,-29,13,0,0,STAT,60,LAT,LON,W,CRC
08/28/26 10:49:55,22.59,245.06,24.87,8.11,-2.88,438.01,21.20,50.50,0.00,0.00,0.05,0.00,0.00,1,13.84,0.09,25.45,1,-28,14,0,0,STAT,60,LAT,LON,W,CRC
08/28/26 10:50:55,22.59,236.43,25.06,9.16,-3.17,438.00,21.20,50.50,0.00,0.00,0.02,0.00,0.00,1,14.12,202.34,25.44,1,-25,13,0,0,STAT,60,LAT,LON,W,CRC
08/28/26 10:51:56,22.59,243.24,25.26,8.91,-3.14,438.00,21.20,50.50,0.00,0.00,0.01,0.00,0.00,1,13.98,57.15,33.97,1,-28,13,0,0,STAT,60,LAT,LON,W,CRC
08/28/26 10:52:56,22.59,245.00,23.59,9.76,-4.77,438.00,21.30,50.40,0.00,0.00,0.31,0.00,0.00,1,13.95,16.14,27.62,1,-28,15,1,0,STAT,60,LAT,LON,W,CRC
08/28/26 10:53:56,22.59,250.92,23.98,9.24,-5.03,438.00,21.20,50.40,0.00,0.02,0.14,0.00,0.00,1,13.91,4.56,30.51,1,-29,13,1,0,STAT,60,LAT,LON,W,CRC
08/28/26 10:54:56,22.59,251.01,24.75,8.23,-2.60,438.00,21.20,50.50,0.00,0.01,0.04,0.00,0.00,1,13.87,1.29,30.88,1,-29,12,0,0,STAT,60,LAT,LON,W,CRC
08/28/26 10:55:56,22.59,248.90,24.15,8.34,-2.75,438.00,21.20,50.50,0.00,0.00,0.01,0.00,0.00,1,13.87,0.36,30.61,1,-29,14,1,0,STAT,60,LAT,LON,W,CRC
08/28/26 10:56:56,22.59,248.27,23.85,7.49,-1.80,438.00,21.20,50.50,0.00,0.00,0.00,0.00,0.00,1,14.16,263.99,44.61,1,-28,14,1,0,STAT,60,LAT,LON,W,CRC
08/28/26 10:57:57,22.59,251.41,24.38,7.97,-2.43,438.00,21.20,50.40,0.00,0.00,0.00,0.00,0.00,1,14.02,74.56,32.61,1,-29,14,0,0,STAT,60,LAT,LON,W,CRC
08/28/26 10:58:57,22.59,245.83,24.99,8.32,-2.85,438.00,21.20,50.50,0.00,0.00,0.00,0.00,0.00,1,13.95,21.06,29.84,1,-28,14,0,0,STAT,60,LAT,LON,W,CRC
08/28/26 10:59:57,22.59,249.02,25.09,8.81,-3.83,438.00,21.20,50.50,0.00,0.00,0.00,0.00,0.00,1,13.91,5.95,29.07,1,-29,14,0,0,STAT,60,LAT,LON,W,CRC
08/28/26 11:00:57,22.59,247.20,24.95,8.50,-3.82,438.42,21.20,50.50,0.00,0.00,0.00,0.00,0.00,1,13.91,1.68,24.82,1,-29,13,0,0,STAT,60,LAT,LON,W,CRC
08/28/26 11:01:58,22.59,243.87,24.39,8.47,-3.21,438.15,21.20,50.50,0.00,0.00,0.00,0.00,0.00,1,13.87,0.47,30.67,1,-27,14,1,0,STAT,60,LAT,LON,W,CRC
08/28/26 11:02:58,22.59,243.29,25.31,8.40,-2.58,438.05,21.20,50.50,0.00,0.00,0.00,0.00,0.00,1,13.87,0.13,30.51,1,-27,13,1,0,STAT,60,LAT,LON,W,CRC
08/28/26 11:03:58,22.59,240.97,24.78,8.21,-2.83,438.02,21.20,50.40,0.00,0.12,0.20,0.00,0.00,1,14.12,213.01,29.99,1,-26,13,1,0,STAT,60,LAT,LON,W,CRC
08/28/26 11:04:59,22.59,241.33,24.21,8.68,-3.66,438.01,21.20,50.40,0.00,0.04,0.07,0.00,0.00,1,14.02,90.84,24.97,1,-26,14,0,0,STAT,60,LAT,LON,W,CRC
08/28/26 11:05:59,22.59,246.58,22.59,8.04,-3.15,438.00,21.20,50.50,0.00,0.01,0.02,0.00,0.00,1,13.98,25.66,25.59,1,-28,15,0,0,STAT,60,LAT,LON,W,CRC
08/28/26 11:06:59,22.59,247.92,24.32,8.18,-3.55,438.23,21.20,50.40,0.00,0.00,0.01,0.00,0.00,1,13.95,7.25,26.54,1,-29,13,0,0,STAT,60,LAT,LON,W,CRC
08/28/26 11:07:58,22.59,240.95,25.22,7.80,-4.16,438.16,21.20,50.40,0.00,0.00,0.00,0.00,0.00,1,13.91,2.05,31.96,1,-26,13,0,0,STAT,60,LAT,LON,W,CRC
08/28/26 11:08:58,22.59,241.93,25.23,7.72,-3.95,438.44,21.20,50.40,0.00,0.00,0.00,0.00,0.00,1,13.87,0.58,27.14,1,-27,12,0,0,STAT,60,LAT,LON,W,CRC
08/28/26 11:09:58,22.59,244.94,23.76,8.07,-2.77,438.15,21.20,50.50,0.00,0.00,0.00,0.00,0.00,1,13.87,0.16,26.21,1,-28,14,1,0,STAT,60,LAT,LON,W,CRC
08/28/26 11:10:58,22.59,248.61,23.70,8.78,-3.54,438.05,21.20,50.50,0.00,0.00,0.00,0.00,0.00,1,14.16,173.55,26.48,1,-29,14,1,0,STAT,60,LAT,LON,W,CRC
08/28/26 11:11:58,22.59,239.10,24.86,8.51,-2.89,438.37,21.20,50.50,0.00,0.00,0.00,0.00,0.00,1,14.02,76.11,26.64,1,-27,13,1,0,STAT,60,LAT,LON,W,CRC
08/28/26 11:12:59,22.59,245.41,24.65,8.71,-2.96,438.78,21.20,50.40,0.00,0.03,0.03,0.00,0.00,1,13.95,21.50,30.78,1,-29,13,1,0,STAT,60,LAT,LON,W,CRC
08/28/26 11:13:59,22.59,243.75,23.54,9.11,-4.53,438.92,21.20,50.40,0.00,0.01,0.01,0.00,0.00,1,13.91,6.07,29.96,1,-28,14,1,0,STAT,60,LAT,LON,W,CRC
08/28/26 11:14:59,22.59,237.14,24.13,8.96,-4.52,438.97,21.20,50.50,0.00,0.00,0.00,0.00,0.00,1,13.91,1.71,29.05,1,-25,14,0,0,STAT,60,LAT,LON,W,CRC
08/28/26 11:15:59,22.59,238.81,22.97,8.74,-4.59,438.99,21.20,50.50,0.00,0.00,0.00,0.00,0.00,1,13.87,0.48,24.94,1,-26,14,1,0,STAT,60,LAT,LON,W,CRC
08/28/26 11:16:59,22.59,236.86,24.78,7.99,-3.13,439.00,21.20,50.50,0.00,0.06,0.06,0.00,0.00,1,13.84,0.14,24.95,1,-26,13,1,0,STAT,60,LAT,LON,W,CRC
08/28/26 11:17:55,22.59,229.25,25.71,7.72,-3.06,439.08,21.20,50.40,0.00,0.06,0.06,0.00,0.00,1,14.16,246.29,42.29,1,-23,12,1,0,STAT,60,LAT,LON,W,CRC
08/28/26 11:18:56,22.59,246.25,24.06,8.09,-3.61,439.10,21.20,50.40,0.00,0.02,0.02,0.00,0.00,1,14.02,76.85,29.78,1,-28,13,0,0,STAT,60,LAT,LON,W,CRC
08/28/26 11:19:56,22.59,248.37,24.14,8.29,-3.88,439.65,21.20,50.40,0.00,0.01,0.01,0.00,0.00,1,13.95,21.70,27.45,1,-29,14,0,0,STAT,60,LAT,LON,W,CRC
08/28/26 11:20:56,22.59,247.51,23.72,8.36,-3.47,439.26,21.20,50.40,0.00,0.00,0.00,0.00,0.00,1,13.95,6.13,28.28,1,-28,14,0,0,STAT,60,LAT,LON,W,CRC
08/28/26 11:21:56,22.59,247.96,25.36,8.58,-3.89,439.74,21.20,50.50,0.00,0.00,0.00,0.00,0.00,1,13.91,1.73,26.29,1,-29,12,0,0,STAT,60,LAT,LON,W,CRC
08/28/26 11:22:56,22.59,244.46,24.25,8.33,-5.42,439.91,21.20,50.50,0.00,0.00,0.00,0.00,0.00,1,13.87,0.49,35.02,1,-28,13,0,0,STAT,60,LAT,LON,W,CRC
08/28/26 11:23:56,22.59,246.81,23.26,8.13,-3.98,439.97,21.20,50.50,0.00,0.00,0.00,0.00,0.00,1,13.84,0.14,29.21,1,-28,15,1,0,STAT,60,LAT,LON,W,CRC
08/28/26 11:24:56,22.59,246.03,25.09,8.61,-3.74,439.99,21.20,50.50,0.00,0.00,0.00,0.00,0.00,1,14.16,269.45,27.76,1,-27,14,1,0,STAT,60,LAT,LON,W,CRC
08/28/26 11:25:56,22.59,243.32,26.82,8.34,-3.28,440.00,21.20,50.40,0.00,0.00,0.00,0.00,0.00,1,14.02,83.69,24.67,1,-28,12,1,0,STAT,60,LAT,LON,W,CRC
08/28/26 11:26:57,22.59,243.85,26.15,7.97,-1.19,440.00,21.20,50.40,0.00,0.07,0.07,0.00,0.00,1,13.95,23.64,24.68,1,-28,12,1,1,STAT,60,LAT,LON,W,CRC
08/28/26 11:28:02,22.59,234.85,23.88,7.71,-1.25,440.00,21.20,50.40,0.00,0.02,0.62,0.00,0.00,1,13.91,6.01,26.53,1,-25,14,0,0,STAT,60,LAT,LON,W,CRC
08/28/26 11:28:57,22.59,252.36,22.53,7.62,-1.20,440.00,21.20,50.40,0.00,0.01,0.21,0.00,0.00,1,13.91,1.89,32.53,1,-29,15,0,0,STAT,60,LAT,LON,W,CRC
08/28/26 11:29:57,22.59,250.07,23.39,7.41,-2.55,440.00,21.20,50.50,0.00,0.00,0.07,0.00,0.00,1,13.87,0.53,35.15,1,-30,16,0,0,STAT,60,LAT,LON,W,CRC
08/28/26 11:30:57,22.59,246.59,25.15,8.14,-1.59,440.10,21.20,50.50,0.00,0.00,0.02,0.00,0.00,1,13.84,0.15,28.85,1,-28,14,0,0,STAT,60,LAT,LON,W,CRC
08/28/26 11:31:57,22.58,247.83,23.59,7.63,-1.32,440.04,21.20,50.50,0.00,0.25,0.26,0.00,0.00,1,14.09,193.52,27.36,1,-29,15,0,0,STAT,60,LAT,LON,W,CRC
08/28/26 11:32:57,22.58,245.50,24.39,8.02,-3.61,440.10,21.20,50.50,0.00,0.08,0.08,0.00,0.00,1,13.98,54.66,30.46,1,-28,13,1,0,STAT,60,LAT,LON,W,CRC
08/28/26 11:33:58,22.58,238.12,24.25,7.99,-2.18,440.59,21.20,50.50,0.00,0.03,0.03,0.00,0.00,1,13.95,15.44,31.08,1,-26,13,0,0,STAT,60,LAT,LON,W,CRC
08/28/26 11:34:58,22.59,246.13,24.61,8.28,-3.71,440.79,21.20,50.50,0.00,0.01,0.01,0.00,0.00,1,13.91,4.36,33.08,1,-29,14,0,0,STAT,60,LAT,LON,W,CRC
08/28/26 11:35:58,22.59,244.59,25.18,8.28,-3.65,440.92,21.20,50.40,0.00,0.00,0.00,0.00,0.00,1,13.87,1.23,32.99,1,-29,13,0,0,STAT,60,LAT,LON,W,CRC
08/28/26 11:36:58,22.59,241.60,24.72,7.66,-4.11,440.78,21.20,50.50,0.00,0.00,0.00,0.00,0.00,1,13.84,0.35,33.81,1,-27,13,0,0,STAT,60,LAT,LON,W,CRC
08/28/26 11:37:58,22.59,237.64,24.63,9.41,-4.45,440.34,21.20,50.40,0.00,0.00,0.00,0.00,0.00,1,14.05,117.19,26.10,1,-26,15,0,0,STAT,60,LAT,LON,W,CRC
08/28/26 11:38:59,22.58,242.02,24.05,8.53,-5.30,440.12,21.20,50.50,0.00,0.00,0.00,0.00,0.00,1,14.05,113.51,29.64,1,-27,14,0,0,STAT,60,LAT,LON,W,CRC
08/28/26 11:39:59,22.58,242.66,24.60,9.47,-6.55,440.04,21.20,50.50,0.00,0.00,0.00,0.00,0.00,1,13.98,32.06,27.23,1,-27,13,0,0,STAT,60,LAT,LON,W,CRC
08/28/26 11:40:59,22.58,245.74,25.40,9.42,-5.54,440.31,21.20,50.40,0.00,0.00,0.00,0.00,0.00,1,13.95,9.05,23.96,1,-28,12,1,0,STAT,60,LAT,LON,W,CRC
08/28/26 11:41:59,22.58,247.21,26.41,7.59,-1.84,440.32,21.20,50.40,0.00,0.00,0.00,0.00,0.00,1,13.91,2.56,25.54,1,-28,13,1,0,STAT,60,LAT,LON,W,CRC
08/28/26 11:43:00,22.58,241.89,25.55,8.40,-3.66,440.11,21.20,50.40,0.00,0.00,0.00,0.00,0.00,1,13.87,0.72,27.51,1,-27,13,1,0,STAT,60,LAT,LON,W,CRC
08/28/26 11:44:00,22.57,235.10,26.01,8.50,-2.41,440.04,21.20,50.50,0.00,0.00,0.00,0.00,0.00,1,13.84,0.20,40.47,1,-25,13,0,0,STAT,60,LAT,LON,W,CRC
08/28/26 11:45:00,22.57,239.59,25.68,9.06,-4.83,439.98,21.20,50.50,0.00,0.00,0.00,0.00,0.00,1,13.84,0.06,29.57,1,-26,13,1,0,STAT,60,LAT,LON,W,CRC
08/28/26 11:46:00,22.57,243.27,25.47,8.52,-3.52,439.99,21.20,50.40,0.00,0.00,0.00,0.00,0.00,1,14.05,120.11,27.31,1,-28,13,0,0,STAT,60,LAT,LON,W,CRC
08/28/26 11:47:00,22.57,244.96,23.86,8.54,-3.21,440.00,21.20,50.50,0.00,0.00,0.00,0.00,0.00,1,13.98,33.92,27.69,1,-28,14,1,0,STAT,60,LAT,LON,W,CRC
08/28/26 11:48:00,22.57,245.40,23.10,7.76,-1.72,440.04,21.20,50.50,0.00,0.02,0.02,0.00,0.00,1,13.95,9.58,26.95,1,-28,15,0,0,STAT,60,LAT,LON,W,CRC
08/28/26 11:49:02,22.57,233.02,24.01,8.32,-0.88,440.25,21.20,50.50,0.00,0.01,0.07,0.00,0.00,1,13.91,2.71,33.44,1,-24,14,0,0,STAT,60,LAT,LON,W,CRC
08/28/26 11:50:02,22.57,242.18,23.18,8.18,-3.71,440.09,21.20,50.50,0.00,0.04,0.06,0.00,0.00,1,13.87,0.76,31.06,1,-27,14,0,0,STAT,60,LAT,LON,W,CRC
08/28/26 11:51:02,22.56,244.82,23.30,8.27,-3.97,440.61,21.20,50.50,0.00,0.01,0.02,0.00,0.00,1,13.87,0.22,25.76,1,-27,13,0,0,STAT,60,LAT,LON,W,CRC
08/28/26 11:52:02,22.56,238.23,24.35,9.09,-3.77,440.86,21.20,50.50,0.00,0.00,0.01,0.00,0.00,1,14.02,134.58,26.24,1,-26,13,1,0,STAT,60,LAT,LON,W,CRC
08/28/26 11:53:03,22.55,245.94,24.88,8.71,-3.11,440.34,21.20,50.50,0.00,0.00,0.00,0.00,0.00,1,14.05,123.41,26.76,1,-29,13,1,0,STAT,60,LAT,LON,W,CRC
08/28/26 11:54:02,22.54,222.91,23.63,8.15,-3.92,440.12,21.20,50.40,0.00,0.00,0.00,0.00,0.00,1,13.95,34.86,41.84,1,-22,13,0,0,STAT,60,LAT,LON,W,CRC
08/28/26 11:55:02,22.53,238.67,23.56,8.92,-4.20,440.04,21.20,50.50,0.00,0.00,0.00,0.00,0.00,1,13.91,9.84,31.09,1,-26,14,0,0,STAT,60,LAT,LON,W,CRC
08/28/26 11:56:02,22.52,237.99,23.80,8.73,-3.67,440.01,21.20,50.50,0.00,0.04,0.04,0.00,0.00,1,13.91,2.78,39.99,1,-26,14,1,0,STAT,60,LAT,LON,W,CRC
08/28/26 11:57:03,22.52,242.53,23.46,7.33,-1.24,440.01,21.20,50.50,0.00,0.01,0.01,0.00,0.00,1,13.87,0.79,32.38,1,-27,15,0,0,STAT,60,LAT,LON,W,CRC
08/28/26 11:58:03,22.52,247.33,22.48,9.16,-5.12,439.46,21.20,50.50,0.00,0.00,0.00,0.00,0.00,1,13.84,0.22,27.05,1,-29,16,0,0,STAT,60,LAT,LON,W,CRC
08/28/26 11:58:58,22.51,241.10,24.06,8.92,-3.04,439.24,21.20,50.50,0.00,0.00,0.00,0.00,0.00,1,14.16,238.37,25.97,1,-26,16,0,0,STAT,60,LAT,LON,W,CRC
08/28/26 11:59:59,22.51,250.10,25.93,8.51,-1.79,439.08,21.20,50.50,0.00,0.00,0.01,0.00,0.00,1,14.02,84.21,29.71,1,-30,13,0,0,STAT,60,LAT,LON,W,CRC
08/28/26 12:00:59,22.50,239.50,24.57,8.70,-2.61,439.08,21.20,50.50,0.00,0.11,0.43,0.00,0.00,1,13.95,23.78,27.67,1,-26,14,0,0,STAT,60,LAT,LON,W,CRC
08/28/26 12:01:59,22.49,239.80,24.41,8.31,-3.48,439.03,21.20,50.50,0.00,0.13,0.23,0.00,0.00,1,13.91,6.72,26.47,1,-27,14,1,0,STAT,60,LAT,LON,W,CRC
08/28/26 12:02:59,22.49,243.52,25.81,8.43,-4.61,439.01,21.20,50.50,0.00,0.34,0.37,0.00,0.00,1,13.91,1.90,27.63,1,-28,11,1,0,STAT,60,LAT,LON,W,CRC
08/28/26 12:03:59,22.49,235.44,23.92,9.14,-4.47,439.00,21.20,50.50,0.00,0.11,0.12,0.00,0.00,1,13.87,0.54,27.17,1,-25,13,0,0,STAT,60,LAT,LON,W,CRC
08/28/26 12:05:00,22.49,249.16,23.19,9.07,-5.48,439.00,21.20,50.50,0.00,0.03,0.04,0.00,0.00,1,13.84,0.15,30.17,1,-29,14,0,0,STAT,60,LAT,LON,W,CRC
08/28/26 12:06:00,22.49,244.67,25.15,9.46,-3.55,439.00,21.20,50.50,0.05,0.17,0.18,0.00,0.00,1,14.12,245.95,28.33,1,-28,12,0,0,STAT,60,LAT,LON,W,CRC
08/28/26 12:07:00,22.49,246.16,25.62,9.02,-4.85,438.51,21.20,50.50,0.02,0.50,0.50,0.00,0.00,1,14.02,69.46,27.94,1,-28,13,0,0,STAT,60,LAT,LON,W,CRC
08/28/26 12:08:00,22.49,245.95,23.89,9.55,-4.10,438.02,21.20,50.60,0.12,0.29,0.29,0.00,0.00,1,13.95,19.62,26.95,1,-28,14,1,0,STAT,60,LAT,LON,W,CRC
08/28/26 12:09:00,22.49,240.55,24.19,8.83,-3.01,438.01,21.20,50.50,0.04,0.09,0.09,0.00,0.00,1,13.91,5.54,25.85,1,-26,13,1,0,STAT,60,LAT,LON,W,CRC
08/28/26 12:10:01,22.49,242.35,24.13,8.21,-3.58,438.00,21.20,50.60,0.01,0.03,0.03,0.00,0.00,1,13.87,1.56,33.62,1,-27,14,0,0,STAT,60,LAT,LON,W,CRC
08/28/26 12:11:01,22.49,242.75,22.16,8.88,-1.70,438.00,21.20,50.60,0.00,0.01,0.01,0.00,0.00,1,13.87,0.44,29.94,1,-28,15,0,0,STAT,60,LAT,LON,W,CRC
08/28/26 12:12:01,22.49,242.53,24.49,9.52,-3.46,438.00,21.20,50.50,0.00,0.04,0.04,0.00,0.00,1,13.84,0.12,25.88,1,-27,14,1,0,STAT,60,LAT,LON,W,CRC
08/28/26 12:13:01,22.49,243.99,24.59,9.49,-3.20,437.65,21.20,50.40,0.00,0.01,0.01,0.00,0.00,1,14.16,283.56,26.75,1,-27,13,1,0,STAT,60,LAT,LON,W,CRC
08/28/26 12:14:01,22.49,247.06,24.34,8.76,-3.10,437.23,21.20,50.40,0.00,0.00,0.00,0.00,0.00,1,14.02,80.09,26.99,1,-29,13,1,0,STAT,60,LAT,LON,W,CRC
08/28/26 12:15:01,22.49,246.62,23.83,9.28,-2.46,436.99,21.20,50.60,0.00,0.00,0.00,0.00,0.00,1,13.95,22.62,34.11,1,-29,13,1,0,STAT,60,LAT,LON,W,CRC
08/28/26 12:16:02,22.49,248.24,24.30,8.40,-0.69,436.99,21.20,50.40,0.00,0.00,0.00,0.00,0.00,1,13.91,6.39,29.24,1,-29,13,0,0,STAT,60,LAT,LON,W,CRC
08/28/26 12:17:02,22.49,247.03,24.07,9.15,-1.56,436.50,21.20,50.50,0.00,0.00,0.00,0.00,0.00,1,13.87,1.80,26.79,1,-28,13,1,0,STAT,60,LAT,LON,W,CRC
08/28/26 12:18:02,22.49,244.22,24.27,8.97,-3.04,436.17,21.20,50.50,0.00,0.00,0.00,0.00,0.00,1,13.87,0.51,27.32,1,-28,14,1,0,STAT,60,LAT,LON,W,CRC
08/28/26 12:19:02,22.49,243.96,24.47,9.13,-4.19,436.06,21.20,50.50,0.00,0.00,0.00,0.00,0.00,1,13.84,0.14,24.48,1,-28,13,1,0,STAT,60,LAT,LON,W,CRC
08/28/26 12:20:03,22.49,229.97,24.14,8.10,-3.29,435.57,21.20,50.50,0.00,0.03,0.03,0.00,0.00,1,14.16,209.81,29.59,1,-24,14,0,0,STAT,60,LAT,LON,W,CRC
08/28/26 12:21:03,22.49,240.64,24.63,9.67,-4.40,435.28,21.20,50.50,0.00,0.02,0.02,0.00,0.00,1,14.02,66.04,30.30,1,-27,13,0,0,STAT,60,LAT,LON,W,CRC
08/28/26 12:22:03,22.49,240.33,23.05,9.32,-4.17,435.10,21.20,50.50,0.00,0.01,0.01,0.00,0.00,1,13.95,18.65,27.19,1,-27,14,0,0,STAT,60,LAT,LON,W,CRC
08/28/26 12:23:03,22.49,239.81,25.28,9.33,-3.20,435.03,21.20,50.50,0.00,0.12,0.12,0.00,0.00,1,13.91,5.27,25.92,1,-27,13,1,0,STAT,60,LAT,LON,W,CRC
08/28/26 12:24:03,22.49,237.87,24.62,9.64,-3.66,435.01,21.10,50.60,0.00,0.05,0.05,0.00,0.00,1,13.91,1.49,26.07,1,-26,14,1,0,STAT,60,LAT,LON,W,CRC
08/28/26 12:25:04,22.49,237.29,23.24,8.38,-3.20,435.00,21.20,50.50,0.00,0.02,0.02,0.00,0.00,1,13.87,0.42,27.58,1,-27,15,0,0,STAT,60,LAT,LON,W,CRC
08/28/26 12:26:04,22.49,242.24,22.44,9.05,-3.41,435.00,21.20,50.50,0.00,0.01,0.01,0.00,0.00,1,13.84,0.12,29.37,1,-27,14,1,0,STAT,60,LAT,LON,W,CRC
08/28/26 12:27:04,22.49,246.38,23.24,9.69,-3.43,435.00,21.20,50.40,0.00,0.02,0.14,0.00,0.00,1,14.12,208.52,28.18,1,-28,16,0,0,STAT,60,LAT,LON,W,CRC
08/28/26 12:28:04,22.49,236.57,24.25,9.72,-3.76,434.74,21.20,50.50,0.00,0.01,0.05,0.00,0.00,1,14.02,58.89,28.67,1,-26,14,0,0,STAT,60,LAT,LON,W,CRC
08/28/26 12:29:04,22.49,237.92,22.59,9.15,-3.06,434.45,21.20,50.50,0.00,0.00,0.02,0.00,0.00,1,13.95,16.63,26.98,1,-26,16,0,0,STAT,60,LAT,LON,W,CRC
08/28/26 12:30:04,22.49,237.62,23.24,8.77,-3.48,434.16,21.20,50.60,0.00,0.21,0.21,0.00,0.00,1,13.91,4.70,28.21,1,-26,14,0,0,STAT,60,LAT,LON,W,CRC
08/28/26 12:31:04,22.49,243.70,22.94,9.11,-4.42,434.06,21.20,50.50,0.00,0.15,0.15,0.00,0.00,1,13.87,1.33,41.89,1,-27,14,0,0,STAT,60,LAT,LON,W,CRC
08/28/26 12:32:05,22.49,239.97,24.49,10.26,-5.51,434.02,21.20,50.50,0.00,0.05,0.05,0.00,0.00,1,13.87,0.37,32.20,1,-27,13,0,0,STAT,60,LAT,LON,W,CRC
08/28/26 12:33:05,22.49,245.61,24.27,9.38,-3.96,434.01,21.20,50.50,0.00,0.02,0.02,0.00,0.00,1,13.84,0.11,27.29,1,-29,13,1,0,STAT,60,LAT,LON,W,CRC
08/28/26 12:34:05,22.49,240.88,23.41,9.16,-3.02,434.46,21.20,50.60,0.00,0.00,0.00,0.00,0.00,1,14.05,120.44,24.98,1,-27,14,1,0,STAT,60,LAT,LON,W,CRC
08/28/26 12:35:05,22.49,234.38,24.71,9.71,-3.12,434.35,21.20,50.50,0.00,0.00,0.00,0.00,0.00,1,13.98,34.02,28.43,1,-25,13,1,0,STAT,60,LAT,LON,W,CRC
08/28/26 12:36:05,22.49,240.41,22.96,9.22,-3.36,433.92,21.20,50.50,0.00,0.00,0.00,0.00,0.00,1,13.91,9.61,33.96,1,-26,14,0,0,STAT,60,LAT,LON,W,CRC
08/28/26 12:37:05,22.49,239.63,23.49,10.09,-4.85,433.51,21.20,50.50,0.00,0.08,0.08,0.00,0.00,1,13.91,2.71,29.95,1,-26,14,0,0,STAT,60,LAT,LON,W,CRC
08/28/26 12:38:05,22.49,247.52,22.56,8.47,-1.29,433.03,21.20,50.50,0.00,0.15,0.15,0.00,0.00,1,13.87,0.77,26.28,1,-28,14,0,0,STAT,60,LAT,LON,W,CRC
08/28/26 12:39:05,22.49,241.70,23.43,9.07,-2.60,433.01,21.10,50.60,0.00,0.08,0.08,0.00,0.00,1,13.87,0.22,26.85,1,-27,13,0,0,STAT,60,LAT,LON,W,CRC
08/28/26 12:40:05,22.49,244.25,23.79,9.97,-4.42,433.00,21.20,50.50,0.00,0.03,0.03,0.00,0.00,1,13.84,0.06,27.95,1,-27,13,1,0,STAT,60,LAT,LON,W,CRC
08/28/26 12:41:02,22.49,218.44,25.88,9.59,-1.88,433.00,21.20,50.40,0.00,0.01,0.01,0.00,0.00,1,14.05,168.53,37.68,1,-19,12,1,0,STAT,60,LAT,LON,W,CRC
08/28/26 12:42:02,22.49,236.60,23.86,9.61,-4.29,433.00,21.20,50.40,0.00,0.04,0.04,0.00,0.00,1,13.98,47.60,30.70,1,-25,13,0,0,STAT,60,LAT,LON,W,CRC
08/28/26 12:43:02,22.49,236.53,24.86,9.68,-5.92,432.50,21.20,50.50,0.00,0.01,0.01,0.00,0.00,1,13.95,13.44,25.01,1,-25,13,1,0,STAT,60,LAT,LON,W,CRC
08/28/26 12:44:02,22.49,236.55,23.98,9.21,-3.67,432.18,21.10,50.50,0.00,0.00,0.00,0.00,0.00,1,13.91,3.80,25.50,1,-26,14,0,0,STAT,60,LAT,LON,W,CRC
08/28/26 12:45:02,22.49,236.24,25.10,8.78,-2.70,432.06,21.10,50.60,0.00,0.00,0.08,0.00,0.00,1,13.87,1.07,26.61,1,-25,13,1,0,STAT,60,LAT,LON,W,CRC
08/28/26 12:46:03,22.49,227.37,25.23,8.34,-2.61,432.02,21.10,50.60,0.00,0.00,0.03,0.00,0.00,1,13.84,0.30,39.33,1,-23,13,0,0,STAT,60,LAT,LON,W,CRC
08/28/26 12:47:04,22.49,240.87,23.58,8.20,-1.04,431.92,21.10,50.60,0.00,0.00,0.04,0.00,0.00,1,14.02,142.02,29.67,1,-27,15,0,0,STAT,60,LAT,LON,W,CRC
08/28/26 12:48:04,22.49,237.12,24.67,9.52,-3.61,431.97,21.20,50.50,0.00,0.30,0.39,0.00,0.00,1,14.05,127.77,28.66,1,-26,13,1,0,STAT,60,LAT,LON,W,CRC
08/28/26 12:49:04,22.49,241.94,24.63,8.71,-2.07,431.99,21.10,50.50,0.00,0.14,0.41,0.00,0.00,1,13.98,36.09,26.96,1,-27,13,0,0,STAT,60,LAT,LON,W,CRC
08/28/26 12:50:04,22.49,242.20,23.60,7.81,-0.79,432.12,21.20,50.50,0.00,0.05,0.13,0.00,0.00,1,13.95,10.19,26.58,1,-26,14,0,0,STAT,60,LAT,LON,W,CRC
08/28/26 12:51:05,22.49,225.82,25.05,8.48,-1.55,431.96,21.10,50.50,0.00,0.01,0.04,0.00,0.00,1,13.91,2.88,28.98,1,-22,12,0,0,STAT,60,LAT,LON,W,CRC
08/28/26 12:52:05,22.49,242.60,24.13,10.13,-3.82,431.34,21.10,50.60,0.00,0.00,0.01,0.00,0.00,1,13.87,0.81,28.03,1,-27,13,1,0,STAT,60,LAT,LON,W,CRC
08/28/26 12:53:05,22.49,243.37,23.86,9.15,-1.66,431.77,21.20,50.60,0.00,0.02,0.03,0.00,0.00,1,13.84,0.23,33.90,1,-27,14,1,0,STAT,60,LAT,LON,W,CRC
08/28/26 12:54:05,22.49,234.05,24.18,9.46,-3.46,431.85,21.10,50.60,0.00,0.01,0.01,0.00,0.00,1,14.12,202.95,28.79,1,-24,14,1,0,STAT,60,LAT,LON,W,CRC
08/28/26 12:55:05,22.49,236.91,23.75,9.51,-2.70,431.66,21.10,50.50,0.00,0.02,0.02,0.00,0.00,1,14.02,87.03,28.77,1,-26,14,1,0,STAT,60,LAT,LON,W,CRC
08/28/26 12:56:06,22.49,239.57,22.59,8.58,-2.88,431.30,21.20,50.50,0.00,0.10,0.10,0.00,0.00,1,13.95,24.58,25.21,1,-26,15,1,0,STAT,60,LAT,LON,W,CRC
08/28/26 12:57:07,22.49,240.20,25.16,8.81,-2.85,431.19,21.20,50.60,0.00,0.07,0.07,0.00,0.00,1,13.91,6.94,36.90,1,-26,13,0,0,STAT,60,LAT,LON,W,CRC
08/28/26 12:58:07,22.49,241.53,23.91,8.59,-3.70,431.71,21.10,50.60,0.00,0.02,0.02,0.00,0.00,1,13.87,1.96,28.55,1,-27,14,1,0,STAT,60,LAT,LON,W,CRC
08/28/26 12:59:07,22.49,243.30,24.24,9.46,-4.30,431.90,21.20,50.50,0.00,0.01,0.24,0.00,0.00,1,13.87,0.55,32.03,1,-27,14,1,0,STAT,60,LAT,LON,W,CRC
08/28/26 13:00:07,22.49,237.28,23.89,9.16,-2.16,431.96,21.10,50.50,0.00,0.22,0.29,0.00,0.00,1,13.87,0.16,27.66,1,-25,14,0,0,STAT,60,LAT,LON,W,CRC
08/28/26 13:01:07,22.49,234.94,23.21,8.95,-2.16,431.99,21.10,50.50,0.00,0.07,0.13,0.00,0.00,1,14.16,230.93,27.55,1,-24,14,0,0,STAT,60,LAT,LON,W,CRC
08/28/26 13:02:07,22.49,242.47,22.72,9.50,-3.42,432.00,21.10,50.50,0.00,0.06,0.10,0.00,0.00,1,14.02,72.21,31.03,1,-27,14,1,0,STAT,60,LAT,LON,W,CRC
08/28/26 13:03:08,22.49,244.51,22.14,9.26,-4.28,432.00,21.10,50.50,0.00,0.02,0.03,0.00,0.00,1,13.95,20.39,26.56,1,-28,15,1,0,STAT,60,LAT,LON,W,CRC
08/28/26 13:04:08,22.49,239.35,23.65,8.99,-3.80,432.00,21.10,50.50,0.00,0.01,0.01,0.00,0.00,1,13.91,5.76,27.91,1,-26,13,0,0,STAT,60,LAT,LON,W,CRC
08/28/26 13:05:08,22.49,238.33,22.20,8.86,-4.70,431.92,21.10,50.40,0.00,0.00,0.00,0.00,0.00,1,13.91,1.63,28.08,1,-25,15,1,0,STAT,60,LAT,LON,W,CRC
08/28/26 13:06:08,22.49,243.59,23.37,9.33,-4.85,431.97,21.10,50.50,0.00,0.13,0.14,0.00,0.00,1,13.87,0.46,26.80,1,-27,14,0,0,STAT,60,LAT,LON,W,CRC
08/28/26 13:07:08,22.49,237.65,22.92,9.14,-3.69,431.99,21.10,50.40,0.00,0.05,0.16,0.00,0.00,1,13.84,0.13,32.38,1,-25,15,0,0,STAT,60,LAT,LON,W,CRC
08/28/26 13:08:08,22.49,236.23,24.54,8.94,-3.58,432.00,21.10,50.50,0.00,0.10,0.14,0.00,0.00,1,14.09,181.44,28.06,1,-24,13,0,0,STAT,60,LAT,LON,W,CRC
08/28/26 13:09:08,22.49,237.67,24.16,10.11,-4.40,431.62,21.10,50.50,0.00,0.03,0.05,0.00,0.00,1,13.98,51.24,28.31,1,-25,14,1,0,STAT,60,LAT,LON,W,CRC
08/28/26 13:10:08,22.49,240.30,24.47,8.94,-2.19,431.67,21.10,50.40,0.00,0.10,0.10,0.00,0.00,1,13.95,14.47,24.52,1,-26,14,1,0,STAT,60,LAT,LON,W,CRC
08/28/26 13:11:09,22.49,246.16,23.16,8.87,-2.30,431.38,21.10,50.50,0.00,0.08,0.08,0.00,0.00,1,13.91,4.09,25.14,1,-27,15,0,0,STAT,60,LAT,LON,W,CRC
08/28/26 13:12:09,22.49,235.46,23.99,8.78,-4.27,431.19,21.10,50.50,0.00,0.16,0.16,0.00,0.00,1,13.91,1.15,29.13,1,-25,14,0,0,STAT,60,LAT,LON,W,CRC
08/28/26 13:13:09,22.49,242.93,24.49,9.49,-3.91,430.99,21.10,50.30,0.00,0.20,0.20,0.00,0.00,1,13.87,0.33,25.33,1,-26,13,0,0,STAT,60,LAT,LON,W,CRC
08/28/26 13:14:09,22.49,240.30,24.19,9.55,-3.29,430.60,21.20,50.40,0.00,0.07,0.07,0.00,0.00,1,13.84,0.09,24.11,1,-26,13,0,0,STAT,60,LAT,LON,W,CRC
08/28/26 13:15:09,22.48,237.84,23.35,9.71,-3.53,430.21,21.10,50.30,0.00,0.02,0.02,0.00,0.00,1,14.09,182.01,25.84,1,-25,13,0,0,STAT,60,LAT,LON,W,CRC
08/28/26 13:16:10,22.49,230.49,23.77,9.45,-4.12,429.99,21.10,50.40,0.00,0.21,0.21,0.00,0.00,1,13.98,51.40,26.65,1,-23,13,0,0,STAT,60,LAT,LON,W,CRC
08/28/26 13:17:05,22.48,237.80,23.35,9.27,-4.35,429.38,21.10,50.50,0.00,0.07,0.11,0.00,0.00,1,13.95,16.13,29.04,1,-25,14,0,0,STAT,60,LAT,LON,W,CRC
08/28/26 13:18:05,22.49,240.52,23.54,9.98,-5.22,429.19,21.20,50.50,0.00,0.02,0.09,0.00,0.00,1,13.91,4.56,29.11,1,-25,14,1,-1,STAT,60,LAT,LON,W,CRC
08/28/26 13:19:05,22.49,243.57,25.18,9.30,-3.40,429.07,21.10,50.30,0.00,0.01,0.03,0.00,0.00,1,13.91,1.29,28.14,1,-26,11,0,0,STAT,60,LAT,LON,W,CRC
08/28/26 13:20:05,22.49,246.16,24.00,9.30,-3.02,429.02,21.10,50.30,0.00,0.06,0.07,0.00,0.00,1,13.87,0.36,28.71,1,-27,12,1,0,STAT,60,LAT,LON,W,CRC
08/28/26 13:21:05,22.49,237.90,25.10,9.32,-1.96,428.80,21.10,50.40,0.00,0.03,0.03,0.00,0.00,1,13.87,0.10,26.09,1,-24,13,1,0,STAT,60,LAT,LON,W,CRC
08/28/26 13:22:05,22.48,233.93,23.81,8.97,-1.63,429.30,21.10,50.30,0.00,0.04,0.04,0.00,0.00,1,14.16,205.39,26.21,1,-22,14,1,0,STAT,60,LAT,LON,W,CRC
08/28/26 13:23:06,22.48,240.46,23.34,9.87,-4.43,429.46,21.20,50.50,0.00,0.58,0.58,0.00,0.00,1,14.02,73.96,27.68,1,-24,13,1,0,STAT,60,LAT,LON,W,CRC
08/28/26 13:24:06,22.48,238.99,23.07,8.96,-3.58,429.16,21.10,50.50,0.00,0.38,0.38,0.00,0.00,1,13.95,20.89,28.29,1,-24,14,0,0,STAT,60,LAT,LON,W,CRC
08/28/26 13:25:06,22.48,250.99,23.35,9.08,-4.28,429.06,21.10,50.50,0.00,0.18,0.23,0.00,0.00,1,13.91,5.90,24.93,1,-28,14,1,0,STAT,60,LAT,LON,W,CRC
08/28/26 13:26:06,22.49,239.07,24.03,9.87,-3.34,429.02,21.10,50.50,0.00,0.15,0.17,0.00,0.00,1,13.91,1.67,29.20,1,-25,14,0,0,STAT,60,LAT,LON,W,CRC
08/28/26 13:27:06,22.48,240.25,25.16,9.01,-2.72,429.01,21.10,50.50,0.00,0.05,0.05,0.00,0.00,1,13.87,0.47,28.41,1,-25,12,0,0,STAT,60,LAT,LON,W,CRC
08/28/26 13:28:07,22.48,248.34,24.48,10.54,-5.49,428.96,21.10,50.50,0.00,0.02,0.02,0.00,0.00,1,13.84,0.13,26.25,1,-26,13,0,0,STAT,60,LAT,LON,W,CRC
08/28/26 13:29:07,22.48,243.54,24.51,9.64,-3.98,428.95,21.10,50.50,0.00,0.15,0.15,0.00,0.00,1,14.16,252.24,25.48,1,-25,14,1,0,STAT,60,LAT,LON,W,CRC
08/28/26 13:30:07,22.48,241.58,23.84,8.72,-2.60,428.63,21.10,50.40,0.00,0.05,0.05,0.00,0.00,1,14.02,89.08,27.05,1,-25,14,0,0,STAT,60,LAT,LON,W,CRC
08/28/26 13:31:07,22.47,242.71,25.83,9.44,-1.61,428.87,21.10,50.30,0.00,0.10,0.10,0.00,0.00,1,13.95,25.16,27.65,1,-25,11,1,0,STAT,60,LAT,LON,W,CRC
08/28/26 13:32:07,22.47,235.75,24.43,8.83,-2.57,428.55,21.10,50.30,0.00,0.04,0.04,0.00,0.00,1,13.91,7.11,26.54,1,-23,13,0,0,STAT,60,LAT,LON,W,CRC
08/28/26 13:33:07,22.48,245.65,23.65,9.12,-3.71,428.19,21.10,50.50,0.00,0.10,0.10,0.00,0.00,1,13.87,2.01,32.97,1,-25,13,1,0,STAT,60,LAT,LON,W,CRC
08/28/26 13:34:08,22.47,242.15,22.93,10.13,-5.66,428.16,21.10,50.50,0.00,0.03,0.03,0.00,0.00,1,13.87,0.57,28.59,1,-25,14,1,0,STAT,60,LAT,LON,W,CRC
08/28/26 13:35:08,22.47,249.19,22.86,10.22,-4.69,428.06,21.10,50.30,0.00,0.08,0.08,0.00,0.00,1,13.84,0.16,28.56,1,-27,14,1,0,STAT,60,LAT,LON,W,CRC
08/28/26 13:36:08,22.47,242.11,23.18,10.16,-4.86,428.02,21.10,50.40,0.00,0.15,0.15,0.00,0.00,1,14.16,203.86,24.75,1,-24,14,1,0,STAT,60,LAT,LON,W,CRC
08/28/26 13:37:08,22.47,244.64,23.79,10.00,-3.75,428.01,21.10,50.40,0.00,0.05,0.05,0.00,0.00,1,14.02,73.30,26.11,1,-26,13,1,0,STAT,60,LAT,LON,W,CRC
08/28/26 13:38:08,22.47,250.87,23.95,9.30,-2.93,428.00,21.10,50.50,0.00,0.10,0.10,0.00,0.00,1,13.95,20.70,41.00,1,-27,14,0,0,STAT,60,LAT,LON,W,CRC
08/28/26 13:39:08,22.47,247.01,24.10,9.35,-2.75,428.23,21.10,50.50,0.00,0.03,0.21,0.00,0.00,1,13.91,5.85,27.91,1,-26,12,0,0,STAT,60,LAT,LON,W,CRC
08/28/26 13:40:09,22.47,243.46,24.43,9.47,-3.52,428.73,21.10,50.30,0.00,0.01,0.07,0.00,0.00,1,13.91,1.65,26.03,1,-25,12,0,0,STAT,60,LAT,LON,W,CRC
08/28/26 13:41:09,22.47,248.95,23.94,9.43,-2.52,428.90,21.10,50.50,0.00,0.00,0.02,0.00,0.00,1,13.87,0.47,26.76,1,-26,13,0,0,STAT,60,LAT,LON,W,CRC
08/28/26 13:42:09,22.47,250.08,24.14,9.58,-3.14,429.46,21.10,50.50,0.00,0.00,0.03,0.00,0.00,1,13.84,0.13,28.48,1,-26,12,0,0,STAT,60,LAT,LON,W,CRC
08/28/26 13:43:09,22.47,242.43,25.23,8.83,-1.52,429.81,21.10,50.50,0.00,0.06,0.07,0.00,0.00,1,14.16,257.45,28.67,1,-24,12,0,0,STAT,60,LAT,LON,W,CRC
08/28/26 13:44:09,22.47,255.79,24.58,8.44,-2.93,430.48,21.10,50.50,0.00,0.04,0.06,0.00,0.00,1,14.02,88.41,28.32,1,-29,12,0,0,STAT,60,LAT,LON,W,CRC
08/28/26 13:45:09,22.46,250.89,24.94,8.52,-1.78,430.82,21.10,50.50,0.00,0.01,0.05,0.00,0.00,1,13.95,24.97,27.26,1,-27,13,0,0,STAT,60,LAT,LON,W,CRC
08/28/26 13:46:09,22.46,245.09,24.89,9.58,-2.29,430.93,21.10,50.30,0.00,0.04,0.05,0.00,0.00,1,13.91,7.05,29.52,1,-25,13,1,0,STAT,60,LAT,LON,W,CRC
08/28/26 13:47:10,22.45,244.51,25.11,10.13,-5.13,430.82,21.10,50.40,0.00,0.09,0.10,0.00,0.00,1,13.91,1.99,25.57,1,-24,12,1,0,STAT,60,LAT,LON,W,CRC
08/28/26 13:48:11,22.45,247.93,25.17,10.18,-3.49,430.77,21.10,50.40,0.00,0.04,0.04,0.00,0.00,1,13.87,0.56,27.72,1,-25,13,0,0,STAT,60,LAT,LON,W,CRC
08/28/26 13:49:11,22.44,255.05,23.57,9.18,-4.41,430.92,21.10,50.50,0.00,0.10,0.10,0.00,0.00,1,13.84,0.16,30.39,1,-26,14,0,0,STAT,60,LAT,LON,W,CRC
08/28/26 13:50:11,22.44,251.38,21.98,8.83,-3.39,430.97,21.10,50.40,0.00,0.07,0.07,0.00,0.00,1,14.16,226.31,26.14,1,-24,15,1,0,STAT,60,LAT,LON,W,CRC
08/28/26 13:51:11,22.43,248.43,22.80,8.62,-2.98,431.22,21.10,50.30,0.00,0.02,0.02,0.00,0.00,1,14.02,80.70,29.60,1,-24,14,1,0,STAT,60,LAT,LON,W,CRC
08/28/26 13:52:11,22.43,257.01,22.56,10.19,-5.14,431.98,21.10,50.30,0.00,0.05,0.05,0.00,0.00,1,13.95,22.79,28.17,1,-26,14,1,0,STAT,60,LAT,LON,W,CRC
08/28/26 13:53:12,22.42,261.64,23.46,9.06,-3.42,432.14,21.10,50.40,0.00,0.03,0.03,0.00,0.00,1,13.95,6.44,26.06,1,-26,13,1,0,STAT,60,LAT,LON,W,CRC
08/28/26 13:54:08,22.42,260.32,23.34,9.89,-3.51,432.05,21.10,50.40,0.00,0.02,0.02,0.00,0.00,1,13.91,2.02,25.49,1,-25,13,0,0,STAT,60,LAT,LON,W,CRC
08/28/26 13:55:08,22.42,256.34,22.86,9.44,-2.41,432.02,21.10,50.40,0.00,0.01,0.01,0.00,0.00,1,13.87,0.57,26.04,1,-25,14,0,0,STAT,60,LAT,LON,W,CRC
08/28/26 13:56:08,22.42,257.61,22.98,9.68,-2.74,432.01,21.10,50.40,0.00,0.05,0.05,0.00,0.00,1,13.87,0.16,26.80,1,-26,13,1,0,STAT,60,LAT,LON,W,CRC
08/28/26 13:57:08,22.42,252.26,24.64,9.65,-4.08,431.95,21.10,50.30,0.00,0.02,0.21,0.00,0.00,1,14.05,121.66,27.77,1,-23,12,1,0,STAT,60,LAT,LON,W,CRC
08/28/26 13:58:09,22.41,257.03,24.37,9.68,-3.86,431.98,21.10,50.30,0.00,0.01,0.17,0.00,0.00,1,14.05,114.57,25.60,1,-25,12,1,0,STAT,60,LAT,LON,W,CRC
08/28/26 13:59:09,22.41,261.89,23.15,10.07,-4.12,431.99,21.10,50.40,0.00,0.40,0.45,0.00,0.00,1,13.95,32.36,28.95,1,-26,14,1,0,STAT,60,LAT,LON,W,CRC
08/28/26 14:00:09,22.40,254.74,24.75,10.40,-2.29,432.54,21.10,50.50,0.00,0.20,0.22,0.00,0.00,1,13.91,9.14,28.32,1,-24,12,0,0,STAT,60,LAT,LON,W,CRC
08/28/26 14:01:09,22.40,259.56,23.83,9.52,-1.90,432.26,21.10,50.40,0.00,0.07,0.07,0.00,0.00,1,13.91,2.58,29.80,1,-26,12,0,0,STAT,60,LAT,LON,W,CRC
08/28/26 14:02:09,22.39,259.77,24.41,9.30,-1.87,432.43,21.10,50.40,0.00,0.02,0.07,0.00,0.00,1,13.87,0.73,25.09,1,-25,11,1,0,STAT,60,LAT,LON,W,CRC
08/28/26 14:03:09,22.39,258.50,24.53,9.66,-2.15,432.80,21.10,50.50,0.00,0.01,0.02,0.00,0.00,1,13.87,0.21,25.24,1,-25,13,1,0,STAT,60,LAT,LON,W,CRC
08/28/26 14:04:10,22.39,255.31,23.98,10.08,-3.55,432.93,21.10,50.40,0.00,0.00,0.01,0.00,0.00,1,14.16,199.46,31.31,1,-24,12,1,0,STAT,60,LAT,LON,W,CRC
08/28/26 14:05:10,22.39,256.84,23.51,9.08,-3.71,432.98,21.10,50.40,0.00,0.00,0.08,0.00,0.00,1,14.02,56.33,29.33,1,-25,13,0,0,STAT,60,LAT,LON,W,CRC
08/28/26 14:06:10,22.39,259.14,24.61,8.48,-2.48,432.99,21.10,50.50,0.00,0.03,0.10,0.00,0.00,1,13.95,15.91,25.50,1,-25,12,0,0,STAT,60,LAT,LON,W,CRC
08/28/26 14:07:10,22.39,263.84,26.00,9.43,-3.45,433.00,21.10,50.50,0.00,0.01,0.08,0.00,0.00,1,13.91,4.49,25.57,1,-26,11,0,0,STAT,60,LAT,LON,W,CRC
08/28/26 14:08:10,22.39,258.29,24.76,9.96,-3.48,433.00,21.10,50.50,0.00,0.00,0.03,0.00,0.00,1,13.91,1.27,26.85,1,-26,13,0,0,STAT,60,LAT,LON,W,CRC
08/28/26 14:09:10,22.39,256.69,23.38,10.33,-5.87,433.53,21.10,50.50,0.00,0.00,0.01,0.00,0.00,1,13.87,0.36,32.51,1,-25,13,1,0,STAT,60,LAT,LON,W,CRC
08/28/26 14:10:10,22.39,259.96,23.38,10.19,-3.84,433.83,21.10,50.40,0.00,0.07,0.26,0.00,0.00,1,13.84,0.10,25.79,1,-25,14,1,0,STAT,60,LAT,LON,W,CRC
08/28/26 14:11:10,22.39,261.00,22.26,9.90,-2.82,433.94,21.10,50.60,0.00,0.18,0.26,0.00,0.00,1,14.12,219.63,26.78,1,-25,15,0,0,STAT,60,LAT,LON,W,CRC
08/28/26 14:12:11,22.39,260.29,23.89,9.98,-3.36,433.98,21.10,50.30,0.00,0.06,0.22,0.00,0.00,1,14.02,93.07,26.83,1,-26,14,1,0,STAT,60,LAT,LON,W,CRC
08/28/26 14:13:11,22.39,252.26,24.42,9.38,-2.94,433.99,21.10,50.40,0.00,0.19,0.36,0.00,0.00,1,13.95,26.29,27.31,1,-24,13,0,0,STAT,60,LAT,LON,W,CRC
08/28/26 14:14:11,22.39,255.83,25.03,9.55,-3.07,434.00,21.10,50.60,0.00,0.07,0.22,0.00,0.00,1,13.91,7.42,25.48,1,-24,13,1,0,STAT,60,LAT,LON,W,CRC
08/28/26 14:15:11,22.39,263.31,24.33,9.50,-2.33,434.00,21.10,50.50,0.00,0.11,0.16,0.00,0.00,1,13.91,2.10,27.77,1,-27,13,1,0,STAT,60,LAT,LON,W,CRC
08/28/26 14:16:11,22.39,260.91,23.75,10.19,-3.65,434.00,21.10,50.50,0.00,0.14,0.29,0.00,0.00,1,13.87,0.59,28.33,1,-26,13,0,0,STAT,60,LAT,LON,W,CRC
08/28/26 14:17:11,22.39,262.64,24.07,9.98,-2.38,434.00,21.10,50.50,0.00,0.04,0.09,0.00,0.00,1,13.84,0.17,26.87,1,-26,13,1,0,STAT,60,LAT,LON,W,CRC
08/28/26 14:18:11,22.39,257.54,22.61,9.44,-2.35,434.00,21.10,50.50,0.03,0.53,0.55,0.00,0.00,1,14.12,251.58,25.56,1,-25,14,1,0,STAT,60,LAT,LON,W,CRC
08/28/26 14:19:14,22.39,259.26,22.49,9.81,-3.96,434.48,21.10,50.40,0.01,0.24,0.40,0.00,0.00,1,14.02,105.09,28.46,1,-25,14,1,0,STAT,60,LAT,LON,W,CRC
08/28/26 14:20:11,22.39,263.15,23.01,9.70,-3.35,434.82,21.10,50.50,0.00,0.08,0.13,0.00,0.00,1,13.95,29.68,31.16,1,-25,14,0,0,STAT,60,LAT,LON,W,CRC
08/28/26 14:21:11,22.39,256.03,23.58,10.35,-4.02,435.32,21.10,50.40,0.00,0.03,0.17,0.00,0.00,1,13.91,8.38,30.31,1,-23,14,1,0,STAT,60,LAT,LON,W,CRC
08/28/26 14:22:11,22.39,263.86,23.41,9.42,-3.11,435.18,21.10,50.40,0.00,0.01,0.23,0.00,0.00,1,13.91,2.37,25.79,1,-25,13,1,0,STAT,60,LAT,LON,W,CRC
08/28/26 14:23:11,22.39,259.14,23.21,9.91,-3.73,435.06,21.10,50.50,0.00,0.08,0.41,0.00,0.00,1,13.87,0.67,28.78,1,-25,13,0,0,STAT,60,LAT,LON,W,CRC
08/28/26 14:24:11,22.39,261.36,24.29,10.01,-3.32,435.02,21.10,50.40,0.00,0.34,0.44,0.00,0.00,1,13.87,0.19,28.08,1,-24,13,0,0,STAT,60,LAT,LON,W,CRC
08/28/26 14:25:13,22.39,259.89,24.34,10.17,-5.16,435.01,21.10,50.40,0.14,0.49,0.70,0.00,0.00,1,14.09,162.43,28.62,1,-25,12,1,0,STAT,60,LAT,LON,W,CRC
08/28/26 14:26:13,22.39,262.05,23.55,9.93,-4.28,435.22,21.10,50.40,0.04,0.25,0.31,0.00,0.00,1,13.98,45.88,25.89,1,-25,13,0,0,STAT,60,LAT,LON,W,CRC
08/28/26 14:27:13,22.39,261.01,24.02,9.56,-3.06,435.48,21.10,50.40,0.01,0.19,0.48,0.00,0.00,1,13.95,12.96,26.73,1,-25,12,0,0,STAT,60,LAT,LON,W,CRC
08/28/26 14:28:13,22.39,263.49,23.89,9.82,-3.39,435.61,21.10,50.50,0.00,0.08,0.18,0.00,0.00,1,13.91,3.66,30.20,1,-26,13,1,0,STAT,60,LAT,LON,W,CRC
08/28/26 14:29:13,22.39,266.02,23.27,9.96,-3.96,435.57,21.10,50.40,0.15,0.38,0.41,0.00,0.00,1,13.91,1.03,24.81,1,-26,12,0,0,STAT,60,LAT,LON,W,CRC
08/28/26 14:30:15,22.39,255.85,22.78,9.51,-4.28,435.62,21.10,50.40,0.05,0.19,0.20,0.00,0.00,1,13.84,0.29,31.51,1,-24,14,1,0,STAT,60,LAT,LON,W,CRC
08/28/26 14:31:15,22.39,259.43,22.18,10.46,-5.07,435.83,21.10,50.50,0.02,0.06,0.17,0.00,0.00,1,13.84,0.08,26.47,1,-24,14,1,0,STAT,60,LAT,LON,W,CRC
08/28/26 14:32:15,22.39,267.41,26.34,10.33,-3.81,435.94,21.10,50.50,0.01,0.02,0.09,0.00,0.00,1,14.12,213.20,25.41,1,-26,11,0,0,STAT,60,LAT,LON,W,CRC
08/28/26 14:33:15,22.39,265.30,24.52,10.02,-2.90,435.80,21.10,50.50,0.00,0.01,0.03,0.00,0.00,1,14.02,60.21,26.74,1,-25,13,0,0,STAT,60,LAT,LON,W,CRC
08/28/26 14:34:15,22.39,264.83,23.80,9.76,-2.44,435.93,21.10,50.50,0.00,0.16,0.17,0.00,0.00,1,13.95,17.01,29.34,1,-25,12,0,0,STAT,60,LAT,LON,W,CRC
08/28/26 14:35:15,22.39,274.59,23.54,10.13,-1.94,436.06,21.10,50.50,0.00,0.12,0.12,0.00,0.00,1,13.91,4.80,25.86,1,-27,13,1,0,STAT,60,LAT,LON,W,CRC
08/28/26 14:36:16,22.39,276.82,24.44,9.67,-2.47,436.28,21.10,50.50,0.00,0.21,0.21,0.00,0.00,1,13.87,1.36,25.99,1,-28,12,0,0,STAT,60,LAT,LON,W,CRC
08/28/26 14:37:16,22.39,264.50,25.06,9.86,-2.85,436.26,21.10,50.40,0.00,0.07,0.07,0.00,0.00,1,13.87,0.38,27.90,1,-25,12,0,0,STAT,60,LAT,LON,W,CRC
08/28/26 14:38:16,22.39,266.24,24.36,10.41,-2.73,436.44,21.10,50.50,0.00,0.02,0.02,0.00,0.00,1,13.84,0.11,28.22,1,-26,11,0,0,STAT,60,LAT,LON,W,CRC
08/28/26 14:39:16,22.39,261.54,24.11,10.71,-4.24,436.26,21.10,50.50,0.00,0.11,0.32,0.00,0.00,1,14.16,199.03,25.65,1,-24,12,0,0,STAT,60,LAT,LON,W,CRC
08/28/26 14:40:12,22.39,262.91,23.84,10.36,-4.63,436.10,21.10,50.60,0.00,0.04,0.27,0.00,0.00,1,14.02,69.54,26.84,1,-25,12,0,0,STAT,60,LAT,LON,W,CRC
08/28/26 14:41:13,22.39,264.48,23.38,10.62,-5.01,436.58,21.10,50.60,0.00,0.14,0.25,0.00,0.00,1,13.95,19.64,27.53,1,-25,13,0,0,STAT,60,LAT,LON,W,CRC
08/28/26 14:42:13,22.39,256.11,23.10,11.27,-5.15,436.62,21.10,50.50,0.00,0.12,0.15,0.00,0.00,1,13.91,5.55,27.21,1,-22,13,1,0,STAT,60,LAT,LON,W,CRC
08/28/26 14:43:13,22.39,258.98,23.94,9.59,-2.62,436.41,21.10,50.50,0.00,0.34,0.35,0.00,0.00,1,13.91,1.57,28.34,1,-24,13,1,0,STAT,60,LAT,LON,W,CRC
08/28/26 14:44:13,22.39,262.83,23.86,10.23,-3.01,436.14,21.10,50.60,0.00,0.11,0.11,0.00,0.00,1,13.87,0.44,27.71,1,-25,13,1,0,STAT,60,LAT,LON,W,CRC
08/28/26 14:45:13,22.39,260.33,24.27,9.94,-1.56,435.82,21.10,50.50,0.00,0.07,0.08,0.00,0.00,1,14.05,0.12,30.93,1,-24,12,1,0,STAT,60,LAT,LON,W,CRC
08/28/26 14:46:13,22.39,267.00,24.25,10.16,-3.28,435.59,21.10,50.50,0.00,0.04,0.04,0.00,0.00,1,14.05,94.71,29.61,1,-25,12,1,0,STAT,60,LAT,LON,W,CRC
08/28/26 14:47:13,22.39,268.49,24.81,11.29,-4.03,435.61,21.10,50.50,0.00,0.06,0.06,0.00,0.00,1,13.98,26.75,29.64,1,-26,12,1,0,STAT,60,LAT,LON,W,CRC
08/28/26 14:48:14,22.39,267.31,23.43,11.03,-4.64,435.86,21.10,50.60,0.00,0.09,0.09,0.00,0.00,1,13.95,7.55,26.07,1,-26,14,1,0,STAT,60,LAT,LON,W,CRC
08/28/26 14:49:14,22.39,268.70,25.28,10.01,-4.92,435.45,21.10,50.60,0.00,0.03,0.03,0.00,0.00,1,13.91,2.13,26.54,1,-27,12,0,0,STAT,60,LAT,LON,W,CRC
08/28/26 14:50:14,22.39,266.72,23.04,10.04,-4.91,435.16,21.10,50.60,0.00,0.01,0.01,0.00,0.00,1,13.87,0.60,29.03,1,-26,13,0,0,STAT,60,LAT,LON,W,CRC
08/28/26 14:51:14,22.39,266.77,24.92,10.05,-4.91,435.06,21.10,50.40,0.00,0.28,0.28,0.00,0.00,1,13.87,0.17,25.99,1,-26,13,0,0,STAT,60,LAT,LON,W,CRC
08/28/26 14:52:14,22.39,258.30,22.66,9.55,-3.40,435.02,21.10,50.40,0.00,0.13,0.13,0.00,0.00,1,13.84,0.05,26.03,1,-23,15,0,0,STAT,60,LAT,LON,W,CRC
08/28/26 14:53:14,22.39,265.51,23.35,9.14,-2.16,435.01,21.10,50.50,0.00,0.19,0.19,0.00,0.00,1,14.09,167.72,26.41,1,-25,14,0,0,STAT,60,LAT,LON,W,CRC
08/28/26 14:54:15,22.39,264.29,22.97,10.03,-3.02,435.00,21.10,50.60,0.02,0.28,0.28,0.00,0.00,1,13.98,47.37,28.59,1,-24,14,1,0,STAT,60,LAT,LON,W,CRC
08/28/26 14:55:15,22.39,261.54,22.71,10.91,-2.98,435.00,21.10,50.60,0.01,0.29,0.29,0.00,0.00,1,13.95,13.38,25.88,1,-25,14,1,0,STAT,60,LAT,LON,W,CRC
08/28/26 14:56:15,22.39,269.79,24.14,11.18,-4.83,434.58,21.10,50.60,0.00,0.09,0.09,0.00,0.00,1,13.91,3.78,27.54,1,-26,13,1,0,STAT,60,LAT,LON,W,CRC
08/28/26 14:57:15,22.39,261.23,24.57,10.10,-3.65,434.77,21.10,50.70,0.00,0.10,0.24,0.00,0.00,1,13.87,1.07,28.09,1,-24,12,0,0,STAT,60,LAT,LON,W,CRC
08/28/26 14:58:15,22.39,260.30,23.46,10.60,-3.78,434.31,21.10,50.60,0.00,0.10,0.32,0.00,0.00,1,13.87,0.30,27.34,1,-23,13,0,0,STAT,60,LAT,LON,W,CRC
08/28/26 14:59:15,22.39,264.97,25.15,9.91,-3.32,434.03,21.10,50.60,0.09,0.26,0.33,0.00,0.00,1,13.84,0.09,25.72,1,-25,13,0,0,STAT,60,LAT,LON,W,CRC
08/28/26 15:00:16,22.39,264.98,24.60,9.42,-2.15,433.31,21.10,50.50,0.03,0.08,0.15,0.00,0.00,1,14.09,189.15,26.07,1,-25,13,0,0,STAT,60,LAT,LON,W,CRC
08/28/26 15:01:17,22.39,265.82,25.13,10.03,-2.18,432.52,21.10,50.40,0.01,0.03,0.10,0.00,0.00,1,13.98,53.42,31.16,1,-25,12,1,0,STAT,60,LAT,LON,W,CRC
08/28/26 15:02:17,22.39,263.70,26.63,9.86,-4.05,432.02,21.10,50.30,0.00,0.06,0.08,0.00,0.00,1,13.95,15.09,27.30,1,-24,11,1,0,STAT,60,LAT,LON,W,CRC
08/28/26 15:03:17,22.39,264.22,24.07,9.74,-3.64,431.65,21.10,50.40,0.00,0.05,0.05,0.00,0.00,1,13.91,4.26,27.17,1,-24,13,1,0,STAT,60,LAT,LON,W,CRC
08/28/26 15:04:17,22.39,268.15,24.71,9.85,-3.87,431.72,21.10,50.20,0.00,0.03,0.32,0.00,0.00,1,13.87,1.20,26.49,1,-26,13,1,0,STAT,60,LAT,LON,W,CRC
08/28/26 15:05:18,22.39,265.81,24.71,10.05,-3.50,431.87,21.10,50.30,0.02,0.47,0.56,0.00,0.00,1,13.87,0.34,24.71,1,-26,13,1,0,STAT,60,LAT,LON,W,CRC
08/28/26 15:06:18,22.39,266.79,23.40,8.86,-1.26,431.50,21.10,50.30,0.01,0.35,0.38,0.00,0.00,1,14.16,218.47,28.63,1,-25,15,1,0,STAT,60,LAT,LON,W,CRC
08/28/26 15:07:18,22.39,262.58,24.81,9.29,-1.77,430.95,21.10,50.30,0.00,0.14,0.15,0.00,0.00,1,14.02,77.31,27.88,1,-25,12,0,0,STAT,60,LAT,LON,W,CRC
08/28/26 15:08:18,22.39,259.73,24.18,9.37,-4.99,430.65,21.10,50.40,0.00,0.04,0.05,0.00,0.00,1,13.95,21.84,24.48,1,-24,13,0,-1,STAT,60,LAT,LON,W,CRC
08/28/26 15:09:18,22.39,261.69,22.35,10.77,-4.94,430.23,21.10,50.40,0.00,0.01,0.02,0.00,0.00,1,13.95,6.17,25.53,1,-24,15,1,0,STAT,60,LAT,LON,W,CRC
08/28/26 15:10:19,22.39,262.55,23.84,10.44,-3.90,430.08,21.10,50.40,0.00,0.00,0.00,0.00,0.00,1,13.91,1.74,26.65,1,-24,12,1,0,STAT,60,LAT,LON,W,CRC
08/28/26 15:11:15,22.39,264.87,24.12,10.26,-3.97,430.03,21.10,50.30,0.00,0.13,0.13,0.00,0.00,1,13.87,0.55,29.74,1,-25,12,0,0,STAT,60,LAT,LON,W,CRC
08/28/26 15:12:15,22.39,268.32,26.76,9.69,-1.63,429.82,21.10,50.20,0.00,0.05,0.05,0.00,0.00,1,13.84,0.15,28.35,1,-26,10,0,0,STAT,60,LAT,LON,W,CRC
08/28/26 15:13:15,22.39,264.58,25.58,9.30,-2.61,429.35,21.10,50.20,0.00,0.32,0.32,0.00,0.00,1,14.12,195.16,25.07,1,-25,12,1,0,STAT,60,LAT,LON,W,CRC
08/28/26 15:14:15,22.39,268.33,24.78,9.89,-4.71,429.12,21.10,50.40,0.00,0.47,0.47,0.00,0.00,1,14.02,84.63,23.88,1,-26,13,0,0,STAT,60,LAT,LON,W,CRC
08/28/26 15:15:16,22.39,263.79,24.10,10.54,-2.91,429.04,21.10,50.50,0.00,0.14,0.14,0.00,0.00,1,13.98,23.90,25.72,1,-25,13,0,0,STAT,60,LAT,LON,W,CRC
08/28/26 15:16:21,22.39,259.34,24.72,9.95,-3.12,429.01,21.10,50.60,0.00,0.04,0.04,0.00,0.00,1,13.91,6.08,28.12,1,-24,12,0,0,STAT,60,LAT,LON,W,CRC
08/28/26 15:17:16,22.39,258.66,24.23,9.96,-4.25,429.01,21.10,50.60,0.00,0.01,0.01,0.00,0.00,1,13.91,1.91,25.02,1,-23,13,0,0,STAT,60,LAT,LON,W,CRC
08/28/26 15:18:16,22.39,259.52,24.52,10.16,-3.50,429.00,21.10,50.50,0.00,0.01,0.01,0.00,0.00,1,13.87,0.54,26.55,1,-24,12,0,0,STAT,60,LAT,LON,W,CRC
08/28/26 15:19:16,22.39,255.36,24.43,9.86,-3.17,429.00,21.10,50.60,0.00,0.09,0.20,0.00,0.00,1,13.87,0.15,28.07,1,-22,13,0,0,STAT,60,LAT,LON,W,CRC
08/28/26 15:20:17,22.39,262.16,23.67,8.91,-1.07,429.00,21.10,50.50,0.00,0.17,0.20,0.00,0.00,1,14.09,210.78,28.14,1,-24,14,1,0,STAT,60,LAT,LON,W,CRC
08/28/26 15:21:17,22.39,264.10,23.65,8.75,-0.62,429.16,21.10,50.60,0.00,0.30,0.31,0.00,0.00,1,14.02,114.45,24.99,1,-25,13,1,0,STAT,60,LAT,LON,W,CRC
08/28/26 15:22:17,22.39,271.02,22.56,9.82,0.05,429.70,21.10,50.60,0.00,0.12,0.14,0.00,0.00,1,13.98,32.32,29.29,1,-27,14,0,1,STAT,60,LAT,LON,W,CRC
08/28/26 15:23:17,22.39,261.03,23.38,10.59,-2.98,429.90,21.10,50.50,0.00,0.17,0.36,0.00,0.00,1,13.91,9.13,29.58,1,-24,14,0,0,STAT,60,LAT,LON,W,CRC
08/28/26 15:24:17,22.39,265.68,23.26,10.11,-2.41,430.46,21.10,50.60,0.00,0.05,0.18,0.00,0.00,1,13.91,2.58,26.11,1,-25,12,0,0,STAT,60,LAT,LON,W,CRC
08/28/26 15:25:17,22.39,261.88,23.51,10.87,-2.76,430.48,21.10,50.50,0.00,0.02,0.06,0.00,0.00,1,13.87,0.73,25.31,1,-24,13,0,0,STAT,60,LAT,LON,W,CRC
08/28/26 15:26:17,22.39,270.26,24.35,10.63,-2.57,430.17,21.10,50.50,0.00,0.09,0.10,0.00,0.00,1,13.87,0.21,25.97,1,-25,13,0,0,STAT,60,LAT,LON,W,CRC
08/28/26 15:27:19,22.39,269.86,23.32,10.86,-2.83,430.06,21.10,50.50,0.00,0.09,0.10,0.00,0.00,1,14.09,185.27,26.16,1,-26,14,0,0,STAT,60,LAT,LON,W,CRC
08/28/26 15:28:19,22.39,273.73,22.76,10.69,-2.91,430.25,21.10,50.50,0.00,0.12,0.26,0.00,0.00,1,13.98,52.32,25.04,1,-27,14,0,0,STAT,60,LAT,LON,W,CRC
08/28/26 15:29:19,22.39,266.19,23.03,9.39,-3.02,430.90,21.10,50.60,0.00,0.35,0.53,0.00,0.00,1,13.95,14.78,26.04,1,-24,14,0,0,STAT,60,LAT,LON,W,CRC
08/28/26 15:30:19,22.39,262.82,24.63,9.04,-1.62,431.61,21.10,50.70,0.00,0.22,0.28,0.00,0.00,1,13.91,4.17,26.01,1,-25,12,0,0,STAT,60,LAT,LON,W,CRC
08/28/26 15:31:19,22.39,266.57,24.68,9.02,-2.45,431.86,21.10,50.70,0.00,0.07,0.14,0.00,0.00,1,13.91,1.18,24.51,1,-25,12,0,0,STAT,60,LAT,LON,W,CRC
08/28/26 15:32:20,22.39,263.83,24.89,9.57,-2.27,432.07,21.10,50.60,0.00,0.08,0.11,0.00,0.00,1,13.87,0.33,36.17,1,-24,12,0,0,STAT,60,LAT,LON,W,CRC
08/28/26 15:33:20,22.39,255.68,24.51,9.89,-3.11,432.10,21.10,50.60,0.00,0.04,0.36,0.00,0.00,1,13.84,0.09,26.42,1,-22,13,0,0,STAT,60,LAT,LON,W,CRC
08/28/26 15:34:20,22.39,258.72,24.13,9.81,-3.01,432.43,21.10,50.60,0.00,0.11,0.21,0.00,0.00,1,14.16,185.71,24.35,1,-23,13,0,0,STAT,60,LAT,LON,W,CRC
08/28/26 15:35:20,22.39,266.96,24.54,10.27,-4.70,432.40,21.10,50.60,0.00,0.04,0.20,0.00,0.00,1,14.02,60.35,24.84,1,-25,13,0,-1,STAT,60,LAT,LON,W,CRC
08/28/26 15:36:20,22.39,264.17,23.82,10.56,-4.11,432.14,21.10,50.70,0.00,0.01,0.07,0.00,0.00,1,13.95,17.04,25.70,1,-24,14,0,0,STAT,60,LAT,LON,W,CRC
08/28/26 15:37:22,22.39,261.75,23.80,10.09,-2.72,432.67,21.10,50.60,0.00,0.00,0.09,0.00,0.00,1,13.91,4.81,28.03,1,-23,13,1,0,STAT,60,LAT,LON,W,CRC
08/28/26 15:38:22,22.39,269.35,24.16,10.18,-2.90,432.59,21.10,50.60,0.00,0.04,0.11,0.00,0.00,1,13.91,1.36,28.35,1,-25,12,0,0,STAT,60,LAT,LON,W,CRC
08/28/26 15:39:22,22.39,269.62,22.85,10.74,-4.83,432.21,21.10,50.60,0.00,0.01,0.04,0.00,0.00,1,13.87,0.38,29.61,1,-24,13,1,0,STAT,60,LAT,LON,W,CRC
08/28/26 15:40:22,22.39,263.79,23.14,10.95,-4.17,431.99,21.10,50.80,0.00,0.44,0.53,0.00,0.00,1,13.84,0.11,25.59,1,-23,14,1,0,STAT,60,LAT,LON,W,CRC
08/28/26 15:41:22,22.39,263.20,23.90,10.11,-3.26,431.35,21.10,50.90,0.00,0.23,0.59,0.00,0.00,1,14.09,171.25,25.06,1,-23,12,1,0,STAT,60,LAT,LON,W,CRC
08/28/26 15:42:22,22.39,259.95,22.49,11.33,-3.10,430.38,21.10,51.00,0.00,0.33,0.45,0.00,0.00,1,13.98,48.37,31.95,1,-24,13,1,0,STAT,60,LAT,LON,W,CRC
08/28/26 15:43:17,22.39,260.33,24.17,11.11,-2.28,429.18,21.10,50.80,0.00,0.12,0.15,0.00,0.00,1,13.95,15.18,29.06,1,-24,13,1,0,STAT,60,LAT,LON,W,CRC
08/28/26 15:44:17,22.39,267.65,23.28,9.97,-2.65,428.41,21.10,50.80,0.00,0.05,0.06,0.00,0.00,1,13.91,4.29,29.12,1,-25,13,0,0,STAT,60,LAT,LON,W,CRC
08/28/26 15:45:18,22.39,265.43,24.33,9.69,-2.63,428.15,21.10,50.70,0.00,0.07,0.07,0.00,0.00,1,13.91,1.21,27.76,1,-24,13,0,0,STAT,60,LAT,LON,W,CRC
08/28/26 15:46:18,22.39,263.75,24.25,9.56,-2.12,428.59,21.10,50.70,0.00,0.09,0.10,0.00,0.00,1,13.87,0.34,28.04,1,-23,13,0,0,STAT,60,LAT,LON,W,CRC
08/28/26 15:47:18,22.39,263.81,22.82,9.30,-1.08,429.02,21.10,50.80,0.00,0.07,0.11,0.00,0.00,1,13.84,0.10,25.71,1,-24,15,0,0,STAT,60,LAT,LON,W,CRC
08/28/26 15:48:18,22.39,266.44,24.49,10.94,-4.31,429.15,21.10,50.90,0.00,0.03,0.18,0.00,0.00,1,14.09,129.19,25.59,1,-24,14,1,0,STAT,60,LAT,LON,W,CRC
08/28/26 15:49:18,22.39,268.80,24.45,10.68,-3.37,429.34,21.10,50.90,0.00,0.01,0.06,0.00,0.00,1,13.98,36.49,28.96,1,-25,15,0,0,STAT,60,LAT,LON,W,CRC
08/28/26 15:50:18,22.39,265.57,24.26,10.21,-3.31,429.65,21.10,50.80,0.00,0.01,0.03,0.00,0.00,1,13.95,10.30,29.16,1,-24,13,0,0,STAT,60,LAT,LON,W,CRC
08/28/26 15:51:18,22.39,268.07,25.78,9.85,-1.99,429.88,21.10,50.70,0.00,0.03,0.03,0.00,0.00,1,13.91,2.91,26.68,1,-25,13,0,0,STAT,60,LAT,LON,W,CRC
08/28/26 15:52:18,22.39,270.33,24.64,9.93,-0.43,430.28,21.10,50.80,0.00,0.04,0.19,0.00,0.00,1,13.91,0.82,25.96,1,-25,14,0,0,STAT,60,LAT,LON,W,CRC
08/28/26 15:53:19,22.39,269.73,23.37,10.65,-2.74,430.75,21.10,50.80,0.00,0.26,0.30,0.00,0.00,1,13.87,0.23,28.08,1,-25,14,0,0,STAT,60,LAT,LON,W,CRC
08/28/26 15:54:19,22.39,263.62,23.59,10.26,-4.26,431.10,21.20,50.80,0.02,0.26,0.28,0.00,0.00,1,13.84,0.07,30.37,1,-24,13,0,0,STAT,60,LAT,LON,W,CRC
08/28/26 15:55:19,22.40,263.97,23.05,9.55,-1.74,431.33,21.10,50.80,0.01,0.15,0.15,0.00,0.00,1,14.12,213.45,25.95,1,-23,14,0,0,STAT,60,LAT,LON,W,CRC
08/28/26 15:56:19,22.41,269.97,23.57,9.29,-0.72,431.62,21.10,50.80,0.00,0.05,0.05,0.00,0.00,1,13.98,60.29,27.60,1,-25,13,0,0,STAT,60,LAT,LON,W,CRC
08/28/26 15:57:19,22.43,271.41,26.17,10.64,-1.49,431.59,21.10,50.80,0.00,0.02,0.02,0.00,0.00,1,13.95,17.03,27.92,1,-25,11,0,0,STAT,60,LAT,LON,W,CRC
08/28/26 15:58:20,22.45,269.73,25.26,9.74,-1.58,431.48,21.10,50.80,0.00,0.21,0.21,0.00,0.00,1,13.91,4.81,24.69,1,-25,13,0,0,STAT,60,LAT,LON,W,CRC
08/28/26 15:59:20,22.46,269.38,25.11,9.69,-2.68,431.71,21.10,50.80,0.00,0.07,0.07,0.00,0.00,1,13.91,1.36,26.91,1,-25,12,0,0,STAT,60,LAT,LON,W,CRC
08/28/26 16:00:20,22.47,263.09,23.83,10.66,-4.59,431.90,21.20,50.80,0.00,0.48,0.48,0.00,0.00,1,13.87,0.38,27.54,1,-23,12,0,0,STAT,60,LAT,LON,W,CRC
08/28/26 16:01:20,22.48,271.20,24.02,11.09,-2.98,432.10,21.20,50.90,0.00,0.51,0.51,0.00,0.00,1,13.84,0.11,28.13,1,-25,13,0,0,STAT,60,LAT,LON,W,CRC
08/28/26 16:02:20,22.48,268.96,23.37,10.36,-2.29,432.08,21.20,50.80,0.00,0.67,0.67,0.00,0.00,1,14.16,271.07,27.81,1,-24,15,1,0,STAT,60,LAT,LON,W,CRC
08/28/26 16:03:20,22.48,264.54,25.04,10.07,-4.06,432.03,21.20,50.80,0.23,0.48,0.48,0.00,0.00,1,14.02,84.15,27.28,1,-23,11,1,0,STAT,60,LAT,LON,W,CRC
08/28/26 16:04:20,22.49,271.33,25.10,10.50,-4.49,432.01,21.20,50.90,0.07,0.18,0.18,0.00,0.00,1,13.95,23.77,38.17,1,-26,11,1,0,STAT,60,LAT,LON,W,CRC
08/28/26 16:05:20,22.49,272.00,23.24,10.36,-3.47,432.00,21.10,51.20,0.02,0.46,0.46,0.00,0.00,1,13.91,6.71,29.35,1,-26,14,0,0,STAT,60,LAT,LON,W,CRC
08/28/26 16:06:20,22.49,267.99,23.07,10.80,-3.53,431.75,21.20,50.90,0.01,0.31,0.31,0.00,0.00,1,13.87,1.90,26.18,1,-25,13,1,0,STAT,60,LAT,LON,W,CRC
08/28/26 16:07:20,22.49,267.12,23.50,10.30,-2.49,431.91,21.10,50.80,0.00,0.10,0.30,0.00,0.00,1,13.87,0.54,26.79,1,-24,13,1,0,STAT,60,LAT,LON,W,CRC
08/28/26 16:08:22,22.49,268.33,23.81,10.22,-2.37,431.97,21.10,50.90,0.00,0.03,0.50,0.00,0.00,1,14.05,127.89,33.25,1,-24,13,1,0,STAT,60,LAT,LON,W,CRC
08/28/26 16:09:22,22.49,272.23,23.91,11.42,-3.21,432.48,21.10,50.80,0.00,0.01,0.31,0.00,0.00,1,14.05,116.36,26.95,1,-25,13,0,0,STAT,60,LAT,LON,W,CRC
08/28/26 16:10:22,22.49,267.03,22.47,10.45,-4.67,432.82,21.20,50.80,0.00,0.50,0.67,0.00,0.00,1,13.98,32.86,25.32,1,-23,14,0,0,STAT,60,LAT,LON,W,CRC
08/28/26 16:11:22,22.49,264.13,23.35,10.50,-3.90,433.23,21.20,50.90,0.00,0.35,0.41,0.00,0.00,1,13.91,9.28,28.10,1,-23,14,0,0,STAT,60,LAT,LON,W,CRC
08/28/26 16:12:22,22.49,265.99,23.71,10.92,-4.36,433.05,21.10,51.00,0.00,0.13,0.28,0.00,0.00,1,13.91,2.62,27.84,1,-24,13,1,0,STAT,60,LAT,LON,W,CRC
08/28/26 16:13:22,22.49,269.15,23.71,10.77,-2.58,433.02,21.10,50.90,0.00,0.27,0.48,0.00,0.00,1,13.87,0.74,24.32,1,-25,14,0,0,STAT,60,LAT,LON,W,CRC
08/28/26 16:14:23,22.49,256.72,22.47,10.93,-3.90,432.42,21.10,51.20,0.11,0.59,0.66,0.00,0.00,1,13.87,0.21,26.53,1,-22,13,0,0,STAT,60,LAT,LON,W,CRC
08/28/26 16:15:23,22.49,260.23,22.69,11.11,-3.31,432.15,21.10,51.10,0.12,0.48,0.50,0.00,0.00,1,13.84,0.06,29.07,1,-23,14,0,0,STAT,60,LAT,LON,W,CRC
08/28/26 16:16:23,22.49,259.68,21.28,10.87,-2.94,431.76,21.10,51.40,0.04,0.19,0.20,0.00,0.00,1,14.05,131.68,27.20,1,-23,15,0,0,STAT,60,LAT,LON,W,CRC
08/28/26 16:17:23,22.49,257.89,24.13,10.26,-1.87,431.27,21.10,51.20,0.14,0.50,0.59,0.00,0.00,1,13.98,37.19,24.94,1,-23,13,0,0,STAT,60,LAT,LON,W,CRC
08/28/26 16:18:23,22.49,261.04,23.06,9.98,-1.97,431.09,21.10,51.00,0.17,0.49,0.71,0.00,0.00,1,13.95,10.50,28.05,1,-23,13,1,0,STAT,60,LAT,LON,W,CRC
08/28/26 16:19:24,22.49,269.09,22.85,10.78,-1.49,431.03,21.10,51.20,0.06,0.71,0.79,0.00,0.00,1,13.91,2.97,28.35,1,-27,15,1,0,STAT,60,LAT,LON,W,CRC
08/28/26 16:20:24,22.49,264.31,25.03,9.57,0.48,431.62,21.10,51.00,0.02,0.42,0.76,0.00,0.00,1,13.87,0.84,23.80,1,-25,12,0,0,STAT,60,LAT,LON,W,CRC
08/28/26 16:21:24,22.49,263.36,22.86,9.97,-0.93,431.87,21.10,51.00,0.01,0.31,0.42,0.00,0.00,1,13.87,0.24,24.29,1,-25,14,0,1,STAT,60,LAT,LON,W,CRC
08/28/26 16:22:24,22.49,260.11,24.13,9.77,-1.77,431.95,21.10,50.90,0.00,0.16,0.24,0.00,0.00,1,13.84,0.07,25.80,1,-23,13,0,0,STAT,60,LAT,LON,W,CRC
08/28/26 16:23:24,22.49,259.49,23.03,10.06,-3.03,431.75,21.10,51.20,0.03,0.51,0.53,0.00,0.00,1,14.05,164.31,28.94,1,-23,14,0,0,STAT,60,LAT,LON,W,CRC
08/28/26 16:24:24,22.49,269.42,22.80,10.18,-3.32,431.37,21.10,51.00,0.01,0.30,0.30,0.00,0.00,1,13.98,46.41,27.99,1,-27,14,0,0,STAT,60,LAT,LON,W,CRC
08/28/26 16:25:25,22.49,264.06,23.68,9.94,-3.30,431.36,21.10,51.10,0.00,0.19,0.55,0.00,0.00,1,13.95,13.11,26.18,1,-25,13,0,0,STAT,60,LAT,LON,W,CRC
08/28/26 16:26:25,22.49,263.19,23.52,9.74,-5.41,431.51,21.10,51.10,0.00,0.23,0.41,0.00,0.00,1,13.91,3.70,27.57,1,-25,13,0,-1,STAT,60,LAT,LON,W,CRC
08/28/26 16:27:25,22.49,262.80,23.92,9.72,-3.64,431.83,21.10,51.00,0.00,0.16,0.22,0.00,0.00,1,13.87,1.05,25.92,1,-25,13,0,0,STAT,60,LAT,LON,W,CRC
08/28/26 16:28:25,22.49,260.81,24.82,9.98,-2.79,432.23,21.10,51.00,0.19,0.27,0.29,0.00,0.00,1,13.87,0.30,25.94,1,-24,12,0,0,STAT,60,LAT,LON,W,CRC
08/28/26 16:29:25,22.49,261.47,23.28,9.55,-2.14,432.73,21.10,51.00,0.06,0.14,0.14,0.00,0.00,1,14.16,215.22,27.89,1,-24,13,0,0,STAT,60,LAT,LON,W,CRC
08/28/26 16:30:25,22.49,262.44,23.32,10.10,-2.18,432.91,21.10,51.00,0.02,0.17,0.17,0.00,0.00,1,14.02,76.50,30.05,1,-24,13,0,0,STAT,60,LAT,LON,W,CRC
08/28/26 16:31:26,22.49,258.38,22.61,10.43,-3.95,433.32,21.10,51.10,0.01,0.10,0.10,0.00,0.00,1,13.95,21.61,25.31,1,-22,14,0,0,STAT,60,LAT,LON,W,CRC
08/28/26 16:32:26,22.49,261.08,22.87,9.69,-4.08,433.64,21.10,51.10,0.10,0.14,0.14,0.00,0.00,1,13.91,6.10,27.45,1,-24,13,0,0,STAT,60,LAT,LON,W,CRC
08/28/26 16:33:26,22.49,259.13,24.56,9.55,-3.20,434.13,21.10,51.20,0.03,0.28,0.28,0.00,0.00,1,13.91,1.72,27.72,1,-23,12,0,0,STAT,60,LAT,LON,W,CRC
08/28/26 16:34:26,22.49,265.53,23.71,9.89,-4.27,434.24,21.10,51.00,0.01,0.10,0.10,0.00,0.00,1,13.87,0.49,32.23,1,-25,13,1,0,STAT,60,LAT,LON,W,CRC
08/28/26 16:35:26,22.49,263.57,23.53,10.61,-3.09,434.09,21.10,51.00,0.00,0.03,0.03,0.00,0.00,1,13.87,0.14,26.95,1,-24,14,1,0,STAT,60,LAT,LON,W,CRC
08/28/26 16:36:26,22.49,258.96,22.80,10.30,-3.38,434.03,21.10,51.00,0.00,0.09,0.09,0.00,0.00,1,14.12,174.41,25.94,1,-23,14,1,0,STAT,60,LAT,LON,W,CRC
08/28/26 16:37:26,22.49,259.56,23.74,10.08,-1.47,434.51,21.10,50.80,0.00,0.25,0.25,0.00,0.00,1,14.02,76.47,26.59,1,-23,13,0,0,STAT,60,LAT,LON,W,CRC
08/28/26 16:38:26,22.49,264.44,24.77,10.05,-2.08,434.83,21.10,50.90,0.00,0.16,0.16,0.00,0.00,1,13.95,21.60,27.71,1,-25,12,0,0,STAT,60,LAT,LON,W,CRC
08/28/26 16:39:27,22.49,262.17,24.57,10.30,-1.36,434.71,21.10,51.20,0.00,0.05,0.14,0.00,0.00,1,13.95,6.10,24.56,1,-24,12,0,0,STAT,60,LAT,LON,W,CRC
08/28/26 16:40:27,22.49,262.16,24.19,10.59,-2.33,433.67,21.10,51.20,0.00,0.16,0.42,0.00,0.00,1,13.91,1.72,29.67,1,-24,13,0,0,STAT,60,LAT,LON,W,CRC
08/28/26 16:41:27,22.49,266.37,24.95,10.92,-3.09,432.59,21.10,51.10,0.00,0.26,0.34,0.00,0.00,1,13.87,0.49,28.14,1,-25,13,0,0,STAT,60,LAT,LON,W,CRC
08/28/26 16:42:27,22.49,257.50,23.57,10.95,-3.93,431.72,21.10,51.20,0.00,0.23,0.26,0.00,0.00,1,13.84,0.14,28.56,1,-22,13,0,0,STAT,60,LAT,LON,W,CRC
08/28/26 16:43:27,22.49,256.16,22.66,9.82,-0.45,431.85,21.10,51.20,0.00,0.26,0.27,0.00,0.00,1,14.09,218.10,27.49,1,-22,13,0,0,STAT,60,LAT,LON,W,CRC
08/28/26 16:44:27,22.49,252.85,22.68,10.62,-2.99,431.95,21.10,51.10,0.00,0.22,0.26,0.00,0.00,1,14.05,118.55,25.95,1,-22,13,1,0,STAT,60,LAT,LON,W,CRC
08/28/26 16:45:23,22.49,264.84,24.24,10.24,-1.89,432.48,21.10,51.20,0.00,0.09,0.10,0.00,0.00,1,13.95,37.20,34.14,1,-25,12,0,0,STAT,60,LAT,LON,W,CRC
08/28/26 16:46:23,22.49,264.06,24.12,11.22,-4.71,433.17,21.20,51.20,0.00,0.04,0.43,0.00,0.00,1,13.91,10.51,26.54,1,-25,13,1,0,STAT,60,LAT,LON,W,CRC
08/28/26 16:47:23,22.49,262.49,24.56,10.94,-2.37,433.16,21.10,51.20,0.00,0.20,0.36,0.00,0.00,1,13.91,2.97,26.25,1,-24,12,1,0,STAT,60,LAT,LON,W,CRC
08/28/26 16:48:23,22.49,262.13,23.95,10.10,-2.79,433.51,21.10,51.20,0.25,0.50,0.55,0.00,0.00,1,13.87,0.84,27.29,1,-24,12,0,0,STAT,60,LAT,LON,W,CRC
08/28/26 16:49:23,22.49,263.10,24.37,10.24,-2.67,433.83,21.10,51.20,0.09,0.41,0.42,0.00,0.00,1,13.87,0.24,28.61,1,-24,12,0,0,STAT,60,LAT,LON,W,CRC
08/28/26 16:50:24,22.49,253.77,24.08,10.66,-1.59,433.73,21.10,51.40,0.11,0.64,0.65,0.00,0.00,1,14.16,208.80,29.95,1,-22,13,0,0,STAT,60,LAT,LON,W,CRC
08/28/26 16:51:24,22.49,258.08,25.29,10.74,-2.40,433.34,21.10,51.10,0.04,0.21,0.53,0.00,0.00,1,14.02,65.45,27.24,1,-23,12,0,0,STAT,60,LAT,LON,W,CRC
08/28/26 16:52:24,22.49,258.58,24.38,10.41,-1.92,433.77,21.10,51.00,0.01,0.15,0.26,0.00,0.00,1,13.95,18.48,28.20,1,-23,12,0,0,STAT,60,LAT,LON,W,CRC
08/28/26 16:53:24,22.49,258.26,24.52,10.86,-2.82,433.78,21.10,51.30,0.00,0.49,0.53,0.00,0.00,1,13.91,5.22,24.40,1,-23,12,0,0,STAT,60,LAT,LON,W,CRC
08/28/26 16:54:24,22.49,263.08,24.11,10.37,-1.50,433.92,21.10,51.40,0.24,0.79,0.80,0.00,0.00,1,13.91,1.47,27.15,1,-25,12,0,0,STAT,60,LAT,LON,W,CRC
08/28/26 16:55:25,22.49,256.97,23.55,9.81,-0.67,433.24,21.10,51.30,0.08,0.31,0.31,0.00,0.00,1,13.87,0.42,33.67,1,-23,13,0,0,STAT,60,LAT,LON,W,CRC
08/28/26 16:56:25,22.49,257.24,23.95,10.01,-1.94,439.80,21.10,51.20,0.07,0.31,0.61,0.00,0.00,1,13.84,0.12,29.11,1,-23,12,1,0,STAT,60,LAT,LON,W,CRC
08/28/26 16:57:25,22.49,256.75,23.95,11.09,-3.58,448.33,21.10,51.30,0.02,0.10,0.20,0.00,0.00,1,14.16,248.35,25.98,1,-22,13,1,0,STAT,60,LAT,LON,W,CRC
08/28/26 16:58:25,22.49,262.10,22.60,10.77,-2.89,451.27,21.10,51.10,0.01,0.19,0.22,0.00,0.00,1,14.02,87.55,26.53,1,-25,15,0,0,STAT,60,LAT,LON,W,CRC
08/28/26 16:59:25,22.49,262.47,23.69,11.01,-1.67,448.36,21.10,51.60,0.27,0.56,0.57,0.00,0.00,1,13.95,24.73,27.49,1,-26,13,1,0,STAT,60,LAT,LON,W,CRC
08/28/26 17:00:26,22.49,254.94,24.05,10.35,-1.32,442.70,21.10,51.40,0.08,0.29,0.30,0.00,0.00,1,13.91,6.98,27.39,1,-23,12,1,0,STAT,60,LAT,LON,W,CRC
08/28/26 17:01:26,22.49,255.09,23.52,10.27,-1.72,439.80,21.10,51.20,0.09,0.35,0.35,0.00,0.00,1,13.91,1.97,26.30,1,-22,13,1,0,STAT,60,LAT,LON,W,CRC
08/28/26 17:02:26,22.49,264.04,23.33,10.58,-3.77,438.63,21.10,51.20,0.03,0.36,0.36,0.00,0.00,1,13.87,0.56,27.71,1,-25,14,0,0,STAT,60,LAT,LON,W,CRC
08/28/26 17:03:26,22.49,263.58,23.18,10.46,-3.11,438.08,21.10,51.20,0.01,0.37,0.37,0.00,0.00,1,13.84,0.16,31.10,1,-26,14,1,0,STAT,60,LAT,LON,W,CRC
08/28/26 17:04:26,22.49,266.49,24.76,10.29,-2.38,437.61,21.10,51.20,0.00,0.19,0.19,0.00,0.00,1,14.16,207.93,33.23,1,-26,13,0,0,STAT,60,LAT,LON,W,CRC
08/28/26 17:05:26,22.49,264.79,24.79,10.75,-4.89,437.22,21.10,51.10,0.00,0.06,0.06,0.00,0.00,1,14.02,65.31,27.73,1,-25,11,0,0,STAT,60,LAT,LON,W,CRC
08/28/26 17:06:27,22.49,260.57,23.82,10.61,-3.16,437.37,21.10,51.20,0.00,0.19,0.19,0.00,0.00,1,13.95,18.44,31.58,1,-24,13,0,0,STAT,60,LAT,LON,W,CRC
08/28/26 17:07:27,22.49,257.58,22.73,9.54,-1.77,437.78,21.10,51.20,0.00,0.43,0.43,0.00,0.00,1,13.91,5.21,26.84,1,-24,14,0,0,STAT,60,LAT,LON,W,CRC
08/28/26 17:08:27,22.49,256.13,25.42,9.35,-0.95,437.92,21.20,51.10,0.19,0.48,0.48,0.00,0.00,1,13.91,1.47,25.43,1,-23,12,0,0,STAT,60,LAT,LON,W,CRC
08/28/26 17:09:27,22.49,260.20,24.08,10.39,-2.91,437.97,21.20,51.10,0.06,0.55,0.61,0.00,0.00,1,13.87,0.42,26.81,1,-23,15,0,0,STAT,60,LAT,LON,W,CRC
08/28/26 17:10:27,22.49,258.10,23.69,10.04,-2.93,437.99,21.20,51.20,0.02,0.42,0.44,0.00,0.00,1,13.84,0.12,29.96,1,-23,13,0,0,STAT,60,LAT,LON,W,CRC
08/28/26 17:11:28,22.49,257.65,22.38,10.41,-1.88,438.13,21.10,51.20,0.01,0.31,0.31,0.00,0.00,1,14.09,151.11,25.15,1,-22,14,1,0,STAT,60,LAT,LON,W,CRC
08/28/26 17:12:28,22.49,254.39,23.23,10.22,-1.08,438.05,21.20,51.20,0.00,0.14,0.15,0.00,0.00,1,13.98,42.68,25.51,1,-22,14,1,0,STAT,60,LAT,LON,W,CRC
08/28/26 17:13:28,22.49,260.57,23.93,10.01,-2.72,438.02,21.20,51.10,0.00,0.17,0.31,0.00,0.00,1,13.95,12.05,27.16,1,-23,13,1,0,STAT,60,LAT,LON,W,CRC
08/28/26 17:14:28,22.49,259.98,24.34,9.99,-2.11,438.07,21.20,51.00,0.00,0.20,0.24,0.00,0.00,1,13.91,3.40,26.94,1,-23,13,0,0,STAT,60,LAT,LON,W,CRC
08/28/26 17:15:28,22.49,255.03,24.06,9.70,-0.80,438.03,21.20,51.20,0.00,0.35,0.44,0.00,0.00,1,13.91,0.96,27.19,1,-22,12,0,0,STAT,60,LAT,LON,W,CRC
08/28/26 17:16:29,22.49,240.13,22.64,10.22,-1.90,437.60,21.20,51.30,0.00,0.50,0.70,0.00,0.00,1,13.87,0.27,33.92,1,-17,14,0,0,STAT,60,LAT,LON,W,CRC
08/28/26 17:17:29,22.49,256.55,23.83,10.09,-1.08,437.21,21.10,51.20,0.05,0.57,0.75,0.00,0.00,1,13.84,0.08,29.40,1,-22,12,0,0,STAT,60,LAT,LON,W,CRC
08/28/26 17:18:29,22.49,255.34,23.29,10.60,-1.81,436.67,21.10,51.40,0.28,0.64,0.72,0.00,0.00,1,14.09,187.87,23.46,1,-22,14,0,0,STAT,60,LAT,LON,W,CRC
08/28/26 17:19:29,22.49,247.65,24.11,9.91,-0.97,435.27,21.10,51.30,0.14,0.38,0.49,0.00,0.00,1,13.98,53.06,23.96,1,-20,14,0,0,STAT,60,LAT,LON,W,CRC
08/28/26 17:20:29,22.49,256.03,23.48,10.77,-3.90,434.45,21.10,51.30,0.04,0.15,0.39,0.00,0.00,1,13.95,14.99,25.38,1,-22,13,1,0,STAT,60,LAT,LON,W,CRC
08/28/26 17:21:30,22.49,259.57,23.38,10.15,-0.89,432.05,21.10,51.40,0.01,0.52,0.69,0.00,0.00,1,13.91,4.23,26.52,1,-24,13,1,0,STAT,60,LAT,LON,W,CRC
08/28/26 17:22:30,22.49,255.51,25.17,10.40,-3.33,429.02,21.10,51.40,0.00,0.24,0.32,0.00,0.00,1,13.87,1.20,25.38,1,-24,12,1,0,STAT,60,LAT,LON,W,CRC
08/28/26 17:23:30,22.49,253.89,24.00,9.15,-2.11,427.87,21.10,51.30,0.18,0.26,0.29,0.00,0.00,1,13.87,0.34,26.75,1,-22,13,0,0,STAT,60,LAT,LON,W,CRC
08/28/26 17:24:30,22.49,259.91,23.06,10.47,-3.31,428.67,21.10,51.30,0.15,0.50,0.51,0.00,0.00,1,13.84,0.10,28.24,1,-25,14,1,0,STAT,60,LAT,LON,W,CRC
08/28/26 17:25:30,22.49,256.66,22.65,10.51,-3.19,429.89,21.10,51.30,0.05,0.60,0.60,0.00,0.00,1,14.12,230.15,30.27,1,-22,14,1,0,STAT,60,LAT,LON,W,CRC
08/28/26 17:26:29,22.49,260.65,25.05,10.33,-2.33,431.23,21.10,51.30,0.10,0.43,0.58,0.00,0.00,1,13.98,65.00,36.48,1,-24,12,1,0,STAT,60,LAT,LON,W,CRC
08/28/26 17:27:29,22.49,267.63,23.48,9.56,-2.48,432.79,21.10,51.40,0.03,0.23,0.37,0.00,0.00,1,13.95,18.36,29.82,1,-26,13,0,0,STAT,60,LAT,LON,W,CRC
08/28/26 17:28:30,22.49,264.23,22.76,9.82,-3.03,434.64,21.10,51.40,0.01,0.45,0.50,0.00,0.00,1,13.91,5.18,28.62,1,-25,13,0,0,STAT,60,LAT,LON,W,CRC
08/28/26 17:29:30,22.49,259.79,22.76,10.35,-2.24,436.67,21.10,51.30,0.00,0.23,0.24,0.00,0.00,1,13.87,1.46,27.52,1,-24,13,0,0,STAT,60,LAT,LON,W,CRC
08/28/26 17:30:30,22.49,260.85,23.80,11.25,-5.36,437.57,21.10,51.30,0.00,0.22,0.62,0.00,0.00,1,13.87,0.41,26.26,1,-24,12,1,0,STAT,60,LAT,LON,W,CRC
08/28/26 17:31:30,22.49,254.45,23.99,10.45,-2.96,438.16,21.10,51.40,0.01,0.22,0.35,0.00,0.00,1,13.84,0.12,27.31,1,-22,12,1,0,STAT,60,LAT,LON,W,CRC
08/28/26 17:32:31,22.49,257.33,24.34,11.35,-4.02,438.06,21.10,51.40,0.00,0.16,0.20,0.00,0.00,1,14.05,113.41,29.73,1,-22,11,1,0,STAT,60,LAT,LON,W,CRC
08/28/26 17:33:32,22.49,258.53,22.83,11.15,-4.03,438.02,21.10,51.30,0.00,0.05,0.06,0.00,0.00,1,13.98,32.03,24.44,1,-23,14,0,0,STAT,60,LAT,LON,W,CRC
08/28/26 17:34:27,22.49,264.48,25.70,9.83,-2.12,438.01,21.10,51.30,0.00,0.02,0.02,0.00,0.00,1,13.95,10.05,24.78,1,-25,11,0,0,STAT,60,LAT,LON,W,CRC
08/28/26 17:35:27,22.49,261.98,24.73,10.89,-4.88,438.00,21.20,51.40,0.00,0.10,0.10,0.00,0.00,1,13.91,2.84,26.45,1,-25,13,0,0,STAT,60,LAT,LON,W,CRC
08/28/26 17:36:27,22.49,254.80,25.35,11.02,-3.19,437.54,21.10,51.30,0.00,0.55,0.55,0.00,0.00,1,13.87,0.80,23.67,1,-22,13,0,0,STAT,60,LAT,LON,W,CRC
08/28/26 17:37:29,22.49,254.10,23.76,10.47,-2.93,437.19,21.10,51.40,0.00,0.29,0.29,0.00,0.00,1,13.87,0.23,27.64,1,-23,13,0,0,STAT,60,LAT,LON,W,CRC
08/28/26 17:38:29,22.49,250.16,23.49,9.73,-3.19,436.77,21.10,51.40,0.00,0.38,0.38,0.00,0.00,1,13.84,0.06,24.41,1,-21,13,0,-1,STAT,60,LAT,LON,W,CRC
08/28/26 17:39:29,22.49,255.97,24.56,10.12,-3.38,435.77,21.10,51.30,0.02,0.14,0.14,0.00,0.00,1,14.09,181.86,25.27,1,-22,12,1,0,STAT,60,LAT,LON,W,CRC
08/28/26 17:40:29,22.49,264.78,24.21,10.20,-1.70,436.08,21.20,51.30,0.01,0.20,0.20,0.00,0.00,1,13.98,51.36,26.31,1,-25,13,0,0,STAT,60,LAT,LON,W,CRC
08/28/26 17:41:29,22.49,263.33,24.57,10.23,-2.39,437.48,21.20,51.30,0.00,0.31,0.31,0.00,0.00,1,13.95,14.51,27.15,1,-24,12,0,0,STAT,60,LAT,LON,W,CRC
08/28/26 17:42:30,22.49,271.31,23.94,10.39,-3.10,436.37,21.20,51.30,0.00,0.71,0.71,0.00,0.00,1,13.91,4.10,33.00,1,-23,14,1,0,STAT,60,LAT,LON,W,CRC
08/28/26 17:43:30,22.49,264.72,23.21,10.56,-2.52,435.48,21.20,51.10,0.00,0.63,0.63,0.00,0.00,1,13.87,1.16,27.97,1,-22,13,0,0,STAT,60,LAT,LON,W,CRC
08/28/26 17:44:30,22.49,256.24,23.19,10.06,-2.62,435.01,21.20,51.20,0.00,0.43,0.65,0.00,0.00,1,13.87,0.33,30.07,1,-22,14,0,0,STAT,60,LAT,LON,W,CRC
08/28/26 17:45:30,22.49,255.44,23.22,9.96,-1.51,434.36,21.20,51.10,0.00,0.29,0.50,0.00,0.00,1,13.84,0.09,24.39,1,-22,14,0,0,STAT,60,LAT,LON,W,CRC
08/28/26 17:46:30,22.49,253.26,24.06,9.77,-2.02,433.22,21.10,51.30,0.02,0.33,0.40,0.00,0.00,1,14.12,170.28,25.13,1,-23,14,0,0,STAT,60,LAT,LON,W,CRC
08/28/26 17:47:31,22.49,253.90,25.32,10.14,-2.27,432.46,21.10,51.30,0.31,0.66,0.85,0.00,0.00,1,13.98,48.09,36.35,1,-23,13,0,0,STAT,60,LAT,LON,W,CRC
08/28/26 17:48:31,22.49,253.30,23.00,10.23,-1.92,431.84,21.20,51.20,0.10,0.34,0.40,0.00,0.00,1,13.95,13.58,30.91,1,-22,14,0,0,STAT,60,LAT,LON,W,CRC
08/28/26 17:49:31,22.49,256.35,24.15,10.29,-0.97,432.13,21.10,51.20,0.03,0.38,0.40,0.00,0.00,1,13.91,3.84,25.44,1,-23,13,1,0,STAT,60,LAT,LON,W,CRC
08/28/26 17:50:31,22.49,256.48,23.89,9.47,-2.33,432.78,21.20,51.20,0.01,0.14,0.15,0.00,0.00,1,13.91,1.08,24.98,1,-23,13,0,0,STAT,60,LAT,LON,W,CRC
08/28/26 17:51:31,22.49,255.11,23.28,10.08,-2.47,433.92,21.20,51.10,0.00,0.18,0.19,0.00,0.00,1,13.87,0.31,25.70,1,-23,13,0,0,STAT,60,LAT,LON,W,CRC
08/28/26 17:52:32,22.49,253.32,23.94,10.32,-1.78,434.46,21.20,51.10,0.00,0.23,0.23,0.00,0.00,1,14.12,199.72,32.53,1,-22,12,0,0,STAT,60,LAT,LON,W,CRC
08/28/26 17:53:32,22.49,252.54,23.42,10.74,-1.88,433.58,21.20,51.10,0.00,0.23,0.28,0.00,0.00,1,14.02,85.24,27.99,1,-23,13,0,0,STAT,60,LAT,LON,W,CRC
08/28/26 17:54:32,22.49,249.80,23.54,9.91,-2.00,433.20,21.20,51.10,0.00,0.07,0.35,0.00,0.00,1,13.98,24.07,27.63,1,-21,13,0,0,STAT,60,LAT,LON,W,CRC
08/28/26 17:55:32,22.49,256.72,24.68,9.98,-0.89,433.07,21.20,51.10,0.00,0.25,0.33,0.00,0.00,1,13.95,6.80,27.76,1,-23,13,0,0,STAT,60,LAT,LON,W,CRC
08/28/26 17:56:32,22.49,253.32,25.45,10.40,-2.23,433.03,21.20,51.20,0.00,0.37,0.40,0.00,0.00,1,13.91,1.92,24.99,1,-22,13,0,0,STAT,60,LAT,LON,W,CRC
08/28/26 17:57:33,22.49,249.88,24.07,10.31,-3.09,433.01,21.20,51.10,0.23,0.44,0.48,0.00,0.00,1,13.87,0.54,26.19,1,-22,14,0,0,STAT,60,LAT,LON,W,CRC
08/28/26 17:58:33,22.49,250.96,24.51,10.83,-4.28,433.00,21.20,51.20,0.08,0.14,0.18,0.00,0.00,1,13.87,0.15,30.35,1,-22,12,1,0,STAT,60,LAT,LON,W,CRC
08/28/26 17:59:33,22.49,256.02,24.22,11.12,-3.92,433.00,21.20,51.10,0.02,0.22,0.23,0.00,0.00,1,14.09,212.29,25.89,1,-23,12,1,0,STAT,60,LAT,LON,W,CRC
08/28/26 18:00:33,22.49,253.65,22.69,10.73,-2.51,433.00,21.20,51.20,0.06,0.64,0.95,0.00,0.00,1,13.98,59.96,25.42,1,-23,15,0,0,STAT,60,LAT,LON,W,CRC
08/28/26 18:01:33,22.49,253.16,23.27,11.08,-1.09,433.41,21.20,51.30,0.02,0.47,0.63,0.00,0.00,1,13.95,16.93,26.83,1,-22,14,0,1,STAT,60,LAT,LON,W,CRC
08/28/26 18:02:33,22.49,248.21,24.34,10.50,-1.84,433.95,21.20,51.20,0.01,0.44,0.49,0.00,0.00,1,13.91,4.78,28.22,1,-21,13,1,0,STAT,60,LAT,LON,W,CRC
08/28/26 18:03:31,22.49,253.57,23.53,9.72,-0.57,434.63,21.20,51.10,0.08,0.57,0.58,0.00,0.00,1,13.87,1.35,29.04,1,-22,14,0,0,STAT,60,LAT,LON,W,CRC
08/28/26 18:04:31,22.49,256.17,23.33,10.34,-1.58,435.49,21.20,51.10,0.15,0.37,0.37,0.00,0.00,1,13.87,0.38,27.76,1,-22,15,0,0,STAT,60,LAT,LON,W,CRC
08/28/26 18:05:32,22.49,256.67,24.27,10.44,-2.18,435.82,21.20,51.00,0.05,0.43,0.43,0.00,0.00,1,13.84,0.11,26.59,1,-23,13,0,0,STAT,60,LAT,LON,W,CRC
08/28/26 18:06:32,22.50,256.82,25.16,10.43,-1.44,436.52,21.20,51.10,0.02,0.28,0.28,0.00,0.00,1,14.16,226.60,31.03,1,-23,13,1,0,STAT,60,LAT,LON,W,CRC
08/28/26 18:07:32,22.50,249.35,22.98,10.30,-1.94,436.83,21.20,51.10,0.04,0.54,0.54,0.00,0.00,1,14.02,70.88,24.79,1,-21,14,0,0,STAT,60,LAT,LON,W,CRC
08/28/26 18:08:34,22.51,250.80,22.73,10.64,-2.77,436.94,21.20,51.10,0.03,0.68,0.68,0.00,0.00,1,13.95,20.02,34.41,1,-22,14,0,0,STAT,60,LAT,LON,W,CRC
08/28/26 18:09:34,22.52,259.02,23.57,10.50,-1.19,436.68,21.20,51.00,0.01,0.80,0.80,0.00,0.00,1,13.91,5.65,30.34,1,-24,13,1,0,STAT,60,LAT,LON,W,CRC
08/28/26 18:10:34,22.52,259.39,24.55,9.68,-1.85,436.24,21.20,51.10,0.20,0.69,1.03,0.00,0.00,1,13.91,1.60,29.70,1,-24,12,0,0,STAT,60,LAT,LON,W,CRC
08/28/26 18:11:34,22.52,244.09,23.38,9.28,-1.29,435.01,21.20,51.10,0.07,0.52,0.64,0.00,0.00,1,13.87,0.45,26.29,1,-20,13,0,0,STAT,60,LAT,LON,W,CRC
08/28/26 18:12:35,22.52,249.68,23.65,9.89,-1.54,433.87,21.20,51.10,0.02,0.47,0.51,0.00,0.00,1,13.84,0.13,26.31,1,-21,13,0,0,STAT,60,LAT,LON,W,CRC
08/28/26 18:13:30,22.53,253.59,24.07,9.43,-1.58,433.71,21.10,51.00,0.01,0.31,0.32,0.00,0.00,1,14.16,214.65,33.50,1,-22,13,0,0,STAT,60,LAT,LON,W,CRC
08/28/26 18:14:30,22.53,250.09,25.06,9.82,-0.05,432.99,21.10,51.00,0.00,0.17,0.17,0.00,0.00,1,14.02,67.41,27.74,1,-22,13,1,0,STAT,60,LAT,LON,W,CRC
08/28/26 18:15:30,22.53,248.84,24.28,9.70,-0.47,432.64,21.10,51.10,0.00,0.54,0.54,0.00,0.00,1,13.95,19.04,26.40,1,-21,13,1,0,STAT,60,LAT,LON,W,CRC
08/28/26 18:16:31,22.52,250.78,23.39,9.15,-1.29,433.36,21.10,51.20,0.00,0.31,0.31,0.00,0.00,1,13.91,5.38,27.34,1,-22,14,0,0,STAT,60,LAT,LON,W,CRC
08/28/26 18:17:31,22.52,247.33,23.24,10.26,-0.94,434.85,21.10,51.10,0.00,0.33,0.33,0.00,0.00,1,13.87,1.52,29.85,1,-20,13,0,0,STAT,60,LAT,LON,W,CRC
08/28/26 18:18:32,22.52,253.39,24.30,10.47,-1.15,434.30,21.20,51.10,0.09,0.62,0.62,0.00,0.00,1,13.87,0.43,29.31,1,-22,13,0,0,STAT,60,LAT,LON,W,CRC
08/28/26 18:19:32,22.51,252.07,25.38,10.23,-2.90,434.71,21.20,51.20,0.03,0.42,0.42,0.00,0.00,1,13.84,0.12,26.58,1,-22,12,0,0,STAT,60,LAT,LON,W,CRC
08/28/26 18:20:32,22.50,251.36,25.01,10.92,-2.13,435.31,21.20,51.10,0.01,0.13,0.13,0.00,0.00,1,14.12,265.54,24.45,1,-21,13,1,0,STAT,60,LAT,LON,W,CRC
08/28/26 18:21:33,22.50,252.58,24.10,10.20,-2.17,435.71,21.20,51.10,0.00,0.12,0.12,0.00,0.00,1,14.02,93.25,25.91,1,-22,13,1,0,STAT,60,LAT,LON,W,CRC
08/28/26 18:22:33,22.49,247.73,23.24,9.90,-2.21,435.90,21.20,51.10,0.00,0.04,0.10,0.00,0.00,1,13.95,26.34,27.81,1,-20,15,0,0,STAT,60,LAT,LON,W,CRC
08/28/26 18:23:33,22.49,254.68,21.74,10.16,-2.90,435.96,21.20,51.00,0.00,0.17,0.19,0.00,0.00,1,13.91,7.44,29.74,1,-23,15,0,0,STAT,60,LAT,LON,W,CRC
08/28/26 18:24:33,22.49,253.35,23.38,10.87,-4.80,435.99,21.10,51.00,0.00,0.48,0.48,0.00,0.00,1,13.91,2.10,28.02,1,-22,14,1,0,STAT,60,LAT,LON,W,CRC
08/28/26 18:25:33,22.49,246.64,25.17,11.01,-3.62,436.40,21.20,51.10,0.00,0.39,0.40,0.00,0.00,1,13.87,0.59,26.84,1,-21,12,1,0,STAT,60,LAT,LON,W,CRC
08/28/26 18:26:33,22.49,251.60,24.99,10.16,-1.96,436.79,21.20,51.00,0.09,0.31,0.31,0.00,0.00,1,13.84,0.17,27.52,1,-22,12,0,0,STAT,60,LAT,LON,W,CRC
08/28/26 18:27:34,22.49,251.49,24.38,10.48,-1.61,437.32,21.20,51.00,0.03,0.19,0.19,0.00,0.00,1,14.12,250.16,24.57,1,-22,12,1,0,STAT,60,LAT,LON,W,CRC
08/28/26 18:28:34,22.49,252.52,23.47,10.62,-2.22,437.51,21.20,51.00,0.06,0.15,0.31,0.00,0.00,1,14.02,104.66,25.45,1,-23,13,0,0,STAT,60,LAT,LON,W,CRC
08/28/26 18:29:34,22.49,256.33,23.40,10.33,-3.00,437.83,21.20,51.00,0.04,0.15,0.37,0.00,0.00,1,13.95,29.56,31.09,1,-23,14,0,0,STAT,60,LAT,LON,W,CRC
08/28/26 18:30:34,22.49,258.80,24.27,9.51,-0.75,438.59,21.20,51.00,0.01,0.05,0.12,0.00,0.00,1,13.91,8.35,25.63,1,-24,14,0,0,STAT,60,LAT,LON,W,CRC
08/28/26 18:31:34,22.49,257.66,23.00,10.84,-3.66,438.94,21.20,50.90,0.00,0.04,0.07,0.00,0.00,1,13.91,2.36,25.35,1,-23,14,1,0,STAT,60,LAT,LON,W,CRC
08/28/26 18:32:35,22.50,257.60,23.22,10.30,-1.97,439.63,21.20,50.90,0.01,0.10,0.11,0.00,0.00,1,13.87,0.67,26.27,1,-23,14,0,0,STAT,60,LAT,LON,W,CRC
08/28/26 18:33:35,22.51,254.84,22.86,10.96,-3.18,440.45,21.20,50.90,0.00,0.40,0.41,0.00,0.00,1,13.87,0.19,28.64,1,-21,14,1,0,STAT,60,LAT,LON,W,CRC
08/28/26 18:34:35,22.51,256.05,23.26,10.65,-0.60,440.81,21.20,50.90,0.00,0.47,0.47,0.00,0.00,1,14.09,160.62,28.70,1,-22,13,0,0,STAT,60,LAT,LON,W,CRC
08/28/26 18:35:35,22.52,259.60,24.55,10.10,-2.06,440.93,21.20,50.80,0.00,0.18,0.18,0.00,0.00,1,13.98,45.36,29.16,1,-23,12,0,0,STAT,60,LAT,LON,W,CRC
08/28/26 18:36:35,22.52,261.52,23.98,9.92,-3.13,441.62,21.20,50.80,0.00,0.07,0.07,0.00,0.00,1,13.95,12.81,28.88,1,-23,14,1,0,STAT,60,LAT,LON,W,CRC
08/28/26 18:37:36,22.53,262.97,23.10,10.27,-4.91,441.64,21.20,50.80,0.00,0.09,0.09,0.00,0.00,1,13.91,3.62,26.75,1,-24,14,0,-1,STAT,60,LAT,LON,W,CRC
08/28/26 18:38:36,22.54,255.97,23.16,9.82,-2.52,441.71,21.20,50.70,0.16,0.27,0.27,0.00,0.00,1,13.91,1.02,25.27,1,-22,14,0,0,STAT,60,LAT,LON,W,CRC
08/28/26 18:39:36,22.54,256.78,23.55,10.35,-3.45,441.25,21.20,50.70,0.06,0.13,0.17,0.00,0.00,1,13.87,0.29,33.20,1,-22,14,0,0,STAT,60,LAT,LON,W,CRC
08/28/26 18:40:36,22.55,253.14,23.71,10.05,-2.10,440.63,21.20,50.40,0.02,0.42,0.60,0.00,0.00,1,13.84,0.08,27.54,1,-21,14,0,0,STAT,60,LAT,LON,W,CRC
08/28/26 18:41:37,22.55,251.76,23.95,9.54,-1.23,438.55,21.10,50.70,0.12,0.56,0.83,0.00,0.00,1,14.09,196.48,23.60,1,-20,14,0,0,STAT,60,LAT,LON,W,CRC
08/28/26 18:42:37,22.55,251.59,23.92,9.74,-2.00,438.19,21.20,50.80,0.23,0.70,0.81,0.00,0.00,1,13.98,55.49,24.49,1,-21,14,1,0,STAT,60,LAT,LON,W,CRC
08/28/26 18:43:37,22.54,253.31,24.09,10.99,-4.62,440.51,21.20,50.90,0.09,0.31,0.35,0.00,0.00,1,13.95,15.67,25.77,1,-22,14,1,0,STAT,60,LAT,LON,W,CRC
08/28/26 18:44:33,22.54,253.65,22.16,11.12,-3.45,443.03,21.20,50.80,0.31,1.04,1.05,0.00,0.00,1,13.91,4.92,33.40,1,-22,15,0,0,STAT,60,LAT,LON,W,CRC
08/28/26 18:45:33,22.53,253.92,22.51,9.81,-2.23,444.12,21.20,50.80,0.10,0.56,0.57,0.00,0.00,1,13.87,1.39,30.48,1,-22,14,0,0,STAT,60,LAT,LON,W,CRC
08/28/26 18:46:34,22.52,255.30,23.36,9.84,0.55,442.40,21.10,50.80,0.03,0.58,0.58,0.00,0.00,1,13.87,0.39,25.02,1,-23,14,0,0,STAT,60,LAT,LON,W,CRC
08/28/26 18:47:34,22.51,252.26,23.21,10.62,-1.01,439.97,21.10,50.90,0.01,0.45,0.45,0.00,0.00,1,13.84,0.11,26.98,1,-22,14,0,0,STAT,60,LAT,LON,W,CRC
08/28/26 18:48:34,22.51,246.70,23.56,10.11,-1.32,439.19,21.10,50.90,0.00,0.47,0.47,0.00,0.00,1,14.12,202.69,26.98,1,-20,13,1,0,STAT,60,LAT,LON,W,CRC
08/28/26 18:49:34,22.50,252.64,23.19,10.21,-1.26,439.91,21.10,51.00,0.00,0.26,0.47,0.00,0.00,1,13.98,57.25,35.94,1,-22,13,0,0,STAT,60,LAT,LON,W,CRC
08/28/26 18:50:34,22.49,256.36,22.00,10.58,-2.79,441.35,21.10,50.90,0.00,0.09,0.15,0.00,0.00,1,13.95,16.17,26.97,1,-23,14,0,0,STAT,60,LAT,LON,W,CRC
08/28/26 18:51:34,22.49,250.84,23.35,10.45,-3.02,441.90,21.20,50.90,0.02,0.16,0.39,0.00,0.00,1,13.91,4.57,28.75,1,-21,13,0,0,STAT,60,LAT,LON,W,CRC
08/28/26 18:52:35,22.49,257.89,23.22,10.15,-3.45,442.26,21.10,50.90,0.06,0.67,0.78,0.00,0.00,1,13.87,1.29,27.35,1,-22,13,1,0,STAT,60,LAT,LON,W,CRC
08/28/26 18:53:35,22.49,250.95,23.56,10.14,-2.43,442.74,21.20,50.90,0.02,0.38,0.41,0.00,0.00,1,13.87,0.36,28.38,1,-21,13,0,0,STAT,60,LAT,LON,W,CRC
08/28/26 18:54:35,22.49,259.29,22.14,10.25,-3.95,442.91,21.10,50.90,0.01,0.12,0.13,0.00,0.00,1,14.05,0.10,25.98,1,-23,14,0,0,STAT,60,LAT,LON,W,CRC
08/28/26 18:55:35,22.49,256.79,23.49,10.99,-3.82,442.67,21.10,50.80,0.00,0.15,0.16,0.00,0.00,1,14.05,110.38,28.38,1,-24,14,0,0,STAT,60,LAT,LON,W,CRC
08/28/26 18:56:35,22.49,260.11,23.42,10.88,-2.88,442.34,21.20,50.80,0.00,0.14,0.14,0.00,0.00,1,13.98,31.17,27.89,1,-23,14,0,0,STAT,60,LAT,LON,W,CRC
08/28/26 18:57:36,22.49,254.50,23.57,10.80,-2.40,442.12,21.20,50.80,0.00,0.60,0.60,0.00,0.00,1,13.95,8.80,24.70,1,-21,14,0,0,STAT,60,LAT,LON,W,CRC
08/28/26 18:58:36,22.49,257.35,22.51,9.76,-1.35,442.04,21.20,50.80,0.31,0.69,0.69,0.00,0.00,1,13.91,2.49,25.43,1,-22,14,0,0,STAT,60,LAT,LON,W,CRC
08/28/26 18:59:36,22.49,257.67,23.68,10.37,-2.01,442.64,21.10,50.70,0.11,0.46,0.46,0.00,0.00,1,13.87,0.70,26.73,1,-23,13,1,0,STAT,60,LAT,LON,W,CRC
08/28/26 19:00:36,22.49,261.56,24.61,9.98,-0.69,443.22,21.10,50.80,0.04,0.42,0.42,0.00,0.00,1,13.87,0.20,28.46,1,-24,12,0,0,STAT,60,LAT,LON,W,CRC
08/28/26 19:01:36,22.49,256.42,23.82,9.93,-1.09,443.73,21.10,50.90,0.10,0.31,0.34,0.00,0.00,1,13.84,0.06,25.36,1,-23,13,0,0,STAT,60,LAT,LON,W,CRC
08/28/26 19:02:36,22.49,252.07,24.44,11.07,-2.70,444.92,21.20,50.90,0.03,0.22,0.23,0.00,0.00,1,14.09,144.21,25.32,1,-21,13,0,0,STAT,60,LAT,LON,W,CRC
08/28/26 19:03:36,22.49,256.09,25.16,10.00,-3.91,447.09,21.20,50.90,0.04,0.18,0.18,0.00,0.00,1,13.98,40.73,27.68,1,-22,12,0,-1,STAT,60,LAT,LON,W,CRC
08/28/26 19:04:37,22.49,258.26,24.04,9.92,-2.53,448.54,21.20,50.70,0.05,0.11,0.11,0.00,0.00,1,13.95,11.50,26.66,1,-23,12,0,0,STAT,60,LAT,LON,W,CRC
08/28/26 19:05:37,22.49,252.46,23.51,9.38,-0.34,447.49,21.20,50.90,0.02,0.55,0.55,0.00,0.00,1,13.91,3.25,32.01,1,-21,13,0,0,STAT,60,LAT,LON,W,CRC
08/28/26 19:06:37,22.49,250.55,23.78,9.51,-1.25,447.17,21.20,50.90,0.01,0.56,0.56,0.00,0.00,1,13.87,0.92,26.66,1,-20,12,0,0,STAT,60,LAT,LON,W,CRC
08/28/26 19:07:37,22.49,248.21,24.31,10.32,-2.50,447.06,21.20,50.90,0.00,0.19,0.19,0.00,0.00,1,13.87,0.26,25.26,1,-20,11,0,0,STAT,60,LAT,LON,W,CRC
08/28/26 19:08:37,22.49,255.41,25.14,10.44,-1.45,447.02,21.20,50.90,0.00,0.11,0.11,0.00,0.00,1,13.84,0.07,27.92,1,-22,11,0,0,STAT,60,LAT,LON,W,CRC
08/28/26 19:09:37,22.49,260.41,23.69,11.52,-3.60,447.01,21.20,50.90,0.00,0.06,0.06,0.00,0.00,1,14.09,200.34,39.00,1,-23,14,0,0,STAT,60,LAT,LON,W,CRC
08/28/26 19:10:37,22.49,258.66,23.29,11.01,-3.39,447.00,21.20,50.90,0.00,0.02,0.02,0.00,0.00,1,13.98,69.86,41.98,1,-22,14,0,0,STAT,60,LAT,LON,W,CRC
08/28/26 19:11:37,22.49,254.19,23.84,9.76,-1.32,447.54,21.20,50.80,0.00,0.15,0.15,0.00,0.00,1,13.95,19.73,30.72,1,-21,13,0,0,STAT,60,LAT,LON,W,CRC
08/28/26 19:12:37,22.49,252.55,25.86,10.58,-2.88,447.84,21.20,50.80,0.00,0.27,0.27,0.00,0.00,1,13.91,5.57,26.90,1,-21,12,0,0,STAT,60,LAT,LON,W,CRC
08/28/26 19:13:37,22.49,253.11,24.55,9.99,-2.77,448.20,21.20,50.80,0.03,0.22,0.22,0.00,0.00,1,13.87,1.57,28.65,1,-21,13,0,0,STAT,60,LAT,LON,W,CRC
08/28/26 19:14:37,22.49,260.54,23.67,10.31,-2.20,448.95,21.20,50.80,0.18,0.51,0.70,0.00,0.00,1,13.87,0.44,28.21,1,-23,13,0,0,STAT,60,LAT,LON,W,CRC
08/28/26 19:15:37,22.49,264.00,23.26,10.42,-4.63,449.92,21.20,50.80,0.06,0.17,0.28,0.00,0.00,1,14.09,156.00,34.07,1,-23,13,1,0,STAT,60,LAT,LON,W,CRC
08/28/26 19:16:38,22.49,263.44,22.95,9.33,-1.41,450.62,21.20,50.80,0.02,0.32,0.36,0.00,0.00,1,14.02,89.90,29.43,1,-23,13,0,0,STAT,60,LAT,LON,W,CRC
08/28/26 19:17:38,22.49,265.71,22.68,9.48,-1.40,450.87,21.20,50.70,0.16,0.70,0.71,0.00,0.00,1,13.98,25.39,27.10,1,-24,14,0,0,STAT,60,LAT,LON,W,CRC
08/28/26 19:18:38,22.49,258.08,24.05,10.49,-2.28,450.85,21.20,50.70,0.05,0.34,0.35,0.00,0.00,1,13.95,7.17,28.79,1,-21,14,0,0,STAT,60,LAT,LON,W,CRC
08/28/26 19:19:38,22.49,260.69,23.53,10.18,-1.53,450.49,21.20,50.80,0.02,0.14,0.38,0.00,0.00,1,13.91,2.03,25.65,1,-22,13,0,0,STAT,60,LAT,LON,W,CRC
08/28/26 19:20:39,22.49,260.26,24.08,10.11,-3.73,451.09,21.20,50.90,0.01,0.19,0.27,0.00,0.00,1,13.87,0.57,28.74,1,-22,13,0,-1,STAT,60,LAT,LON,W,CRC
08/28/26 19:21:40,22.49,257.43,24.38,10.49,-2.52,452.74,21.20,50.80,0.00,0.06,0.09,0.00,0.00,1,13.87,0.16,25.11,1,-20,13,1,0,STAT,60,LAT,LON,W,CRC
08/28/26 19:22:40,22.49,261.83,25.46,11.41,-5.48,454.66,21.20,50.80,0.00,0.33,0.34,0.00,0.00,1,13.84,0.05,25.10,1,-21,12,1,-1,STAT,60,LAT,LON,W,CRC
08/28/26 19:23:40,22.49,264.30,24.34,11.61,-6.04,455.53,21.20,50.80,0.00,0.49,0.50,0.00,0.00,1,14.05,113.85,26.75,1,-23,13,1,0,STAT,60,LAT,LON,W,CRC
08/28/26 19:24:40,22.49,266.21,23.33,10.56,-3.90,456.06,21.20,50.70,0.00,0.56,0.56,0.00,0.00,1,13.98,32.16,27.08,1,-22,14,0,0,STAT,60,LAT,LON,W,CRC
08/28/26 19:25:40,22.49,262.00,23.34,10.65,-3.76,456.67,21.20,50.70,0.00,0.18,0.18,0.00,0.00,1,13.95,9.08,25.65,1,-22,14,0,-1,STAT,60,LAT,LON,W,CRC
08/28/26 19:26:41,22.49,264.24,22.20,10.86,-1.97,456.30,21.20,50.70,0.00,0.64,0.91,0.00,0.00,1,13.91,2.56,25.89,1,-23,15,0,0,STAT,60,LAT,LON,W,CRC
08/28/26 19:27:36,22.49,262.18,23.19,9.53,-1.27,456.52,21.20,50.80,0.00,0.29,0.42,0.00,0.00,1,13.87,0.80,29.11,1,-21,13,0,0,STAT,60,LAT,LON,W,CRC
08/28/26 19:28:37,22.49,266.83,24.39,10.44,-3.25,457.60,21.20,50.70,0.00,0.17,0.21,0.00,0.00,1,13.87,0.23,27.90,1,-21,14,0,0,STAT,60,LAT,LON,W,CRC
08/28/26 19:29:37,22.49,265.98,23.53,9.23,0.45,459.35,21.20,50.70,0.00,0.32,0.34,0.00,0.00,1,13.84,0.06,27.38,1,-22,14,0,0,STAT,60,LAT,LON,W,CRC
08/28/26 19:30:37,22.50,274.42,23.83,10.72,-2.87,460.01,21.20,50.70,0.00,0.52,0.52,0.00,0.00,1,14.09,175.39,26.49,1,-24,14,0,0,STAT,60,LAT,LON,W,CRC
08/28/26 19:31:37,22.50,276.10,25.17,11.01,-3.12,461.38,21.20,50.70,0.00,0.38,0.39,0.00,0.00,1,13.98,49.54,31.02,1,-25,12,0,0,STAT,60,LAT,LON,W,CRC
08/28/26 19:32:37,22.51,271.40,24.27,11.28,-2.52,462.59,21.20,50.70,0.00,0.60,0.60,0.00,0.00,1,13.95,13.99,25.36,1,-22,12,1,0,STAT,60,LAT,LON,W,CRC
08/28/26 19:33:37,22.52,270.51,25.03,10.96,-3.52,463.66,21.20,50.70,0.00,0.26,0.26,0.00,0.00,1,13.91,3.95,24.93,1,-23,12,0,0,STAT,60,LAT,LON,W,CRC
08/28/26 19:34:38,22.53,262.64,25.00,10.73,-1.73,464.07,21.20,50.70,0.03,0.30,0.30,0.00,0.00,1,13.87,1.12,25.72,1,-20,12,0,0,STAT,60,LAT,LON,W,CRC
08/28/26 19:35:38,22.54,263.37,25.40,11.66,-2.11,466.08,21.20,50.70,0.01,0.17,0.17,0.00,0.00,1,13.87,0.32,26.77,1,-20,13,0,0,STAT,60,LAT,LON,W,CRC
08/28/26 19:36:38,22.55,263.24,24.09,10.73,-2.55,466.69,21.20,50.60,0.00,0.06,0.27,0.00,0.00,1,14.16,211.63,31.47,1,-20,13,0,0,STAT,60,LAT,LON,W,CRC
08/28/26 19:37:38,22.56,266.49,24.06,9.76,-0.86,465.54,21.20,50.60,0.00,0.02,0.09,0.00,0.00,1,14.02,75.59,28.24,1,-21,13,0,0,STAT,60,LAT,LON,W,CRC
08/28/26 19:38:38,22.56,269.88,24.84,10.34,-3.55,464.46,21.20,50.60,0.00,0.05,0.07,0.00,0.00,1,13.95,21.35,27.09,1,-22,13,0,0,STAT,60,LAT,LON,W,CRC
08/28/26 19:39:38,22.57,273.19,23.86,10.43,-2.89,464.16,21.20,50.60,0.00,0.02,0.02,0.00,0.00,1,13.91,6.03,28.43,1,-23,14,0,0,STAT,60,LAT,LON,W,CRC
08/28/26 19:40:38,22.57,273.46,24.39,10.34,-0.72,464.70,21.30,50.60,0.00,0.31,0.31,0.00,0.00,1,13.91,1.70,24.79,1,-23,14,1,0,STAT,60,LAT,LON,W,CRC
08/28/26 19:41:38,22.57,275.73,24.21,10.01,-1.54,465.71,21.30,50.60,0.00,0.17,0.31,0.00,0.00,1,13.87,0.48,30.50,1,-23,14,1,0,STAT,60,LAT,LON,W,CRC
08/28/26 19:42:38,22.57,270.79,23.92,10.01,-2.49,466.54,21.30,50.60,0.00,0.07,0.12,0.00,0.00,1,13.87,0.14,28.14,1,-21,14,1,0,STAT,60,LAT,LON,W,CRC
08/28/26 19:43:38,22.58,276.56,23.75,10.05,-3.20,467.49,21.30,50.60,0.00,0.17,0.19,0.00,0.00,1,13.84,0.04,26.99,1,-22,14,0,0,STAT,60,LAT,LON,W,CRC
08/28/26 19:44:38,22.58,276.37,24.30,9.82,-2.05,468.42,21.30,50.60,0.01,0.09,0.09,0.00,0.00,1,14.05,103.99,25.16,1,-22,12,0,0,STAT,60,LAT,LON,W,CRC
08/28/26 19:45:38,22.58,278.38,24.55,9.81,-1.91,468.80,21.30,50.60,0.00,0.03,0.03,0.00,0.00,1,13.98,29.37,25.78,1,-22,13,0,0,STAT,60,LAT,LON,W,CRC
08/28/26 19:46:39,22.59,279.56,24.64,10.02,-1.81,470.11,21.30,50.60,0.00,0.01,0.01,0.00,0.00,1,13.95,8.29,29.26,1,-23,14,0,0,STAT,60,LAT,LON,W,CRC
08/28/26 19:47:39,22.59,282.87,24.83,9.60,-0.19,471.33,21.30,50.60,0.00,0.50,0.61,0.00,0.00,1,13.91,2.34,30.92,1,-23,14,0,0,STAT,60,LAT,LON,W,CRC
08/28/26 19:48:39,22.59,281.79,24.83,10.39,-2.01,471.77,21.30,50.60,0.00,0.23,0.27,0.00,0.00,1,13.87,0.66,27.06,1,-24,13,0,0,STAT,60,LAT,LON,W,CRC
08/28/26 19:49:39,22.59,273.18,24.31,10.89,-3.29,472.42,21.30,50.60,0.00,0.17,0.18,0.00,0.00,1,13.87,0.19,28.91,1,-20,14,1,0,STAT,60,LAT,LON,W,CRC
08/28/26 19:50:39,22.59,277.89,23.43,10.31,-1.93,473.63,21.30,50.60,0.00,0.52,0.53,0.00,0.00,1,14.05,115.21,28.08,1,-21,13,0,0,STAT,60,LAT,LON,W,CRC
08/28/26 19:51:39,22.59,283.50,23.06,11.61,-4.98,475.98,21.30,50.60,0.00,0.36,0.36,0.00,0.00,1,14.05,110.07,24.30,1,-22,13,1,0,STAT,60,LAT,LON,W,CRC
08/28/26 19:52:40,22.59,285.36,23.74,11.90,-5.12,477.82,21.30,50.60,0.00,0.26,0.35,0.00,0.00,1,13.98,31.09,27.49,1,-22,13,1,0,STAT,60,LAT,LON,W,CRC
08/28/26 19:53:40,22.59,279.26,24.28,10.78,-1.37,477.94,21.30,50.60,0.00,0.19,0.22,0.00,0.00,1,13.91,8.78,30.29,1,-21,13,0,0,STAT,60,LAT,LON,W,CRC
08/28/26 19:54:40,22.59,278.58,24.73,9.58,-0.51,477.98,21.30,50.60,0.00,0.68,0.69,0.00,0.00,1,13.91,2.48,24.76,1,-20,13,0,0,STAT,60,LAT,LON,W,CRC
08/28/26 19:55:40,22.59,283.80,24.98,10.31,-1.11,478.10,21.30,50.40,0.00,0.53,0.53,0.00,0.00,1,13.87,0.70,25.08,1,-22,13,0,0,STAT,60,LAT,LON,W,CRC
08/28/26 19:56:40,22.59,287.97,24.45,10.75,-1.86,480.28,21.30,50.50,0.00,0.36,0.36,0.00,0.00,1,13.87,0.20,26.28,1,-23,11,0,0,STAT,60,LAT,LON,W,CRC
08/28/26 19:57:41,22.59,285.40,24.67,10.60,-0.70,484.07,21.30,50.50,0.00,0.12,0.12,0.00,0.00,1,14.09,180.19,27.02,1,-21,13,0,0,STAT,60,LAT,LON,W,CRC
08/28/26 19:58:41,22.59,292.07,25.03,9.61,0.19,484.27,21.30,50.50,0.00,0.13,0.13,0.00,0.00,1,13.98,50.89,24.80,1,-23,13,0,0,STAT,60,LAT,LON,W,CRC
08/28/26 19:59:41,22.59,293.41,24.95,10.72,-1.75,484.47,21.30,50.50,0.00,0.21,0.66,0.00,0.00,1,13.95,14.37,25.78,1,-23,13,0,0,STAT,60,LAT,LON,W,CRC
08/28/26 20:00:41,22.59,291.08,24.82,11.47,-3.48,483.63,21.30,50.50,0.00,0.07,0.44,0.00,0.00,1,13.91,4.06,26.94,1,-23,13,1,0,STAT,60,LAT,LON,W,CRC
08/28/26 20:01:41,22.59,290.46,25.36,10.95,-4.06,483.48,21.30,50.50,0.00,0.02,0.14,0.00,0.00,1,13.91,1.15,26.58,1,-22,13,0,0,STAT,60,LAT,LON,W,CRC
08/28/26 20:02:42,22.59,293.39,24.73,10.42,-1.91,483.82,21.30,50.40,0.17,0.23,0.27,0.00,0.00,1,13.87,0.32,27.48,1,-22,14,0,0,STAT,60,LAT,LON,W,CRC
08/28/26 20:03:42,22.59,293.55,24.06,10.20,-0.69,484.02,21.30,50.50,0.05,0.18,0.19,0.00,0.00,1,13.84,0.09,28.13,1,-22,14,0,0,STAT,60,LAT,LON,W,CRC
08/28/26 20:04:42,22.59,297.90,24.33,10.31,-3.06,484.65,21.30,50.40,0.08,0.42,0.43,0.00,0.00,1,14.16,214.27,28.36,1,-22,14,1,0,STAT,60,LAT,LON,W,CRC
08/28/26 20:05:42,22.59,295.83,24.23,10.15,-0.26,485.29,21.30,50.50,0.03,0.15,0.15,0.00,0.00,1,14.02,67.40,26.38,1,-23,13,0,0,STAT,60,LAT,LON,W,CRC
08/28/26 20:06:42,22.59,297.68,24.81,9.82,-0.61,486.64,21.40,50.50,0.01,0.44,0.53,0.00,0.00,1,13.95,19.04,26.10,1,-22,12,1,0,STAT,60,LAT,LON,W,CRC
08/28/26 20:07:43,22.59,302.70,24.70,10.33,-0.69,491.55,21.30,50.40,0.06,0.34,0.40,0.00,0.00,1,13.91,5.38,37.44,1,-23,14,0,0,STAT,60,LAT,LON,W,CRC
08/28/26 20:08:43,22.59,302.62,23.72,10.61,-3.01,495.21,21.30,50.40,0.02,0.29,0.30,0.00,0.00,1,13.87,1.52,28.07,1,-24,14,1,0,STAT,60,LAT,LON,W,CRC
08/28/26 20:09:43,22.59,296.22,23.72,9.91,-1.58,496.21,21.30,50.40,0.01,0.10,0.10,0.00,0.00,1,13.87,0.43,25.72,1,-22,13,0,0,STAT,60,LAT,LON,W,CRC
08/28/26 20:10:43,22.59,299.11,20.99,9.07,0.29,493.90,21.30,50.40,0.00,0.03,0.24,0.00,0.00,1,13.84,0.12,26.35,1,-23,17,1,0,STAT,60,LAT,LON,W,CRC
08/28/26 20:11:43,22.59,299.89,23.45,9.51,-1.24,491.41,21.30,50.40,0.00,0.05,0.11,0.00,0.00,1,14.16,190.45,28.06,1,-23,14,1,0,STAT,60,LAT,LON,W,CRC
08/28/26 20:12:43,22.59,291.29,23.26,9.68,-1.39,490.41,21.30,50.40,0.00,0.13,0.15,0.00,0.00,1,13.98,68.77,34.21,1,-20,14,0,0,STAT,60,LAT,LON,W,CRC
08/28/26 20:13:43,22.60,300.23,23.46,10.21,-2.23,489.79,21.30,50.40,0.00,0.08,0.08,0.00,0.00,1,13.95,19.42,28.62,1,-23,14,0,0,STAT,60,LAT,LON,W,CRC
08/28/26 20:14:44,22.61,299.41,23.10,10.46,-2.44,489.43,21.30,50.40,0.00,0.02,0.03,0.00,0.00,1,13.91,5.49,26.33,1,-22,14,1,0,STAT,60,LAT,LON,W,CRC
08/28/26 20:15:44,22.61,304.17,23.25,10.32,-3.90,489.48,21.30,50.40,0.00,0.01,0.01,0.00,0.00,1,13.91,1.55,26.75,1,-24,14,1,0,STAT,60,LAT,LON,W,CRC
08/28/26 20:16:44,22.63,306.77,23.77,9.63,-1.05,489.46,21.30,50.40,0.00,0.11,0.11,0.00,0.00,1,13.87,0.44,24.06,1,-23,13,0,0,STAT,60,LAT,LON,W,CRC
08/28/26 20:17:44,22.65,302.77,23.90,9.89,-0.62,489.25,21.40,50.30,0.00,0.04,0.08,0.00,0.00,1,13.87,0.12,23.60,1,-23,14,0,0,STAT,60,LAT,LON,W,CRC
08/28/26 20:18:45,22.66,300.95,24.66,9.02,1.77,489.33,21.30,50.30,0.00,0.06,0.11,0.00,0.00,1,14.05,145.50,31.58,1,-23,13,0,0,STAT,60,LAT,LON,W,CRC
08/28/26 20:19:45,22.66,299.87,24.62,8.93,1.68,488.80,21.40,50.20,0.00,0.02,0.03,0.00,0.00,1,13.98,41.09,30.46,1,-23,13,0,0,STAT,60,LAT,LON,W,CRC
08/28/26 20:20:45,22.67,291.86,23.97,9.69,-0.55,487.63,21.30,50.30,0.03,0.35,0.47,0.00,0.00,1,13.95,11.61,25.22,1,-20,13,0,0,STAT,60,LAT,LON,W,CRC
08/28/26 20:21:46,22.67,297.76,25.49,10.77,-2.49,487.22,21.30,50.30,0.01,0.29,0.33,0.00,0.00,1,13.91,3.28,26.14,1,-22,12,0,0,STAT,60,LAT,LON,W,CRC
08/28/26 20:22:46,22.67,304.79,24.93,10.67,-2.64,487.42,21.30,50.30,0.00,0.17,0.19,0.00,0.00,1,13.91,0.93,26.64,1,-24,12,0,0,STAT,60,LAT,LON,W,CRC
08/28/26 20:23:46,22.68,307.32,24.74,10.15,-2.90,488.01,21.30,50.00,0.00,0.24,0.24,0.00,0.00,1,13.87,0.26,28.39,1,-24,13,0,0,STAT,60,LAT,LON,W,CRC
08/28/26 20:24:46,22.68,300.14,23.63,9.66,-0.28,485.05,21.30,50.00,0.00,0.20,0.20,0.00,0.00,1,13.84,0.07,25.03,1,-22,13,1,0,STAT,60,LAT,LON,W,CRC
08/28/26 20:25:46,22.68,300.90,25.51,10.40,-0.80,480.74,21.40,50.20,0.00,0.11,0.11,0.00,0.00,1,14.09,189.93,25.79,1,-23,11,1,0,STAT,60,LAT,LON,W,CRC
08/28/26 20:26:46,22.68,300.43,25.30,11.08,-2.12,482.40,21.30,50.30,0.00,0.09,0.09,0.00,0.00,1,13.98,53.64,26.55,1,-23,11,1,0,STAT,60,LAT,LON,W,CRC
08/28/26 20:27:46,22.69,298.15,25.33,10.67,-2.54,485.94,21.30,50.30,0.00,0.51,0.51,0.00,0.00,1,13.95,15.15,29.56,1,-21,10,0,0,STAT,60,LAT,LON,W,CRC
08/28/26 20:28:41,22.69,301.83,25.77,11.05,-1.83,488.53,21.30,50.30,0.00,0.31,0.65,0.00,0.00,1,13.91,4.75,33.94,1,-23,11,0,0,STAT,60,LAT,LON,W,CRC
08/28/26 20:29:41,22.69,306.01,24.72,10.22,-1.01,490.87,21.40,50.20,0.00,0.22,0.34,0.00,0.00,1,13.87,1.34,28.29,1,-25,12,0,0,STAT,60,LAT,LON,W,CRC
08/28/26 20:30:41,22.69,309.85,23.95,10.28,-2.24,494.92,21.40,50.20,0.00,0.34,0.37,0.00,0.00,1,13.87,0.38,29.86,1,-25,13,0,0,STAT,60,LAT,LON,W,CRC
08/28/26 20:31:41,22.69,301.17,23.09,9.38,-0.95,496.92,21.40,50.20,0.00,0.25,0.26,0.00,0.00,1,13.84,0.11,24.93,1,-22,14,1,0,STAT,60,LAT,LON,W,CRC
08/28/26 20:32:41,22.68,298.11,22.45,8.74,0.13,497.62,21.30,50.20,0.00,0.08,0.25,0.00,0.00,1,14.12,174.84,25.55,1,-21,15,0,0,STAT,60,LAT,LON,W,CRC
08/28/26 20:33:42,22.69,301.82,24.57,10.17,-1.98,497.95,21.30,50.20,0.00,0.03,0.18,0.00,0.00,1,13.98,49.38,29.99,1,-23,13,0,0,STAT,60,LAT,LON,W,CRC
08/28/26 20:34:42,22.69,306.08,23.98,10.56,-2.84,498.86,21.40,50.20,0.00,0.02,0.07,0.00,0.00,1,13.95,13.95,27.26,1,-24,14,0,0,STAT,60,LAT,LON,W,CRC
08/28/26 20:35:42,22.69,301.96,24.27,9.71,-2.02,498.82,21.40,49.90,0.00,0.01,0.02,0.00,0.00,1,13.91,3.94,25.41,1,-23,14,0,0,STAT,60,LAT,LON,W,CRC
08/28/26 20:36:42,22.69,302.48,24.40,10.52,-0.94,497.80,21.40,50.20,0.00,0.12,0.39,0.00,0.00,1,13.91,1.11,26.58,1,-22,12,0,0,STAT,60,LAT,LON,W,CRC
08/28/26 20:37:42,22.69,306.95,22.67,11.42,-3.30,503.08,21.40,50.20,0.07,0.52,0.67,0.00,0.00,1,13.87,0.31,27.83,1,-23,15,1,0,STAT,60,LAT,LON,W,CRC
08/28/26 20:38:43,22.69,332.38,23.45,11.43,-1.72,509.18,21.40,50.20,0.30,0.51,0.85,0.00,0.00,1,14.09,99.44,26.04,1,-24,13,0,0,STAT,60,LAT,LON,W,CRC
08/28/26 20:39:43,22.69,320.60,23.69,10.83,-1.68,518.02,21.40,50.30,0.12,0.23,0.33,0.00,0.00,1,14.05,101.37,28.78,1,-21,14,0,0,STAT,60,LAT,LON,W,CRC
08/28/26 20:40:43,22.69,313.16,22.70,10.02,-1.43,526.85,21.40,50.30,0.04,0.17,0.20,0.00,0.00,1,13.98,28.63,26.00,1,-21,15,0,0,STAT,60,LAT,LON,W,CRC
08/28/26 20:41:43,22.69,307.70,23.57,11.18,-3.27,530.84,21.40,50.20,0.01,0.06,0.07,0.00,0.00,1,13.95,8.09,27.28,1,-21,14,0,0,STAT,60,LAT,LON,W,CRC
08/28/26 20:42:43,22.69,309.15,24.63,11.04,-3.30,532.24,21.40,50.20,0.00,0.30,0.30,0.00,0.00,1,13.91,2.28,23.79,1,-21,13,0,0,STAT,60,LAT,LON,W,CRC
08/28/26 20:43:43,22.69,310.06,24.21,10.76,-4.07,532.73,21.40,50.20,0.00,0.41,0.41,0.00,0.00,1,13.87,0.64,25.64,1,-22,13,1,-1,STAT,60,LAT,LON,W,CRC
08/28/26 20:44:45,22.69,310.08,26.06,10.47,-2.24,532.91,21.40,50.20,0.00,0.23,0.23,0.00,0.00,1,13.87,0.18,31.87,1,-22,11,0,0,STAT,60,LAT,LON,W,CRC
08/28/26 20:45:45,22.69,316.84,24.93,10.65,-1.86,532.97,21.40,50.20,0.00,0.08,0.46,0.00,0.00,1,13.84,0.05,25.06,1,-23,12,0,0,STAT,60,LAT,LON,W,CRC
08/28/26 20:46:45,22.69,308.78,25.07,11.69,-1.16,532.42,21.40,50.00,0.00,0.33,0.46,0.00,0.00,1,14.09,162.65,23.73,1,-21,13,0,0,STAT,60,LAT,LON,W,CRC
08/28/26 20:47:45,22.69,309.26,25.10,10.28,-0.25,530.76,21.40,50.20,0.00,0.12,0.16,0.00,0.00,1,13.98,45.94,24.06,1,-21,14,0,0,STAT,60,LAT,LON,W,CRC
08/28/26 20:48:45,22.69,306.89,23.90,10.41,-2.76,529.62,21.40,50.20,0.00,0.04,0.05,0.00,0.00,1,13.95,12.97,25.55,1,-21,13,0,0,STAT,60,LAT,LON,W,CRC
08/28/26 20:49:46,22.69,313.62,23.69,10.17,-2.13,529.22,21.40,50.20,0.00,0.03,0.03,0.00,0.00,1,13.91,3.66,26.37,1,-23,13,1,0,STAT,60,LAT,LON,W,CRC
08/28/26 20:50:46,22.69,307.65,23.88,10.27,-2.21,529.08,21.40,50.20,0.00,0.01,0.01,0.00,0.00,1,13.87,1.03,27.32,1,-21,14,1,0,STAT,60,LAT,LON,W,CRC
08/28/26 20:51:46,22.69,315.45,24.25,11.06,-2.89,528.73,21.40,50.10,0.00,0.51,0.51,0.00,0.00,1,13.87,0.29,27.81,1,-23,14,1,0,STAT,60,LAT,LON,W,CRC
08/28/26 20:52:46,22.69,318.53,24.77,10.68,-3.11,528.33,21.40,50.20,0.00,0.17,0.17,0.00,0.00,1,13.84,0.08,27.09,1,-24,13,0,0,STAT,60,LAT,LON,W,CRC
08/28/26 20:53:46,22.69,311.99,24.25,11.33,-2.41,528.15,21.40,50.10,0.00,0.37,0.37,0.00,0.00,1,14.16,208.36,24.81,1,-21,13,0,0,STAT,60,LAT,LON,W,CRC
08/28/26 20:54:47,22.69,320.14,24.18,10.47,-2.04,528.05,21.40,50.20,0.00,0.43,0.43,0.00,0.00,1,13.98,58.85,26.82,1,-23,13,0,0,STAT,60,LAT,LON,W,CRC
08/28/26 20:55:47,22.69,315.44,23.93,10.15,-0.98,529.20,21.40,50.20,0.00,0.17,0.17,0.00,0.00,1,13.95,16.62,27.22,1,-22,12,0,0,STAT,60,LAT,LON,W,CRC
08/28/26 20:56:47,22.69,317.54,23.57,10.15,-0.24,530.81,21.40,50.20,0.00,0.26,0.48,0.00,0.00,1,13.91,4.69,25.02,1,-22,14,0,0,STAT,60,LAT,LON,W,CRC
08/28/26 20:57:47,22.69,316.86,24.08,10.26,-1.42,531.00,21.40,50.20,0.00,0.09,0.22,0.00,0.00,1,13.91,1.33,25.31,1,-22,13,1,0,STAT,60,LAT,LON,W,CRC
08/28/26 20:58:47,22.70,310.75,24.43,10.00,-1.32,530.38,21.50,50.20,0.00,0.30,0.34,0.00,0.00,1,13.87,0.37,27.02,1,-21,13,1,0,STAT,60,LAT,LON,W,CRC
08/28/26 20:59:48,22.71,320.89,24.07,10.53,-1.17,529.73,21.40,50.10,0.00,0.26,0.27,0.00,0.00,1,13.84,0.11,25.86,1,-23,12,1,0,STAT,60,LAT,LON,W,CRC
08/28/26 21:00:48,22.73,314.41,24.20,10.15,-1.33,529.32,21.50,50.10,0.00,0.48,0.49,0.00,0.00,1,14.12,178.87,24.99,1,-21,14,1,0,STAT,60,LAT,LON,W,CRC
08/28/26 21:01:48,22.75,321.57,24.72,9.53,-1.38,529.05,21.50,50.10,0.00,0.21,0.22,0.00,0.00,1,13.98,50.52,25.30,1,-24,12,0,0,STAT,60,LAT,LON,W,CRC
08/28/26 21:02:48,22.76,320.92,24.19,9.95,-2.52,528.44,21.50,50.10,0.00,0.07,0.11,0.00,0.00,1,13.95,14.27,29.34,1,-22,12,0,0,STAT,60,LAT,LON,W,CRC
08/28/26 21:03:48,22.76,321.45,24.64,10.35,-2.91,527.62,21.50,50.10,0.00,0.02,0.04,0.00,0.00,1,13.91,4.03,26.27,1,-23,11,0,0,STAT,60,LAT,LON,W,CRC
08/28/26 21:04:49,22.77,321.85,24.75,10.46,-3.48,527.87,21.50,50.10,0.00,0.01,0.01,0.00,0.00,1,13.87,1.14,25.38,1,-23,13,0,0,STAT,60,LAT,LON,W,CRC
08/28/26 21:05:49,22.78,323.86,23.29,11.00,-3.83,527.95,21.40,50.10,0.00,0.17,0.17,0.00,0.00,1,13.87,0.32,28.56,1,-23,14,0,0,STAT,60,LAT,LON,W,CRC
08/28/26 21:06:49,22.78,318.20,24.67,9.98,-2.72,527.85,21.50,50.10,0.00,0.52,0.68,0.00,0.00,1,13.84,0.09,26.72,1,-22,13,0,0,STAT,60,LAT,LON,W,CRC
08/28/26 21:07:49,22.78,317.79,23.87,9.65,-0.66,527.22,21.50,49.90,0.00,0.32,0.62,0.00,0.00,1,14.16,202.06,26.62,1,-22,13,1,0,STAT,60,LAT,LON,W,CRC
08/28/26 21:08:49,22.79,322.29,23.49,10.51,-0.85,527.08,21.50,50.00,0.00,0.10,0.21,0.00,0.00,1,14.02,63.55,25.95,1,-23,14,0,0,STAT,60,LAT,LON,W,CRC
08/28/26 21:09:48,22.79,316.62,24.19,10.73,-1.70,527.38,21.50,50.10,0.09,0.27,0.35,0.00,0.00,1,13.95,17.95,28.93,1,-21,14,0,0,STAT,60,LAT,LON,W,CRC
08/28/26 21:10:48,22.79,320.31,24.56,10.67,-1.94,528.08,21.50,50.10,0.03,0.09,0.11,0.00,0.00,1,13.91,5.07,29.37,1,-22,12,0,0,STAT,60,LAT,LON,W,CRC
08/28/26 21:11:49,22.79,322.72,25.30,9.90,-0.89,530.95,21.50,50.00,0.01,0.03,0.04,0.00,0.00,1,13.91,1.43,26.49,1,-22,12,0,0,STAT,60,LAT,LON,W,CRC
08/28/26 21:12:49,22.79,326.82,25.66,10.09,-0.93,533.17,21.50,50.00,0.00,0.21,0.21,0.00,0.00,1,13.87,0.40,26.75,1,-23,11,1,0,STAT,60,LAT,LON,W,CRC
08/28/26 21:13:49,22.79,322.49,25.01,10.17,-2.64,533.82,21.50,50.00,0.00,0.11,0.11,0.00,0.00,1,13.84,0.11,28.14,1,-22,13,0,0,STAT,60,LAT,LON,W,CRC
08/28/26 21:14:49,22.79,320.57,23.85,10.22,-0.23,533.55,21.50,49.90,0.00,0.07,0.07,0.00,0.00,1,14.16,277.70,25.51,1,-22,13,0,0,STAT,60,LAT,LON,W,CRC
08/28/26 21:15:50,22.79,327.85,24.35,10.63,-3.05,531.27,21.50,50.00,0.00,0.02,0.02,0.00,0.00,1,14.02,94.30,28.73,1,-24,14,0,0,STAT,60,LAT,LON,W,CRC
08/28/26 21:16:50,22.79,322.21,25.66,10.66,-1.81,530.08,21.50,49.90,0.00,0.08,0.08,0.00,0.00,1,13.95,26.63,26.63,1,-21,13,0,0,STAT,60,LAT,LON,W,CRC
08/28/26 21:17:50,22.79,321.01,25.53,10.22,-1.30,531.56,21.50,50.00,0.00,0.22,0.22,0.00,0.00,1,13.91,7.52,26.47,1,-21,14,0,0,STAT,60,LAT,LON,W,CRC
08/28/26 21:18:50,22.79,323.71,24.44,9.98,-0.21,533.41,21.50,50.00,0.00,0.26,0.26,0.00,0.00,1,13.91,2.12,26.70,1,-22,13,0,0,STAT,60,LAT,LON,W,CRC
08/28/26 21:19:51,22.79,317.85,22.98,10.69,-2.18,534.77,21.50,50.00,0.00,0.21,0.21,0.00,0.00,1,13.87,0.60,25.01,1,-20,14,0,0,STAT,60,LAT,LON,W,CRC
08/28/26 21:20:50,22.79,326.31,25.12,11.11,-3.63,535.50,21.50,50.00,0.04,0.28,0.28,0.00,0.00,1,13.87,0.17,31.21,1,-22,12,0,0,STAT,60,LAT,LON,W,CRC
08/28/26 21:21:50,22.79,328.13,24.68,9.88,-0.44,535.82,21.50,50.00,0.22,0.43,0.43,0.00,0.00,1,14.09,179.60,28.67,1,-22,12,0,0,STAT,60,LAT,LON,W,CRC
08/28/26 21:22:50,22.79,326.69,23.65,10.55,-1.73,535.94,21.50,49.90,0.08,0.19,0.19,0.00,0.00,1,14.05,100.82,24.84,1,-22,14,0,0,STAT,60,LAT,LON,W,CRC
08/28/26 21:23:50,22.79,321.86,24.52,10.64,-1.46,536.60,21.50,50.00,0.03,0.06,0.06,0.00,0.00,1,13.98,28.47,25.01,1,-20,14,0,0,STAT,60,LAT,LON,W,CRC
08/28/26 21:24:50,22.79,326.72,24.49,10.66,-1.98,537.18,21.50,49.90,0.01,0.02,0.02,0.00,0.00,1,13.95,8.04,26.09,1,-22,12,0,0,STAT,60,LAT,LON,W,CRC
08/28/26 21:25:47,22.79,332.59,24.04,11.02,-3.18,537.23,21.50,49.90,0.00,0.10,0.10,0.00,0.00,1,13.91,2.52,32.13,1,-23,14,0,0,STAT,60,LAT,LON,W,CRC
08/28/26 21:26:47,22.79,330.92,22.20,10.86,-1.45,536.85,21.50,49.90,0.00,0.17,0.17,0.00,0.00,1,13.87,0.71,27.02,1,-23,15,0,0,STAT,60,LAT,LON,W,CRC
08/28/26 21:27:47,22.79,330.85,24.33,10.26,-1.10,535.35,21.50,49.90,0.00,0.12,0.18,0.00,0.00,1,13.87,0.20,26.03,1,-24,13,0,0,STAT,60,LAT,LON,W,CRC
08/28/26 21:28:47,22.79,328.84,24.95,10.08,-1.92,533.90,21.50,49.90,0.00,0.17,0.22,0.00,0.00,1,13.84,0.06,27.20,1,-23,13,0,0,STAT,60,LAT,LON,W,CRC
08/28/26 21:29:47,22.79,325.17,24.22,10.64,-2.23,533.02,21.50,49.90,0.00,0.14,0.15,0.00,0.00,1,14.05,124.38,22.86,1,-22,13,0,0,STAT,60,LAT,LON,W,CRC
08/28/26 21:30:45,22.79,332.20,26.29,10.92,-2.72,531.79,21.50,49.90,0.00,0.14,0.15,0.00,0.00,1,13.95,35.13,30.34,1,-23,10,0,0,STAT,60,LAT,LON,W,CRC
08/28/26 21:31:45,22.79,329.51,24.35,11.72,-3.07,531.31,21.50,49.90,0.00,0.04,0.05,0.00,0.00,1,13.95,9.92,31.09,1,-22,13,0,0,STAT,60,LAT,LON,W,CRC
08/28/26 21:32:45,22.81,333.63,25.64,11.29,-2.33,531.11,21.50,49.90,0.00,0.02,0.04,0.00,0.00,1,13.91,2.80,29.15,1,-23,11,0,0,STAT,60,LAT,LON,W,CRC
08/28/26 21:33:46,22.82,329.11,24.93,10.58,-3.40,530.81,21.50,49.90,0.00,0.00,0.01,0.00,0.00,1,13.87,0.79,25.22,1,-23,12,0,0,STAT,60,LAT,LON,W,CRC
08/28/26 21:34:46,22.84,324.55,23.49,10.32,-2.15,530.28,21.50,49.90,0.00,0.03,0.04,0.00,0.00,1,13.87,0.22,25.14,1,-21,13,0,0,STAT,60,LAT,LON,W,CRC
08/28/26 21:35:46,22.86,326.56,22.88,10.30,-2.11,530.10,21.50,49.90,0.17,0.57,0.57,0.00,0.00,1,14.05,0.06,27.40,1,-22,14,0,0,STAT,60,LAT,LON,W,CRC
08/28/26 21:36:47,22.86,331.20,24.15,11.10,-2.32,529.81,21.50,49.90,0.06,0.25,0.25,0.00,0.00,1,14.05,115.04,26.85,1,-23,12,0,0,STAT,60,LAT,LON,W,CRC
08/28/26 21:37:47,22.87,329.04,22.58,11.25,-2.29,529.12,21.50,49.80,0.02,0.27,0.27,0.00,0.00,1,13.98,32.49,25.33,1,-23,14,1,0,STAT,60,LAT,LON,W,CRC
08/28/26 21:38:47,22.87,329.53,23.24,10.18,-1.60,528.40,21.50,49.80,0.01,0.20,0.20,0.00,0.00,1,13.95,9.18,25.42,1,-23,14,0,0,STAT,60,LAT,LON,W,CRC
08/28/26 21:39:48,22.88,334.97,23.90,10.17,-1.25,525.73,21.50,49.70,0.00,0.07,0.15,0.00,0.00,1,13.91,2.59,26.21,1,-24,13,1,0,STAT,60,LAT,LON,W,CRC
08/28/26 21:40:48,22.88,330.01,24.49,10.19,-0.35,523.31,21.50,49.80,0.00,0.17,0.20,0.00,0.00,1,13.87,0.73,25.02,1,-23,12,1,0,STAT,60,LAT,LON,W,CRC
08/28/26 21:41:48,22.88,322.39,24.01,11.05,-3.14,521.99,21.50,49.90,0.09,0.35,0.44,0.00,0.00,1,13.84,0.21,37.41,1,-20,13,1,0,STAT,60,LAT,LON,W,CRC
08/28/26 21:42:48,22.88,329.66,23.54,11.19,-2.92,521.35,21.50,49.80,0.03,0.13,0.23,0.00,0.00,1,13.84,0.06,30.84,1,-23,14,1,0,STAT,60,LAT,LON,W,CRC
08/28/26 21:43:49,22.88,322.16,24.81,10.13,-0.26,521.42,21.50,49.80,0.01,0.48,0.52,0.00,0.00,1,14.05,128.02,27.24,1,-21,12,1,0,STAT,60,LAT,LON,W,CRC
08/28/26 21:44:49,22.89,327.93,23.61,9.70,-0.77,522.25,21.50,49.80,0.00,0.21,0.24,0.00,0.00,1,13.98,36.16,24.81,1,-24,12,1,0,STAT,60,LAT,LON,W,CRC
08/28/26 21:45:49,22.89,325.67,23.50,10.25,-1.95,522.74,21.50,49.80,0.00,0.16,0.21,0.00,0.00,1,13.95,10.21,27.23,1,-22,13,0,0,STAT,60,LAT,LON,W,CRC
08/28/26 21:46:50,22.89,312.47,24.79,10.71,-1.17,522.91,21.50,49.80,0.00,0.39,0.56,0.00,0.00,1,13.87,2.88,43.33,1,-18,13,0,0,STAT,60,LAT,LON,W,CRC
08/28/26 21:47:50,22.89,322.48,26.16,10.42,-0.97,522.97,21.50,49.80,0.00,0.32,0.37,0.00,0.00,1,13.87,0.81,31.77,1,-21,11,0,0,STAT,60,LAT,LON,W,CRC
08/28/26 21:48:50,22.89,324.21,23.49,10.18,0.60,522.91,21.50,49.80,0.00,0.10,0.11,0.00,0.00,1,13.87,0.23,25.53,1,-21,14,0,1,STAT,60,LAT,LON,W,CRC
08/28/26 21:49:50,22.89,329.19,24.17,9.94,-0.91,522.42,21.60,49.70,0.00,0.25,0.78,0.00,0.00,1,13.84,0.06,26.90,1,-23,13,0,0,STAT,60,LAT,LON,W,CRC
08/28/26 21:50:50,22.89,329.91,22.77,9.73,-0.62,521.99,21.60,49.70,0.00,0.48,0.65,0.00,0.00,1,14.09,197.70,27.08,1,-23,14,0,0,STAT,60,LAT,LON,W,CRC
08/28/26 21:51:51,22.89,330.42,23.13,11.17,-2.00,521.35,21.50,49.70,0.00,0.69,0.80,0.00,0.00,1,13.98,55.84,23.80,1,-24,14,0,0,STAT,60,LAT,LON,W,CRC
08/28/26 21:52:51,22.89,327.37,23.77,10.02,-0.68,518.56,21.50,49.40,0.00,0.53,0.57,0.00,0.00,1,13.95,15.77,26.23,1,-23,13,0,0,STAT,60,LAT,LON,W,CRC
08/28/26 21:53:51,22.89,321.26,24.61,10.47,-0.85,510.44,21.50,49.60,0.00,0.18,0.54,0.00,0.00,1,13.91,4.45,26.82,1,-23,14,1,0,STAT,60,LAT,LON,W,CRC
08/28/26 21:54:51,22.89,317.51,24.79,10.37,-0.48,504.89,21.50,49.70,0.00,0.45,0.59,0.00,0.00,1,13.91,1.26,23.28,1,-22,12,0,0,STAT,60,LAT,LON,W,CRC
08/28/26 21:55:51,22.89,317.64,24.38,10.84,-0.75,502.82,21.50,49.70,0.00,0.30,0.35,0.00,0.00,1,13.87,0.36,25.23,1,-21,12,0,0,STAT,60,LAT,LON,W,CRC
08/28/26 21:56:52,22.89,317.66,25.27,10.89,-2.55,501.29,21.50,49.70,0.00,0.24,0.26,0.00,0.00,1,13.84,0.10,25.72,1,-22,12,1,0,STAT,60,LAT,LON,W,CRC
08/28/26 21:57:51,22.89,321.74,24.14,11.89,-3.85,503.11,21.50,49.70,0.11,0.69,0.69,0.00,0.00,1,14.05,139.97,28.72,1,-23,13,1,0,STAT,60,LAT,LON,W,CRC
08/28/26 21:58:52,22.89,318.05,26.27,10.56,-2.27,504.44,21.50,49.10,0.05,0.57,0.57,0.00,0.00,1,13.98,39.53,25.54,1,-23,12,1,0,STAT,60,LAT,LON,W,CRC
08/28/26 21:59:52,22.89,317.67,25.75,10.79,-1.69,502.09,21.50,49.70,0.03,0.44,0.44,0.00,0.00,1,13.95,11.16,27.04,1,-22,11,1,0,STAT,60,LAT,LON,W,CRC
08/28/26 22:00:52,22.89,314.08,25.08,10.65,-1.53,497.67,21.40,49.40,0.05,0.61,0.61,0.00,0.00,1,13.91,3.15,28.00,1,-22,11,0,0,STAT,60,LAT,LON,W,CRC
08/28/26 22:01:52,22.89,307.93,24.46,11.03,-1.32,494.00,21.50,49.80,0.02,0.34,0.34,0.00,0.00,1,13.87,0.89,26.18,1,-21,13,0,0,STAT,60,LAT,LON,W,CRC
08/28/26 22:02:53,22.89,306.95,25.00,11.26,-1.89,497.31,21.50,49.80,0.07,0.57,0.60,0.00,0.00,1,13.87,0.25,25.89,1,-20,12,0,0,STAT,60,LAT,LON,W,CRC
08/28/26 22:03:53,22.89,315.61,24.55,11.14,-1.84,501.91,21.50,49.90,0.02,0.57,0.64,0.00,0.00,1,13.84,0.07,26.62,1,-23,13,1,0,STAT,60,LAT,LON,W,CRC
08/28/26 22:04:54,22.89,311.75,24.10,10.38,-0.81,506.54,21.50,49.90,0.04,0.41,0.44,0.00,0.00,1,14.09,167.80,28.46,1,-22,14,1,0,STAT,60,LAT,LON,W,CRC
08/28/26 22:05:54,22.89,315.18,23.48,10.20,0.99,511.10,21.50,49.80,0.20,0.61,0.63,0.00,0.00,1,13.98,47.39,25.70,1,-23,14,0,1,STAT,60,LAT,LON,W,CRC
08/28/26 22:06:54,22.89,320.89,24.48,10.88,-1.87,514.68,21.50,49.80,0.11,0.67,0.68,0.00,0.00,1,13.95,13.38,27.03,1,-24,12,1,0,STAT,60,LAT,LON,W,CRC
08/28/26 22:07:51,22.89,319.73,24.57,9.77,1.56,513.63,21.50,49.40,0.10,0.60,0.60,0.00,0.00,1,13.91,4.20,32.16,1,-24,12,0,0,STAT,60,LAT,LON,W,CRC
08/28/26 22:08:51,22.89,315.92,24.54,10.65,0.40,507.71,21.50,49.80,0.03,0.51,0.51,0.00,0.00,1,13.87,1.19,27.68,1,-24,11,0,0,STAT,60,LAT,LON,W,CRC
08/28/26 22:09:51,22.89,312.52,24.09,10.99,-1.42,506.23,21.50,49.80,0.01,0.22,0.22,0.00,0.00,1,13.87,0.34,27.63,1,-22,13,1,0,STAT,60,LAT,LON,W,CRC
08/28/26 22:10:51,22.89,311.64,23.68,10.61,-0.98,509.54,21.50,49.80,0.00,0.07,0.07,0.00,0.00,1,13.84,0.09,25.83,1,-21,14,1,0,STAT,60,LAT,LON,W,CRC
08/28/26 22:11:51,22.88,311.64,23.99,10.76,-0.20,512.01,21.50,49.80,0.00,0.05,0.05,0.00,0.00,1,14.16,247.77,25.41,1,-21,13,1,0,STAT,60,LAT,LON,W,CRC
08/28/26 22:12:52,22.89,311.14,24.54,10.51,-0.67,514.03,21.50,49.50,0.00,0.02,0.06,0.00,0.00,1,13.98,69.98,31.57,1,-22,14,1,0,STAT,60,LAT,LON,W,CRC
08/28/26 22:13:52,22.89,306.45,26.17,9.77,1.96,508.36,21.50,49.00,0.00,0.32,0.46,0.00,0.00,1,13.95,19.76,28.52,1,-22,11,1,0,STAT,60,LAT,LON,W,CRC
08/28/26 22:14:52,22.89,307.03,25.79,10.47,2.14,497.75,21.40,49.70,0.23,0.77,0.90,0.00,0.00,1,13.91,5.58,25.80,1,-22,11,0,1,STAT,60,LAT,LON,W,CRC
08/28/26 22:15:52,22.89,307.20,25.37,10.88,0.11,495.51,21.40,49.60,0.08,0.55,0.59,0.00,0.00,1,13.91,1.58,25.35,1,-22,12,0,0,STAT,60,LAT,LON,W,CRC
08/28/26 22:16:52,22.89,310.66,24.02,9.92,-0.14,494.42,21.40,49.60,0.03,0.45,0.62,0.00,0.00,1,13.87,0.45,26.47,1,-24,14,0,0,STAT,60,LAT,LON,W,CRC
08/28/26 22:17:53,22.88,297.93,22.13,9.55,-0.05,493.39,21.40,49.80,0.04,0.52,0.83,0.00,0.00,1,14.09,199.93,30.28,1,-20,15,0,0,STAT,60,LAT,LON,W,CRC
08/28/26 22:18:53,22.88,297.45,23.95,10.22,0.55,496.41,21.50,49.80,0.01,0.19,0.28,0.00,0.00,1,14.05,109.39,28.36,1,-19,14,0,0,STAT,60,LAT,LON,W,CRC
08/28/26 22:19:53,22.89,303.19,24.16,11.04,-1.08,502.14,21.50,49.70,0.00,0.25,0.29,0.00,0.00,1,13.98,30.90,26.98,1,-20,14,0,0,STAT,60,LAT,LON,W,CRC
08/28/26 22:20:53,22.89,303.35,24.35,10.89,-2.88,505.45,21.50,49.80,0.02,0.28,0.29,0.00,0.00,1,13.95,8.73,24.53,1,-20,14,1,0,STAT,60,LAT,LON,W,CRC
08/28/26 22:21:54,22.89,304.47,25.58,10.33,-0.94,508.33,21.50,49.80,0.01,0.28,0.28,0.00,0.00,1,13.91,2.46,25.42,1,-21,12,1,0,STAT,60,LAT,LON,W,CRC
08/28/26 22:22:54,22.89,307.53,24.47,10.78,-0.79,511.62,21.50,49.80,0.00,0.25,0.25,0.00,0.00,1,13.87,0.70,27.13,1,-21,14,0,0,STAT,60,LAT,LON,W,CRC
08/28/26 22:23:54,22.88,301.15,23.61,11.55,-0.87,513.70,21.50,49.70,0.00,0.11,0.11,0.00,0.00,1,13.87,0.20,29.70,1,-20,15,0,0,STAT,60,LAT,LON,W,CRC
08/28/26 22:24:54,22.89,305.99,24.66,10.63,-1.01,514.93,21.50,49.70,0.00,0.18,0.18,0.00,0.00,1,13.84,0.06,26.97,1,-21,13,1,0,STAT,60,LAT,LON,W,CRC
08/28/26 22:25:54,22.88,307.80,23.25,10.85,-0.99,515.78,21.50,49.80,0.00,0.08,0.08,0.00,0.00,1,14.05,159.98,26.06,1,-21,14,1,0,STAT,60,LAT,LON,W,CRC
08/28/26 22:26:55,22.88,307.29,23.94,10.64,-1.21,516.53,21.50,49.80,0.04,0.23,0.23,0.00,0.00,1,13.98,45.18,26.39,1,-22,14,0,0,STAT,60,LAT,LON,W,CRC
08/28/26 22:27:55,22.88,307.91,23.59,10.92,-1.86,516.75,21.50,49.80,0.21,0.78,0.78,0.00,0.00,1,13.95,12.76,23.92,1,-22,13,0,0,STAT,60,LAT,LON,W,CRC
08/28/26 22:28:55,22.88,312.67,25.74,10.71,-2.73,516.42,21.50,49.70,0.06,0.50,0.55,0.00,0.00,1,13.91,3.60,29.71,1,-23,12,1,0,STAT,60,LAT,LON,W,CRC
08/28/26 22:29:55,22.89,310.36,24.67,10.82,-2.00,516.26,21.50,49.60,0.02,0.58,0.66,0.00,0.00,1,13.87,1.02,28.28,1,-23,13,1,0,STAT,60,LAT,LON,W,CRC
08/28/26 22:30:55,22.89,303.08,24.16,10.82,0.46,513.38,21.50,49.60,0.01,0.41,0.44,0.00,0.00,1,13.87,0.29,25.38,1,-21,14,1,0,STAT,60,LAT,LON,W,CRC
08/28/26 22:31:55,22.89,309.01,24.64,11.03,-1.42,511.15,21.50,49.70,0.00,0.16,0.17,0.00,0.00,1,13.84,0.08,25.93,1,-22,13,1,0,STAT,60,LAT,LON,W,CRC
08/28/26 22:32:55,22.88,307.26,24.33,10.99,-2.30,510.40,21.50,49.60,0.00,0.19,0.19,0.00,0.00,1,14.09,176.26,26.12,1,-21,14,0,0,STAT,60,LAT,LON,W,CRC
08/28/26 22:33:55,22.89,310.29,25.83,11.08,-2.58,510.41,21.50,49.40,0.00,0.27,0.48,0.00,0.00,1,13.98,49.78,28.97,1,-22,13,1,0,STAT,60,LAT,LON,W,CRC
08/28/26 22:34:56,22.89,309.06,25.67,11.21,-2.35,509.10,21.50,49.50,0.00,0.20,0.27,0.00,0.00,1,13.95,14.06,27.02,1,-21,12,1,0,STAT,60,LAT,LON,W,CRC
08/28/26 22:35:56,22.89,311.14,25.37,10.26,-0.23,508.30,21.50,49.50,0.00,0.10,0.12,0.00,0.00,1,13.91,3.97,26.71,1,-22,12,1,0,STAT,60,LAT,LON,W,CRC
08/28/26 22:36:56,22.89,311.95,25.08,10.37,0.37,507.46,21.50,49.30,0.00,0.08,0.09,0.00,0.00,1,13.87,1.12,27.64,1,-22,12,1,0,STAT,60,LAT,LON,W,CRC
08/28/26 22:37:56,22.89,308.08,24.07,11.47,-1.25,507.16,21.50,49.60,0.00,0.35,0.35,0.00,0.00,1,13.87,0.32,26.57,1,-20,13,1,0,STAT,60,LAT,LON,W,CRC
08/28/26 22:38:57,22.89,311.24,22.88,10.33,-0.65,507.06,21.60,49.50,0.23,0.77,0.77,0.00,0.00,1,14.12,235.44,31.71,1,-21,15,1,0,STAT,60,LAT,LON,W,CRC
08/28/26 22:39:57,22.89,307.64,24.26,11.20,-1.37,507.10,21.50,49.60,0.08,0.53,0.53,0.00,0.00,1,14.02,97.95,29.19,1,-20,13,0,0,STAT,60,LAT,LON,W,CRC
08/28/26 22:40:57,22.89,301.39,27.32,11.12,-1.06,507.77,21.50,49.50,0.03,0.38,0.46,0.00,0.00,1,13.98,27.67,28.73,1,-20,10,1,0,STAT,60,LAT,LON,W,CRC
08/28/26 22:41:57,22.89,308.94,25.76,10.80,-0.37,509.60,21.50,49.50,0.01,0.30,0.46,0.00,0.00,1,13.95,7.81,26.33,1,-21,11,1,0,STAT,60,LAT,LON,W,CRC
08/28/26 22:42:58,22.89,312.04,27.03,11.68,-1.26,511.80,21.50,49.50,0.00,0.66,0.71,0.00,0.00,1,13.91,2.21,25.46,1,-22,12,1,0,STAT,60,LAT,LON,W,CRC
08/28/26 22:43:57,22.89,305.55,25.32,11.31,-2.37,513.81,21.50,49.60,0.00,0.29,0.31,0.00,0.00,1,13.87,0.62,31.78,1,-21,13,1,0,STAT,60,LAT,LON,W,CRC
08/28/26 22:44:57,22.89,309.43,22.58,11.24,-1.56,516.32,21.60,49.50,0.00,0.13,0.14,0.00,0.00,1,13.87,0.18,30.54,1,-20,15,0,0,STAT,60,LAT,LON,W,CRC
08/28/26 22:45:57,22.89,308.97,22.29,11.08,-2.14,519.44,21.60,49.50,0.11,0.40,0.54,0.00,0.00,1,13.84,0.05,26.90,1,-21,17,1,0,STAT,60,LAT,LON,W,CRC
08/28/26 22:46:57,22.89,308.27,22.81,11.64,-2.57,522.29,21.60,49.60,0.04,0.18,0.23,0.00,0.00,1,14.09,160.03,27.00,1,-20,15,0,0,STAT,60,LAT,LON,W,CRC
08/28/26 22:47:57,22.89,313.16,22.78,11.28,-2.47,524.05,21.60,49.60,0.01,0.30,0.31,0.00,0.00,1,13.98,45.20,26.28,1,-22,15,0,0,STAT,60,LAT,LON,W,CRC
08/28/26 22:48:59,22.89,308.47,24.08,10.66,-2.01,524.66,21.50,49.50,0.00,0.20,0.41,0.00,0.00,1,13.95,12.77,29.67,1,-20,14,0,0,STAT,60,LAT,LON,W,CRC
08/28/26 22:49:54,22.89,307.98,22.95,10.60,-2.55,525.33,21.60,49.50,0.02,0.41,0.51,0.00,0.00,1,13.91,4.01,30.04,1,-21,15,0,-1,STAT,60,LAT,LON,W,CRC
08/28/26 22:50:54,22.89,310.95,23.64,11.76,-3.39,525.76,21.60,49.50,0.01,0.45,0.63,0.00,0.00,1,13.87,1.13,28.66,1,-21,15,1,0,STAT,60,LAT,LON,W,CRC
08/28/26 22:51:54,22.89,307.59,25.23,10.72,-2.25,525.83,21.60,49.40,0.18,0.43,0.49,0.00,0.00,1,13.87,0.32,24.84,1,-20,13,1,0,STAT,60,LAT,LON,W,CRC
08/28/26 22:52:54,22.89,308.06,25.19,11.02,-1.58,524.78,21.60,49.40,0.06,0.24,0.26,0.00,0.00,1,13.84,0.09,26.15,1,-21,12,1,0,STAT,60,LAT,LON,W,CRC
08/28/26 22:53:54,22.89,305.89,25.31,10.56,-2.19,522.74,21.60,49.50,0.02,0.10,0.25,0.00,0.00,1,14.09,185.44,26.62,1,-20,12,0,0,STAT,60,LAT,LON,W,CRC
08/28/26 22:54:54,22.89,300.12,26.57,11.16,-2.74,519.42,21.60,49.40,0.01,0.08,0.15,0.00,0.00,1,13.98,52.37,30.24,1,-19,12,0,0,STAT,60,LAT,LON,W,CRC
08/28/26 22:55:55,22.89,301.67,24.40,11.72,-2.88,515.45,21.60,49.40,0.00,0.08,0.11,0.00,0.00,1,13.95,14.79,25.83,1,-19,14,0,0,STAT,60,LAT,LON,W,CRC
08/28/26 22:56:55,22.89,305.49,24.23,11.22,-2.02,512.70,21.60,49.10,0.09,0.17,0.18,0.00,0.00,1,13.91,4.18,25.90,1,-20,15,0,0,STAT,60,LAT,LON,W,CRC
08/28/26 22:57:55,22.89,302.56,24.70,10.65,-0.85,508.39,21.60,49.10,0.03,0.58,0.58,0.00,0.00,1,13.87,1.18,27.54,1,-21,13,0,0,STAT,60,LAT,LON,W,CRC
08/28/26 22:58:55,22.89,299.92,24.76,10.91,-1.30,506.19,21.60,49.10,0.18,0.63,0.63,0.00,0.00,1,13.87,0.33,26.76,1,-20,13,1,0,STAT,60,LAT,LON,W,CRC
08/28/26 22:59:57,22.89,302.28,23.60,10.10,0.14,505.34,21.60,48.90,0.13,0.52,0.52,0.00,0.00,1,13.84,0.09,29.82,1,-21,14,1,0,STAT,60,LAT,LON,W,CRC
08/28/26 23:00:57,22.89,305.07,23.89,10.49,-0.99,503.78,21.60,49.00,0.18,0.64,0.76,0.00,0.00,1,14.05,148.27,28.33,1,-23,13,1,0,STAT,60,LAT,LON,W,CRC
08/28/26 23:01:57,22.89,309.04,24.83,10.40,-1.67,499.28,21.50,48.50,0.16,0.55,0.69,0.00,0.00,1,13.98,41.87,25.15,1,-25,13,1,0,STAT,60,LAT,LON,W,CRC
08/28/26 23:02:57,22.89,308.89,25.70,10.25,-0.06,487.40,21.60,48.60,0.07,1.03,1.07,0.00,0.00,1,13.95,11.83,25.22,1,-22,13,0,0,STAT,60,LAT,LON,W,CRC
08/28/26 23:03:57,22.89,312.41,26.76,10.67,0.01,481.62,21.50,48.70,0.02,1.03,1.05,0.00,0.00,1,13.91,3.34,26.21,1,-23,12,1,0,STAT,60,LAT,LON,W,CRC
08/28/26 23:04:58,22.89,304.54,25.74,10.44,0.24,482.95,21.50,48.60,0.01,0.41,0.50,0.00,0.00,1,13.87,0.94,33.78,1,-21,13,1,0,STAT,60,LAT,LON,W,CRC
08/28/26 23:05:58,22.89,300.98,25.57,10.71,0.88,488.11,21.50,48.20,0.13,0.46,0.50,0.00,0.00,1,13.87,0.27,27.93,1,-21,13,1,0,STAT,60,LAT,LON,W,CRC
08/28/26 23:06:58,22.89,294.80,25.50,10.53,-1.66,487.98,21.50,48.40,0.18,0.54,0.80,0.00,0.00,1,13.84,0.08,28.62,1,-21,13,0,0,STAT,60,LAT,LON,W,CRC
08/28/26 23:07:58,22.89,290.45,25.99,10.73,0.36,484.40,21.50,48.40,0.25,0.71,0.80,0.00,0.00,1,14.12,240.07,26.54,1,-21,12,1,0,STAT,60,LAT,LON,W,CRC
08/28/26 23:08:58,22.89,296.11,24.60,11.36,-1.10,482.84,21.50,48.50,0.19,0.66,0.68,0.00,0.00,1,13.98,67.80,25.38,1,-23,14,1,0,STAT,60,LAT,LON,W,CRC
08/28/26 23:09:59,22.89,290.52,24.18,11.03,-1.54,483.39,21.50,48.50,0.14,0.51,0.52,0.00,0.00,1,13.95,19.15,37.16,1,-22,14,1,0,STAT,60,LAT,LON,W,CRC
08/28/26 23:10:59,22.89,291.66,26.33,11.52,-0.39,484.07,21.50,48.30,0.38,0.93,0.93,0.00,0.00,1,13.91,5.41,30.87,1,-22,12,1,0,STAT,60,LAT,LON,W,CRC
08/28/26 23:12:00,22.89,289.02,25.96,11.89,-1.06,484.72,21.50,48.30,0.18,0.82,1.14,0.00,0.00,1,13.91,1.53,25.17,1,-22,12,0,0,STAT,60,LAT,LON,W,CRC
08/28/26 23:13:00,22.89,284.52,23.81,12.14,-0.73,486.78,21.50,48.30,0.45,0.91,1.10,0.00,0.00,1,13.87,0.43,26.55,1,-21,14,1,0,STAT,60,LAT,LON,W,CRC
08/28/26 23:14:00,22.89,290.64,23.87,11.72,-1.44,493.15,21.50,48.30,0.57,0.92,0.98,0.00,0.00,1,13.84,0.12,28.40,1,-23,15,1,0,STAT,60,LAT,LON,W,CRC
08/28/26 23:15:00,22.89,291.63,25.05,11.01,-2.61,502.73,21.50,48.30,0.79,1.10,1.19,0.00,0.00,1,14.16,246.99,25.71,1,-21,13,1,0,STAT,60,LAT,LON,W,CRC
08/28/26 23:15:55,22.89,290.85,24.88,10.77,-2.26,512.80,21.40,48.20,0.34,0.97,1.00,0.00,0.00,1,14.02,86.73,27.94,1,-21,13,1,0,STAT,60,LAT,LON,W,CRC
08/28/26 23:16:55,22.89,285.45,25.39,10.56,-1.39,514.62,21.40,48.20,0.24,1.01,1.02,0.00,0.00,1,13.95,24.50,27.47,1,-21,14,1,0,STAT,60,LAT,LON,W,CRC
08/28/26 23:17:55,22.89,286.38,26.35,10.82,-1.10,511.95,21.40,48.10,0.61,1.00,1.01,0.00,0.00,1,13.91,6.92,26.28,1,-20,14,1,0,STAT,60,LAT,LON,W,CRC
08/28/26 23:18:55,22.89,290.63,27.05,11.14,-1.39,515.10,21.40,48.10,0.32,0.92,1.07,0.00,0.00,1,13.91,1.95,24.77,1,-21,12,0,0,STAT,60,LAT,LON,W,CRC
08/28/26 23:19:55,22.89,295.53,27.54,10.56,-1.10,521.90,21.40,47.80,0.39,0.84,0.89,0.00,0.00,1,13.87,0.55,24.86,1,-22,12,1,0,STAT,60,LAT,LON,W,CRC
08/28/26 23:20:57,22.89,292.71,25.53,11.37,-0.38,519.18,21.30,48.10,0.15,0.56,0.58,0.00,0.00,1,13.87,0.16,23.92,1,-23,14,1,0,STAT,60,LAT,LON,W,CRC
08/28/26 23:21:57,22.89,278.86,26.18,9.87,2.63,509.22,21.30,47.90,0.28,0.96,1.06,0.00,0.00,1,14.09,189.17,25.41,1,-20,13,1,1,STAT,60,LAT,LON,W,CRC
08/28/26 23:22:57,22.88,280.21,25.07,9.99,2.74,496.21,21.20,48.10,0.10,0.74,0.77,0.00,0.00,1,14.05,105.34,27.70,1,-22,14,1,0,STAT,60,LAT,LON,W,CRC
08/28/26 23:23:57,22.88,281.42,24.89,10.66,1.72,486.32,21.20,48.20,0.10,0.74,0.75,0.00,0.00,1,13.98,29.75,25.95,1,-22,13,1,0,STAT,60,LAT,LON,W,CRC
08/28/26 23:24:57,22.87,283.35,24.12,10.94,0.86,488.35,21.20,48.20,0.39,0.72,0.72,0.00,0.00,1,13.95,8.40,25.70,1,-21,13,1,0,STAT,60,LAT,LON,W,CRC
08/28/26 23:25:58,22.84,284.40,24.88,11.02,-0.03,497.20,21.20,48.40,0.13,0.41,0.41,0.00,0.00,1,13.91,2.37,27.56,1,-21,12,1,0,STAT,60,LAT,LON,W,CRC
08/28/26 23:26:58,22.81,282.71,24.86,10.73,-0.32,499.93,21.30,48.40,0.04,0.57,0.57,0.00,0.00,1,13.87,0.67,29.09,1,-21,12,1,0,STAT,60,LAT,LON,W,CRC
08/28/26 23:27:58,22.80,290.60,24.94,10.81,0.97,503.62,21.20,48.40,0.26,0.76,0.76,0.00,0.00,1,13.87,0.19,25.62,1,-22,12,1,0,STAT,60,LAT,LON,W,CRC
08/28/26 23:28:58,22.79,292.43,24.91,10.92,2.68,508.54,21.20,48.30,0.24,0.65,0.65,0.00,0.00,1,13.84,0.05,25.21,1,-22,13,1,1,STAT,60,LAT,LON,W,CRC
08/28/26 23:29:58,22.79,291.72,26.64,11.34,0.86,505.57,21.20,48.50,0.10,0.39,0.43,0.00,0.00,1,14.05,137.72,26.33,1,-23,12,1,0,STAT,60,LAT,LON,W,CRC
08/28/26 23:30:59,22.79,290.27,25.87,11.59,0.63,504.90,21.20,48.50,0.17,0.80,0.87,0.00,0.00,1,13.95,38.90,36.11,1,-21,14,1,0,STAT,60,LAT,LON,W,CRC
08/28/26 23:31:59,22.79,287.87,24.89,11.79,1.64,504.95,21.20,48.70,0.06,0.69,0.71,0.00,0.00,1,13.91,10.99,29.46,1,-21,14,1,0,STAT,60,LAT,LON,W,CRC
08/28/26 23:33:00,22.79,288.12,24.98,11.59,0.66,502.03,21.20,48.70,0.02,0.77,0.78,0.00,0.00,1,13.91,3.10,25.79,1,-21,14,1,0,STAT,60,LAT,LON,W,CRC
08/28/26 23:34:00,22.79,288.20,24.93,10.47,2.89,502.49,21.20,48.60,0.17,0.63,1.11,0.00,0.00,1,13.87,0.88,25.89,1,-22,13,1,0,STAT,60,LAT,LON,W,CRC
08/28/26 23:35:00,22.79,282.17,25.12,10.96,2.80,493.02,21.10,48.50,0.05,0.59,0.75,0.00,0.00,1,13.87,0.25,28.22,1,-22,14,1,0,STAT,60,LAT,LON,W,CRC
08/28/26 23:35:59,22.78,279.36,24.92,11.18,2.16,479.43,21.10,48.70,0.02,0.78,0.83,0.00,0.00,1,14.12,148.30,25.00,1,-21,14,1,0,STAT,60,LAT,LON,W,CRC
08/28/26 23:36:59,22.77,284.53,25.03,10.60,2.64,480.93,21.10,48.80,0.15,0.71,0.73,0.00,0.00,1,14.05,86.75,27.26,1,-22,14,1,1,STAT,60,LAT,LON,W,CRC
08/28/26 23:37:59,22.75,279.41,25.29,10.75,2.46,484.20,21.10,48.60,0.05,0.51,0.51,0.00,0.00,1,13.98,24.50,26.31,1,-21,12,1,0,STAT,60,LAT,LON,W,CRC
08/28/26 23:38:59,22.72,279.15,24.72,11.33,-0.62,486.49,21.10,48.60,0.06,0.46,0.67,0.00,0.00,1,13.95,6.92,29.41,1,-20,13,0,0,STAT,60,LAT,LON,W,CRC
08/28/26 23:39:59,22.70,283.94,24.70,11.61,-0.51,491.69,21.10,48.50,0.02,0.58,0.64,0.00,0.00,1,13.91,1.95,25.38,1,-22,14,0,0,STAT,60,LAT,LON,W,CRC
08/28/26 23:41:00,22.69,280.24,24.90,11.16,2.36,486.19,21.10,48.60,0.01,0.96,1.02,0.00,0.00,1,13.87,0.55,27.76,1,-24,14,0,0,STAT,60,LAT,LON,W,CRC
08/28/26 23:42:00,22.69,272.33,26.10,11.67,-1.12,475.58,21.10,48.70,0.14,0.89,0.91,0.00,0.00,1,13.87,0.16,29.34,1,-21,12,1,0,STAT,60,LAT,LON,W,CRC
08/28/26 23:43:00,22.69,282.28,24.30,10.63,2.10,472.17,21.10,48.80,0.07,0.52,0.52,0.00,0.00,1,13.84,0.04,24.95,1,-23,13,1,1,STAT,60,LAT,LON,W,CRC
08/28/26 23:44:00,22.69,280.25,24.52,11.14,0.28,474.60,21.10,48.70,0.05,0.38,0.59,0.00,0.00,1,14.05,136.33,24.61,1,-22,13,1,0,STAT,60,LAT,LON,W,CRC
08/28/26 23:45:00,22.69,278.96,24.79,11.21,0.07,477.95,21.10,48.70,0.12,0.36,0.48,0.00,0.00,1,13.98,38.50,25.77,1,-22,12,1,0,STAT,60,LAT,LON,W,CRC
08/28/26 23:46:01,22.69,274.19,24.25,11.84,0.32,479.60,21.10,48.70,0.06,0.16,0.19,0.00,0.00,1,13.95,10.87,27.74,1,-22,12,1,0,STAT,60,LAT,LON,W,CRC
08/28/26 23:47:01,22.69,272.16,23.98,11.16,0.25,480.16,21.10,48.80,0.03,0.41,0.42,0.00,0.00,1,13.91,3.07,26.26,1,-21,14,1,0,STAT,60,LAT,LON,W,CRC
08/28/26 23:48:01,22.68,276.00,24.53,10.63,2.02,482.51,21.10,48.70,0.01,0.46,0.71,0.00,0.00,1,13.87,0.87,25.94,1,-21,14,1,1,STAT,60,LAT,LON,W,CRC
08/28/26 23:49:01,22.67,276.41,23.52,11.41,1.41,487.43,21.10,48.70,0.00,0.38,0.64,0.00,0.00,1,13.87,0.24,26.93,1,-21,15,1,1,STAT,60,LAT,LON,W,CRC
08/28/26 23:50:01,22.66,280.47,23.89,12.04,0.39,489.61,21.10,48.60,0.00,0.35,1.17,0.00,0.00,1,13.84,0.07,29.76,1,-21,15,1,1,STAT,60,LAT,LON,W,CRC
08/28/26 23:51:01,22.63,273.38,24.88,11.44,0.38,490.74,21.10,48.60,0.00,0.23,0.56,0.00,0.00,1,14.09,160.32,25.27,1,-20,13,1,0,STAT,60,LAT,LON,W,CRC
08/28/26 23:52:01,22.61,281.36,22.07,10.58,1.08,490.07,21.10,48.70,0.03,0.24,0.34,0.00,0.00,1,13.98,45.28,32.36,1,-23,16,1,0,STAT,60,LAT,LON,W,CRC
08/28/26 23:53:01,22.60,280.03,23.90,11.52,1.64,489.11,21.10,48.70,0.02,0.42,0.68,0.00,0.00,1,13.95,12.79,28.22,1,-22,14,1,1,STAT,60,LAT,LON,W,CRC
08/28/26 23:54:01,22.59,281.91,22.45,11.36,1.65,489.30,21.10,48.60,0.00,0.51,0.67,0.00,0.00,1,13.91,3.61,29.36,1,-22,14,1,1,STAT,60,LAT,LON,W,CRC
08/28/26 23:55:01,22.59,279.81,24.77,11.22,-0.83,490.16,21.10,48.60,0.00,0.61,0.66,0.00,0.00,1,13.87,1.02,24.90,1,-21,12,1,0,STAT,60,LAT,LON,W,CRC
08/28/26 23:56:01,22.59,281.35,24.71,10.85,-0.92,491.70,21.10,48.60,0.26,0.86,0.88,0.00,0.00,1,13.87,0.29,25.47,1,-21,14,1,0,STAT,60,LAT,LON,W,CRC
08/28/26 23:57:03,22.59,273.25,21.97,10.61,0.80,493.35,21.10,48.50,0.38,0.96,0.96,0.00,0.00,1,14.12,216.10,29.67,1,-19,16,2,0,STAT,60,LAT,LON,W,CRC
08/28/26 23:58:03,22.59,276.38,23.85,11.98,-0.33,495.36,21.20,48.50,0.17,0.83,0.83,0.00,0.00,1,14.02,91.06,30.08,1,-20,14,1,1,STAT,60,LAT,LON,W,CRC
08/28/26 23:59:04,22.59,285.32,23.55,11.02,-0.90,498.83,21.10,48.30,0.06,0.81,0.81,0.00,0.00,1,13.98,25.72,25.45,1,-22,14,1,0,STAT,60,LAT,LON,W,CRC
08/29/26 00:00:04,22.59,283.75,24.52,10.67,1.06,499.13,21.10,48.20,0.02,0.68,0.83,0.00,0.00,1,13.95,7.26,25.86,1,-22,13,1,0,STAT,60,LAT,LON,W,CRC
08/29/26 00:01:04,22.59,281.09,24.78,10.05,1.38,493.96,21.10,48.20,0.01,0.45,0.50,0.00,0.00,1,13.91,2.05,30.66,1,-22,13,1,0,STAT,60,LAT,LON,W,CRC
08/29/26 00:02:03,22.59,281.26,22.58,10.46,0.82,496.73,21.10,48.30,0.08,0.66,0.67,0.00,0.00,1,13.87,0.58,30.88,1,-21,16,0,0,STAT,60,LAT,LON,W,CRC
08/29/26 00:03:03,22.59,274.22,24.50,11.05,1.20,498.57,21.10,48.30,0.25,0.89,0.89,0.00,0.00,1,13.87,0.16,27.83,1,-20,13,1,0,STAT,60,LAT,LON,W,CRC
08/29/26 00:04:04,22.59,274.74,23.98,10.88,0.95,497.55,21.10,48.30,0.32,0.96,0.96,0.00,0.00,1,13.84,0.05,27.30,1,-21,14,1,0,STAT,60,LAT,LON,W,CRC
08/29/26 00:05:04,22.59,279.98,24.21,11.38,-1.31,497.90,21.10,48.20,0.10,0.65,0.65,0.00,0.00,1,14.05,124.80,25.05,1,-21,14,1,0,STAT,60,LAT,LON,W,CRC
08/29/26 00:06:04,22.59,282.94,24.00,11.75,-3.40,501.02,21.10,48.10,0.15,0.52,0.54,0.00,0.00,1,13.98,35.25,24.90,1,-22,14,1,0,STAT,60,LAT,LON,W,CRC
08/29/26 00:07:01,22.59,281.69,22.62,11.58,-2.04,503.31,21.10,48.30,0.32,0.76,0.77,0.00,0.00,1,13.95,11.06,31.47,1,-21,15,1,0,STAT,60,LAT,LON,W,CRC
08/29/26 00:08:01,22.59,279.35,23.42,11.11,-1.54,504.47,21.10,48.20,0.71,1.17,1.17,0.00,0.00,1,13.91,3.12,26.97,1,-20,16,1,0,STAT,60,LAT,LON,W,CRC
08/29/26 00:09:01,22.59,278.22,24.47,12.04,-2.41,505.11,21.20,48.30,0.32,0.55,0.55,0.00,0.00,1,13.87,0.88,25.86,1,-21,14,1,0,STAT,60,LAT,LON,W,CRC
08/29/26 00:10:01,22.59,279.39,24.44,10.43,-0.17,505.69,21.20,48.30,0.51,0.88,0.89,0.00,0.00,1,13.87,0.25,26.74,1,-21,13,0,0,STAT,60,LAT,LON,W,CRC
08/29/26 00:11:01,22.59,285.65,24.60,11.70,-1.06,505.30,21.20,48.30,0.35,0.57,0.57,0.00,0.00,1,13.84,0.07,27.70,1,-22,14,1,0,STAT,60,LAT,LON,W,CRC
08/29/26 00:12:02,22.59,281.67,23.63,10.77,-0.02,505.11,21.20,48.30,0.11,0.35,0.48,0.00,0.00,1,14.09,176.69,26.49,1,-22,14,0,0,STAT,60,LAT,LON,W,CRC
08/29/26 00:13:02,22.59,278.83,25.59,11.22,-0.86,504.46,21.20,48.30,0.22,0.89,0.95,0.00,0.00,1,13.98,49.90,35.02,1,-20,13,1,0,STAT,60,LAT,LON,W,CRC
08/29/26 00:14:02,22.59,278.48,23.77,11.39,-0.08,504.16,21.20,48.30,0.28,0.85,0.87,0.00,0.00,1,13.95,14.09,26.61,1,-20,15,1,0,STAT,60,LAT,LON,W,CRC
08/29/26 00:15:02,22.59,279.06,24.14,10.36,0.34,501.87,21.20,48.30,0.53,1.10,1.24,0.00,0.00,1,13.91,3.98,26.96,1,-21,14,1,0,STAT,60,LAT,LON,W,CRC
08/29/26 00:16:02,22.59,280.49,23.16,11.18,0.17,500.88,21.20,48.30,0.31,0.98,1.15,0.00,0.00,1,13.87,1.12,27.55,1,-21,14,1,0,STAT,60,LAT,LON,W,CRC
08/29/26 00:17:02,22.59,278.28,22.87,11.57,0.07,499.11,21.20,48.30,0.10,0.65,0.71,0.00,0.00,1,13.87,0.32,28.53,1,-21,15,1,0,STAT,60,LAT,LON,W,CRC
08/29/26 00:18:04,22.59,274.33,22.08,10.84,0.63,494.18,21.10,48.30,0.26,0.82,0.89,0.00,0.00,1,14.16,246.19,24.71,1,-20,16,1,0,STAT,60,LAT,LON,W,CRC
08/29/26 00:19:04,22.59,280.05,22.46,10.53,2.31,487.04,21.10,48.30,0.17,0.84,0.99,0.00,0.00,1,14.02,76.52,25.50,1,-23,15,1,1,STAT,60,LAT,LON,W,CRC
08/29/26 00:20:04,22.59,268.12,22.57,11.06,1.66,485.39,21.10,48.40,0.06,0.83,0.88,0.00,0.00,1,13.95,21.61,28.29,1,-20,16,1,0,STAT,60,LAT,LON,W,CRC
08/29/26 00:21:04,22.59,271.72,22.55,11.69,-0.73,484.72,21.10,48.40,0.04,0.82,0.84,0.00,0.00,1,13.91,6.10,27.98,1,-21,16,1,0,STAT,60,LAT,LON,W,CRC
08/29/26 00:22:04,22.59,278.48,24.93,11.45,0.46,485.17,21.10,48.40,0.01,0.73,0.73,0.00,0.00,1,13.91,1.72,26.60,1,-21,13,1,0,STAT,60,LAT,LON,W,CRC
08/29/26 00:23:04,22.59,271.84,23.16,10.84,0.89,484.09,21.10,48.40,0.00,0.56,0.56,0.00,0.00,1,13.87,0.49,28.51,1,-20,15,0,0,STAT,60,LAT,LON,W,CRC
08/29/26 00:24:04,22.59,279.18,23.43,11.03,1.97,485.95,21.10,48.40,0.19,0.83,0.83,0.00,0.00,1,13.87,0.14,29.01,1,-21,14,0,0,STAT,60,LAT,LON,W,CRC
08/29/26 00:25:04,22.59,276.63,23.99,11.46,1.28,487.93,21.20,48.30,1.79,3.03,3.23,0.00,0.00,1,13.84,0.04,25.49,1,-21,15,1,0,STAT,60,LAT,LON,W,CRC
08/29/26 00:26:04,22.58,274.85,24.66,11.62,1.47,488.23,21.10,48.30,1.47,2.61,3.29,0.00,0.00,1,14.05,128.45,25.46,1,-21,14,0,0,STAT,60,LAT,LON,W,CRC
08/29/26 00:27:04,22.58,276.16,24.27,11.69,2.67,486.10,21.10,48.30,1.10,2.07,2.48,0.00,0.00,1,13.98,36.28,27.46,1,-22,14,1,1,STAT,60,LAT,LON,W,CRC
08/29/26 00:28:05,22.59,275.72,24.47,11.46,0.50,485.97,21.10,48.20,0.44,1.43,1.83,0.00,0.00,1,13.91,10.25,33.25,1,-22,14,1,0,STAT,60,LAT,LON,W,CRC
08/29/26 00:29:05,22.59,277.42,22.79,10.50,0.89,488.09,21.10,48.20,0.52,1.64,1.81,0.00,0.00,1,13.91,2.89,26.22,1,-22,16,0,0,STAT,60,LAT,LON,W,CRC
08/29/26 00:30:05,22.59,276.74,23.66,11.02,-0.86,490.56,21.10,48.20,0.22,0.90,1.28,0.00,0.00,1,13.87,0.82,26.29,1,-21,16,1,0,STAT,60,LAT,LON,W,CRC
08/29/26 00:31:06,22.59,275.02,23.03,11.66,-0.99,492.46,21.10,48.30,0.09,0.99,1.16,0.00,0.00,1,13.87,0.23,27.39,1,-22,16,0,0,STAT,60,LAT,LON,W,CRC
08/29/26 00:32:06,22.58,274.69,23.67,11.50,1.20,492.58,21.10,48.40,0.04,0.48,0.57,0.00,0.00,1,13.84,0.07,28.65,1,-22,15,1,1,STAT,60,LAT,LON,W,CRC
08/29/26 00:33:06,22.58,265.00,24.14,11.46,1.62,491.04,21.10,48.40,0.06,0.47,0.50,0.00,0.00,1,14.05,181.02,33.59,1,-20,14,1,1,STAT,60,LAT,LON,W,CRC
08/29/26 00:34:06,22.58,267.46,23.87,11.73,1.29,488.83,21.10,48.30,0.04,0.47,0.48,0.00,0.00,1,13.98,51.13,28.99,1,-21,15,0,1,STAT,60,LAT,LON,W,CRC
08/29/26 00:35:06,22.58,269.71,25.25,12.06,0.16,487.08,21.10,48.30,0.01,0.38,0.38,0.00,0.00,1,13.95,14.44,28.58,1,-21,15,1,1,STAT,60,LAT,LON,W,CRC
08/29/26 00:36:06,22.57,269.41,22.85,11.72,0.13,487.57,21.10,48.40,0.22,0.89,0.89,0.00,0.00,1,13.91,4.08,24.10,1,-21,16,1,0,STAT,60,LAT,LON,W,CRC
08/29/26 00:37:06,22.58,264.98,22.94,11.86,-0.67,485.22,21.10,48.50,0.20,0.97,0.97,0.00,0.00,1,13.87,1.15,24.88,1,-21,16,1,0,STAT,60,LAT,LON,W,CRC
08/29/26 00:38:06,22.57,268.50,24.46,11.22,0.31,482.89,21.10,48.50,0.28,1.11,1.16,0.00,0.00,1,13.87,0.33,25.92,1,-21,14,1,0,STAT,60,LAT,LON,W,CRC
08/29/26 00:39:02,22.57,267.89,23.98,12.15,-1.08,482.80,21.10,48.50,0.10,0.82,0.92,0.00,0.00,1,13.84,0.10,28.97,1,-21,14,1,0,STAT,60,LAT,LON,W,CRC
08/29/26 00:40:02,22.57,273.65,24.24,11.84,1.93,484.39,21.10,48.60,0.14,0.73,0.76,0.00,0.00,1,14.09,146.68,26.24,1,-22,15,1,1,STAT,60,LAT,LON,W,CRC
08/29/26 00:41:02,22.57,270.37,24.12,11.78,1.12,486.71,21.10,48.60,0.04,0.48,0.49,0.00,0.00,1,13.98,41.43,26.97,1,-22,14,1,0,STAT,60,LAT,LON,W,CRC
08/29/26 00:42:02,22.57,265.85,24.05,11.28,1.55,487.00,21.10,48.60,0.01,0.78,0.78,0.00,0.00,1,13.95,11.70,26.37,1,-20,14,1,0,STAT,60,LAT,LON,W,CRC
08/29/26 00:43:02,22.57,272.98,23.89,11.42,1.43,487.00,21.10,48.60,0.00,0.77,0.78,0.00,0.00,1,13.91,3.30,26.01,1,-22,15,1,0,STAT,60,LAT,LON,W,CRC
08/29/26 00:44:03,22.57,272.71,24.21,11.20,1.18,486.38,21.10,48.60,0.12,0.49,0.54,0.00,0.00,1,13.87,0.93,29.88,1,-23,14,2,1,STAT,60,LAT,LON,W,CRC
08/29/26 00:45:03,22.57,267.05,23.71,12.43,-1.21,485.94,21.10,48.70,0.04,0.23,0.24,0.00,0.00,1,13.87,0.26,28.50,1,-22,15,1,0,STAT,60,LAT,LON,W,CRC
08/29/26 00:46:03,22.56,273.66,23.44,11.75,0.35,485.73,21.10,48.70,0.01,0.40,0.40,0.00,0.00,1,13.84,0.07,25.16,1,-23,16,1,0,STAT,60,LAT,LON,W,CRC
08/29/26 00:47:03,22.55,270.83,22.50,12.40,1.36,485.24,21.10,48.90,0.00,0.24,0.24,0.00,0.00,1,14.09,166.90,23.67,1,-23,17,1,1,STAT,60,LAT,LON,W,CRC
08/29/26 00:48:03,22.54,263.84,22.67,11.42,0.49,482.94,21.10,49.00,0.00,0.29,0.29,0.00,0.00,1,13.98,47.14,24.23,1,-20,16,0,0,STAT,60,LAT,LON,W,CRC
08/29/26 00:49:04,22.54,261.66,23.39,12.33,-0.47,480.14,21.10,49.10,0.00,0.68,0.68,0.00,0.00,1,13.95,13.31,34.11,1,-20,16,0,0,STAT,60,LAT,LON,W,CRC
08/29/26 00:50:04,22.54,268.77,22.39,12.98,-1.90,478.21,21.10,49.50,0.26,1.09,1.22,0.00,0.00,1,13.91,3.76,26.53,1,-21,16,0,0,STAT,60,LAT,LON,W,CRC
08/29/26 00:51:04,22.52,277.58,22.84,11.69,-1.78,476.55,21.10,49.10,0.26,0.84,0.89,0.00,0.00,1,13.87,1.06,26.24,1,-22,16,0,0,STAT,60,LAT,LON,W,CRC
08/29/26 00:52:04,22.52,279.63,23.30,12.70,-0.51,478.87,21.10,49.60,0.31,0.97,0.98,0.00,0.00,1,13.87,0.30,27.29,1,-23,15,0,0,STAT,60,LAT,LON,W,CRC
08/29/26 00:53:04,22.52,284.08,22.72,13.27,-1.47,481.13,21.10,49.90,0.65,1.19,1.43,0.00,0.00,1,13.84,0.08,27.63,1,-23,16,0,0,STAT,60,LAT,LON,W,CRC
08/29/26 00:54:04,22.52,273.52,20.99,12.70,-0.23,484.60,21.10,50.00,0.71,1.45,1.83,0.00,0.00,1,14.09,172.08,30.58,1,-19,18,0,0,STAT,60,LAT,LON,W,CRC
08/29/26 00:55:04,22.51,284.28,23.30,13.05,-0.27,489.93,21.10,50.30,0.34,1.01,1.13,0.00,0.00,1,13.98,48.60,27.36,1,-22,16,0,0,STAT,60,LAT,LON,W,CRC
08/29/26 00:56:05,22.50,293.23,22.55,13.70,-1.07,492.49,21.10,50.00,0.12,1.19,1.23,0.00,0.00,1,13.95,13.73,26.48,1,-23,15,1,0,STAT,60,LAT,LON,W,CRC
08/29/26 00:57:05,22.50,288.78,22.36,13.90,-1.59,492.66,21.10,50.10,0.04,1.08,1.10,0.00,0.00,1,13.91,3.88,27.40,1,-22,16,1,0,STAT,60,LAT,LON,W,CRC
08/29/26 00:58:05,22.49,286.71,22.41,13.59,-1.30,492.19,21.10,50.20,0.46,1.24,1.32,0.00,0.00,1,13.91,1.09,25.69,1,-23,15,1,0,STAT,60,LAT,LON,W,CRC
08/29/26 00:59:06,22.49,281.02,22.80,13.23,1.15,490.27,21.10,50.30,0.44,0.79,1.15,0.00,0.00,1,13.84,0.31,33.33,1,-21,15,1,0,STAT,60,LAT,LON,W,CRC
08/29/26 01:00:07,22.49,275.29,22.64,12.97,-0.78,485.88,21.10,50.40,0.38,0.73,0.94,0.00,0.00,1,13.84,0.09,27.90,1,-20,15,1,0,STAT,60,LAT,LON,W,CRC
08/29/26 01:01:07,22.49,280.22,24.47,13.37,-1.80,481.19,21.10,50.10,0.36,0.76,1.18,0.00,0.00,1,14.09,185.49,28.34,1,-22,14,1,0,STAT,60,LAT,LON,W,CRC
08/29/26 01:02:07,22.49,285.09,23.94,13.16,-1.22,479.12,21.10,50.00,0.27,0.94,1.38,0.00,0.00,1,13.98,52.39,28.75,1,-24,15,1,0,STAT,60,LAT,LON,W,CRC
08/29/26 01:03:07,22.49,284.39,23.36,13.06,0.21,478.69,21.10,50.20,0.65,0.98,1.12,0.00,0.00,1,13.95,14.80,24.87,1,-24,15,1,1,STAT,60,LAT,LON,W,CRC
08/29/26 01:04:08,22.49,284.85,23.99,12.37,-2.82,478.16,21.10,50.00,0.45,1.07,1.47,0.00,0.00,1,13.91,4.18,26.11,1,-25,15,1,0,STAT,60,LAT,LON,W,CRC
08/29/26 01:05:09,22.49,281.10,24.19,12.72,-2.91,478.51,21.10,50.00,0.36,0.71,1.29,0.00,0.00,1,13.87,1.18,29.64,1,-24,14,1,0,STAT,60,LAT,LON,W,CRC
08/29/26 01:06:09,22.49,279.09,24.05,13.02,-2.67,478.83,21.10,50.30,0.55,1.55,1.82,0.00,0.00,1,13.87,0.33,27.64,1,-23,14,1,0,STAT,60,LAT,LON,W,CRC
08/29/26 01:07:09,22.49,277.34,22.29,13.25,-2.26,478.02,21.10,50.20,0.41,1.51,1.71,0.00,0.00,1,13.84,0.09,26.13,1,-22,16,1,0,STAT,60,LAT,LON,W,CRC
08/29/26 01:08:09,22.49,278.76,23.30,12.89,-1.93,478.01,21.10,50.00,0.36,1.21,1.48,0.00,0.00,1,14.12,170.73,25.85,1,-22,15,0,0,STAT,60,LAT,LON,W,CRC
08/29/26 01:09:09,22.49,279.24,21.78,12.73,-3.16,481.21,21.10,50.00,0.30,1.36,1.59,0.00,0.00,1,14.02,48.22,27.84,1,-22,17,1,0,STAT,60,LAT,LON,W,CRC
08/29/26 01:10:08,22.49,283.17,22.67,13.02,-3.19,482.17,21.10,50.40,0.87,1.68,1.75,0.00,0.00,1,13.95,13.62,26.08,1,-23,16,1,0,STAT,60,LAT,LON,W,CRC
08/29/26 01:11:09,22.49,280.86,24.17,11.90,-1.59,481.37,21.10,50.20,0.37,0.99,1.15,0.00,0.00,1,13.91,3.85,25.47,1,-22,15,1,0,STAT,60,LAT,LON,W,CRC
08/29/26 01:12:09,22.49,291.12,22.21,12.88,-0.85,481.13,21.10,50.20,0.61,1.02,1.20,0.00,0.00,1,13.91,1.09,26.05,1,-25,16,1,0,STAT,60,LAT,LON,W,CRC
08/29/26 01:13:09,22.49,292.67,22.55,12.97,-0.03,479.79,21.10,50.40,0.80,1.41,1.83,0.00,0.00,1,13.87,0.31,27.92,1,-24,16,0,0,STAT,60,LAT,LON,W,CRC
08/29/26 01:14:09,22.49,285.10,22.14,12.82,0.08,478.48,21.10,50.80,0.26,1.06,1.20,0.00,0.00,1,13.84,0.09,25.97,1,-21,16,1,0,STAT,60,LAT,LON,W,CRC
08/29/26 01:15:09,22.49,287.19,23.48,13.60,-0.97,477.09,21.10,50.50,0.10,0.61,0.66,0.00,0.00,1,14.09,143.73,25.09,1,-23,15,1,0,STAT,60,LAT,LON,W,CRC
08/29/26 01:16:09,22.49,282.07,24.60,13.11,-0.62,477.95,21.10,50.70,0.16,0.74,0.80,0.00,0.00,1,13.98,40.59,26.01,1,-22,14,1,0,STAT,60,LAT,LON,W,CRC
08/29/26 01:17:09,22.49,277.64,23.10,12.72,-1.16,478.44,21.10,50.50,0.05,0.53,0.67,0.00,0.00,1,13.95,11.46,27.54,1,-20,16,0,0,STAT,60,LAT,LON,W,CRC
08/29/26 01:18:09,22.49,277.68,22.43,12.60,-1.08,478.86,21.10,50.50,0.02,0.53,0.76,0.00,0.00,1,13.91,3.24,25.67,1,-22,15,1,0,STAT,60,LAT,LON,W,CRC
08/29/26 01:19:10,22.49,279.80,22.31,12.41,-1.15,479.83,21.10,50.50,0.01,0.36,0.43,0.00,0.00,1,13.91,0.91,25.35,1,-23,17,1,0,STAT,60,LAT,LON,W,CRC
08/29/26 01:20:10,22.49,286.30,23.70,13.26,-3.22,481.62,21.10,50.50,0.00,0.33,0.35,0.00,0.00,1,13.87,0.26,28.30,1,-24,15,0,0,STAT,60,LAT,LON,W,CRC
08/29/26 01:21:10,22.49,284.11,24.33,12.64,-0.27,484.59,21.10,50.60,0.41,0.74,0.75,0.00,0.00,1,13.84,0.07,26.86,1,-24,14,0,0,STAT,60,LAT,LON,W,CRC
08/29/26 01:22:10,22.49,287.06,24.40,12.71,-1.30,485.80,21.10,50.60,0.21,1.08,1.08,0.00,0.00,1,14.16,212.65,24.57,1,-23,13,0,0,STAT,60,LAT,LON,W,CRC
08/29/26 01:23:10,22.49,279.91,23.39,13.77,-1.85,486.57,21.10,50.50,0.07,0.67,0.67,0.00,0.00,1,14.02,66.74,25.63,1,-22,14,1,0,STAT,60,LAT,LON,W,CRC
08/29/26 01:24:10,22.49,282.84,21.94,13.14,-1.10,487.27,21.10,50.60,0.02,0.23,0.53,0.00,0.00,1,13.95,18.85,26.75,1,-23,16,1,0,STAT,60,LAT,LON,W,CRC
08/29/26 01:25:07,22.49,283.92,21.41,12.39,-0.76,488.61,21.10,50.60,0.08,0.43,0.57,0.00,0.00,1,13.91,5.91,33.23,1,-24,16,0,0,STAT,60,LAT,LON,W,CRC
08/29/26 01:26:07,22.49,281.42,21.95,12.60,-1.47,488.65,21.10,50.60,0.06,0.77,0.81,0.00,0.00,1,13.91,1.67,29.18,1,-23,17,0,0,STAT,60,LAT,LON,W,CRC
08/29/26 01:27:07,22.49,280.42,22.87,12.06,-2.91,491.16,21.10,50.60,0.02,0.62,0.64,0.00,0.00,1,13.87,0.47,25.32,1,-23,16,0,0,STAT,60,LAT,LON,W,CRC
08/29/26 01:28:07,22.49,277.68,21.83,12.23,-1.18,496.43,21.20,50.60,0.01,0.24,0.37,0.00,0.00,1,13.87,0.13,24.61,1,-21,17,0,0,STAT,60,LAT,LON,W,CRC
08/29/26 01:29:07,22.49,277.54,21.59,12.47,-2.79,501.08,21.20,50.50,0.53,1.31,1.46,0.00,0.00,1,14.12,174.93,25.08,1,-21,16,1,0,STAT,60,LAT,LON,W,CRC
08/29/26 01:30:08,22.49,278.56,23.75,12.22,-2.58,502.54,21.20,50.50,0.48,1.36,1.45,0.00,0.00,1,14.02,76.38,32.82,1,-22,15,1,0,STAT,60,LAT,LON,W,CRC
08/29/26 01:31:08,22.49,278.48,23.18,12.36,-1.85,499.52,21.10,50.20,0.27,1.02,1.37,0.00,0.00,1,13.95,21.57,26.61,1,-23,15,1,0,STAT,60,LAT,LON,W,CRC
08/29/26 01:32:08,22.49,275.69,22.05,12.22,0.64,491.23,21.10,50.40,0.32,0.89,1.01,0.00,0.00,1,13.91,6.09,25.27,1,-23,15,2,0,STAT,60,LAT,LON,W,CRC
08/29/26 01:33:08,22.49,274.38,22.59,12.22,-1.66,486.98,21.10,50.40,0.20,0.61,0.74,0.00,0.00,1,13.91,1.72,27.42,1,-22,15,1,0,STAT,60,LAT,LON,W,CRC
08/29/26 01:34:08,22.49,278.10,23.25,11.84,-0.95,487.56,21.10,50.50,0.30,0.91,0.95,0.00,0.00,1,13.87,0.49,27.44,1,-22,15,1,0,STAT,60,LAT,LON,W,CRC
08/29/26 01:35:08,22.49,273.94,23.92,12.07,-0.07,490.06,21.10,50.40,0.20,0.64,0.65,0.00,0.00,1,13.87,0.14,25.91,1,-21,14,1,0,STAT,60,LAT,LON,W,CRC
08/29/26 01:36:09,22.49,273.02,24.05,12.63,-3.48,491.55,21.20,50.30,0.07,0.50,0.51,0.00,0.00,1,14.16,226.53,25.83,1,-21,13,1,0,STAT,60,LAT,LON,W,CRC
08/29/26 01:37:09,22.49,278.97,24.17,12.20,-1.20,488.42,21.10,50.40,0.09,0.96,0.96,0.00,0.00,1,14.02,70.86,28.21,1,-24,14,1,0,STAT,60,LAT,LON,W,CRC
08/29/26 01:38:09,22.49,272.29,23.19,13.55,-3.26,487.30,21.10,50.40,0.03,0.45,0.45,0.00,0.00,1,13.95,20.01,24.17,1,-21,14,1,0,STAT,60,LAT,LON,W,CRC
08/29/26 01:39:09,22.49,275.26,22.97,12.04,-0.21,490.23,21.10,49.80,0.21,0.54,0.54,0.00,0.00,1,13.91,5.65,24.86,1,-22,15,1,0,STAT,60,LAT,LON,W,CRC
08/29/26 01:40:09,22.49,278.30,22.77,12.28,0.78,486.46,21.10,50.30,0.08,0.72,0.72,0.00,0.00,1,13.91,1.60,25.85,1,-24,16,0,0,STAT,60,LAT,LON,W,CRC
08/29/26 01:41:11,22.49,269.45,20.77,11.99,1.28,482.73,21.10,50.30,0.30,1.02,1.02,0.00,0.00,1,13.87,0.45,25.24,1,-22,17,1,0,STAT,60,LAT,LON,W,CRC
08/29/26 01:42:11,22.49,275.88,21.65,12.54,-1.16,485.18,21.10,50.40,0.13,0.49,0.66,0.00,0.00,1,13.87,0.13,26.78,1,-22,17,0,0,STAT,60,LAT,LON,W,CRC
08/29/26 01:43:11,22.49,271.82,22.54,11.89,-1.20,491.14,21.10,50.40,0.11,0.77,0.91,0.00,0.00,1,14.12,146.81,31.25,1,-21,16,0,0,STAT,60,LAT,LON,W,CRC
08/29/26 01:44:11,22.49,279.94,21.79,12.19,-0.98,495.49,21.10,50.40,0.12,0.79,0.83,0.00,0.00,1,14.02,85.90,25.15,1,-22,16,0,0,STAT,60,LAT,LON,W,CRC
08/29/26 01:45:11,22.49,287.01,23.00,11.65,0.78,497.76,21.20,50.40,0.30,0.93,0.94,0.00,0.00,1,13.98,24.26,25.33,1,-25,15,1,0,STAT,60,LAT,LON,W,CRC
08/29/26 01:46:12,22.49,279.74,22.86,11.85,-0.72,498.92,21.20,50.40,0.21,0.51,0.51,0.00,0.00,1,13.91,6.85,27.68,1,-22,14,0,0,STAT,60,LAT,LON,W,CRC
08/29/26 01:47:12,22.49,281.11,22.44,11.82,-0.64,499.78,21.20,50.40,0.08,0.36,0.36,0.00,0.00,1,13.91,1.94,26.47,1,-24,15,1,0,STAT,60,LAT,LON,W,CRC
08/29/26 01:48:12,22.49,281.04,23.03,12.59,-1.81,500.80,21.20,50.60,0.03,0.73,0.85,0.00,0.00,1,13.87,0.55,24.40,1,-23,15,0,0,STAT,60,LAT,LON,W,CRC
08/29/26 01:49:12,22.49,280.60,22.85,12.58,-1.38,507.85,21.20,50.70,0.01,0.74,0.78,0.00,0.00,1,13.87,0.15,25.38,1,-22,15,1,0,STAT,60,LAT,LON,W,CRC
08/29/26 01:50:12,22.49,275.48,22.44,11.57,0.63,519.83,21.20,50.60,0.00,0.51,0.53,0.00,0.00,1,14.09,93.27,28.52,1,-21,16,0,0,STAT,60,LAT,LON,W,CRC
08/29/26 01:51:09,22.49,271.09,23.50,12.03,-0.47,523.39,21.20,50.40,0.26,0.84,0.85,0.00,0.00,1,14.05,105.26,26.60,1,-19,15,0,0,STAT,60,LAT,LON,W,CRC
08/29/26 01:52:09,22.49,280.37,23.41,11.26,-0.69,521.31,21.20,50.40,0.36,0.99,0.99,0.00,0.00,1,13.98,29.73,28.53,1,-22,14,1,0,STAT,60,LAT,LON,W,CRC
08/29/26 01:53:09,22.49,278.82,22.55,13.25,-2.90,517.36,21.20,50.30,0.12,0.63,0.63,0.00,0.00,1,13.95,8.40,25.18,1,-22,16,1,0,STAT,60,LAT,LON,W,CRC
08/29/26 01:54:09,22.49,287.20,23.59,13.05,-2.13,513.63,21.20,50.40,0.21,0.49,0.49,0.00,0.00,1,13.91,2.37,25.72,1,-24,16,1,0,STAT,60,LAT,LON,W,CRC
08/29/26 01:55:09,22.49,284.30,22.98,11.49,-0.15,511.01,21.20,50.20,0.19,0.71,0.86,0.00,0.00,1,13.87,0.67,26.64,1,-24,16,0,0,STAT,60,LAT,LON,W,CRC
08/29/26 01:56:10,22.49,279.73,23.66,12.10,-0.49,506.11,21.20,50.40,0.25,0.71,0.75,0.00,0.00,1,13.84,0.19,28.97,1,-24,15,0,0,STAT,60,LAT,LON,W,CRC
08/29/26 01:57:10,22.49,273.81,23.49,10.96,0.41,504.10,21.20,50.40,0.12,0.48,0.49,0.00,0.00,1,14.05,102.63,27.34,1,-21,15,0,0,STAT,60,LAT,LON,W,CRC
08/29/26 01:58:10,22.49,270.90,24.48,12.22,-1.45,503.12,21.20,50.20,0.16,0.61,0.61,0.00,0.00,1,14.05,102.54,26.11,1,-21,14,0,0,STAT,60,LAT,LON,W,CRC
08/29/26 01:59:10,22.49,273.43,23.78,11.25,1.21,501.75,21.20,50.30,0.15,0.40,0.40,0.00,0.00,1,13.98,28.96,27.05,1,-22,13,0,0,STAT,60,LAT,LON,W,CRC
08/29/26 02:00:10,22.49,273.03,23.59,11.60,0.76,501.49,21.20,50.40,0.05,0.33,0.33,0.00,0.00,1,13.95,8.18,26.67,1,-22,13,0,0,STAT,60,LAT,LON,W,CRC
08/29/26 02:01:10,22.50,274.30,24.50,12.66,-1.06,501.90,21.20,50.30,0.06,0.37,0.67,0.00,0.00,1,13.91,2.31,26.14,1,-22,13,0,0,STAT,60,LAT,LON,W,CRC
08/29/26 02:02:10,22.50,270.60,24.35,12.34,-0.84,502.51,21.20,50.30,0.22,0.64,0.74,0.00,0.00,1,13.87,0.65,26.18,1,-21,13,0,0,STAT,60,LAT,LON,W,CRC
08/29/26 02:03:11,22.51,276.73,22.72,11.53,-1.16,503.28,21.20,50.30,0.07,1.09,1.37,0.00,0.00,1,13.87,0.18,27.13,1,-23,15,0,0,STAT,60,LAT,LON,W,CRC
08/29/26 02:04:11,22.51,272.47,20.94,11.80,-1.28,504.04,21.20,50.40,0.36,1.01,1.48,0.00,0.00,1,13.84,0.05,25.10,1,-21,16,1,0,STAT,60,LAT,LON,W,CRC
08/29/26 02:05:11,22.53,273.91,21.52,10.97,-0.50,506.94,21.20,50.60,0.21,0.77,1.02,0.00,0.00,1,14.05,144.21,24.15,1,-21,17,0,0,STAT,60,LAT,LON,W,CRC
08/29/26 02:06:11,22.54,280.26,24.36,11.60,-0.96,510.45,21.20,50.40,0.07,0.35,0.55,0.00,0.00,1,13.98,40.73,25.28,1,-22,14,1,0,STAT,60,LAT,LON,W,CRC
08/29/26 02:07:11,22.55,278.06,23.49,11.96,-2.41,511.57,21.20,50.40,0.47,1.20,1.26,0.00,0.00,1,13.95,11.50,29.82,1,-22,14,1,0,STAT,60,LAT,LON,W,CRC
08/29/26 02:08:11,22.56,279.86,24.41,11.61,-2.75,511.35,21.20,50.50,0.46,1.31,1.44,0.00,0.00,1,13.91,3.25,27.52,1,-22,14,0,0,STAT,60,LAT,LON,W,CRC
08/29/26 02:09:11,22.57,277.11,23.41,11.85,-1.69,509.98,21.20,50.50,0.83,1.67,1.87,0.00,0.00,1,13.87,0.92,24.49,1,-20,14,1,0,STAT,60,LAT,LON,W,CRC
08/29/26 02:10:11,22.57,279.45,24.38,11.21,-1.05,505.89,21.20,50.60,0.53,1.13,1.22,0.00,0.00,1,13.87,0.26,26.19,1,-20,15,1,0,STAT,60,LAT,LON,W,CRC
08/29/26 02:11:11,22.57,278.05,24.43,10.97,-1.10,502.17,21.20,50.50,0.30,0.75,0.78,0.00,0.00,1,13.84,0.07,26.68,1,-20,14,0,0,STAT,60,LAT,LON,W,CRC
08/29/26 02:12:12,22.57,275.61,24.86,12.12,-0.58,502.36,21.20,50.50,0.10,0.73,0.74,0.00,0.00,1,14.09,169.27,27.85,1,-20,14,0,0,STAT,60,LAT,LON,W,CRC
08/29/26 02:13:12,22.57,276.77,23.46,11.37,-0.10,502.66,21.20,50.50,0.06,0.84,1.04,0.00,0.00,1,13.98,47.81,25.45,1,-21,15,0,0,STAT,60,LAT,LON,W,CRC
08/29/26 02:14:12,22.58,271.33,24.43,11.61,0.37,505.69,21.30,50.60,0.04,0.61,0.68,0.00,0.00,1,13.95,13.50,25.47,1,-19,15,0,0,STAT,60,LAT,LON,W,CRC
08/29/26 02:15:12,22.58,275.01,23.80,11.55,-1.76,506.90,21.20,50.40,0.02,0.52,0.77,0.00,0.00,1,13.91,3.81,26.26,1,-21,15,0,0,STAT,60,LAT,LON,W,CRC
08/29/26 02:16:12,22.58,276.73,22.02,11.81,-1.39,506.06,21.30,50.50,0.03,0.27,0.35,0.00,0.00,1,13.87,1.08,26.54,1,-21,18,1,0,STAT,60,LAT,LON,W,CRC
08/29/26 02:17:13,22.59,281.00,22.34,11.69,-1.01,505.67,21.20,50.60,0.01,0.16,0.18,0.00,0.00,1,13.87,0.30,33.30,1,-22,17,0,0,STAT,60,LAT,LON,W,CRC
08/29/26 02:18:13,22.59,276.67,24.83,12.17,-1.66,504.46,21.20,50.50,0.00,0.18,0.19,0.00,0.00,1,13.84,0.09,28.59,1,-22,15,1,0,STAT,60,LAT,LON,W,CRC
08/29/26 02:19:14,22.58,273.75,25.23,12.49,-2.76,502.75,21.20,50.50,0.00,0.59,0.60,0.00,0.00,1,14.09,189.36,28.49,1,-21,15,1,0,STAT,60,LAT,LON,W,CRC
08/29/26 02:20:14,22.59,273.09,24.41,12.52,-2.31,501.61,21.20,50.40,0.10,0.64,0.64,0.00,0.00,1,13.98,53.48,25.35,1,-21,15,1,0,STAT,60,LAT,LON,W,CRC
08/29/26 02:21:14,22.59,275.09,22.91,11.79,-2.25,501.80,21.20,50.50,0.07,0.46,0.62,0.00,0.00,1,13.95,15.10,25.30,1,-22,16,1,0,STAT,60,LAT,LON,W,CRC
08/29/26 02:22:14,22.59,279.79,21.63,11.75,-2.53,503.03,21.30,50.60,0.34,0.88,0.93,0.00,0.00,1,13.91,4.27,26.40,1,-22,17,0,0,STAT,60,LAT,LON,W,CRC
08/29/26 02:23:14,22.59,276.60,19.83,11.00,-0.08,505.62,21.30,50.50,0.58,0.86,0.87,0.00,0.00,1,13.87,1.20,25.02,1,-23,20,1,0,STAT,60,LAT,LON,W,CRC
08/29/26 02:24:14,22.59,277.69,20.88,11.04,-1.09,505.93,21.30,50.50,0.23,0.64,0.78,0.00,0.00,1,13.87,0.34,25.62,1,-22,17,1,0,STAT,60,LAT,LON,W,CRC
08/29/26 02:25:15,22.59,285.20,21.37,11.42,-1.40,505.33,21.30,50.50,0.12,0.33,0.37,0.00,0.00,1,13.84,0.10,29.44,1,-24,18,0,0,STAT,60,LAT,LON,W,CRC
08/29/26 02:26:15,22.59,274.32,22.15,11.13,-0.47,505.19,21.30,50.40,0.08,0.59,0.61,0.00,0.00,1,14.12,242.83,25.70,1,-21,17,0,0,STAT,60,LAT,LON,W,CRC
08/29/26 02:27:15,22.59,280.21,23.40,11.33,-1.19,504.66,21.30,50.30,0.18,0.58,0.82,0.00,0.00,1,14.02,68.58,25.94,1,-22,16,0,0,STAT,60,LAT,LON,W,CRC
08/29/26 02:28:15,22.59,287.26,22.23,10.76,-0.20,502.86,21.30,50.40,0.34,1.01,1.15,0.00,0.00,1,13.95,19.37,30.84,1,-23,17,1,0,STAT,60,LAT,LON,W,CRC
08/29/26 02:29:15,22.59,286.00,23.94,11.04,0.17,501.07,21.30,50.50,0.51,1.13,1.17,0.00,0.00,1,13.91,5.47,28.84,1,-23,14,1,0,STAT,60,LAT,LON,W,CRC
08/29/26 02:30:15,22.59,277.27,22.50,11.48,-1.35,499.28,21.30,50.50,0.16,0.69,0.70,0.00,0.00,1,13.87,1.55,27.36,1,-20,15,0,0,STAT,60,LAT,LON,W,CRC
08/29/26 02:31:16,22.59,287.02,23.23,11.67,-2.93,496.69,21.30,50.50,0.29,1.26,1.26,0.00,0.00,1,13.87,0.44,26.26,1,-23,15,0,-1,STAT,60,LAT,LON,W,CRC
08/29/26 02:32:16,22.59,288.52,23.55,11.30,-1.11,496.11,21.30,50.80,0.11,0.49,0.49,0.00,0.00,1,13.84,0.12,27.29,1,-23,14,1,0,STAT,60,LAT,LON,W,CRC
08/29/26 02:33:16,22.59,279.44,22.94,11.98,-1.49,498.84,21.20,50.80,0.26,0.73,0.73,0.00,0.00,1,14.05,151.49,27.12,1,-21,16,1,0,STAT,60,LAT,LON,W,CRC
08/29/26 02:34:12,22.59,283.34,23.58,11.92,-2.76,501.17,21.30,51.00,0.11,0.75,0.75,0.00,0.00,1,13.98,47.54,26.37,1,-22,15,0,0,STAT,60,LAT,LON,W,CRC
08/29/26 02:35:12,22.59,278.83,22.11,11.34,-1.41,502.35,21.30,51.00,0.06,0.61,0.61,0.00,0.00,1,13.95,13.43,28.55,1,-21,16,0,0,STAT,60,LAT,LON,W,CRC
08/29/26 02:36:12,22.59,283.07,22.14,11.78,-1.23,502.77,21.30,51.10,0.04,0.39,0.39,0.00,0.00,1,13.91,3.79,24.71,1,-23,16,1,0,STAT,60,LAT,LON,W,CRC
08/29/26 02:37:12,22.59,282.20,20.47,12.27,-2.60,502.92,21.30,51.00,0.30,0.74,0.74,0.00,0.00,1,13.91,1.07,25.26,1,-22,17,0,0,STAT,60,LAT,LON,W,CRC
08/29/26 02:38:12,22.59,277.45,21.01,11.70,-1.86,502.97,21.30,51.00,0.25,0.68,0.68,0.00,0.00,1,13.87,0.30,26.76,1,-21,17,0,0,STAT,60,LAT,LON,W,CRC
08/29/26 02:39:12,22.59,283.49,20.88,11.13,-1.68,502.99,21.30,51.00,0.08,0.35,0.35,0.00,0.00,1,13.84,0.09,28.78,1,-23,18,0,0,STAT,60,LAT,LON,W,CRC
08/29/26 02:40:13,22.59,286.64,20.52,11.09,-2.23,503.00,21.30,51.10,0.03,0.34,0.34,0.00,0.00,1,14.16,208.42,25.01,1,-24,17,0,0,STAT,60,LAT,LON,W,CRC
08/29/26 02:41:13,22.59,286.17,21.54,12.53,-3.29,502.92,21.30,51.20,0.01,0.59,0.71,0.00,0.00,1,14.02,58.86,25.10,1,-24,17,0,0,STAT,60,LAT,LON,W,CRC
08/29/26 02:42:13,22.60,283.76,21.23,11.55,-0.26,502.68,21.30,51.10,0.02,0.33,0.38,0.00,0.00,1,13.95,16.62,26.20,1,-23,17,0,0,STAT,60,LAT,LON,W,CRC
08/29/26 02:43:13,22.61,280.90,21.46,11.80,-1.20,502.29,21.40,51.40,0.01,0.56,0.57,0.00,0.00,1,13.91,4.70,30.01,1,-21,17,1,0,STAT,60,LAT,LON,W,CRC
08/29/26 02:44:13,22.63,282.25,23.84,12.49,-3.40,502.02,21.40,51.20,0.31,0.96,1.18,0.00,0.00,1,13.91,1.33,26.62,1,-22,15,0,0,STAT,60,LAT,LON,W,CRC
08/29/26 02:45:13,22.65,284.50,23.42,11.99,-2.45,500.19,21.30,50.80,0.11,0.86,0.93,0.00,0.00,1,13.87,0.37,26.40,1,-24,15,0,0,STAT,60,LAT,LON,W,CRC
08/29/26 02:46:13,22.66,278.93,22.62,10.83,-2.18,495.71,21.30,50.70,0.04,0.54,0.57,0.00,0.00,1,13.84,0.11,26.89,1,-22,16,0,0,STAT,60,LAT,LON,W,CRC
08/29/26 02:47:14,22.66,278.63,24.99,10.77,-1.28,491.71,21.30,50.80,0.01,0.44,0.45,0.00,0.00,1,14.16,210.47,27.30,1,-21,14,0,0,STAT,60,LAT,LON,W,CRC
08/29/26 02:48:15,22.67,268.02,23.28,11.30,-1.40,491.06,21.40,50.90,0.04,0.74,0.75,0.00,0.00,1,13.98,75.57,34.70,1,-19,14,0,0,STAT,60,LAT,LON,W,CRC
08/29/26 02:49:15,22.67,276.39,22.83,11.40,-2.76,491.02,21.40,51.00,0.01,0.88,1.14,0.00,0.00,1,13.95,21.34,31.81,1,-21,15,0,0,STAT,60,LAT,LON,W,CRC
08/29/26 02:50:15,22.68,277.48,22.76,11.52,-2.34,491.01,21.40,51.20,0.34,1.07,1.33,0.00,0.00,1,13.91,6.03,26.71,1,-21,15,1,0,STAT,60,LAT,LON,W,CRC
08/29/26 02:51:15,22.68,279.44,22.81,12.26,-1.88,491.41,21.40,51.20,0.11,0.82,0.91,0.00,0.00,1,13.91,1.70,25.42,1,-21,14,0,0,STAT,60,LAT,LON,W,CRC
08/29/26 02:52:15,22.68,280.63,24.14,12.01,-2.79,492.29,21.40,51.10,0.27,0.86,1.14,0.00,0.00,1,13.87,0.48,26.29,1,-21,15,1,0,STAT,60,LAT,LON,W,CRC
08/29/26 02:53:16,22.69,286.42,22.62,12.09,-3.73,491.94,21.40,50.90,0.09,0.62,0.90,0.00,0.00,1,13.87,0.14,32.78,1,-23,16,0,0,STAT,60,LAT,LON,W,CRC
08/29/26 02:54:16,22.69,280.98,22.08,11.29,-1.78,490.84,21.40,51.00,0.09,0.45,0.62,0.00,0.00,1,14.05,140.51,30.56,1,-22,16,1,0,STAT,60,LAT,LON,W,CRC
08/29/26 02:55:16,22.69,284.65,22.87,11.43,-3.97,489.89,21.40,50.60,0.03,0.19,0.25,0.00,0.00,1,13.98,39.68,28.07,1,-23,15,0,-1,STAT,60,LAT,LON,W,CRC
08/29/26 02:56:16,22.69,279.46,22.56,9.71,-0.60,488.61,21.40,50.50,0.01,0.21,0.23,0.00,0.00,1,13.95,11.21,28.67,1,-22,16,0,0,STAT,60,LAT,LON,W,CRC
08/29/26 02:57:17,22.69,285.20,21.62,10.51,-1.98,485.79,21.40,50.40,0.00,0.16,0.16,0.00,0.00,1,13.91,3.17,25.21,1,-24,17,0,0,STAT,60,LAT,LON,W,CRC
08/29/26 02:58:17,22.69,288.99,23.46,10.69,-1.88,483.29,21.40,50.30,0.00,0.12,0.12,0.00,0.00,1,13.87,0.89,25.43,1,-25,15,1,0,STAT,60,LAT,LON,W,CRC
08/29/26 02:59:18,22.69,280.09,24.03,10.98,-1.11,480.64,21.40,50.20,0.00,0.11,0.11,0.00,0.00,1,13.87,0.25,30.05,1,-22,14,1,0,STAT,60,LAT,LON,W,CRC
08/29/26 03:00:18,22.69,279.27,25.21,11.34,-2.27,479.58,21.40,50.40,0.00,0.43,0.43,0.00,0.00,1,13.84,0.07,26.99,1,-22,14,0,0,STAT,60,LAT,LON,W,CRC
08/29/26 03:01:18,22.69,281.14,23.59,11.03,-0.91,478.56,21.40,50.40,0.00,1.17,1.17,0.00,0.00,1,14.12,177.92,26.34,1,-23,15,0,0,STAT,60,LAT,LON,W,CRC
08/29/26 03:02:18,22.69,280.73,23.33,12.84,-1.64,477.90,21.40,50.80,0.00,0.55,0.55,0.00,0.00,1,13.98,50.25,31.12,1,-23,14,0,0,STAT,60,LAT,LON,W,CRC
08/29/26 03:03:18,22.69,271.76,23.49,12.02,-1.42,477.32,21.40,50.60,0.00,0.67,0.67,0.00,0.00,1,13.95,14.19,25.43,1,-20,15,0,0,STAT,60,LAT,LON,W,CRC
08/29/26 03:04:19,22.69,281.76,23.60,11.45,-3.28,476.82,21.40,50.30,0.00,0.66,0.66,0.00,0.00,1,13.91,4.01,29.05,1,-23,15,0,0,STAT,60,LAT,LON,W,CRC
08/29/26 03:05:19,22.69,280.40,25.54,10.82,-2.86,475.88,21.40,50.30,0.02,0.53,0.53,0.00,0.00,1,13.87,1.13,28.00,1,-22,13,1,0,STAT,60,LAT,LON,W,CRC
08/29/26 03:06:19,22.69,281.43,24.34,11.18,-3.61,474.16,21.40,50.30,0.09,0.46,0.46,0.00,0.00,1,13.87,0.32,26.75,1,-23,14,0,0,STAT,60,LAT,LON,W,CRC
08/29/26 03:07:19,22.69,285.79,23.95,11.16,-4.44,472.41,21.40,50.10,0.07,0.49,0.49,0.00,0.00,1,13.84,0.09,26.02,1,-24,15,0,0,STAT,60,LAT,LON,W,CRC
08/29/26 03:08:19,22.69,284.45,23.87,10.80,-3.83,471.50,21.40,50.10,0.02,0.25,0.37,0.00,0.00,1,14.16,196.13,25.68,1,-24,15,0,0,STAT,60,LAT,LON,W,CRC
08/29/26 03:09:15,22.69,284.30,23.50,10.83,-3.45,470.07,21.40,50.00,0.01,0.23,0.27,0.00,0.00,1,13.98,61.55,26.81,1,-24,15,0,-1,STAT,60,LAT,LON,W,CRC
08/29/26 03:10:15,22.69,279.49,22.81,11.11,-4.42,469.38,21.40,50.00,0.10,0.40,0.42,0.00,0.00,1,13.95,17.38,24.63,1,-23,16,0,-1,STAT,60,LAT,LON,W,CRC
08/29/26 03:11:15,22.69,277.27,23.57,10.51,-3.64,468.06,21.40,50.00,0.08,0.44,0.44,0.00,0.00,1,13.91,4.91,25.52,1,-22,15,0,-1,STAT,60,LAT,LON,W,CRC
08/29/26 03:12:16,22.69,275.86,25.21,10.72,-2.59,467.37,21.40,49.90,0.23,0.60,0.66,0.00,0.00,1,13.87,1.39,26.18,1,-22,14,1,0,STAT,60,LAT,LON,W,CRC
08/29/26 03:13:16,22.69,280.78,23.40,10.00,-2.81,466.63,21.40,49.90,0.08,0.69,0.77,0.00,0.00,1,13.87,0.39,25.39,1,-23,15,1,0,STAT,60,LAT,LON,W,CRC
08/29/26 03:14:16,22.69,279.99,22.97,11.42,-2.14,465.78,21.40,49.90,0.05,0.84,0.87,0.00,0.00,1,13.84,0.11,34.58,1,-23,16,1,0,STAT,60,LAT,LON,W,CRC
08/29/26 03:15:16,22.69,281.44,22.24,11.09,-2.50,464.82,21.40,49.90,0.02,0.39,0.40,0.00,0.00,1,14.16,273.69,28.31,1,-24,17,0,0,STAT,60,LAT,LON,W,CRC
08/29/26 03:16:16,22.69,283.88,24.96,10.40,-1.55,464.29,21.40,49.90,0.01,0.44,0.44,0.00,0.00,1,14.02,77.30,26.95,1,-25,15,1,0,STAT,60,LAT,LON,W,CRC
08/29/26 03:17:16,22.69,281.68,25.35,10.74,-1.07,463.56,21.40,49.80,0.00,0.70,0.70,0.00,0.00,1,13.95,21.83,23.92,1,-24,15,0,0,STAT,60,LAT,LON,W,CRC
08/29/26 03:18:16,22.69,278.05,25.26,11.33,-1.88,463.20,21.40,49.80,0.00,0.51,0.51,0.00,0.00,1,13.91,6.17,24.96,1,-23,16,0,0,STAT,60,LAT,LON,W,CRC
08/29/26 03:19:17,22.69,263.53,24.05,9.83,-1.64,462.84,21.40,49.80,0.00,0.56,0.56,0.00,0.00,1,13.91,1.74,29.39,1,-19,15,0,0,STAT,60,LAT,LON,W,CRC
08/29/26 03:20:18,22.69,275.32,24.03,10.38,-1.68,462.30,21.40,49.80,0.00,0.58,0.58,0.00,0.00,1,13.87,0.49,29.31,1,-22,14,0,0,STAT,60,LAT,LON,W,CRC
08/29/26 03:21:18,22.69,283.94,23.77,10.35,-2.27,461.97,21.40,49.80,0.00,0.37,0.37,0.00,0.00,1,13.84,0.14,26.49,1,-24,14,0,0,STAT,60,LAT,LON,W,CRC
08/29/26 03:22:18,22.69,278.85,21.73,10.49,-0.24,461.71,21.40,49.70,0.00,0.15,0.15,0.00,0.00,1,14.12,179.18,26.47,1,-23,16,0,0,STAT,60,LAT,LON,W,CRC
08/29/26 03:23:18,22.69,286.28,22.24,10.33,-2.21,461.25,21.40,49.70,0.00,0.51,0.62,0.00,0.00,1,14.02,78.24,24.15,1,-26,17,0,0,STAT,60,LAT,LON,W,CRC
08/29/26 03:24:18,22.69,281.98,21.67,11.70,-3.77,461.09,21.40,49.80,0.00,0.26,0.29,0.00,0.00,1,13.98,22.10,23.40,1,-25,17,1,0,STAT,60,LAT,LON,W,CRC
08/29/26 03:25:19,22.69,277.32,23.27,10.44,-3.24,461.03,21.40,49.80,0.00,0.14,0.70,0.00,0.00,1,13.91,6.24,30.34,1,-24,16,0,0,STAT,60,LAT,LON,W,CRC
08/29/26 03:26:19,22.69,275.23,24.54,11.68,-4.87,460.78,21.40,49.70,0.00,0.05,0.23,0.00,0.00,1,13.91,1.76,24.89,1,-23,15,1,0,STAT,60,LAT,LON,W,CRC
08/29/26 03:27:19,22.69,273.26,23.11,11.22,-2.51,460.27,21.40,49.80,0.00,0.22,0.28,0.00,0.00,1,13.87,0.50,25.06,1,-22,17,0,0,STAT,60,LAT,LON,W,CRC
08/29/26 03:28:20,22.69,279.50,23.23,10.88,-2.78,459.94,21.40,49.70,0.00,0.23,0.25,0.00,0.00,1,13.87,0.14,27.06,1,-24,16,0,0,STAT,60,LAT,LON,W,CRC
08/29/26 03:29:20,22.69,284.14,23.40,9.98,-1.67,459.44,21.50,49.70,0.00,0.21,0.21,0.00,0.00,1,14.05,116.49,25.71,1,-25,16,0,0,STAT,60,LAT,LON,W,CRC
08/29/26 03:30:21,22.69,284.94,21.78,10.28,-2.63,459.07,21.50,49.60,0.00,0.22,0.22,0.00,0.00,1,14.05,111.80,28.85,1,-26,17,0,0,STAT,60,LAT,LON,W,CRC
08/29/26 03:31:21,22.70,281.63,23.63,10.65,-2.53,458.26,21.40,49.60,0.00,0.22,0.22,0.00,0.00,1,13.98,31.57,29.17,1,-25,15,1,0,STAT,60,LAT,LON,W,CRC
08/29/26 03:32:21,22.71,272.89,24.22,9.47,-0.89,456.99,21.40,49.60,0.00,0.21,0.21,0.00,0.00,1,13.95,8.92,26.26,1,-23,15,0,0,STAT,60,LAT,LON,W,CRC
08/29/26 03:33:21,22.71,279.55,23.62,10.47,-0.76,455.68,21.50,49.60,0.00,0.07,0.07,0.00,0.00,1,13.91,2.52,26.01,1,-25,16,0,0,STAT,60,LAT,LON,W,CRC
08/29/26 03:34:21,22.72,278.27,25.18,10.76,-1.80,454.64,21.40,49.60,0.04,0.18,0.18,0.00,0.00,1,13.87,0.71,26.58,1,-25,15,0,0,STAT,60,LAT,LON,W,CRC
08/29/26 03:35:17,22.73,274.67,24.17,10.24,-1.09,454.25,21.50,49.60,0.01,0.15,0.33,0.00,0.00,1,13.87,0.22,30.10,1,-23,14,0,0,STAT,60,LAT,LON,W,CRC
08/29/26 03:36:17,22.74,275.78,25.14,10.18,-0.80,454.09,21.50,49.60,0.13,0.41,0.83,0.00,0.00,1,13.84,0.06,27.32,1,-24,15,1,0,STAT,60,LAT,LON,W,CRC
08/29/26 03:37:18,22.75,273.43,23.97,10.70,-1.85,453.43,21.50,49.50,0.04,0.14,0.34,0.00,0.00,1,14.05,137.77,27.65,1,-24,16,0,0,STAT,60,LAT,LON,W,CRC
08/29/26 03:38:18,22.76,273.43,23.28,9.90,-1.16,452.53,21.50,49.50,0.01,0.06,0.13,0.00,0.00,1,13.98,38.91,26.50,1,-24,16,0,0,STAT,60,LAT,LON,W,CRC
08/29/26 03:39:18,22.76,275.96,22.96,10.30,-0.72,452.19,21.50,49.60,0.00,0.23,0.32,0.00,0.00,1,13.95,10.99,25.39,1,-25,16,1,0,STAT,60,LAT,LON,W,CRC
08/29/26 03:40:19,22.77,261.91,21.84,10.18,-1.02,452.07,21.50,49.50,0.00,0.27,0.30,0.00,0.00,1,13.91,3.10,37.08,1,-21,17,0,0,STAT,60,LAT,LON,W,CRC
08/29/26 03:41:19,22.77,265.38,23.04,10.55,-1.26,451.94,21.50,49.50,0.00,0.31,0.32,0.00,0.00,1,13.87,0.88,28.49,1,-23,16,0,0,STAT,60,LAT,LON,W,CRC
08/29/26 03:42:19,22.77,275.80,23.35,10.15,-1.70,451.36,21.50,49.50,0.00,0.23,0.24,0.00,0.00,1,13.87,0.25,28.78,1,-25,16,1,0,STAT,60,LAT,LON,W,CRC
08/29/26 03:43:19,22.77,272.99,22.04,9.77,-0.50,450.86,21.50,49.50,0.00,0.12,0.14,0.00,0.00,1,13.84,0.07,27.36,1,-24,17,1,0,STAT,60,LAT,LON,W,CRC
08/29/26 03:44:19,22.77,271.94,23.55,9.76,-0.53,450.30,21.50,49.50,0.00,0.24,0.25,0.00,0.00,1,14.09,174.69,27.99,1,-25,16,1,0,STAT,60,LAT,LON,W,CRC
08/29/26 03:45:20,22.77,258.88,22.77,9.99,-1.64,448.79,21.50,49.50,0.00,0.18,0.18,0.00,0.00,1,13.95,49.34,31.58,1,-21,16,0,0,STAT,60,LAT,LON,W,CRC
08/29/26 03:46:21,22.77,266.75,24.61,9.61,-1.82,447.01,21.50,49.40,0.00,0.05,0.06,0.00,0.00,1,13.95,13.93,32.92,1,-23,13,0,0,STAT,60,LAT,LON,W,CRC
08/29/26 03:47:21,22.78,266.08,25.00,10.37,-2.61,446.00,21.50,49.50,0.00,0.10,0.10,0.00,0.00,1,13.91,3.94,26.68,1,-23,14,1,0,STAT,60,LAT,LON,W,CRC
08/29/26 03:48:21,22.78,266.95,24.69,10.11,-1.45,445.43,21.50,49.50,0.04,0.47,0.79,0.00,0.00,1,13.87,1.11,24.42,1,-23,14,0,0,STAT,60,LAT,LON,W,CRC
08/29/26 03:49:21,22.78,272.60,24.28,9.64,-0.25,445.15,21.50,49.40,0.01,0.65,0.79,0.00,0.00,1,13.87,0.31,24.88,1,-26,15,0,0,STAT,60,LAT,LON,W,CRC
08/29/26 03:50:21,22.79,268.58,23.48,10.47,-1.52,445.05,21.50,49.40,0.00,0.35,0.39,0.00,0.00,1,13.84,0.09,26.55,1,-25,15,0,0,STAT,60,LAT,LON,W,CRC
