flag,gases.co.ae,gases.co.diff,gases.co.we,gases.co2.raw,gases.no.ae,gases.no.diff,gases.no.we,gases.no2.ae,gases.no2.diff,gases.no2.we,gases.o3.ae,gases.o3.diff,gases.o3.we,geo.lat,geo.lon,met.rh,met.temp,met.wd,met.ws,met.ws_scalar,neph.cscat,neph.pm1,neph.pm10,neph.pm25,opc.bin0,opc.bin1,opc.bin10,opc.bin11,opc.bin12,opc.bin13,opc.bin14,opc.bin15,opc.bin16,opc.bin17,opc.bin18,opc.bin19,opc.bin2,opc.bin20,opc.bin21,opc.bin22,opc.bin23,opc.bin3,opc.bin4,opc.bin5,opc.bin6,opc.bin7,opc.bin8,opc.bin9,opc.pm1,opc.pm10,opc.pm25,opc.rh,opc.temp,operating_state,sn,timestamp,timestamp_local,url
0,649.2,36.09999999999991,685.3,1437.6,670.9,2.6000000000000227,673.5,1646.1,0.20000000000004547,1646.3,1645.6,9.5,1655.8,,,36.1,18.3,0.0,0.0,0.0,369.0,1.2,2.4,2.4,4.6619,0.678,0.0036,0.0038,0.0,0.0,0.0,0.0,0.0,0.0,0.0,0.0,0.4184,0.0,0.0,0.0,0.0,0.1165,0.1418,0.0585,0.0473,0.0036,0.0145,0.0,1.27,10.64,3.52,27.22,23.91,0,MOD-00623,2025-04-19T23:59:31,2025-04-19T16:59:31,https://api.quant-aq.com/v1/devices/MOD-00623/data/raw/367474832
0,651.0,34.700000000000045,685.7,1437.9,670.3,2.2000000000000455,672.5,1646.2,0.09999999999990905,1646.3,1645.7,9.400000000000091,1655.7,,,36.1,18.3,0.0,0.0,0.0,303.5,0.8,2.2,1.9,5.3236,0.6215,0.0039,0.0037,0.0,0.0,0.0,0.0,0.0,0.0,0.0,0.0,0.411,0.0,0.0,0.0,0.0,0.1184,0.1448,0.0689,0.0267,0.0039,0.0038,0.0,1.33,8.74,3.31,27.11,23.91,0,MOD-00623,2025-04-19T23:58:31,2025-04-19T16:58:31,https://api.quant-aq.com/v1/devices/MOD-00623/data/raw/367474830
0,651.9,34.39999999999998,686.3,1437.5,671.3,3.1000000000000227,674.4,1646.1,0.0,1646.1,1645.7,9.300000000000182,1655.4,,,35.8,18.3,0.0,0.0,0.0,307.0,0.8,2.0,1.8,7.2364,0.6386,0.0074,0.0,0.0,0.0,0.0,0.0,0.0,0.0,0.0,0.0,0.4186,0.0,0.0,0.0,0.0,0.1194,0.1382,0.0562,0.0298,0.0075,0.0037,0.0,1.54,8.34,3.49,27.02,23.91,0,MOD-00623,2025-04-19T23:57:31,2025-04-19T16:57:31,https://api.quant-aq.com/v1/devices/MOD-00623/data/raw/367474835
0,651.1,35.19999999999993,686.3,1435.3,671.2,2.5,673.7,1646.1,0.3000000000001819,1646.4,1646.0,9.5,1655.9,,,36.0,18.3,0.0,0.0,0.0,263.0,0.6,2.6,1.7,4.4713,0.5645,0.0,0.0,0.0,0.0,0.0,0.0,0.0,0.0,0.0,0.0,0.3818,0.0,0.0,0.0,0.0,0.1275,0.1243,0.049,0.0226,0.0148,0.0,0.0,1.17,4.4,2.95,26.98,23.93,0,MOD-00623,2025-04-19T23:56:31,2025-04-19T16:56:31,https://api.quant-aq.com/v1/devices/MOD-00623/data/raw/367474834
0,652.3,32.90000000000009,685.2,1435.2,671.2,3.2999999999999545,674.5,1646.1,-0.09999999999990905,1646.0,1645.7,9.400000000000091,1655.4,,,35.8,18.3,0.0,0.0,0.0,290.75,0.8,2.8,2.1,4.669,0.5984,0.0,0.0,0.0,0.0,0.0,0.0,0.0,0.0,0.0,0.0,0.3873,0.0,0.0,0.0,0.0,0.1349,0.1391,0.0696,0.0296,0.0255,0.0073,0.0,1.24,6.79,3.59,26.86,23.94,0,MOD-00623,2025-04-19T23:55:31,2025-04-19T16:55:31,https://api.quant-aq.com/v1/devices/MOD-00623/data/raw/367472463
0,651.9,33.60000000000002,685.5,1437.4,671.2,2.199999999999932,673.4,1646.2,0.2999999999999545,1646.5,1645.8,9.5,1656.0,,,35.7,18.3,0.0,0.0,0.0,318.75,1.1,2.2,2.2,4.9891,0.666,0.0,0.0,0.0,0.0,0.0,0.0,0.0,0.0,0.0,0.0,0.4099,0.0,0.0,0.0,0.0,0.1393,0.1457,0.0713,0.0309,0.0082,0.0042,0.0,1.32,5.36,3.47,26.71,23.94,0,MOD-00623,2025-04-19T23:54:31,2025-04-19T16:54:31,https://api.quant-aq.com/v1/devices/MOD-00623/data/raw/367472464
0,652.2,33.5,685.7,1437.6,670.5,3.0,673.5,1646.3,-0.2999999999999545,1646.0,1645.9,9.599999999999909,1655.6,,,35.0,18.3,0.0,0.0,0.0,404.25,1.3,3.0,3.0,7.2772,0.7072,0.0,0.0,0.0,0.0,0.0,0.0,0.0,0.0,0.0,0.0,0.3227,0.0,0.0,0.0,0.0,0.1432,0.1437,0.0885,0.0184,0.0146,0.0037,0.0,1.55,5.76,3.74,26.39,23.91,0,MOD-00623,2025-04-19T23:53:31,2025-04-19T16:53:31,https://api.quant-aq.com/v1/devices/MOD-00623/data/raw/367472462
0,651.7,34.09999999999991,685.8,1437.6,670.5,2.6000000000000227,673.1,1646.2,-0.10000000000013642,1646.1,1645.7,9.600000000000136,1655.7,,,34.9,18.3,0.0,0.0,0.0,403.5,1.5,3.0,3.0,4.767,0.6104,0.0,0.0,0.0,0.0,0.0,0.0,0.0,0.0,0.0,0.0,0.3828,0.0,0.0,0.0,0.0,0.1692,0.1732,0.0441,0.037,0.0,0.0112,0.0,1.3,5.82,3.4,26.36,23.94,0,MOD-00623,2025-04-19T23:52:31,2025-04-19T16:52:31,https://api.quant-aq.com/v1/devices/MOD-00623/data/raw/367472461
0,651.8,34.200000000000045,686.0,1438.3,671.5,2.8999999999999773,674.4,1646.1,0.10000000000013642,1646.2,1645.8,9.399999999999864,1655.6,,,35.1,18.3,0.0,0.0,0.0,317.5,1.0,3.4,2.5,5.1021,0.6266,0.0,0.0,0.0,0.0,0.0,0.0,0.0,0.0,0.0,0.0,0.3118,0.0,0.0,0.0,0.0,0.1242,0.1204,0.0527,0.0224,0.0,0.0038,0.0,1.21,3.98,2.81,26.32,23.97,0,MOD-00623,2025-04-19T23:51:31,2025-04-19T16:51:31,https://api.quant-aq.com/v1/devices/MOD-00623/data/raw/367470108
0,651.6,35.60000000000002,687.2,1437.8,670.4,3.0,673.4,1646.1,-0.1999999999998181,1645.9,1646.0,9.399999999999864,1655.3,,,34.6,18.3,0.0,0.0,0.0,267.5,0.7,2.5,2.5,5.1373,0.6876,0.0,0.0,0.0,0.0,0.0,0.0,0.0,0.0,0.0,0.0,0.4215,0.0,0.0,0.0,0.0,0.1117,0.1447,0.065,0.0307,0.0,0.0,0.0,1.32,4.08,3.22,26.18,23.96,0,MOD-00623,2025-04-19T23:50:31,2025-04-19T16:50:31,https://api.quant-aq.com/v1/devices/MOD-00623/data/raw/367470107
0,651.0,35.799999999999955,686.8,1439.1,671.0,3.0,674.0,1646.1,0.10000000000013642,1646.2,1645.7,9.099999999999909,1655.3,,,35.1,18.3,0.0,0.0,0.0,319.75,0.8,2.8,2.1,6.487,0.6227,0.0,0.0,0.0,0.0,0.0,0.0,0.0,0.0039,0.0,0.0,0.3239,0.0,0.0,0.0,0.0,0.1535,0.1681,0.0742,0.0371,0.015,0.0037,0.0,1.46,7.54,3.9,26.41,23.96,0,MOD-00623,2025-04-19T23:49:31,2025-04-19T16:49:31,https://api.quant-aq.com/v1/devices/MOD-00623/data/raw/367470106
0,649.6,35.299999999999955,684.9,1437.2,671.2,2.699999999999932,673.9,1646.2,-0.10000000000013642,1646.1,1645.7,9.400000000000091,1655.5,,,34.5,18.3,0.0,0.0,0.0,259.75,0.7,1.7,1.7,4.5189,0.5786,0.0,0.0,0.0,0.0,0.0,0.0,0.0,0.0,0.0,0.0,0.3955,0.0,0.0,0.0,0.0,0.0952,0.1095,0.0682,0.0112,0.0114,0.0037,0.0036,1.16,5.45,2.86,26.09,23.96,0,MOD-00623,2025-04-19T23:48:31,2025-04-19T16:48:31,https://api.quant-aq.com/v1/devices/MOD-00623/data/raw/367470105
0,650.9,34.60000000000002,685.5,1437.7,671.1,3.2999999999999545,674.4,1646.2,-0.2999999999999545,1645.9,1645.7,9.399999999999864,1655.3,,,34.7,18.3,0.0,0.0,0.0,247.5,0.6,1.3,1.3,5.0071,0.6493,0.0,0.0,0.0,0.0,0.0,0.0,0.0,0.0,0.0,0.0,0.4213,0.0,0.0,0.0,0.0,0.1591,0.1528,0.0426,0.0198,0.0042,0.0125,0.0043,1.33,6.84,3.2,26.18,23.96,0,MOD-00623,2025-04-19T23:47:31,2025-04-19T16:47:31,https://api.quant-aq.com/v1/devices/MOD-00623/data/raw/367467734
0,649.6,35.89999999999998,685.5,1438.8,671.1,3.0,674.1,1646.2,0.09999999999990905,1646.3,1646.0,9.200000000000045,1655.5,,,35.0,18.3,0.0,0.0,0.0,341.25,1.2,1.8,1.8,4.6223,0.5965,0.0,0.0,0.0,0.0,0.0,0.0,0.0,0.0,0.0,0.0,0.312,0.0,0.0,0.0,0.0,0.101,0.1211,0.0669,0.0196,0.0142,0.0158,0.0034,1.14,7.59,3.12,26.23,23.96,0,MOD-00623,2025-04-19T23:46:31,2025-04-19T16:46:31,https://api.quant-aq.com/v1/devices/MOD-00623/data/raw/367467733
0,649.5,35.200000000000045,684.7,1436.9,670.8,2.800000000000068,673.6,1646.1,0.0,1646.1,1645.7,9.200000000000045,1655.3,,,34.7,18.3,0.0,0.0,0.0,339.0,1.2,2.2,2.2,6.3513,0.5985,0.0,0.0071,0.0,0.0,0.0,0.0,0.0,0.0,0.0,0.0,0.3585,0.0,0.0,0.0,0.0,0.1182,0.1225,0.0665,0.007,0.0173,0.007,0.007,1.38,11.7,3.22,26.09,23.96,0,MOD-00623,2025-04-19T23:45:31,2025-04-19T16:45:31,https://api.quant-aq.com/v1/devices/MOD-00623/data/raw/367467732
0,651.3,32.90000000000009,684.2,1437.4,670.7,2.5,673.2,1646.0,0.0,1646.0,1645.7,9.299999999999955,1655.3,,,34.5,18.3,0.0,0.0,0.0,422.0,1.1,2.8,2.8,4.0941,0.5436,0.0,0.0,0.0,0.0,0.0,0.0,0.0,0.0,0.0,0.0,0.3568,0.0,0.0,0.0,0.0,0.1282,0.1164,0.0463,0.0428,0.0034,0.014,0.0035,1.11,7.05,3.08,26.05,23.99,0,MOD-00623,2025-04-19T23:44:31,2025-04-19T16:44:31,https://api.quant-aq.com/v1/devices/MOD-00623/data/raw/367467731
0,651.5,34.200000000000045,685.7,1436.6,671.4,2.800000000000068,674.2,1645.9,-0.20000000000004547,1645.7,1645.5,9.200000000000045,1654.9,,,34.5,18.3,0.0,0.0,0.0,319.0,1.0,2.3,2.3,4.5024,0.587,0.0,0.0038,0.0,0.0,0.0,0.0,0.0,0.0,0.0,0.0,0.3064,0.0,0.0,0.0,0.0,0.1037,0.138,0.0412,0.026,0.0148,0.0039,0.0,1.12,7.21,2.91,26.08,24.01,0,MOD-00623,2025-04-19T23:43:31,2025-04-19T16:43:31,https://api.quant-aq.com/v1/devices/MOD-00623/data/raw/367465291
0,651.1,34.299999999999955,685.4,1439.2,671.5,3.2999999999999545,674.8,1645.9,0.2999999999999545,1646.2,1645.7,8.899999999999864,1655.1,,,35.2,18.3,0.0,0.0,0.0,399.75,0.9,2.8,2.6,4.7976,0.5887,0.0,0.0,0.0,0.0,0.0,0.0,0.0,0.0,0.0,0.0,0.3844,0.0,0.0,0.0,0.0,0.1383,0.1338,0.0619,0.047,0.0037,0.0115,0.0,1.25,6.34,3.48,26.17,24.01,0,MOD-00623,2025-04-19T23:42:31,2025-04-19T16:42:31,https://api.quant-aq.com/v1/devices/MOD-00623/data/raw/367465290
0,650.4,34.10000000000002,684.5,1436.7,670.4,2.800000000000068,673.2,1646.0,-0.09999999999990905,1645.9,1645.6,9.299999999999955,1655.2,,,34.2,18.3,0.0,0.0,0.0,304.25,1.0,2.8,2.6,6.7515,0.5283,0.0,0.0,0.0,0.0,0.0,0.0,0.0,0.0,0.0,0.0,0.4168,0.0,0.0,0.0,0.0,0.1044,0.1116,0.0613,0.0362,0.0108,0.0,0.0,1.42,4.84,3.35,25.85,23.99,0,MOD-00623,2025-04-19T23:41:31,2025-04-19T16:41:31,https://api.quant-aq.com/v1/devices/MOD-00623/data/raw/367465289
0,652.9,32.10000000000002,685.0,1437.5,671.2,2.599999999999909,673.8,1645.9,-0.20000000000004547,1645.7,1645.6,9.5,1655.2,,,34.1,18.3,0.0,0.0,0.0,321.25,1.0,2.1,2.1,4.1554,0.6231,0.0,0.0,0.0,0.0,0.0,0.0,0.0,0.0,0.0,0.0,0.3761,0.0,0.0,0.0,0.0,0.1159,0.1049,0.0576,0.0254,0.0072,0.0108,0.0,1.13,5.48,2.92,25.73,23.97,0,MOD-00623,2025-04-19T23:40:31,2025-04-19T16:40:31,https://api.quant-aq.com/v1/devices/MOD-00623/data/raw/367465288
0,653.3,31.700000000000045,685.0,1437.3,671.0,3.8999999999999773,674.9,1645.8,-0.5,1645.3,1645.5,9.200000000000045,1654.5,,,34.2,18.3,0.0,0.0,0.0,303.0,0.9,2.0,2.0,4.2576,0.5593,0.0036,0.0,0.0,0.0,0.0,0.0,0.0036,0.0,0.0,0.0,0.3398,0.0,0.0,0.0,0.0,0.1109,0.1432,0.0497,0.0289,0.0144,0.0036,0.0,1.12,8.21,3.07,25.81,24.04,0,MOD-00623,2025-04-19T23:39:31,2025-04-19T16:39:31,https://api.quant-aq.com/v1/devices/MOD-00623/data/raw/367462919
0,651.2,33.69999999999993,684.9,1436.9,670.6,2.699999999999932,673.3,1646.1,-0.09999999999990905,1646.0,1645.7,9.700000000000045,1655.7,,,34.8,18.3,0.0,0.0,0.0,384.25,1.3,3.3,3.3,4.6631,0.6133,0.0035,0.0,0.0,0.0,0.0,0.0,0.0,0.0,0.0,0.0,0.4284,0.0,0.0,0.0,0.0,0.1111,0.126,0.0359,0.0324,0.0036,0.0071,0.0108,1.22,9.26,2.99,26.17,24.04,0,MOD-00623,2025-04-19T23:38:31,2025-04-19T16:38:31,https://api.quant-aq.com/v1/devices/MOD-00623/data/raw/367462918
0,651.6,34.299999999999955,685.9,1433.9,670.9,3.5,674.4,1646.1,-0.3999999999998636,1645.7,1645.5,9.099999999999909,1654.8,,,34.0,18.4,0.0,0.0,0.0,344.75,1.0,2.9,2.2,6.1243,0.656,0.0,0.0,0.0,0.0,0.0,0.0,0.0,0.0,0.0,0.0,0.3854,0.0,0.0,0.0,0.0,0.1114,0.1007,0.0486,0.0173,0.0104,0.0035,0.0035,1.35,5.41,2.93,25.81,24.04,0,MOD-00623,2025-04-19T23:37:31,2025-04-19T16:37:31,https://api.quant-aq.com/v1/devices/MOD-00623/data/raw/367462917
0,649.4,38.5,687.9,1435.7,671.2,3.699999999999932,674.9,1646.1,-0.3999999999998636,1645.7,1645.8,9.099999999999909,1654.8,,,34.7,18.4,0.0,0.0,0.0,342.25,1.0,3.8,2.9,4.8288,0.657,0.0,0.0,0.0,0.0,0.0,0.0,0.0,0.0,0.0,0.0,0.3804,0.0,0.0,0.0,0.0,0.1196,0.1469,0.0482,0.0253,0.0,0.0036,0.0,1.25,4.17,2.98,26.14,24.05,0,MOD-00623,2025-04-19T23:36:31,2025-04-19T16:36:31,https://api.quant-aq.com/v1/devices/MOD-00623/data/raw/367462916
0,651.5,38.299999999999955,689.8,1436.7,671.1,2.8999999999999773,674.0,1646.0,0.20000000000004547,1646.2,1645.5,9.200000000000045,1655.4,,,34.8,18.4,0.0,0.0,0.0,485.75,1.8,4.2,3.2,4.5871,0.672,0.0,0.0,0.0,0.0,0.0,0.0,0.0,0.0,0.0,0.0,0.3954,0.0,0.0,0.0,0.0,0.12,0.134,0.0728,0.0257,0.0073,0.0,0.0,1.24,4.39,3.2,26.14,24.05,0,MOD-00623,2025-04-19T23:35:31,2025-04-19T16:35:31,https://api.quant-aq.com/v1/devices/MOD-00623/data/raw/367460539
0,651.0,33.5,684.5,1436.1,670.6,3.199999999999932,673.8,1645.9,0.0,1645.9,1645.6,9.099999999999909,1655.0,,,34.9,18.4,0.0,0.0,0.0,297.5,1.0,2.3,2.1,4.5576,0.6391,0.0,0.0,0.0,0.0,0.0,0.0,0.0,0.0,0.0,0.0,0.3731,0.0,0.0,0.0,0.0,0.1421,0.1241,0.0594,0.0262,0.0073,0.0038,0.0,1.22,4.74,3.09,26.04,24.07,0,MOD-00623,2025-04-19T23:34:31,2025-04-19T16:34:31,https://api.quant-aq.com/v1/devices/MOD-00623/data/raw/367460538
0,652.3,32.10000000000002,684.4,1434.6,670.7,2.099999999999909,672.8,1646.1,0.10000000000013642,1646.2,1645.5,9.099999999999909,1655.3,,,34.3,18.4,0.0,0.0,0.0,282.25,0.8,2.5,1.8,6.1302,0.6181,0.0,0.0,0.0,0.0,0.0,0.0,0.0,0.0,0.0,0.0,0.36,0.0,0.0,0.0,0.0,0.1423,0.1608,0.0337,0.0263,0.0037,0.0038,0.0,1.4,4.53,3.15,25.72,24.04,0,MOD-00623,2025-04-19T23:33:31,2025-04-19T16:33:31,https://api.quant-aq.com/v1/devices/MOD-00623/data/raw/367460540
0,652.1,32.299999999999955,684.4,1436.4,671.5,3.2999999999999545,674.8,1646.0,-0.599999999999909,1645.4,1645.7,9.299999999999955,1654.7,,,33.5,18.4,0.0,0.0,0.0,336.5,1.0,3.3,2.7,4.5283,0.6532,0.0,0.0,0.0,0.0,0.0,0.0,0.0,0.0,0.0,0.0,0.4113,0.0,0.0,0.0,0.0,0.1252,0.1513,0.0419,0.0114,0.0116,0.0076,0.0,1.24,5.06,2.96,25.48,24.1,0,MOD-00623,2025-04-19T23:32:31,2025-04-19T16:32:31,https://api.quant-aq.com/v1/devices/MOD-00623/data/raw/367460537
0,651.4,32.80000000000007,684.2,1434.9,671.5,3.5,675.0,1646.2,-0.40000000000009095,1645.8,1645.5,9.100000000000136,1654.9,,,33.9,18.4,0.0,0.0,0.0,347.0,0.9,2.8,2.2,4.5098,0.5721,0.0,0.0,0.0,0.0,0.0,0.0,0.0,0.0,0.0,0.0,0.3583,0.0,0.0,0.0,0.0,0.1137,0.1181,0.0835,0.0143,0.0069,0.0,0.0,1.17,3.98,2.97,25.68,24.1,0,MOD-00623,2025-04-19T23:31:31,2025-04-19T16:31:31,https://api.quant-aq.com/v1/devices/MOD-00623/data/raw/367458211
0,651.9,33.200000000000045,685.1,1437.6,670.8,3.5,674.3,1646.0,-0.09999999999990905,1645.9,1645.8,9.299999999999955,1655.2,,,34.1,18.5,0.0,0.0,0.0,355.5,0.8,2.8,2.8,5.1039,0.7489,0.0,0.0,0.0,0.0,0.0,0.0,0.0,0.0,0.0,0.0,0.3421,0.0,0.0,0.0,0.0,0.1088,0.1666,0.0444,0.0105,0.0074,0.0073,0.0,1.29,4.81,2.98,25.81,24.11,0,MOD-00623,2025-04-19T23:30:31,2025-04-19T16:30:31,https://api.quant-aq.com/v1/devices/MOD-00623/data/raw/367458209
0,652.7,32.299999999999955,685.0,1438.9,671.7,3.0,674.7,1646.0,0.0,1646.0,1645.6,9.099999999999909,1655.1,,,34.1,18.5,0.0,0.0,0.0,357.25,1.0,3.1,3.1,7.1882,0.7593,0.0,0.0,0.0,0.0,0.0,0.0,0.0,0.0,0.0,0.0,0.3554,0.0,0.0,0.0,0.0,0.1066,0.1431,0.0659,0.0148,0.0147,0.0037,0.0,1.52,5.3,3.43,25.74,24.14,0,MOD-00623,2025-04-19T23:29:31,2025-04-19T16:29:31,https://api.quant-aq.com/v1/devices/MOD-00623/data/raw/367458208
0,652.2,32.59999999999991,684.8,1437.7,671.8,3.400000000000091,675.2,1646.1,-0.5,1645.6,1645.7,9.400000000000091,1655.0,,,33.5,18.5,0.0,0.0,0.0,335.25,0.8,2.3,2.3,4.5122,0.5925,0.0,0.0,0.0,0.0,0.0,0.0,0.0,0.0,0.0,0.0,0.3884,0.0,0.0,0.0,0.0,0.1238,0.1492,0.0372,0.0187,0.0186,0.0074,0.0037,1.2,6.6,3.07,25.56,24.15,0,MOD-00623,2025-04-19T23:28:31,2025-04-19T16:28:31,https://api.quant-aq.com/v1/devices/MOD-00623/data/raw/367458206
0,650.5,33.60000000000002,684.1,1437.0,671.1,3.2999999999999545,674.4,1646.2,-0.5,1645.7,1645.8,9.299999999999955,1655.0,,,33.9,18.5,0.0,0.0,0.0,285.75,0.4,2.1,1.7,4.2494,0.6474,0.0,0.0,0.0,0.0,0.0,0.0,0.0,0.0,0.0,0.0,0.3672,0.0,0.0,0.0,0.0,0.1226,0.1503,0.0384,0.0243,0.0071,0.0,0.0,1.18,3.91,2.88,25.77,24.14,0,MOD-00623,2025-04-19T23:27:31,2025-04-19T16:27:31,https://api.quant-aq.com/v1/devices/MOD-00623/data/raw/367455852
0,653.1,31.899999999999977,685.0,1437.4,670.8,3.6000000000000227,674.4,1646.1,-0.3999999999998636,1645.7,1645.7,9.099999999999909,1654.8,,,34.4,18.5,0.0,0.0,0.0,297.5,0.6,1.9,1.7,4.4076,0.5057,0.0,0.0,0.0,0.0,0.0,0.0,0.0,0.0,0.0,0.0,0.3238,0.0,0.0,0.0,0.0,0.1449,0.1268,0.0524,0.0213,0.0036,0.0,0.0,1.13,3.63,2.79,26.01,24.14,0,MOD-00623,2025-04-19T23:26:31,2025-04-19T16:26:31,https://api.quant-aq.com/v1/devices/MOD-00623/data/raw/367455853
0,650.6,34.10000000000002,684.7,1437.2,672.0,2.6000000000000227,674.6,1646.1,-0.09999999999990905,1646.0,1645.8,9.400000000000091,1655.4,,,34.6,18.5,0.0,0.0,0.0,366.0,1.2,3.2,2.9,6.236,0.5816,0.0,0.0,0.0,0.0,0.0,0.0,0.0,0.0,0.0,0.0,0.355,0.0,0.0,0.0,0.0,0.1064,0.1244,0.0384,0.0211,0.0036,0.007,0.0,1.33,4.6,2.88,26.09,24.13,0,MOD-00623,2025-04-19T23:25:31,2025-04-19T16:25:31,https://api.quant-aq.com/v1/devices/MOD-00623/data/raw/367455851
0,650.3,34.700000000000045,685.0,1437.2,671.1,3.199999999999932,674.3,1646.3,-0.2999999999999545,1646.0,1645.6,9.0,1655.0,,,34.4,18.5,0.0,0.0,0.0,370.5,1.1,1.8,1.8,4.8888,0.6748,0.0,0.0,0.0,0.0,0.0,0.0,0.0,0.0,0.0,0.0,0.3872,0.0,0.0,0.0,0.0,0.163,0.1555,0.07,0.0259,0.0113,0.0037,0.0036,1.33,6.4,3.53,26.18,24.17,0,MOD-00623,2025-04-19T23:24:31,2025-04-19T16:24:31,https://api.quant-aq.com/v1/devices/MOD-00623/data/raw/367455854
0,650.4,34.700000000000045,685.1,1438.5,671.8,3.800000000000068,675.6,1646.0,-0.5,1645.5,1645.6,9.0,1654.5,,,34.0,18.5,0.0,0.0,0.0,379.75,1.6,2.4,2.4,4.4846,0.6122,0.0037,0.0,0.0,0.0,0.0,0.0,0.0,0.0,0.0,0.0,0.3854,0.0,0.0,0.0,0.0,0.0992,0.1068,0.0355,0.043,0.0142,0.0035,0.0,1.15,6.71,2.99,26.18,24.14,0,MOD-00623,2025-04-19T23:23:31,2025-04-19T16:23:31,https://api.quant-aq.com/v1/devices/MOD-00623/data/raw/367453488
0,651.5,34.299999999999955,685.8,1440.2,671.7,2.699999999999932,674.4,1646.1,-0.09999999999990905,1646.0,1645.7,9.099999999999909,1655.1,,,34.9,18.5,0.0,0.0,0.0,318.5,1.0,2.9,2.9,5.0638,0.6501,0.0,0.0,0.0,0.0,0.0,0.0,0.0,0.0,0.0,0.0,0.3855,0.0,0.0,0.0,0.0,0.1407,0.1558,0.0747,0.0321,0.014,0.0035,0.0,1.32,5.77,3.63,26.42,24.17,0,MOD-00623,2025-04-19T23:22:31,2025-04-19T16:22:31,https://api.quant-aq.com/v1/devices/MOD-00623/data/raw/367453490
0,652.3,33.10000000000002,685.4,1438.4,671.6,3.2999999999999545,674.9,1646.0,-0.20000000000004547,1645.8,1645.7,9.200000000000045,1655.0,,,35.0,18.5,0.0,0.0,0.0,387.75,0.8,2.2,2.2,7.2683,0.5666,0.0,0.0,0.0,0.0,0.0,0.0,0.0,0.0,0.0,0.0,0.3412,0.0,0.0,0.0,0.0,0.1391,0.1504,0.0696,0.0147,0.011,0.0,0.0036,1.51,5.6,3.45,26.36,24.14,0,MOD-00623,2025-04-19T23:21:31,2025-04-19T16:21:31,https://api.quant-aq.com/v1/devices/MOD-00623/data/raw/367453489
0,650.3,34.0,684.3,1437.9,671.7,2.699999999999932,674.4,1646.1,0.0,1646.1,1645.7,9.200000000000045,1655.3,,,34.7,18.5,0.0,0.0,0.0,321.25,1.0,2.8,2.8,4.4202,0.5228,0.0,0.0,0.0,0.0,0.0,0.0,0.0,0.0,0.0,0.0,0.3521,0.0,0.0,0.0,0.0,0.1386,0.0763,0.0688,0.0037,0.0072,0.0036,0.0037,1.11,4.79,2.58,26.25,24.15,0,MOD-00623,2025-04-19T23:20:31,2025-04-19T16:20:31,https://api.quant-aq.com/v1/devices/MOD-00623/data/raw/367453487
0,651.9,33.10000000000002,685.0,1438.8,670.2,3.5,673.7,1646.0,-0.2999999999999545,1645.7,1645.7,9.099999999999909,1654.8,,,35.0,18.5,0.0,0.0,0.0,306.5,0.8,2.2,2.2,4.8977,0.7499,0.0,0.0,0.0,0.0,0.0,0.0,0.0,0.0,0.0,0.0,0.3996,0.0,0.0,0.0,0.0,0.1188,0.1965,0.0695,0.0308,0.0038,0.0,0.0,1.36,4.68,3.57,26.36,24.14,0,MOD-00623,2025-04-19T23:19:31,2025-04-19T16:19:31,https://api.quant-aq.com/v1/devices/MOD-00623/data/raw/367451103
0,651.9,33.0,684.9,1437.6,671.8,2.6000000000000227,674.4,1646.2,0.20000000000004547,1646.4,1645.8,9.299999999999955,1655.7,,,35.2,18.6,0.0,0.0,0.0,338.0,1.0,3.1,2.7,5.178,0.5653,0.0,0.0,0.0,0.0,0.0,0.0,0.0,0.0,0.0,0.0,0.3447,0.0,0.0,0.0,0.0,0.1266,0.1271,0.0629,0.0219,0.0145,0.0074,0.0,1.24,5.67,3.2,26.33,24.15,0,MOD-00623,2025-04-19T23:18:31,2025-04-19T16:18:31,https://api.quant-aq.com/v1/devices/MOD-00623/data/raw/367451102
0,651.1,33.69999999999993,684.8,1437.8,670.6,2.8999999999999773,673.5,1646.0,-0.2999999999999545,1645.7,1645.7,9.5,1655.2,,,34.3,18.6,0.0,0.0,0.0,286.25,0.9,2.4,2.4,7.185,0.6469,0.0,0.0,0.0,0.0,0.0,0.0,0.0,0.0,0.0,0.0,0.3791,0.0,0.0,0.0,0.0,0.0838,0.1325,0.0107,0.0253,0.0182,0.0035,0.0,1.45,4.98,2.98,26.04,24.15,0,MOD-00623,2025-04-19T23:17:31,2025-04-19T16:17:31,https://api.quant-aq.com/v1/devices/MOD-00623/data/raw/367451101
0,651.1,34.39999999999998,685.5,1438.2,671.0,3.3999999999999773,674.4,1646.0,-0.20000000000004547,1645.8,1645.7,9.200000000000045,1655.0,,,34.4,18.6,0.0,0.0,0.0,307.75,0.2,1.5,1.2,4.7045,0.7019,0.0,0.0,0.0,0.0,0.0,0.0,0.0,0.0,0.0,0.0,0.398,0.0,0.0,0.0,0.0,0.101,0.1379,0.054,0.0181,0.0073,0.0,0.0035,1.24,4.86,2.94,26.04,24.17,0,MOD-00623,2025-04-19T23:16:31,2025-04-19T16:16:31,https://api.quant-aq.com/v1/devices/MOD-00623/data/raw/367451099
0,650.5,35.89999999999998,686.4,1437.1,671.9,3.1000000000000227,675.0,1646.1,-0.09999999999990905,1646.0,1645.8,9.200000000000045,1655.2,,,34.5,18.6,0.0,0.0,0.0,358.75,0.7,2.6,1.9,4.8907,0.6174,0.0,0.0,0.0,0.0,0.0,0.0,0.0,0.0,0.0,0.0,0.3444,0.0,0.0,0.0,0.0,0.1036,0.126,0.0442,0.0225,0.0036,0.0039,0.0,1.19,4.11,2.77,26.14,24.15,0,MOD-00623,2025-04-19T23:15:31,2025-04-19T16:15:31,https://api.quant-aq.com/v1/devices/MOD-00623/data/raw/367448738
0,651.1,34.10000000000002,685.2,1436.6,670.9,3.6000000000000227,674.5,1646.0,-0.20000000000004547,1645.8,1645.6,9.0,1654.8,,,34.8,18.6,0.0,0.0,0.0,287.25,0.5,2.2,2.2,5.0993,0.6536,0.0036,0.0,0.0,0.0,0.0,0.0,0.0,0.0,0.0,0.0,0.413,0.0,0.0,0.0,0.0,0.1501,0.1194,0.0448,0.0302,0.0109,0.0111,0.0111,1.31,10.6,3.3,26.11,24.17,0,MOD-00623,2025-04-19T23:14:31,2025-04-19T16:14:31,https://api.quant-aq.com/v1/devices/MOD-00623/data/raw/367448737
0,652.3,32.5,684.8,1440.8,671.0,2.2999999999999545,673.3,1646.1,0.10000000000013642,1646.2,1645.4,9.299999999999955,1655.5,,,34.5,18.6,0.0,0.0,0.0,272.75,0.5,2.2,2.2,7.4183,0.6804,0.0,0.0,0.0,0.0,0.0,0.0,0.0,0.0,0.0,0.0,0.3505,0.0,0.0,0.0,0.0,0.1279,0.1367,0.0643,0.0304,0.0111,0.0037,0.0,1.54,5.52,3.59,26.04,24.17,0,MOD-00623,2025-04-19T23:13:31,2025-04-19T16:13:31,https://api.quant-aq.com/v1/devices/MOD-00623/data/raw/367448736
0,651.3,32.90000000000009,684.2,1434.8,671.7,3.099999999999909,674.8,1646.0,-0.20000000000004547,1645.8,1645.8,9.0,1654.8,,,34.1,18.6,0.0,0.0,0.0,395.5,1.0,2.4,1.8,4.5815,0.6199,0.0036,0.0,0.0,0.0,0.0,0.0,0.0,0.0,0.0,0.0,0.3749,0.0,0.0,0.0,0.0,0.0969,0.1206,0.0533,0.0106,0.0143,0.0037,0.0,1.17,6.05,2.8,25.79,24.2,0,MOD-00623,2025-04-19T23:12:31,2025-04-19T16:12:31,https://api.quant-aq.com/v1/devices/MOD-00623/data/raw/367448735
0,650.3,33.60000000000002,683.9,1436.4,670.8,3.400000000000091,674.2,1645.8,-0.2999999999999545,1645.5,1645.5,9.200000000000045,1654.7,,,33.6,18.6,0.0,0.0,0.0,298.75,0.6,1.9,1.9,4.9118,0.6065,0.0,0.0,0.0,0.0,0.0,0.0,0.0,0.0,0.0,0.0,0.4079,0.0,0.0,0.0,0.0,0.126,0.149,0.0231,0.0156,0.0078,0.0,0.0039,1.26,4.64,2.75,25.67,24.2,0,MOD-00623,2025-04-19T23:11:31,2025-04-19T16:11:31,https://api.quant-aq.com/v1/devices/MOD-00623/data/raw/367446422
0,650.9,34.39999999999998,685.3,1437.3,671.7,3.699999999999932,675.4,1646.1,-0.1999999999998181,1645.9,1645.5,8.5,1654.4,,,34.1,18.6,0.0,0.0,0.0,341.75,0.8,2.4,2.4,8.058,0.7155,0.0,0.0,0.0,0.0,0.0,0.0,0.0,0.0,0.0,0.0,0.396,0.0,0.0,0.0,0.0,0.1,0.1316,0.0558,0.0222,0.0,0.0109,0.0,1.62,5.5,3.35,26.0,24.2,0,MOD-00623,2025-04-19T23:10:31,2025-04-19T16:10:31,https://api.quant-aq.com/v1/devices/MOD-00623/data/raw/367446418
0,652.1,32.799999999999955,684.9,1437.4,671.4,3.3999999999999773,674.8,1646.1,-0.2999999999999545,1645.8,1645.7,9.100000000000136,1654.9,,,34.7,18.6,0.0,0.0,0.0,307.75,0.7,1.4,1.4,8.0945,0.6522,0.0,0.0,0.0,0.0,0.0,0.0,0.0,0.0,0.0,0.0,0.4218,0.0,0.0,0.0,0.0,0.1279,0.1356,0.0511,0.0271,0.0118,0.0,0.0,1.65,4.9,3.53,26.27,24.21,0,MOD-00623,2025-04-19T23:09:31,2025-04-19T16:09:31,https://api.quant-aq.com/v1/devices/MOD-00623/data/raw/367446420
0,651.3,32.700000000000045,684.0,1437.0,670.9,3.6000000000000227,674.5,1646.1,-0.2999999999999545,1645.8,1645.6,9.0,1654.8,,,34.6,18.6,0.0,0.0,0.0,313.0,0.7,2.2,2.2,5.137,0.717,0.0,0.0,0.0,0.0,0.0,0.0,0.0,0.0,0.0,0.0,0.4018,0.0,0.0,0.0,0.0,0.0894,0.0998,0.0372,0.0261,0.0036,0.0074,0.0,1.24,4.58,2.73,26.32,24.21,0,MOD-00623,2025-04-19T23:08:31,2025-04-19T16:08:31,https://api.quant-aq.com/v1/devices/MOD-00623/data/raw/367446419
0,652.8,32.200000000000045,685.0,1436.6,670.7,3.2999999999999545,674.0,1646.1,0.0,1646.1,1645.7,9.0,1655.1,,,34.9,18.6,0.0,0.0,0.0,313.25,0.4,1.8,1.8,5.1834,0.5968,0.0,0.0,0.0,0.0,0.0,0.0,0.0,0.0,0.0,0.0,0.36,0.0,0.0,0.0,0.0,0.1466,0.1383,0.0583,0.018,0.0073,0.0036,0.0,1.28,4.6,3.1,26.55,24.2,0,MOD-00623,2025-04-19T23:07:31,2025-04-19T16:07:31,https://api.quant-aq.com/v1/devices/MOD-00623/data/raw/367444024
0,652.3,33.40000000000009,685.7,1435.3,671.8,3.400000000000091,675.2,1646.2,-0.2999999999999545,1645.9,1645.6,9.199999999999818,1655.1,,,35.5,18.6,0.0,0.0,0.0,399.5,1.2,3.2,2.8,6.4493,0.8562,0.0,0.0,0.0,0.0,0.0,0.0,0.0,0.0,0.0,0.0,0.4199,0.0,0.0,0.0,0.0,0.1415,0.1552,0.0634,0.0421,0.0036,0.0071,0.0,1.56,6.0,3.8,26.73,24.24,0,MOD-00623,2025-04-19T23:06:31,2025-04-19T16:06:31,https://api.quant-aq.com/v1/devices/MOD-00623/data/raw/367444025
0,652.2,33.19999999999993,685.4,1437.7,671.3,2.5,673.8,1646.1,0.40000000000009095,1646.5,1645.6,9.200000000000045,1655.7,,,35.3,18.7,0.0,0.0,0.0,225.5,0.4,1.1,1.1,8.6568,0.773,0.0,0.0,0.0,0.0,0.0,0.0,0.0,0.0,0.0,0.0,0.3886,0.0,0.0,0.0,0.0,0.1455,0.1223,0.0559,0.0074,0.004,0.0109,0.0,1.72,5.47,3.36,26.58,24.25,0,MOD-00623,2025-04-19T23:05:31,2025-04-19T16:05:31,https://api.quant-aq.com/v1/devices/MOD-00623/data/raw/367444023
0,652.3,32.700000000000045,685.0,1435.8,671.6,3.0,674.6,1646.2,-0.20000000000004547,1646.0,1645.8,9.299999999999955,1655.3,,,34.9,18.7,0.0,0.0,0.0,187.0,0.0,0.8,0.8,5.1721,0.6,0.0,0.0,0.0,0.0,0.0,0.0,0.0,0.0,0.0,0.0,0.4039,0.0,0.0,0.0,0.0,0.1085,0.1363,0.0367,0.0359,0.004,0.004,0.0,1.27,4.62,3.03,26.43,24.27,0,MOD-00623,2025-04-19T23:04:31,2025-04-19T16:04:31,https://api.quant-aq.com/v1/devices/MOD-00623/data/raw/367444022
0,652.0,32.200000000000045,684.2,1435.8,671.5,2.8999999999999773,674.4,1646.3,-0.20000000000004547,1646.1,1645.8,9.5,1655.6,,,34.9,18.7,0.0,0.0,0.0,243.5,0.4,2.0,1.5,5.1019,0.6084,0.0,0.0,0.0,0.0,0.0,0.0,0.0,0.0,0.0,0.0,0.3929,0.0,0.0,0.0,0.0,0.0995,0.1416,0.0763,0.0308,0.0158,0.0074,0.0,1.27,6.26,3.52,26.32,24.28,0,MOD-00623,2025-04-19T23:03:31,2025-04-19T16:03:31,https://api.quant-aq.com/v1/devices/MOD-00623/data/raw/367441654
0,650.7,32.799999999999955,683.5,1435.8,671.5,3.2999999999999545,674.8,1646.4,-0.10000000000013642,1646.3,1645.8,9.0,1655.3,,,34.4,18.7,0.0,0.0,0.0,140.5,0.0,0.3,0.2,5.282,0.5889,0.0,0.0,0.0,0.0,0.0,0.0,0.0,0.0,0.0,0.0,0.3362,0.0,0.0,0.0,0.0,0.1078,0.1559,0.0796,0.0279,0.0038,0.0,0.0038,1.27,5.43,3.34,26.08,24.25,0,MOD-00623,2025-04-19T23:02:31,2025-04-19T16:02:31,https://api.quant-aq.com/v1/devices/MOD-00623/data/raw/367441655
0,651.0,32.700000000000045,683.7,1435.3,671.7,3.099999999999909,674.8,1646.2,-0.2999999999999545,1645.9,1645.8,9.0,1654.9,,,34.3,18.7,0.0,0.0,0.0,243.75,0.6,1.4,1.4,8.3879,0.6185,0.0,0.0039,0.0,0.0,0.0,0.0,0.0,0.0,0.0,0.0,0.3789,0.0,0.0,0.0,0.0,0.1062,0.1652,0.0474,0.0271,0.0199,0.0,0.0,1.65,7.85,3.68,26.13,24.3,0,MOD-00623,2025-04-19T23:01:31,2025-04-19T16:01:31,https://api.quant-aq.com/v1/devices/MOD-00623/data/raw/367441652
0,649.8,34.40000000000009,684.2,1437.3,671.8,2.7000000000000455,674.5,1646.3,0.10000000000013642,1646.4,1645.8,9.0,1655.4,,,34.8,18.7,0.0,0.0,0.0,231.75,0.7,1.3,1.3,8.937,0.5883,0.0,0.0,0.0,0.0,0.0,0.0,0.0,0.0,0.0,0.0,0.3498,0.0,0.0,0.0,0.0,0.0722,0.1511,0.0263,0.0151,0.0038,0.0038,0.0038,1.62,5.21,3.03,26.37,24.27,0,MOD-00623,2025-04-19T23:00:31,2025-04-19T16:00:31,https://api.quant-aq.com/v1/devices/MOD-00623/data/raw/367441653
0,650.9,34.60000000000002,685.5,1435.9,671.8,4.400000000000091,676.2,1646.4,-1.0,1645.4,1645.9,8.799999999999955,1654.2,,,34.2,18.7,0.0,0.0,0.0,318.25,1.1,2.8,2.8,4.6096,0.5808,0.0,0.0,0.0,0.0,0.0,0.0,0.0,0.0,0.0,0.0,0.394,0.0,0.0,0.0,0.0,0.0944,0.1144,0.0513,0.0333,0.0037,0.0,0.0,1.17,3.89,2.87,26.31,24.27,0,MOD-00623,2025-04-19T22:59:31,2025-04-19T15:59:31,https://api.quant-aq.com/v1/devices/MOD-00623/data/raw/367439305
0,652.0,32.5,684.5,1437.3,671.1,2.0,673.1,1646.3,0.7000000000000455,1647.0,1646.0,9.5,1656.5,,,36.3,18.7,0.0,0.0,0.0,320.75,0.5,2.2,2.2,5.1624,0.8011,0.0,0.0,0.0,0.0,0.0,0.0,0.0,0.0,0.0,0.0,0.3497,0.0,0.0,0.0,0.0,0.1218,0.129,0.0459,0.0456,0.0153,0.0,0.0038,1.3,6.23,3.39,26.85,24.28,0,MOD-00623,2025-04-19T22:58:31,2025-04-19T15:58:31,https://api.quant-aq.com/v1/devices/MOD-00623/data/raw/367439304
0,651.3,32.60000000000002,683.9,1436.1,671.2,2.599999999999909,673.8,1646.2,0.2999999999999545,1646.5,1645.9,9.0,1655.5,,,35.2,18.7,0.0,0.0,0.0,308.0,0.8,2.8,2.3,7.331,0.7234,0.0,0.0,0.0,0.0,0.0,0.0,0.0,0.0,0.0,0.0,0.4367,0.0,0.0,0.0,0.0,0.1376,0.183,0.0422,0.0179,0.007,0.0035,0.0,1.63,4.92,3.5,26.23,24.27,0,MOD-00623,2025-04-19T22:57:31,2025-04-19T15:57:31,https://api.quant-aq.com/v1/devices/MOD-00623/data/raw/367439303
0,650.7,33.299999999999955,684.0,1436.1,671.5,3.3999999999999773,674.9,1646.2,-0.40000000000009095,1645.8,1645.8,9.400000000000091,1655.2,,,34.3,18.7,0.0,0.0,0.0,283.0,0.6,1.9,1.8,5.2244,0.9783,0.0,0.0,0.0,0.0,0.0,0.0,0.0,0.0,0.0,0.0,0.507,0.0,0.0,0.0,0.0,0.1458,0.1861,0.0413,0.0491,0.0075,0.0073,0.0,1.53,6.38,3.89,25.93,24.27,0,MOD-00623,2025-04-19T22:56:31,2025-04-19T15:56:31,https://api.quant-aq.com/v1/devices/MOD-00623/data/raw/367439306
0,650.5,32.89999999999998,683.4,1436.9,671.6,2.7999999999999545,674.4,1646.2,0.09999999999990905,1646.3,1645.7,9.0,1655.3,,,34.7,18.7,0.0,0.0,0.0,259.25,0.9,1.4,1.4,4.8808,0.6556,0.0,0.0,0.0,0.0,0.0,0.0,0.0,0.0,0.0,0.0,0.352,0.0,0.0,0.0,0.0,0.1307,0.136,0.0544,0.0238,0.0041,0.004,0.0037,1.24,5.48,3.04,26.13,24.25,0,MOD-00623,2025-04-19T22:55:31,2025-04-19T15:55:31,https://api.quant-aq.com/v1/devices/MOD-00623/data/raw/367436982
0,651.2,32.5,683.7,1435.5,671.4,2.6000000000000227,674.0,1646.3,0.0,1646.3,1646.0,9.299999999999955,1655.6,,,34.2,18.6,0.0,0.0,0.0,295.25,0.3,1.8,1.8,4.9636,0.6419,0.0,0.0,0.0,0.0,0.0,0.0,0.0,0.0,0.0,0.0,0.3266,0.0,0.0,0.0,0.0,0.1385,0.1241,0.0515,0.0257,0.0072,0.0,0.0,1.23,4.06,2.97,25.81,24.27,0,MOD-00623,2025-04-19T22:54:31,2025-04-19T15:54:31,https://api.quant-aq.com/v1/devices/MOD-00623/data/raw/367436981
0,651.0,32.299999999999955,683.3,1435.5,671.6,2.3999999999999773,674.0,1646.0,0.40000000000009095,1646.4,1645.8,8.799999999999955,1655.2,,,34.3,18.6,0.0,0.0,0.0,199.75,0.2,1.1,1.1,6.9196,0.6075,0.0,0.0,0.0,0.0,0.0,0.0,0.0,0.0,0.0,0.0,0.3498,0.0,0.0,0.0,0.0,0.0992,0.0919,0.0841,0.0329,0.0,0.0074,0.0,1.41,5.25,3.31,25.51,24.23,0,MOD-00623,2025-04-19T22:53:31,2025-04-19T15:53:31,https://api.quant-aq.com/v1/devices/MOD-00623/data/raw/367436980
0,652.0,31.299999999999955,683.3,1436.2,671.1,3.199999999999932,674.3,1646.1,-0.5,1645.6,1645.9,9.0,1654.6,,,32.6,18.6,0.0,0.0,0.0,323.75,1.0,1.9,1.9,4.1397,0.6416,0.0038,0.0,0.0,0.0,0.0,0.0,0.0,0.0,0.0,0.0,0.3686,0.0,0.0,0.0,0.0,0.092,0.1294,0.0366,0.0148,0.0,0.0,0.0,1.11,4.54,2.45,24.99,24.25,0,MOD-00623,2025-04-19T22:52:31,2025-04-19T15:52:31,https://api.quant-aq.com/v1/devices/MOD-00623/data/raw/367436979
0,652.0,31.299999999999955,683.3,1436.0,671.0,3.6000000000000227,674.6,1646.0,-0.20000000000004547,1645.8,1645.7,9.0,1654.8,,,33.8,18.6,0.0,0.0,0.0,362.5,1.0,2.2,2.2,4.0599,0.6769,0.0,0.0,0.0,0.0,0.0,0.0,0.0,0.0,0.0,0.0,0.3359,0.0,0.0,0.0,0.0,0.0824,0.1004,0.039,0.0142,0.0108,0.0,0.0,1.06,3.43,2.4,25.2,24.23,0,MOD-00623,2025-04-19T22:51:31,2025-04-19T15:51:31,https://api.quant-aq.com/v1/devices/MOD-00623/data/raw/367434635
0,650.5,33.0,683.5,1437.5,671.1,3.0,674.1,1646.3,-0.599999999999909,1645.7,1645.5,9.0,1654.7,,,32.3,18.6,0.0,0.0,0.0,284.25,0.6,1.4,1.4,4.1,0.5091,0.0,0.0,0.0,0.0,0.0,0.0,0.0,0.0,0.0,0.0,0.2941,0.0,0.0,0.0,0.0,0.1095,0.1057,0.0311,0.0171,0.0104,0.0069,0.0,1.01,4.41,2.44,24.89,24.25,0,MOD-00623,2025-04-19T22:50:31,2025-04-19T15:50:31,https://api.quant-aq.com/v1/devices/MOD-00623/data/raw/367434628
0,651.2,33.0,684.2,1436.5,671.7,3.8999999999999773,675.6,1646.1,-0.6999999999998181,1645.4,1645.6,9.0,1654.4,,,33.2,18.6,0.0,0.0,0.0,265.5,0.2,2.2,2.2,6.9046,0.555,0.0037,0.0,0.0,0.0,0.0,0.0,0.0,0.0,0.0,0.0,0.3963,0.0,0.0,0.0,0.0,0.1139,0.1036,0.0494,0.0314,0.0,0.011,0.0,1.43,6.98,3.14,25.3,24.23,0,MOD-00623,2025-04-19T22:49:31,2025-04-19T15:49:31,https://api.quant-aq.com/v1/devices/MOD-00623/data/raw/367434631
0,651.3,33.60000000000002,684.9,1437.3,672.3,3.900000000000091,676.2,1645.9,-0.5,1645.4,1645.8,9.199999999999818,1654.6,,,33.2,18.6,0.0,0.0,0.0,289.75,0.4,1.9,1.9,4.1355,0.5732,0.0,0.0,0.0,0.0,0.0,0.0,0.0,0.0,0.0,0.0,0.3772,0.0,0.0,0.0,0.0,0.1135,0.0987,0.0405,0.0368,0.0145,0.0072,0.0036,1.1,6.49,2.94,25.43,24.25,0,MOD-00623,2025-04-19T22:48:31,2025-04-19T15:48:31,https://api.quant-aq.com/v1/devices/MOD-00623/data/raw/367434633
0,649.9,34.5,684.4,1435.9,670.7,3.599999999999909,674.3,1646.4,-0.6000000000001364,1645.8,1645.8,9.0,1654.8,,,34.0,18.6,0.0,0.0,0.0,184.25,0.2,0.5,0.5,4.4979,0.6323,0.0,0.0,0.0,0.0,0.0,0.0,0.0,0.0,0.0,0.0,0.4614,0.0,0.0,0.0,0.0,0.1353,0.1108,0.0445,0.02,0.008,0.0,0.004,1.24,4.93,2.86,25.66,24.23,0,MOD-00623,2025-04-19T22:47:31,2025-04-19T15:47:31,https://api.quant-aq.com/v1/devices/MOD-00623/data/raw/367432283
0,650.1,33.19999999999993,683.3,1437.0,671.0,2.6000000000000227,673.6,1646.1,0.0,1646.1,1645.4,9.0,1655.1,,,34.1,18.6,0.0,0.0,0.0,204.25,0.2,2.1,1.7,4.8995,0.5659,0.0,0.0,0.0,0.0,0.0,0.0,0.0,0.0,0.0,0.0,0.287,0.0,0.0,0.0,0.0,0.1158,0.1031,0.0676,0.0192,0.0073,0.0075,0.0,1.14,4.92,2.87,25.63,24.24,0,MOD-00623,2025-04-19T22:46:31,2025-04-19T15:46:31,https://api.quant-aq.com/v1/devices/MOD-00623/data/raw/367432282
0,651.0,32.299999999999955,683.3,1436.2,671.1,3.3999999999999773,674.5,1646.2,0.0,1646.2,1645.7,9.099999999999909,1655.3,,,34.9,18.6,0.0,0.0,0.0,299.0,0.3,2.5,2.5,6.7726,0.5531,0.0,0.0,0.0,0.0,0.0,0.0,0.0,0.0,0.0,0.0,0.3889,0.0,0.0,0.0,0.0,0.1488,0.1418,0.0329,0.0111,0.0073,0.0073,0.0,1.46,4.81,3.03,25.67,24.24,0,MOD-00623,2025-04-19T22:45:31,2025-04-19T15:45:31,https://api.quant-aq.com/v1/devices/MOD-00623/data/raw/367432281
0,651.2,32.09999999999991,683.3,1438.6,671.5,2.2000000000000455,673.7,1645.8,0.10000000000013642,1645.9,1645.7,9.299999999999955,1655.2,,,33.5,18.6,0.0,0.0,0.0,315.5,0.8,2.1,2.1,4.2743,0.5824,0.0,0.0,0.0,0.0,0.0,0.0,0.0,0.0,0.0,0.0,0.3703,0.0,0.0,0.0,0.0,0.1364,0.0956,0.039,0.0,0.0035,0.0,0.0035,1.12,3.6,2.27,25.15,24.27,0,MOD-00623,2025-04-19T22:44:31,2025-04-19T15:44:31,https://api.quant-aq.com/v1/devices/MOD-00623/data/raw/367432277
0,652.0,32.39999999999998,684.4,1434.0,672.0,3.2000000000000455,675.2,1646.0,-0.20000000000004547,1645.8,1645.7,9.400000000000091,1655.2,,,33.4,18.6,0.0,0.0,0.0,316.5,1.2,2.2,2.2,4.5497,0.5771,0.0,0.0,0.0,0.0,0.0,0.0,0.0,0.0,0.0,0.0,0.4453,0.0,0.0,0.0,0.0,0.1307,0.1166,0.0413,0.0227,0.0038,0.0,0.0,1.22,3.59,2.77,25.22,24.23,0,MOD-00623,2025-04-19T22:43:31,2025-04-19T15:43:31,https://api.quant-aq.com/v1/devices/MOD-00623/data/raw/367429855
0,650.8,36.10000000000002,686.9,1436.2,671.7,3.3999999999999773,675.1,1646.2,-0.6000000000001364,1645.6,1645.5,9.100000000000136,1654.7,,,32.9,18.6,0.0,0.0,0.0,259.5,1.0,1.8,1.5,4.4613,0.5703,0.0,0.0,0.0,0.0,0.0,0.0,0.0,0.0,0.0,0.0,0.3435,0.0,0.0,0.0,0.0,0.096,0.147,0.0395,0.0252,0.0106,0.0,0.0036,1.14,5.03,2.86,24.99,24.24,0,MOD-00623,2025-04-19T22:42:31,2025-04-19T15:42:31,https://api.quant-aq.com/v1/devices/MOD-00623/data/raw/367429854
0,651.1,32.5,683.6,1435.8,671.3,3.5,674.8,1645.9,-0.40000000000009095,1645.5,1645.6,9.099999999999909,1654.6,,,32.9,18.6,0.0,0.0,0.0,299.5,1.1,2.8,2.1,7.2274,0.7103,0.0,0.0,0.0,0.0,0.0,0.0,0.0,0.0,0.0,0.0,0.3206,0.0,0.0,0.0,0.0,0.0772,0.1467,0.0578,0.019,0.0039,0.0113,0.0,1.46,5.6,3.24,25.02,24.24,0,MOD-00623,2025-04-19T22:41:31,2025-04-19T15:41:31,https://api.quant-aq.com/v1/devices/MOD-00623/data/raw/367429853
0,650.6,31.799999999999955,682.4,1436.8,670.9,3.300000000000068,674.2,1645.8,-0.09999999999990905,1645.7,1645.6,9.0,1654.7,,,33.4,18.6,0.0,0.0,0.0,364.0,1.2,2.2,2.2,4.1984,0.5831,0.0,0.0,0.0,0.0,0.0,0.0,0.0,0.0,0.0,0.0,0.3224,0.0,0.0,0.0,0.0,0.1064,0.0987,0.0371,0.0217,0.0073,0.0038,0.0,1.06,3.97,2.5,25.19,24.27,0,MOD-00623,2025-04-19T22:40:31,2025-04-19T15:40:31,https://api.quant-aq.com/v1/devices/MOD-00623/data/raw/367429852
0,651.9,31.200000000000045,683.1,1435.4,671.0,3.6000000000000227,674.6,1646.0,-0.5,1645.5,1645.5,9.200000000000045,1654.7,,,33.4,18.6,0.0,0.0,0.0,285.0,0.7,2.2,2.2,4.1832,0.7221,0.0037,0.0,0.0,0.0,0.0,0.0,0.0,0.0,0.0,0.0,0.4317,0.0,0.0,0.0,0.0,0.1308,0.1208,0.0391,0.025,0.0109,0.0071,0.0,1.21,6.73,2.97,25.13,24.28,0,MOD-00623,2025-04-19T22:39:31,2025-04-19T15:39:31,https://api.quant-aq.com/v1/devices/MOD-00623/data/raw/367427535
0,651.7,31.699999999999932,683.4,1435.7,671.1,3.1000000000000227,674.2,1645.8,-0.09999999999990905,1645.7,1645.5,9.200000000000045,1654.9,,,33.2,18.6,0.0,0.0,0.0,343.75,1.1,2.1,2.1,4.2872,0.5868,0.0,0.0,0.0,0.0,0.0,0.0,0.0,0.0,0.0,0.0,0.3777,0.0,0.0,0.0,0.0,0.0956,0.0879,0.0253,0.025,0.007,0.0034,0.0036,1.08,4.78,2.43,25.0,24.28,0,MOD-00623,2025-04-19T22:38:31,2025-04-19T15:38:31,https://api.quant-aq.com/v1/devices/MOD-00623/data/raw/367427533
0,650.1,33.0,683.1,1437.0,670.8,3.400000000000091,674.2,1645.8,0.0,1645.8,1645.6,9.100000000000136,1654.9,,,33.1,18.6,0.0,0.0,0.0,188.25,0.3,0.8,0.6,6.7682,0.5182,0.0,0.0,0.0,0.0,0.0,0.0,0.0,0.0,0.0,0.0,0.3373,0.0,0.0,0.0,0.0,0.1071,0.1109,0.0292,0.0223,0.0072,0.0072,0.0,1.35,4.74,2.82,24.9,24.27,0,MOD-00623,2025-04-19T22:37:31,2025-04-19T15:37:31,https://api.quant-aq.com/v1/devices/MOD-00623/data/raw/367427534
0,651.1,31.100000000000023,682.2,1439.2,671.6,3.8999999999999773,675.5,1645.6,-0.599999999999909,1645.0,1645.3,9.099999999999909,1654.1,,,32.4,18.6,0.0,0.0,0.0,164.0,0.0,1.6,0.9,3.9255,0.5049,0.0,0.0,0.0,0.0,0.0,0.0,0.0,0.0,0.0,0.0,0.3712,0.0,0.0,0.0,0.0,0.1048,0.0772,0.0422,0.0176,0.0035,0.0034,0.0,1.02,3.48,2.32,24.57,24.28,0,MOD-00623,2025-04-19T22:36:31,2025-04-19T15:36:31,https://api.quant-aq.com/v1/devices/MOD-00623/data/raw/367427532
0,650.8,31.40000000000009,682.2,1437.5,671.5,3.1000000000000227,674.6,1645.8,-0.599999999999909,1645.2,1645.4,9.299999999999955,1654.5,,,31.8,18.6,0.0,0.0,0.0,285.75,0.6,2.0,2.0,4.0755,0.4915,0.0,0.0,0.0,0.0,0.0,0.0,0.0,0.0,0.0,0.0,0.3349,0.0,0.0,0.0,0.0,0.0828,0.1024,0.038,0.014,0.0034,0.007,0.0067,1.01,5.7,2.35,24.48,24.28,0,MOD-00623,2025-04-19T22:35:31,2025-04-19T15:35:31,https://api.quant-aq.com/v1/devices/MOD-00623/data/raw/367425114
0,650.6,31.600000000000023,682.2,1437.9,670.9,3.8999999999999773,674.8,1645.5,-0.5,1645.0,1645.4,9.0,1654.0,,,32.7,18.6,0.0,0.0,0.0,259.0,0.2,1.4,1.4,4.6218,0.688,0.0,0.0,0.0,0.0,0.0,0.0,0.0,0.0,0.0,0.0,0.3563,0.0,0.0,0.0,0.0,0.1137,0.1138,0.0513,0.0367,0.0073,0.0036,0.0,1.19,4.8,3.04,24.77,24.3,0,MOD-00623,2025-04-19T22:34:31,2025-04-19T15:34:31,https://api.quant-aq.com/v1/devices/MOD-00623/data/raw/367425113
0,651.1,30.799999999999955,681.9,1436.7,671.4,4.2000000000000455,675.6,1645.7,-0.5,1645.2,1644.9,8.599999999999909,1653.8,,,32.7,18.6,0.0,0.0,0.0,182.75,0.1,0.9,0.5,7.2118,0.6672,0.0,0.0,0.0,0.0,0.0,0.0,0.0,0.0,0.0,0.0,0.3946,0.0,0.0,0.0,0.0,0.1437,0.1097,0.0547,0.0274,0.0237,0.0039,0.0,1.53,6.08,3.55,24.77,24.3,0,MOD-00623,2025-04-19T22:33:31,2025-04-19T15:33:31,https://api.quant-aq.com/v1/devices/MOD-00623/data/raw/367425112
0,652.5,29.399999999999977,681.9,1435.9,671.2,3.0,674.2,1645.5,-0.2999999999999545,1645.2,1645.3,9.099999999999909,1654.3,,,32.6,18.6,0.0,0.0,0.0,230.75,0.6,1.0,1.0,4.2251,0.6025,0.0,0.0,0.0,0.0,0.0,0.0,0.0,0.0,0.0,0.0,0.3513,0.0,0.0,0.0,0.0,0.1062,0.1195,0.0619,0.029,0.0073,0.0,0.0,1.12,4.12,2.93,24.7,24.35,0,MOD-00623,2025-04-19T22:32:31,2025-04-19T15:32:31,https://api.quant-aq.com/v1/devices/MOD-00623/data/raw/367425111
0,651.5,30.399999999999977,681.9,1435.7,671.4,3.3999999999999773,674.8,1645.7,-0.2999999999999545,1645.4,1645.2,8.899999999999864,1654.3,,,33.0,18.6,0.0,0.0,0.0,253.5,0.6,1.2,1.2,4.2801,0.4885,0.0,0.0,0.0,0.0,0.0,0.0,0.0,0.0,0.0,0.0,0.3767,0.0,0.0,0.0,0.0,0.1196,0.1049,0.0691,0.0251,0.0178,0.0037,0.0,1.12,5.29,3.08,24.81,24.35,0,MOD-00623,2025-04-19T22:31:31,2025-04-19T15:31:31,https://api.quant-aq.com/v1/devices/MOD-00623/data/raw/367422751
0,652.1,31.0,683.1,1434.7,671.8,4.100000000000023,675.9,1645.7,-0.7000000000000455,1645.0,1645.5,9.200000000000045,1654.2,,,32.7,18.7,0.0,0.0,0.0,215.75,0.3,1.0,0.9,4.6269,0.6099,0.0,0.0,0.0,0.0,0.0,0.0,0.0,0.0,0.0,0.0,0.3728,0.0,0.0,0.0,0.0,0.1055,0.1156,0.0581,0.018,0.0036,0.0,0.0,1.17,3.54,2.75,24.66,24.38,0,MOD-00623,2025-04-19T22:30:31,2025-04-19T15:30:31,https://api.quant-aq.com/v1/devices/MOD-00623/data/raw/367422752
0,653.3,29.600000000000023,682.9,1432.8,670.6,3.3999999999999773,674.0,1645.8,-0.3999999999998636,1645.4,1645.4,9.199999999999818,1654.6,,,33.0,18.7,0.0,0.0,0.0,372.5,1.3,2.8,2.6,6.8557,0.6002,0.0069,0.0,0.0,0.0,0.0,0.0,0.0,0.0,0.0,0.0,0.3335,0.0,0.0,0.0,0.0,0.0628,0.1311,0.0416,0.0279,0.007,0.0069,0.0034,1.36,8.91,3.06,24.78,24.41,0,MOD-00623,2025-04-19T22:29:31,2025-04-19T15:29:31,https://api.quant-aq.com/v1/devices/MOD-00623/data/raw/367422750
0,650.6,31.799999999999955,682.4,1430.6,671.7,3.3999999999999773,675.1,1645.9,-0.5,1645.4,1645.6,9.299999999999955,1654.7,,,32.4,18.8,0.0,0.0,0.0,325.5,0.9,2.0,2.0,4.1833,0.4904,0.0,0.0,0.0,0.0,0.0,0.0,0.0,0.0,0.0,0.0,0.3734,0.0,0.0,0.0,0.0,0.115,0.1178,0.0526,0.0325,0.0034,0.0,0.0038,1.1,4.86,2.85,24.43,24.42,0,MOD-00623,2025-04-19T22:28:31,2025-04-19T15:28:31,https://api.quant-aq.com/v1/devices/MOD-00623/data/raw/367422749
0,650.7,32.5,683.2,1436.0,671.6,3.7999999999999545,675.4,1645.7,-0.5,1645.2,1645.4,9.099999999999909,1654.3,,,32.0,18.8,0.0,0.0,0.0,237.0,0.3,1.6,1.0,4.3321,0.6023,0.0,0.0,0.0,0.0,0.0,0.0,0.0,0.0,0.0,0.0,0.2906,0.0,0.0,0.0,0.0,0.114,0.1054,0.0362,0.0214,0.0108,0.0,0.0,1.07,3.69,2.54,24.34,24.45,0,MOD-00623,2025-04-19T22:27:31,2025-04-19T15:27:31,https://api.quant-aq.com/v1/devices/MOD-00623/data/raw/367420411
0,651.4,31.0,682.4,1434.7,671.9,3.800000000000068,675.7,1645.8,-0.599999999999909,1645.2,1645.5,8.899999999999864,1654.1,,,32.1,18.8,0.0,0.0,0.0,230.0,0.2,1.6,1.3,4.3335,0.6307,0.0,0.0,0.0,0.0035,0.0,0.0,0.0,0.0,0.0,0.0,0.3956,0.0,0.0,0.0,0.0,0.0985,0.102,0.051,0.0253,0.0036,0.0,0.0,1.14,6.11,2.69,24.35,24.47,0,MOD-00623,2025-04-19T22:26:31,2025-04-19T15:26:31,https://api.quant-aq.com/v1/devices/MOD-00623/data/raw/367420409
0,653.9,28.600000000000023,682.5,1435.6,671.9,4.100000000000023,676.0,1645.7,-0.5,1645.2,1645.4,8.599999999999909,1653.8,,,32.0,18.8,0.0,0.0,0.0,247.0,0.4,1.5,1.5,7.2388,0.5607,0.0,0.0,0.0,0.0,0.0,0.0,0.0,0.0,0.0,0.0,0.3416,0.0,0.0,0.0,0.0,0.1072,0.1002,0.0322,0.0143,0.0072,0.0,0.0,1.41,3.5,2.69,24.27,24.48,0,MOD-00623,2025-04-19T22:25:31,2025-04-19T15:25:31,https://api.quant-aq.com/v1/devices/MOD-00623/data/raw/367420410
0,652.2,31.09999999999991,683.3,1434.9,671.7,3.699999999999932,675.4,1645.9,-0.6000000000001364,1645.3,1645.5,9.0,1654.3,,,32.4,18.8,0.0,0.0,0.0,313.5,1.0,3.0,3.0,4.3635,0.6512,0.0,0.0,0.0,0.0,0.0,0.0,0.0,0.0,0.0,0.0,0.3923,0.0,0.0,0.0,0.0,0.083,0.1146,0.0358,0.0182,0.0107,0.0073,0.0,1.13,4.73,2.65,24.29,24.5,0,MOD-00623,2025-04-19T22:24:31,2025-04-19T15:24:31,https://api.quant-aq.com/v1/devices/MOD-00623/data/raw/367420408
0,651.7,30.899999999999977,682.6,1431.3,671.6,4.0,675.6,1645.7,-0.7000000000000455,1645.0,1645.6,9.200000000000045,1654.2,,,32.0,18.8,0.0,0.0,0.0,222.75,0.7,2.0,1.5,4.7878,0.5971,0.0,0.0,0.0,0.0,0.0,0.0,0.0,0.0,0.0,0.0,0.3634,0.0,0.0,0.0,0.0,0.0976,0.1,0.0349,0.0194,0.0037,0.0038,0.0,1.15,3.74,2.5,24.18,24.55,0,MOD-00623,2025-04-19T22:23:31,2025-04-19T15:23:31,https://api.quant-aq.com/v1/devices/MOD-00623/data/raw/367418045
0,653.1,29.299999999999955,682.4,1433.1,671.3,3.7000000000000455,675.0,1645.8,-0.599999999999909,1645.2,1645.7,9.200000000000045,1654.4,,,31.9,18.8,0.0,0.0,0.0,274.5,0.3,1.1,1.1,4.4117,0.5569,0.0,0.0,0.0,0.0,0.0,0.0,0.0,0.0,0.0,0.0,0.3631,0.0,0.0,0.0,0.0,0.0848,0.0806,0.0565,0.0248,0.0035,0.0,0.0,1.08,3.42,2.54,24.15,24.56,0,MOD-00623,2025-04-19T22:22:31,2025-04-19T15:22:31,https://api.quant-aq.com/v1/devices/MOD-00623/data/raw/367418043
0,651.2,31.399999999999977,682.6,1435.1,671.6,4.0,675.6,1645.9,-0.8000000000001819,1645.1,1645.4,9.200000000000045,1654.3,,,31.7,18.9,0.0,0.0,0.0,237.25,0.7,1.3,1.3,7.6696,0.5349,0.0,0.0,0.0,0.0,0.0,0.0,0.0,0.0,0.0,0.0,0.3238,0.0,0.0,0.0,0.0,0.0985,0.1164,0.0366,0.029,0.0074,0.011,0.0,1.45,5.7,3.12,24.05,24.59,0,MOD-00623,2025-04-19T22:21:31,2025-04-19T15:21:31,https://api.quant-aq.com/v1/devices/MOD-00623/data/raw/367418046
0,651.6,29.799999999999955,681.4,1439.1,671.2,3.599999999999909,674.8,1645.8,-0.5,1645.3,1645.5,9.0,1654.3,,,31.6,18.9,0.0,0.0,0.0,241.0,0.4,2.2,1.4,4.1409,0.4872,0.0,0.0,0.0,0.0,0.0,0.0,0.0,0.0,0.0,0.0,0.2943,0.0,0.0,0.0,0.0,0.0822,0.1184,0.043,0.0253,0.0,0.0,0.0,1.01,3.1,2.44,24.17,24.61,0,MOD-00623,2025-04-19T22:20:31,2025-04-19T15:20:31,https://api.quant-aq.com/v1/devices/MOD-00623/data/raw/367418044
0,651.3,29.700000000000045,681.0,1436.7,671.5,3.6000000000000227,675.1,1645.7,-0.6000000000001364,1645.1,1645.4,9.0,1654.1,,,31.5,18.9,0.0,0.0,0.0,248.25,0.2,1.8,1.8,4.3265,0.6452,0.0,0.0,0.0,0.0,0.0,0.0,0.0,0.0,0.0,0.0,0.3574,0.0,0.0,0.0,0.0,0.1089,0.1196,0.0657,0.0259,0.0107,0.0,0.0,1.15,4.35,3.01,23.96,24.62,0,MOD-00623,2025-04-19T22:19:31,2025-04-19T15:19:31,https://api.quant-aq.com/v1/devices/MOD-00623/data/raw/367415692
0,648.9,31.0,679.9,1435.5,671.7,4.199999999999932,675.9,1645.8,-1.0,1644.8,1645.4,9.0,1653.8,,,31.2,18.9,0.0,0.0,0.0,269.0,0.8,1.4,1.4,4.7766,0.6251,0.0,0.0,0.0,0.0,0.0,0.0,0.0,0.0,0.0,0.0,0.2999,0.0,0.0,0.0,0.0,0.0976,0.105,0.0411,0.0151,0.0037,0.0038,0.0038,1.12,4.66,2.49,23.86,24.61,0,MOD-00623,2025-04-19T22:18:31,2025-04-19T15:18:31,https://api.quant-aq.com/v1/devices/MOD-00623/data/raw/367415691
0,650.2,30.399999999999977,680.6,1437.4,671.5,4.600000000000023,676.1,1645.8,-1.099999999999909,1644.7,1645.6,8.799999999999955,1653.5,,,31.5,18.9,0.0,0.0,0.0,294.25,0.9,2.5,2.0,7.1427,0.4725,0.0,0.0,0.0,0.0,0.0,0.0,0.0,0.0,0.0,0.0,0.3368,0.0,0.0,0.0,0.0,0.1551,0.1024,0.0459,0.014,0.0108,0.007,0.0,1.42,5.02,3.02,24.14,24.65,0,MOD-00623,2025-04-19T22:17:31,2025-04-19T15:17:31,https://api.quant-aq.com/v1/devices/MOD-00623/data/raw/367415690
0,651.4,28.600000000000023,680.0,1435.3,671.9,3.300000000000068,675.2,1645.8,-0.3999999999998636,1645.4,1645.3,8.899999999999864,1654.3,,,32.2,18.9,0.0,0.0,0.0,286.75,0.8,1.6,1.6,4.1201,0.5309,0.0,0.0,0.0,0.0,0.0,0.0,0.0,0.0,0.0,0.0,0.4373,0.0,0.0,0.0,0.0,0.1046,0.0979,0.0485,0.0316,0.0102,0.0034,0.0035,1.12,5.59,2.87,24.25,24.65,0,MOD-00623,2025-04-19T22:16:31,2025-04-19T15:16:31,https://api.quant-aq.com/v1/devices/MOD-00623/data/raw/367415689
0,653.3,28.100000000000023,681.4,1433.4,671.5,4.7000000000000455,676.2,1645.7,-1.1000000000001364,1644.6,1645.2,8.900000000000091,1653.5,,,31.8,18.9,0.0,0.0,0.0,333.0,1.2,3.3,2.8,4.1413,0.6384,0.0,0.0,0.0,0.0,0.0,0.0,0.0,0.0,0.0,0.0,0.3245,0.0,0.0,0.0,0.0,0.0818,0.0776,0.0218,0.0182,0.0038,0.0072,0.0038,1.02,4.76,2.16,24.04,24.68,0,MOD-00623,2025-04-19T22:15:31,2025-04-19T15:15:31,https://api.quant-aq.com/v1/devices/MOD-00623/data/raw/367413336
0,653.5,27.700000000000045,681.2,1432.6,672.0,3.5,675.5,1645.9,-0.40000000000009095,1645.5,1645.3,9.099999999999909,1654.6,,,32.2,18.9,0.0,0.0,0.0,290.25,0.5,2.8,2.2,4.8531,0.5901,0.0,0.0,0.0,0.0,0.0,0.0,0.0,0.0,0.0,0.0,0.3561,0.0,0.0,0.0,0.0,0.0752,0.1288,0.0294,0.0176,0.0,0.0,0.0,1.15,2.91,2.42,24.12,24.71,0,MOD-00623,2025-04-19T22:14:31,2025-04-19T15:14:31,https://api.quant-aq.com/v1/devices/MOD-00623/data/raw/367413337
0,652.5,29.100000000000023,681.6,1430.6,671.7,3.5,675.2,1645.6,-0.3999999999998636,1645.2,1645.4,9.200000000000045,1654.4,,,31.7,19.0,0.0,0.0,0.0,369.75,0.9,3.2,2.3,7.3417,0.4757,0.0,0.0,0.0,0.0,0.0,0.0,0.0,0.0,0.0,0.0,0.2847,0.0,0.0,0.0,0.0,0.0992,0.0926,0.0345,0.0,0.0,0.0067,0.0034,1.34,4.37,2.38,23.86,24.73,0,MOD-00623,2025-04-19T22:13:31,2025-04-19T15:13:31,https://api.quant-aq.com/v1/devices/MOD-00623/data/raw/367413335
0,653.4,28.300000000000068,681.7,1433.3,672.1,4.2999999999999545,676.4,1645.8,-1.2000000000000455,1644.6,1645.5,9.200000000000045,1653.8,,,30.7,19.0,0.0,0.0,0.0,396.75,1.2,1.9,1.9,4.4848,0.5387,0.0,0.0,0.0,0.0,0.0,0.0,0.0,0.0,0.0,0.0,0.3054,0.0,0.0,0.0,0.0,0.0681,0.0935,0.054,0.0363,0.0109,0.007,0.0,1.04,5.22,2.81,23.49,24.79,0,MOD-00623,2025-04-19T22:12:31,2025-04-19T15:12:31,https://api.quant-aq.com/v1/devices/MOD-00623/data/raw/367413334
0,654.3,27.600000000000023,681.9,1433.9,671.6,4.2999999999999545,675.9,1645.8,-0.7999999999999545,1645.0,1645.4,9.0,1654.0,,,31.1,19.0,0.0,0.0,0.0,288.5,0.8,2.2,1.8,4.0164,0.4632,0.0,0.0,0.0,0.0,0.0,0.0,0.0,0.0,0.0,0.0,0.2696,0.0,0.0,0.0,0.0,0.1104,0.1109,0.0553,0.0173,0.007,0.0034,0.0,1.0,3.97,2.57,23.65,24.79,0,MOD-00623,2025-04-19T22:11:31,2025-04-19T15:11:31,https://api.quant-aq.com/v1/devices/MOD-00623/data/raw/367410990
0,652.6,28.899999999999977,681.5,1433.2,672.2,4.199999999999932,676.4,1646.2,-1.1000000000001364,1645.1,1645.7,9.100000000000136,1654.2,,,31.3,19.1,0.0,0.0,0.0,274.0,0.8,2.2,2.0,4.482,0.5231,0.0,0.0036,0.0,0.0,0.0,0.0,0.0,0.0,0.0,0.0,0.2744,0.0,0.0,0.0,0.0,0.1109,0.1079,0.0282,0.0249,0.0103,0.0,0.0036,1.05,6.77,2.51,23.61,24.81,0,MOD-00623,2025-04-19T22:10:31,2025-04-19T15:10:31,https://api.quant-aq.com/v1/devices/MOD-00623/data/raw/367410988
0,652.0,31.0,683.0,1432.5,671.8,4.300000000000068,676.1,1646.1,-0.7999999999999545,1645.3,1645.7,8.799999999999955,1654.1,,,30.9,19.1,0.0,0.0,0.0,315.75,0.8,2.4,1.7,7.6984,0.4922,0.0,0.0,0.0,0.0,0.0,0.0,0.0,0.0,0.0,0.0,0.2953,0.0,0.0,0.0,0.0,0.0827,0.0999,0.022,0.0144,0.0037,0.0,0.0,1.38,3.06,2.47,23.43,24.81,0,MOD-00623,2025-04-19T22:09:31,2025-04-19T15:09:31,https://api.quant-aq.com/v1/devices/MOD-00623/data/raw/367410992
0,652.2,31.5,683.7,1432.0,672.3,4.100000000000023,676.4,1646.1,-0.7999999999999545,1645.3,1645.9,8.700000000000045,1654.0,,,30.4,19.1,0.0,0.0,0.0,278.5,0.5,2.2,1.4,4.3663,0.4837,0.0,0.0,0.0,0.0,0.0,0.0,0.0,0.0,0.0,0.0,0.3083,0.0,0.0,0.0,0.0,0.0727,0.1209,0.0583,0.0183,0.0145,0.0,0.0,1.04,4.1,2.72,23.28,24.82,0,MOD-00623,2025-04-19T22:08:31,2025-04-19T15:08:31,https://api.quant-aq.com/v1/devices/MOD-00623/data/raw/367410991
0,651.6,33.60000000000002,685.2,1430.9,671.9,4.399999999999977,676.3,1646.0,-0.7000000000000455,1645.3,1645.8,8.600000000000136,1653.9,,,30.7,19.1,0.0,0.0,0.0,175.5,0.0,0.7,0.4,4.4657,0.55,0.0,0.0,0.0,0.0,0.0,0.0,0.0,0.0,0.0,0.0,0.2841,0.0,0.0,0.0,0.0,0.0741,0.081,0.0478,0.0299,0.0037,0.0038,0.0,1.02,3.93,2.47,23.36,24.83,0,MOD-00623,2025-04-19T22:07:31,2025-04-19T15:07:31,https://api.quant-aq.com/v1/devices/MOD-00623/data/raw/367408590
0,650.6,32.0,682.6,1434.6,671.4,4.800000000000068,676.2,1645.9,-1.2000000000000455,1644.7,1645.8,8.700000000000045,1653.4,,,30.4,19.1,0.0,0.0,0.0,304.75,0.8,3.1,2.7,4.7139,0.5898,0.0035,0.0,0.0,0.0,0.0,0.0,0.0,0.0,0.0,0.0,0.2797,0.0,0.0,0.0,0.0,0.0783,0.0794,0.031,0.0208,0.0034,0.0035,0.0,1.05,4.89,2.23,23.52,24.86,0,MOD-00623,2025-04-19T22:06:31,2025-04-19T15:06:31,https://api.quant-aq.com/v1/devices/MOD-00623/data/raw/367408589
0,650.4,30.200000000000045,680.6,1435.0,671.9,4.300000000000068,676.2,1646.0,-1.0,1645.0,1645.7,8.900000000000091,1653.9,,,31.2,19.1,0.0,0.0,0.0,302.5,1.0,2.4,2.2,6.8875,0.5164,0.0,0.0,0.0,0.0,0.0,0.0,0.0,0.0,0.0,0.0,0.3084,0.0,0.0,0.0,0.0,0.07,0.1054,0.0352,0.0245,0.0035,0.0,0.0,1.31,3.45,2.65,23.81,24.85,0,MOD-00623,2025-04-19T22:05:31,2025-04-19T15:05:31,https://api.quant-aq.com/v1/devices/MOD-00623/data/raw/367408588
0,651.8,29.100000000000023,680.9,1433.8,671.8,4.900000000000091,676.7,1645.8,-0.8999999999998636,1644.9,1645.6,8.699999999999818,1653.6,,,31.9,19.1,0.0,0.0,0.0,309.5,0.6,2.3,2.2,4.0504,0.5241,0.0,0.0,0.0,0.0,0.0,0.0,0.0,0.0,0.0,0.0,0.2622,0.0,0.0,0.0,0.0,0.0896,0.1015,0.0352,0.0208,0.0138,0.0035,0.0,0.97,4.2,2.44,23.95,24.87,0,MOD-00623,2025-04-19T22:04:31,2025-04-19T15:04:31,https://api.quant-aq.com/v1/devices/MOD-00623/data/raw/367408587
0,651.5,29.100000000000023,680.6,1433.7,672.0,3.2000000000000455,675.2,1646.0,-0.7000000000000455,1645.3,1645.5,8.900000000000091,1654.2,,,31.2,19.1,0.0,0.0,0.0,260.0,0.4,1.6,1.6,4.3461,0.5161,0.0,0.0,0.0,0.0,0.0,0.0,0.0,0.0,0.0,0.0,0.3635,0.0,0.0,0.0,0.0,0.0892,0.0692,0.0477,0.0381,0.0034,0.0,0.0,1.05,3.62,2.57,23.81,24.89,0,MOD-00623,2025-04-19T22:03:31,2025-04-19T15:03:31,https://api.quant-aq.com/v1/devices/MOD-00623/data/raw/367406207
0,649.8,30.90000000000009,680.7,1433.1,671.8,5.0,676.8,1645.8,-1.099999999999909,1644.7,1645.7,8.799999999999955,1653.5,,,31.4,19.1,0.0,0.0,0.0,274.5,0.8,1.9,1.9,4.2068,0.4538,0.0,0.0,0.0,0.0,0.0,0.0,0.0,0.0,0.0,0.0,0.2977,0.0,0.0,0.0,0.0,0.0836,0.0911,0.0453,0.0174,0.0138,0.0,0.0,0.98,3.68,2.41,23.9,24.87,0,MOD-00623,2025-04-19T22:02:31,2025-04-19T15:02:31,https://api.quant-aq.com/v1/devices/MOD-00623/data/raw/367406205
0,652.0,29.0,681.0,1433.2,672.4,3.5,675.9,1645.9,-0.6000000000001364,1645.3,1645.5,9.200000000000045,1654.5,,,32.0,19.1,0.0,0.0,0.0,253.5,0.8,2.0,2.0,7.573,0.552,0.0036,0.0,0.0,0.0,0.0,0.0,0.0,0.0,0.0,0.0,0.3067,0.0,0.0,0.0,0.0,0.0857,0.0501,0.0393,0.0322,0.0,0.0072,0.0072,1.36,7.84,2.7,24.04,24.9,0,MOD-00623,2025-04-19T22:01:31,2025-04-19T15:01:31,https://api.quant-aq.com/v1/devices/MOD-00623/data/raw/367406208
0,652.3,28.700000000000045,681.0,1434.4,671.4,4.7000000000000455,676.1,1645.6,-0.8999999999998636,1644.7,1645.5,8.899999999999864,1653.6,,,31.4,19.1,0.0,0.0,0.0,267.5,0.1,1.2,1.2,8.4364,0.502,0.0,0.0,0.0,0.0,0.0,0.0,0.0,0.0,0.0,0.0,0.3221,0.0,0.0,0.0,0.0,0.0915,0.1537,0.058,0.0145,0.0072,0.0,0.0,1.56,4.21,3.26,23.71,24.93,0,MOD-00623,2025-04-19T22:00:31,2025-04-19T15:00:31,https://api.quant-aq.com/v1/devices/MOD-00623/data/raw/367406206
0,652.6,28.0,680.6,1434.8,672.4,3.8999999999999773,676.3,1645.7,-0.7999999999999545,1644.9,1645.6,9.099999999999909,1654.0,,,31.6,19.2,0.0,0.0,0.0,282.5,0.8,1.7,1.7,4.5023,0.593,0.0,0.0,0.0,0.0,0.0,0.0,0.0,0.0,0.0,0.0,0.2848,0.0,0.0,0.0,0.0,0.1003,0.0709,0.0396,0.0141,0.0107,0.0036,0.0,1.04,3.81,2.31,23.68,24.96,0,MOD-00623,2025-04-19T21:59:31,2025-04-19T14:59:31,https://api.quant-aq.com/v1/devices/MOD-00623/data/raw/367403821
0,651.6,27.799999999999955,679.4,1432.4,672.1,4.100000000000023,676.2,1645.6,-0.8999999999998636,1644.7,1645.4,9.099999999999909,1653.8,,,30.8,19.2,0.0,0.0,0.0,229.75,0.2,1.1,0.9,4.5787,0.5529,0.0,0.0,0.0,0.0,0.0,0.0,0.0,0.0,0.0,0.0,0.3812,0.0,0.0,0.0,0.0,0.1062,0.109,0.0531,0.0186,0.0111,0.0,0.0037,1.15,4.94,2.79,23.32,24.97,0,MOD-00623,2025-04-19T21:58:31,2025-04-19T14:58:31,https://api.quant-aq.com/v1/devices/MOD-00623/data/raw/367403822
0,651.7,28.299999999999955,680.0,1433.1,671.8,4.300000000000068,676.1,1645.7,-0.900000000000091,1644.8,1645.2,8.799999999999955,1653.6,,,31.0,19.2,0.0,0.0,0.0,238.5,0.4,1.2,1.1,6.9687,0.5285,0.0036,0.0,0.0,0.0,0.0,0.0,0.0,0.0,0.0,0.0,0.3676,0.0,0.0,0.0,0.0,0.1267,0.1375,0.0757,0.0109,0.0106,0.0071,0.0037,1.46,8.01,3.41,23.35,25.02,0,MOD-00623,2025-04-19T21:57:31,2025-04-19T14:57:31,https://api.quant-aq.com/v1/devices/MOD-00623/data/raw/367403820
0,649.5,29.200000000000045,678.7,1433.7,672.3,4.900000000000091,677.2,1645.6,-1.099999999999909,1644.5,1645.5,8.700000000000045,1653.2,,,30.6,19.2,0.0,0.0,0.0,291.75,0.6,1.8,1.8,4.087,0.6213,0.0,0.0,0.0,0.0,0.0,0.0,0.0,0.0,0.0,0.0,0.3037,0.0,0.0,0.0,0.0,0.1092,0.0917,0.0413,0.0225,0.0,0.0109,0.0,1.05,4.54,2.47,23.23,25.06,0,MOD-00623,2025-04-19T21:56:31,2025-04-19T14:56:31,https://api.quant-aq.com/v1/devices/MOD-00623/data/raw/367403819
0,650.8,28.100000000000023,678.9,1433.6,671.6,3.7999999999999545,675.4,1645.4,-0.7000000000000455,1644.7,1645.3,9.0,1653.7,,,30.8,19.2,0.0,0.0,0.0,255.75,0.2,1.1,1.1,4.1501,0.6188,0.0,0.0,0.0,0.0,0.0,0.0,0.0,0.0,0.0,0.0,0.3415,0.0,0.0,0.0,0.0,0.0855,0.0996,0.0284,0.0074,0.0036,0.0071,0.0035,1.05,4.58,2.21,23.23,25.09,0,MOD-00623,2025-04-19T21:55:31,2025-04-19T14:55:31,https://api.quant-aq.com/v1/devices/MOD-00623/data/raw/367401467
0,652.1,26.899999999999977,679.0,1432.1,672.0,4.399999999999977,676.4,1645.2,-0.6000000000001364,1644.6,1645.0,8.600000000000136,1653.2,,,31.1,19.2,0.0,0.0,0.0,344.0,0.8,2.1,2.1,4.4099,0.5442,0.0,0.0,0.0,0.0,0.0,0.0,0.0,0.0,0.0,0.0,0.3001,0.0,0.0,0.0,0.0,0.1052,0.0975,0.0326,0.0147,0.0071,0.0035,0.0035,1.05,4.59,2.36,23.07,25.14,0,MOD-00623,2025-04-19T21:54:31,2025-04-19T14:54:31,https://api.quant-aq.com/v1/devices/MOD-00623/data/raw/367401471
0,654.1,25.600000000000023,679.7,1433.0,671.7,4.199999999999932,675.9,1645.4,-0.8000000000001819,1644.6,1645.0,8.300000000000182,1652.9,,,30.7,19.2,0.0,0.0,0.0,283.75,0.8,2.2,1.8,6.5006,0.5739,0.0,0.0,0.0,0.0,0.0,0.0,0.0,0.0,0.0,0.0,0.2995,0.0,0.0,0.0,0.0,0.1104,0.0897,0.0308,0.0136,0.0104,0.0068,0.0035,1.29,5.45,2.63,22.87,25.19,0,MOD-00623,2025-04-19T21:53:31,2025-04-19T14:53:31,https://api.quant-aq.com/v1/devices/MOD-00623/data/raw/367401469
0,656.5,23.799999999999955,680.3,1429.3,672.2,4.399999999999977,676.6,1645.6,-1.0,1644.6,1645.1,8.400000000000091,1653.0,,,30.5,19.3,0.0,0.0,0.0,253.5,0.2,1.8,1.8,3.6096,0.5262,0.0,0.0,0.0,0.0,0.0,0.0,0.0,0.0,0.0,0.0,0.3191,0.0,0.0,0.0,0.0,0.0947,0.1024,0.0136,0.0101,0.0033,0.0134,0.0035,0.95,5.28,2.09,22.6,25.24,0,MOD-00623,2025-04-19T21:52:31,2025-04-19T14:52:31,https://api.quant-aq.com/v1/devices/MOD-00623/data/raw/367401466
0,657.5,23.0,680.5,1427.1,671.8,4.5,676.3,1645.9,-1.5,1644.4,1645.3,8.399999999999864,1652.8,,,29.5,19.3,0.0,0.0,0.0,384.75,1.5,3.5,3.5,3.6251,0.4952,0.0,0.0032,0.0,0.0,0.0,0.0,0.0,0.0,0.0,0.0,0.2622,0.0,0.0,0.0,0.0,0.0976,0.0581,0.0352,0.0128,0.0062,0.0064,0.0,0.88,5.55,2.0,22.16,25.31,0,MOD-00623,2025-04-19T21:51:31,2025-04-19T14:51:31,https://api.quant-aq.com/v1/devices/MOD-00623/data/raw/367399123
0,656.1,24.699999999999932,680.8,1424.9,672.8,5.2000000000000455,678.0,1645.8,-1.599999999999909,1644.2,1645.4,8.799999999999955,1653.0,,,29.2,19.4,0.0,0.0,0.0,369.25,1.0,2.6,2.6,3.7933,0.5751,0.0,0.0,0.0,0.0,0.0,0.0,0.0,0.0,0.0,0.0,0.2681,0.0,0.0,0.0,0.0,0.083,0.0799,0.0385,0.0065,0.0031,0.0,0.0,0.94,2.44,1.96,22.02,25.37,0,MOD-00623,2025-04-19T21:50:31,2025-04-19T14:50:31,https://api.quant-aq.com/v1/devices/MOD-00623/data/raw/367399122
0,655.0,26.399999999999977,681.4,1425.5,671.7,5.2999999999999545,677.0,1646.1,-1.599999999999909,1644.5,1645.7,8.599999999999909,1653.1,,,29.2,19.5,0.0,0.0,0.0,393.0,1.2,2.4,2.4,6.311,0.5302,0.0,0.0,0.0,0.0,0.0,0.0,0.0,0.0,0.0,0.0,0.2654,0.0,0.0,0.0,0.0,0.0715,0.0875,0.0287,0.0065,0.01,0.0,0.0,1.2,3.06,2.25,22.02,25.4,0,MOD-00623,2025-04-19T21:49:31,2025-04-19T14:49:31,https://api.quant-aq.com/v1/devices/MOD-00623/data/raw/367399120
0,656.6,25.600000000000023,682.2,1426.7,672.5,4.7999999999999545,677.3,1646.5,-1.599999999999909,1644.9,1646.1,8.199999999999818,1653.1,,,29.0,19.6,0.0,0.0,0.0,339.75,1.0,3.0,2.6,3.7589,0.4966,0.0,0.0,0.0,0.0,0.0,0.0,0.0,0.0,0.0,0.0,0.275,0.0,0.0,0.0,0.0,0.0858,0.0921,0.0327,0.0198,0.0065,0.0033,0.0,0.93,3.53,2.21,22.04,25.41,0,MOD-00623,2025-04-19T21:48:31,2025-04-19T14:48:31,https://api.quant-aq.com/v1/devices/MOD-00623/data/raw/367399121
0,655.8,26.100000000000023,681.9,1428.2,672.0,5.399999999999977,677.4,1646.3,-1.5,1644.8,1645.8,8.299999999999955,1653.1,,,29.0,19.6,0.0,0.0,0.0,277.25,0.5,1.9,1.6,3.9705,0.4848,0.0,0.0,0.0,0.0,0.0,0.0,0.0,0.0,0.0,0.0,0.2596,0.0,0.0,0.0,0.0,0.0831,0.0903,0.0448,0.0174,0.007,0.0034,0.0,0.94,3.65,2.29,21.89,25.47,0,MOD-00623,2025-04-19T21:47:31,2025-04-19T14:47:31,https://api.quant-aq.com/v1/devices/MOD-00623/data/raw/367396721
0,654.4,27.300000000000068,681.7,1430.8,672.7,4.899999999999977,677.6,1646.4,-1.5,1644.9,1646.0,8.299999999999955,1653.2,,,28.5,19.7,0.0,0.0,0.0,278.0,0.8,2.2,2.2,3.9836,0.5045,0.0,0.0,0.0,0.0,0.0,0.0,0.0,0.0,0.0,0.0,0.2551,0.0,0.0,0.0,0.0,0.0567,0.091,0.0237,0.0102,0.0,0.0034,0.0035,0.91,3.57,1.86,21.76,25.47,0,MOD-00623,2025-04-19T21:46:31,2025-04-19T14:46:31,https://api.quant-aq.com/v1/devices/MOD-00623/data/raw/367396720
0,654.6,26.600000000000023,681.2,1430.5,673.0,5.2000000000000455,678.2,1646.7,-1.5,1645.2,1646.1,8.200000000000045,1653.4,,,28.6,19.7,0.0,0.0,0.0,225.75,0.3,1.2,1.2,6.0708,0.4731,0.0,0.0,0.0,0.0,0.0,0.0,0.0,0.0,0.0,0.0,0.2749,0.0,0.0,0.0,0.0,0.0794,0.0525,0.0269,0.0167,0.0034,0.0034,0.0,1.14,3.17,2.12,21.92,25.45,0,MOD-00623,2025-04-19T21:45:31,2025-04-19T14:45:31,https://api.quant-aq.com/v1/devices/MOD-00623/data/raw/367396719
0,652.5,28.399999999999977,680.9,1430.8,672.8,5.300000000000068,678.1,1646.4,-1.400000000000091,1645.0,1646.4,8.099999999999909,1653.1,,,28.4,19.7,0.0,0.0,0.0,232.0,0.7,1.6,1.6,3.6683,0.5132,0.0034,0.0,0.0,0.0,0.0,0.0,0.0,0.0,0.0,0.0,0.2636,0.0,0.0,0.0,0.0,0.0924,0.099,0.0309,0.0207,0.0,0.0034,0.0034,0.93,5.52,2.18,21.75,25.51,0,MOD-00623,2025-04-19T21:44:31,2025-04-19T14:44:31,https://api.quant-aq.com/v1/devices/MOD-00623/data/raw/367396718
0,652.6,28.199999999999932,680.8,1430.7,672.2,5.0,677.2,1646.5,-1.2999999999999545,1645.2,1646.2,8.0,1653.2,,,28.6,19.7,0.0,0.0,0.0,185.0,0.4,1.4,1.3,3.76,0.5828,0.0,0.0,0.0,0.0,0.0,0.0,0.0,0.0,0.0,0.0,0.3186,0.0,0.0,0.0,0.0,0.0849,0.114,0.0072,0.0109,0.0037,0.0,0.0036,0.98,3.41,1.98,21.79,25.45,0,MOD-00623,2025-04-19T21:43:31,2025-04-19T14:43:31,https://api.quant-aq.com/v1/devices/MOD-00623/data/raw/367394383
0,653.1,27.799999999999955,680.9,1430.2,672.6,4.899999999999977,677.5,1646.5,-1.2999999999999545,1645.2,1646.2,8.099999999999909,1653.3,,,29.2,19.7,0.0,0.0,0.0,241.0,0.5,2.0,1.6,4.132,0.4246,0.0,0.0,0.0,0.0,0.0,0.0,0.0,0.0,0.0,0.0,0.2711,0.0,0.0,0.0,0.0,0.0734,0.1081,0.0384,0.0209,0.0,0.0,0.0,0.95,2.79,2.22,21.93,25.47,0,MOD-00623,2025-04-19T21:42:31,2025-04-19T14:42:31,https://api.quant-aq.com/v1/devices/MOD-00623/data/raw/367394381
0,653.0,27.600000000000023,680.6,1432.0,672.8,4.7000000000000455,677.5,1646.5,-1.2999999999999545,1645.2,1646.2,7.7000000000000455,1652.9,,,28.1,19.7,0.0,0.0,0.0,224.25,0.4,1.0,1.0,5.9386,0.4786,0.0,0.0,0.0,0.0,0.0,0.0,0.0,0.0,0.0,0.0,0.1838,0.0,0.0,0.0,0.0,0.0776,0.0858,0.0368,0.0169,0.0,0.0,0.0,1.1,2.67,2.19,21.49,25.47,0,MOD-00623,2025-04-19T21:41:31,2025-04-19T14:41:31,https://api.quant-aq.com/v1/devices/MOD-00623/data/raw/367394379
0,654.5,26.600000000000023,681.1,1430.7,672.4,5.7000000000000455,678.1,1646.3,-1.5,1644.8,1646.3,7.900000000000091,1652.7,,,27.8,19.7,0.0,0.0,0.0,240.75,0.5,1.8,1.6,3.6303,0.5754,0.0,0.0,0.0,0.0,0.0,0.0,0.0,0.0,0.0,0.0,0.3527,0.0,0.0,0.0,0.0,0.0564,0.0884,0.0283,0.0462,0.0,0.0,0.0,0.96,3.33,2.39,21.37,25.47,0,MOD-00623,2025-04-19T21:40:31,2025-04-19T14:40:31,https://api.quant-aq.com/v1/devices/MOD-00623/data/raw/367394378
0,652.5,28.700000000000045,681.2,1431.5,672.3,5.100000000000023,677.4,1646.5,-1.7000000000000455,1644.8,1646.0,7.7000000000000455,1652.5,,,27.7,19.7,0.0,0.0,0.0,205.0,0.2,1.0,1.0,3.6713,0.5216,0.0,0.0035,0.0,0.0,0.0,0.0,0.0,0.0,0.0,0.0,0.3053,0.0,0.0,0.0,0.0,0.0496,0.0422,0.014,0.0247,0.0105,0.0,0.0,0.86,5.01,1.81,21.36,25.45,0,MOD-00623,2025-04-19T21:39:31,2025-04-19T14:39:31,https://api.quant-aq.com/v1/devices/MOD-00623/data/raw/367392017
0,653.4,27.800000000000068,681.2,1432.4,672.2,5.899999999999977,678.1,1646.5,-1.900000000000091,1644.6,1646.1,7.800000000000182,1652.4,,,27.9,19.6,0.0,0.0,0.0,228.5,0.2,1.0,1.0,3.8625,0.456,0.0,0.0,0.0,0.0,0.0,0.0,0.0,0.0,0.0,0.0,0.3021,0.0,0.0,0.0,0.0,0.1106,0.0657,0.0308,0.017,0.0069,0.0,0.0,0.94,2.9,2.08,21.41,25.48,0,MOD-00623,2025-04-19T21:38:31,2025-04-19T14:38:31,https://api.quant-aq.com/v1/devices/MOD-00623/data/raw/367392015
0,654.6,27.0,681.6,1428.3,672.6,5.0,677.6,1646.5,-1.5,1645.0,1646.1,7.7000000000000455,1652.7,,,28.4,19.6,0.0,0.0,0.0,310.5,0.7,2.5,2.1,6.4912,0.4402,0.0,0.0,0.0,0.0,0.0,0.0,0.0,0.0,0.0,0.0,0.2779,0.0,0.0,0.0,0.0,0.0483,0.078,0.0221,0.0226,0.0038,0.0074,0.0,1.17,4.0,2.29,21.73,25.47,0,MOD-00623,2025-04-19T21:37:31,2025-04-19T14:37:31,https://api.quant-aq.com/v1/devices/MOD-00623/data/raw/367392016
0,655.3,26.600000000000023,681.9,1430.1,672.5,5.399999999999977,677.9,1646.6,-1.3999999999998636,1645.2,1646.3,8.0,1653.2,,,29.5,19.6,0.0,0.0,0.0,281.0,0.5,1.9,1.9,3.6889,0.5027,0.0036,0.0,0.0,0.0,0.0,0.0,0.0,0.0,0.0,0.0,0.3325,0.0,0.0,0.0,0.0,0.0912,0.0661,0.0348,0.014,0.0035,0.007,0.0,0.94,5.18,2.09,22.25,25.47,0,MOD-00623,2025-04-19T21:36:31,2025-04-19T14:36:31,https://api.quant-aq.com/v1/devices/MOD-00623/data/raw/367392018
0,655.6,26.899999999999977,682.5,1429.9,672.9,5.5,678.4,1646.7,-1.7000000000000455,1645.0,1646.3,7.7000000000000455,1652.7,,,28.9,19.6,0.0,0.0,0.0,264.5,0.8,1.2,1.2,3.6074,0.5026,0.0,0.0,0.0,0.0,0.0,0.0,0.0,0.0,0.0,0.0,0.2949,0.0,0.0,0.0,0.0,0.072,0.0475,0.0101,0.0202,0.0034,0.0,0.0034,0.86,3.19,1.69,21.94,25.48,0,MOD-00623,2025-04-19T21:35:31,2025-04-19T14:35:31,https://api.quant-aq.com/v1/devices/MOD-00623/data/raw/367389641
0,655.2,26.09999999999991,681.3,1430.4,672.6,4.2999999999999545,676.9,1646.6,-1.199999999999818,1645.4,1646.1,8.299999999999955,1653.7,,,29.2,19.6,0.0,0.0,0.0,256.0,0.7,1.8,1.3,4.2432,0.5632,0.0,0.0,0.0,0.0,0.0,0.0,0.0,0.0,0.0,0.0,0.2547,0.0,0.0,0.0,0.0,0.1043,0.0971,0.0348,0.021,0.007,0.0,0.0,1.01,3.27,2.35,21.96,25.48,0,MOD-00623,2025-04-19T21:34:31,2025-04-19T14:34:31,https://api.quant-aq.com/v1/devices/MOD-00623/data/raw/367389640
0,653.3,28.100000000000023,681.4,1430.5,672.4,4.7000000000000455,677.1,1646.8,-1.599999999999909,1645.2,1646.5,8.200000000000045,1653.4,,,28.5,19.6,0.0,0.0,0.0,238.0,0.6,1.7,1.1,6.5521,0.5307,0.0,0.0,0.0,0.0,0.0,0.0,0.0,0.0,0.0,0.0,0.2992,0.0,0.0,0.0,0.0,0.0805,0.1012,0.0141,0.0208,0.0035,0.0035,0.0,1.26,3.53,2.4,21.73,25.47,0,MOD-00623,2025-04-19T21:33:31,2025-04-19T14:33:31,https://api.quant-aq.com/v1/devices/MOD-00623/data/raw/367389638
0,652.8,28.90000000000009,681.7,1428.1,672.3,5.5,677.8,1646.8,-1.599999999999909,1645.2,1646.5,8.099999999999909,1653.3,,,28.3,19.6,0.0,0.0,0.0,317.25,1.0,2.7,2.5,3.9139,0.5054,0.0,0.0,0.0,0.0,0.0,0.0,0.0,0.0,0.0,0.0,0.3145,0.0,0.0,0.0,0.0,0.0675,0.0776,0.0204,0.0168,0.0033,0.0069,0.0,0.94,3.5,1.99,21.62,25.5,0,MOD-00623,2025-04-19T21:32:31,2025-04-19T14:32:31,https://api.quant-aq.com/v1/devices/MOD-00623/data/raw/367389639
0,655.0,27.0,682.0,1432.8,672.6,5.100000000000023,677.7,1646.7,-1.7000000000000455,1645.0,1646.3,7.900000000000091,1652.9,,,28.2,19.7,0.0,0.0,0.0,223.5,0.5,1.9,1.4,3.8122,0.5005,0.0,0.0,0.0,0.0,0.0,0.0,0.0,0.0,0.0,0.0,0.279,0.0,0.0,0.0,0.0,0.075,0.0856,0.0181,0.018,0.0107,0.0036,0.0,0.91,3.55,2.06,21.59,25.45,0,MOD-00623,2025-04-19T21:31:31,2025-04-19T14:31:31,https://api.quant-aq.com/v1/devices/MOD-00623/data/raw/367387287
0,653.2,28.399999999999977,681.6,1428.8,672.6,5.199999999999932,677.8,1646.9,-1.5,1645.4,1646.3,7.899999999999864,1653.3,,,28.9,19.6,0.0,0.0,0.0,275.0,0.8,2.2,2.1,4.1465,0.4592,0.0,0.0,0.0,0.0,0.0,0.0,0.0,0.0,0.0,0.0,0.2613,0.0,0.0,0.0,0.0,0.1019,0.0816,0.0172,0.0067,0.0067,0.0,0.0,0.95,2.46,1.87,21.81,25.44,0,MOD-00623,2025-04-19T21:30:31,2025-04-19T14:30:31,https://api.quant-aq.com/v1/devices/MOD-00623/data/raw/367387283
0,652.0,29.200000000000045,681.2,1431.1,672.2,5.399999999999977,677.6,1646.9,-1.6000000000001364,1645.3,1646.5,7.7999999999999545,1653.1,,,28.1,19.6,0.0,0.0,0.0,318.75,0.8,3.3,2.8,7.3195,0.5486,0.0,0.0,0.0,0.0,0.0,0.0,0.0,0.0,0.0,0.0,0.2727,0.0,0.0,0.0,0.0,0.1036,0.0587,0.045,0.0243,0.0069,0.0,0.0,1.34,3.65,2.66,21.46,25.44,0,MOD-00623,2025-04-19T21:29:31,2025-04-19T14:29:31,https://api.quant-aq.com/v1/devices/MOD-00623/data/raw/367387284
0,650.9,30.700000000000045,681.6,1432.1,672.9,5.899999999999977,678.8,1646.7,-1.900000000000091,1644.8,1646.4,7.900000000000091,1652.7,,,28.0,19.6,0.0,0.0,0.0,298.75,1.0,1.8,1.8,3.9905,0.4468,0.0,0.0,0.0,0.0,0.0,0.0,0.0,0.0,0.0,0.0,0.2526,0.0,0.0,0.0,0.0,0.0609,0.0889,0.0338,0.0138,0.0,0.0068,0.0,0.9,3.33,2.0,21.73,25.4,0,MOD-00623,2025-04-19T21:28:31,2025-04-19T14:28:31,https://api.quant-aq.com/v1/devices/MOD-00623/data/raw/367387282
0,652.3,30.0,682.3,1431.7,672.5,6.2000000000000455,678.7,1646.8,-1.599999999999909,1645.2,1646.6,7.599999999999909,1652.8,,,29.4,19.6,0.0,0.0,0.0,239.25,0.1,1.5,1.5,3.7724,0.5115,0.0,0.0,0.0,0.0,0.0,0.0,0.0,0.0,0.0,0.0,0.3127,0.0,0.0,0.0,0.0,0.079,0.0338,0.0304,0.0373,0.0067,0.0069,0.0035,0.9,5.18,2.21,22.49,25.36,0,MOD-00623,2025-04-19T21:27:31,2025-04-19T14:27:31,https://api.quant-aq.com/v1/devices/MOD-00623/data/raw/367384915
0,653.5,28.700000000000045,682.2,1431.0,672.3,4.5,676.8,1646.9,-1.0,1645.9,1646.5,8.099999999999909,1654.0,,,30.1,19.5,0.0,0.0,0.0,260.5,0.8,2.1,2.1,4.1714,0.6266,0.0,0.0,0.0,0.0,0.0,0.0,0.0,0.0,0.0,0.0,0.3021,0.0,0.0,0.0,0.0,0.032,0.0778,0.028,0.018,0.0034,0.0069,0.0075,0.96,5.62,2.08,22.81,25.36,0,MOD-00623,2025-04-19T21:26:31,2025-04-19T14:26:31,https://api.quant-aq.com/v1/devices/MOD-00623/data/raw/367384914
0,653.4,29.899999999999977,683.3,1433.8,672.2,5.5,677.7,1646.7,-1.6000000000001364,1645.1,1646.4,7.7000000000000455,1652.8,,,29.6,19.5,0.0,0.0,0.0,236.25,0.2,1.7,1.7,6.8527,0.508,0.0,0.0,0.0,0.0,0.0,0.0,0.0,0.0,0.0,0.0,0.2894,0.0,0.0,0.0,0.0,0.071,0.085,0.0315,0.0178,0.007,0.0035,0.0,1.27,3.8,2.48,22.5,25.31,0,MOD-00623,2025-04-19T21:25:31,2025-04-19T14:25:31,https://api.quant-aq.com/v1/devices/MOD-00623/data/raw/367384913
0,651.6,29.899999999999977,681.5,1431.8,673.1,4.199999999999932,677.3,1646.9,-1.1000000000001364,1645.8,1646.3,8.0,1653.8,,,29.8,19.5,0.0,0.0,0.0,228.5,0.0,1.5,1.5,3.71,0.4793,0.0,0.0,0.0,0.0,0.0,0.0,0.0,0.0,0.0,0.0,0.3648,0.0,0.0,0.0,0.0,0.0789,0.0792,0.0553,0.0172,0.0069,0.0104,0.0,0.97,4.78,2.46,22.4,25.3,0,MOD-00623,2025-04-19T21:24:31,2025-04-19T14:24:31,https://api.quant-aq.com/v1/devices/MOD-00623/data/raw/367384912
0,653.6,28.199999999999932,681.8,1430.4,672.0,5.7999999999999545,677.8,1646.6,-1.699999999999818,1644.9,1646.3,7.7999999999999545,1652.7,,,28.7,19.4,0.0,0.0,0.0,247.75,0.1,2.1,2.1,3.977,0.4337,0.0,0.0034,0.0,0.0,0.0,0.0,0.0,0.0,0.0,0.0,0.2581,0.0,0.0,0.0,0.0,0.0515,0.0515,0.0411,0.0138,0.0034,0.0068,0.0035,0.86,6.43,1.92,22.08,25.29,0,MOD-00623,2025-04-19T21:23:31,2025-04-19T14:23:31,https://api.quant-aq.com/v1/devices/MOD-00623/data/raw/367382585
0,652.5,29.799999999999955,682.3,1432.0,672.1,5.699999999999932,677.8,1646.6,-1.699999999999818,1644.9,1646.3,7.7999999999999545,1652.7,,,29.7,19.4,0.0,0.0,0.0,258.5,0.5,2.0,2.0,3.9918,0.5146,0.0,0.0,0.0,0.0,0.0,0.0,0.0,0.0,0.0,0.0,0.291,0.0,0.0,0.0,0.0,0.0819,0.0583,0.034,0.0238,0.0067,0.0034,0.0,0.94,3.54,2.15,22.61,25.24,0,MOD-00623,2025-04-19T21:22:31,2025-04-19T14:22:31,https://api.quant-aq.com/v1/devices/MOD-00623/data/raw/367382584
0,653.4,28.5,681.9,1428.3,671.7,4.7999999999999545,676.5,1646.5,-1.099999999999909,1645.4,1646.5,7.899999999999864,1653.3,,,30.1,19.4,0.0,0.0,0.0,220.0,0.0,0.7,0.7,6.3306,0.4518,0.0,0.0,0.0,0.0,0.0,0.0,0.0,0.0,0.0,0.0,0.3236,0.0,0.0,0.0,0.0,0.0959,0.085,0.017,0.0448,0.0035,0.0033,0.0,1.24,4.38,2.67,22.76,25.26,0,MOD-00623,2025-04-19T21:21:31,2025-04-19T14:21:31,https://api.quant-aq.com/v1/devices/MOD-00623/data/raw/367382582
0,656.0,26.5,682.5,1429.8,672.3,4.300000000000068,676.6,1646.8,-0.8999999999998636,1645.9,1646.5,8.0,1653.9,,,30.8,19.4,0.0,0.0,0.0,219.75,0.2,0.9,0.9,3.9538,0.476,0.0,0.0,0.0,0.0,0.0,0.0,0.0,0.0,0.0,0.0,0.3216,0.0,0.0,0.0,0.0,0.0501,0.085,0.0249,0.0142,0.0137,0.0,0.0,0.93,3.19,2.07,22.9,25.21,0,MOD-00623,2025-04-19T21:20:31,2025-04-19T14:20:31,https://api.quant-aq.com/v1/devices/MOD-00623/data/raw/367382583
0,655.3,27.200000000000045,682.5,1430.4,672.2,4.5,676.7,1646.8,-1.3999999999998636,1645.4,1646.3,7.899999999999864,1653.3,,,29.3,19.4,0.0,0.0,0.0,252.5,0.2,1.2,1.2,3.5566,0.4589,0.0,0.0,0.0,0.0,0.0,0.0,0.0,0.0,0.0,0.0,0.2732,0.0,0.0,0.0,0.0,0.0636,0.074,0.0369,0.0101,0.0068,0.0033,0.0,0.86,3.11,1.94,22.19,25.21,0,MOD-00623,2025-04-19T21:19:31,2025-04-19T14:19:31,https://api.quant-aq.com/v1/devices/MOD-00623/data/raw/367380215
0,652.4,28.800000000000068,681.2,1429.0,672.8,4.900000000000091,677.7,1646.8,-1.7999999999999545,1645.0,1646.6,8.099999999999909,1653.1,,,28.7,19.4,0.0,0.0,0.0,258.5,0.4,1.3,1.3,3.7335,0.5058,0.0,0.0,0.0,0.0,0.0,0.0,0.0,0.0,0.0,0.0,0.315,0.0,0.0,0.0,0.0,0.0582,0.0968,0.013,0.026,0.0031,0.0033,0.0032,0.92,4.08,2.07,22.09,25.21,0,MOD-00623,2025-04-19T21:18:31,2025-04-19T14:18:31,https://api.quant-aq.com/v1/devices/MOD-00623/data/raw/367380213
0,653.7,28.399999999999977,682.1,1431.4,672.0,5.899999999999977,677.9,1646.7,-1.6000000000001364,1645.1,1646.4,7.7000000000000455,1652.8,,,29.8,19.4,0.0,0.0,0.0,258.5,0.8,1.6,1.6,6.2977,0.5313,0.0036,0.0,0.0,0.0,0.0,0.0,0.0,0.0,0.0,0.0,0.2491,0.0,0.0,0.0,0.0,0.0738,0.1356,0.0233,0.0163,0.0071,0.0033,0.0,1.23,5.35,2.56,22.51,25.16,0,MOD-00623,2025-04-19T21:17:31,2025-04-19T14:17:31,https://api.quant-aq.com/v1/devices/MOD-00623/data/raw/367380212
0,652.7,28.09999999999991,680.8,1430.8,671.7,3.8999999999999773,675.6,1646.7,-1.0,1645.7,1646.5,7.899999999999864,1653.6,,,29.9,19.3,0.0,0.0,0.0,261.0,0.3,2.8,2.8,3.5101,0.4653,0.0,0.0,0.0,0.0,0.0,0.0,0.0,0.0,0.0,0.0,0.2657,0.0,0.0,0.0,0.0,0.054,0.088,0.0339,0.0102,0.0069,0.0034,0.0,0.85,3.14,1.95,22.57,25.13,0,MOD-00623,2025-04-19T21:16:31,2025-04-19T14:16:31,https://api.quant-aq.com/v1/devices/MOD-00623/data/raw/367380214
0,651.4,29.399999999999977,680.8,1431.2,672.3,6.0,678.3,1646.6,-1.8999999999998636,1644.7,1646.2,7.7000000000000455,1652.4,,,29.4,19.3,0.0,0.0,0.0,237.5,0.4,1.8,1.8,3.3286,0.3718,0.0,0.0,0.0,0.0,0.0,0.0,0.0,0.0,0.0,0.0,0.2918,0.0,0.0,0.0,0.0,0.0635,0.0695,0.0201,0.0067,0.0033,0.0,0.0,0.8,2.01,1.6,22.47,25.1,0,MOD-00623,2025-04-19T21:15:31,2025-04-19T14:15:31,https://api.quant-aq.com/v1/devices/MOD-00623/data/raw/367377828
0,652.5,28.299999999999955,680.8,1431.6,672.8,4.600000000000023,677.4,1646.6,-1.099999999999909,1645.5,1646.4,8.0,1653.5,,,30.0,19.3,0.0,0.0,0.0,228.75,0.0,1.4,1.4,3.6865,0.4315,0.0,0.0,0.0,0.0,0.0,0.0,0.0,0.0,0.0,0.0,0.2634,0.0,0.0,0.0,0.0,0.0858,0.0855,0.0361,0.0165,0.0,0.0033,0.0,0.89,2.95,2.04,22.7,25.09,0,MOD-00623,2025-04-19T21:14:31,2025-04-19T14:14:31,https://api.quant-aq.com/v1/devices/MOD-00623/data/raw/367377829
0,652.4,28.600000000000023,681.0,1433.9,671.9,5.2000000000000455,677.1,1646.4,-1.2000000000000455,1645.2,1646.1,7.899999999999864,1653.1,,,30.0,19.2,0.0,0.0,0.0,255.25,0.6,1.3,1.3,6.295,0.5285,0.0,0.0,0.0,0.0,0.0,0.0,0.0,0.0,0.0,0.0,0.2877,0.0,0.0,0.0,0.0,0.073,0.096,0.0276,0.014,0.0069,0.0035,0.0035,1.22,4.6,2.41,22.61,25.06,0,MOD-00623,2025-04-19T21:13:31,2025-04-19T14:13:31,https://api.quant-aq.com/v1/devices/MOD-00623/data/raw/367377827
0,654.5,26.299999999999955,680.8,1433.1,671.7,4.5,676.2,1646.4,-1.300000000000182,1645.1,1646.2,8.0,1653.1,,,29.4,19.2,0.0,0.0,0.0,239.0,0.6,1.2,1.2,3.7303,0.5103,0.0,0.0,0.0,0.0,0.0,0.0,0.0,0.0,0.0,0.0,0.2946,0.0,0.0,0.0,0.0,0.0496,0.0764,0.0331,0.0197,0.0134,0.0034,0.0,0.89,3.85,2.16,22.35,25.06,0,MOD-00623,2025-04-19T21:12:31,2025-04-19T14:12:31,https://api.quant-aq.com/v1/devices/MOD-00623/data/raw/367377826
0,652.0,29.0,681.0,1432.2,672.4,5.800000000000068,678.2,1646.5,-1.900000000000091,1644.6,1646.2,7.7000000000000455,1652.3,,,29.1,19.2,0.0,0.0,0.0,252.5,0.6,2.2,2.2,3.5225,0.4558,0.0,0.0,0.0,0.0,0.0,0.0,0.0,0.0,0.0,0.0,0.2561,0.0,0.0,0.0,0.0,0.063,0.0802,0.0468,0.0098,0.0067,0.0066,0.0,0.85,3.72,2.07,22.25,25.02,0,MOD-00623,2025-04-19T21:11:31,2025-04-19T14:11:31,https://api.quant-aq.com/v1/devices/MOD-00623/data/raw/367375481
0,655.6,25.799999999999955,681.4,1432.2,672.1,5.100000000000023,677.2,1646.3,-1.3999999999998636,1644.9,1646.2,7.699999999999818,1652.6,,,29.3,19.2,0.0,0.0,0.0,239.0,0.6,1.7,1.4,3.4686,0.4475,0.0,0.0,0.0,0.0,0.0,0.0,0.0,0.0,0.0,0.0,0.2584,0.0,0.0,0.0,0.0,0.0641,0.0856,0.0257,0.0381,0.0063,0.0,0.0,0.84,3.33,2.2,22.27,25.05,0,MOD-00623,2025-04-19T21:10:31,2025-04-19T14:10:31,https://api.quant-aq.com/v1/devices/MOD-00623/data/raw/367375480
0,654.4,27.0,681.4,1435.3,671.4,5.399999999999977,676.8,1646.4,-1.5,1644.9,1646.3,7.899999999999864,1652.8,,,30.2,19.2,0.0,0.0,0.0,265.0,0.7,1.6,1.2,6.0142,0.4398,0.0,0.0,0.0,0.0,0.0,0.0,0.0,0.0,0.0,0.0,0.2076,0.0,0.0,0.0,0.0,0.072,0.1023,0.0424,0.0133,0.0067,0.0033,0.0,1.12,3.67,2.41,22.71,25.05,0,MOD-00623,2025-04-19T21:09:31,2025-04-19T14:09:31,https://api.quant-aq.com/v1/devices/MOD-00623/data/raw/367375478
0,654.7,26.59999999999991,681.3,1432.2,671.3,4.100000000000023,675.4,1646.4,-1.0,1645.4,1646.3,8.0,1653.4,,,29.8,19.2,0.0,0.0,0.0,287.75,0.8,1.7,1.7,3.4773,0.4408,0.0,0.0,0.0,0.0,0.0,0.0,0.0,0.0,0.0,0.0,0.2522,0.0,0.0,0.0,0.0,0.0631,0.0929,0.0199,0.0266,0.0033,0.0032,0.0,0.84,3.21,2.01,22.49,25.05,0,MOD-00623,2025-04-19T21:08:31,2025-04-19T14:08:31,https://api.quant-aq.com/v1/devices/MOD-00623/data/raw/367375479
0,655.4,27.300000000000068,682.7,1431.4,672.0,6.2000000000000455,678.2,1646.7,-2.0,1644.7,1646.5,7.599999999999909,1652.3,,,29.5,19.2,0.0,0.0,0.0,263.5,0.3,2.8,1.8,3.4122,0.4973,0.0,0.0,0.0,0.0,0.0,0.0,0.0,0.0,0.0,0.0,0.2767,0.0,0.0,0.0,0.0,0.0691,0.0493,0.0132,0.0066,0.0196,0.0065,0.0,0.82,3.89,1.77,22.19,25.09,0,MOD-00623,2025-04-19T21:07:31,2025-04-19T14:07:31,https://api.quant-aq.com/v1/devices/MOD-00623/data/raw/367373095
0,657.7,25.199999999999932,682.9,1434.5,671.9,5.100000000000023,677.0,1646.7,-1.2999999999999545,1645.4,1646.3,7.7999999999999545,1653.2,,,30.4,19.2,0.0,0.0,0.0,335.75,0.9,2.8,2.7,3.7268,0.5519,0.0,0.0,0.0,0.0,0.0,0.0,0.0,0.0,0.0,0.0,0.2726,0.0,0.0,0.0,0.0,0.0599,0.1094,0.0299,0.0165,0.0,0.0,0.0,0.93,2.51,2.05,22.71,25.1,0,MOD-00623,2025-04-19T21:06:31,2025-04-19T14:06:31,https://api.quant-aq.com/v1/devices/MOD-00623/data/raw/367373094
0,655.7,27.399999999999977,683.1,1433.4,671.6,5.100000000000023,676.7,1646.8,-1.5,1645.3,1646.5,7.900000000000091,1653.2,,,29.7,19.2,0.0,0.0,0.0,213.0,0.0,0.8,0.8,6.1394,0.5198,0.0,0.0,0.0,0.0,0.0,0.0,0.0,0.0,0.0,0.0,0.2536,0.0,0.0,0.0,0.0,0.071,0.0976,0.0405,0.0269,0.0034,0.0,0.0034,1.19,4.31,2.57,22.46,25.1,0,MOD-00623,2025-04-19T21:05:31,2025-04-19T14:05:31,https://api.quant-aq.com/v1/devices/MOD-00623/data/raw/367373093
0,656.6,27.100000000000023,683.7,1432.2,671.4,5.5,676.9,1646.9,-1.6000000000001364,1645.3,1646.6,7.600000000000136,1652.9,,,29.7,19.3,0.0,0.0,0.0,274.5,0.7,2.1,1.9,3.7017,0.5324,0.0,0.0,0.0,0.0,0.0,0.0,0.0,0.0,0.0,0.0,0.2921,0.0,0.0,0.0,0.0,0.1123,0.0949,0.0343,0.024,0.0034,0.0,0.0,0.97,3.09,2.31,22.34,25.13,0,MOD-00623,2025-04-19T21:04:31,2025-04-19T14:04:31,https://api.quant-aq.com/v1/devices/MOD-00623/data/raw/367373092
0,655.6,27.600000000000023,683.2,1429.5,671.7,5.0,676.7,1647.0,-1.400000000000091,1645.6,1646.6,7.800000000000182,1653.4,,,29.6,19.3,0.0,0.0,0.0,236.75,0.2,1.3,1.0,3.3768,0.4861,0.0,0.0,0.0,0.0,0.0,0.0,0.0,0.0,0.0,0.0,0.3397,0.0,0.0,0.0,0.0,0.1095,0.0968,0.0334,0.0067,0.0132,0.0,0.0034,0.95,4.12,2.22,22.36,25.14,0,MOD-00623,2025-04-19T21:03:31,2025-04-19T14:03:31,https://api.quant-aq.com/v1/devices/MOD-00623/data/raw/367370724
0,653.0,28.700000000000045,681.7,1430.1,671.9,5.100000000000023,677.0,1647.1,-1.699999999999818,1645.4,1646.7,7.899999999999864,1653.3,,,29.0,19.3,0.0,0.0,0.0,265.5,1.0,1.7,1.7,3.3478,0.4662,0.0032,0.0,0.0,0.0,0.0,0.0,0.0,0.0,0.0,0.0,0.3,0.0,0.0,0.0,0.0,0.0846,0.0424,0.0196,0.0164,0.0066,0.0065,0.0,0.84,4.79,1.8,22.07,25.13,0,MOD-00623,2025-04-19T21:02:31,2025-04-19T14:02:31,https://api.quant-aq.com/v1/devices/MOD-00623/data/raw/367370722
0,654.4,27.300000000000068,681.7,1429.7,672.6,6.399999999999977,679.0,1647.0,-2.0,1645.0,1646.7,7.5,1652.5,,,28.8,19.3,0.0,0.0,0.0,337.5,1.0,2.2,2.2,6.0448,0.4703,0.0,0.0,0.0,0.0,0.0,0.0,0.0,0.0,0.0,0.0,0.2996,0.0,0.0,0.0,0.0,0.0688,0.0491,0.0297,0.0035,0.0,0.0,0.0,1.13,2.07,1.86,22.08,25.13,0,MOD-00623,2025-04-19T21:01:31,2025-04-19T14:01:31,https://api.quant-aq.com/v1/devices/MOD-00623/data/raw/367370721
0,654.5,26.700000000000045,681.2,1430.7,671.4,4.300000000000068,675.7,1647.2,-1.2000000000000455,1646.0,1646.7,7.7999999999999545,1653.8,,,30.0,19.3,0.0,0.0,0.0,200.5,0.0,0.6,0.6,6.8692,0.4317,0.0,0.0,0.0,0.0,0.0,0.0,0.0,0.0,0.0,0.0,0.2988,0.0,0.0,0.0,0.0,0.0852,0.0717,0.0473,0.0204,0.0068,0.0,0.0,1.27,3.51,2.58,22.66,25.1,0,MOD-00623,2025-04-19T21:00:31,2025-04-19T14:00:31,https://api.quant-aq.com/v1/devices/MOD-00623/data/raw/367370723
0,655.9,27.200000000000045,683.1,1430.8,672.2,5.699999999999932,677.9,1646.9,-1.7000000000000455,1645.2,1646.7,7.599999999999909,1652.8,,,28.9,19.3,0.0,0.0,0.0,232.5,0.4,1.1,1.1,3.281,0.5062,0.0,0.0034,0.0,0.0,0.0,0.0,0.0,0.0,0.0,0.0,0.2684,0.0,0.0,0.0,0.0,0.0742,0.061,0.0221,0.0166,0.0068,0.0034,0.0,0.83,5.12,1.83,22.24,25.07,0,MOD-00623,2025-04-19T20:59:31,2025-04-19T13:59:31,https://api.quant-aq.com/v1/devices/MOD-00623/data/raw/367368337
0,654.0,29.200000000000045,683.2,1429.4,671.4,5.2000000000000455,676.6,1647.4,-1.6000000000001364,1645.8,1646.9,7.600000000000136,1653.4,,,29.8,19.2,0.0,0.0,0.0,295.0,0.8,1.9,1.9,3.7127,0.4609,0.0,0.0,0.0,0.0,0.0,0.0,0.0,0.0,0.0,0.0,0.2275,0.0,0.0,0.0,0.0,0.0472,0.0632,0.0255,0.0191,0.0033,0.0032,0.0,0.82,2.86,1.79,22.58,25.05,0,MOD-00623,2025-04-19T20:58:31,2025-04-19T13:58:31,https://api.quant-aq.com/v1/devices/MOD-00623/data/raw/367368338
0,655.7,28.0,683.7,1430.9,671.7,4.899999999999977,676.6,1647.3,-1.2999999999999545,1646.0,1646.7,7.599999999999909,1653.6,,,29.6,19.2,0.0,0.0,0.0,311.75,0.8,2.6,2.6,5.1329,0.4168,0.0,0.0,0.0,0.0,0.0,0.0,0.0,0.0,0.0,0.0,0.2308,0.0,0.0,0.0,0.0,0.0501,0.095,0.0414,0.0253,0.0032,0.0095,0.003,1.01,5.31,2.41,22.55,25.03,0,MOD-00623,2025-04-19T20:57:31,2025-04-19T13:57:31,https://api.quant-aq.com/v1/devices/MOD-00623/data/raw/367368336
0,656.4,27.899999999999977,684.3,1429.4,671.6,5.0,676.6,1647.5,-1.5,1646.0,1647.0,7.7999999999999545,1653.8,,,29.5,19.2,0.0,0.0,0.0,260.5,0.8,1.5,1.5,3.0943,0.458,0.0,0.0,0.0,0.0,0.0,0.0,0.0,0.0,0.0,0.0,0.2946,0.0,0.0,0.0,0.0,0.0824,0.0756,0.0363,0.0153,0.0061,0.0,0.0,0.84,2.76,1.99,22.32,25.0,0,MOD-00623,2025-04-19T20:56:31,2025-04-19T13:56:31,https://api.quant-aq.com/v1/devices/MOD-00623/data/raw/367368335
0,656.6,27.100000000000023,683.7,1429.5,672.0,5.399999999999977,677.4,1647.3,-1.599999999999909,1645.7,1647.0,7.7000000000000455,1653.4,,,28.7,19.2,0.0,0.0,0.0,326.25,0.9,2.9,2.4,3.3729,0.5075,0.0,0.0,0.0,0.0,0.0,0.0,0.0,0.0,0.0,0.0,0.2557,0.0,0.0,0.0,0.0,0.0542,0.0593,0.0186,0.0188,0.0125,0.0,0.0031,0.81,3.75,1.83,22.01,24.94,0,MOD-00623,2025-04-19T20:55:31,2025-04-19T13:55:31,https://api.quant-aq.com/v1/devices/MOD-00623/data/raw/367365921
0,656.1,27.600000000000023,683.7,1430.2,671.9,5.600000000000023,677.5,1647.6,-1.699999999999818,1645.9,1647.2,7.5,1653.4,,,28.7,19.2,0.0,0.0,0.0,295.5,0.7,2.2,1.8,3.4561,0.4888,0.0,0.0,0.0,0.0,0.0,0.0,0.0,0.0,0.0,0.0,0.2985,0.0,0.0,0.0,0.0,0.0921,0.0787,0.0165,0.026,0.0033,0.0033,0.0,0.89,3.2,2.03,21.94,24.9,0,MOD-00623,2025-04-19T20:54:31,2025-04-19T13:54:31,https://api.quant-aq.com/v1/devices/MOD-00623/data/raw/367365920
0,655.0,28.899999999999977,683.9,1429.7,672.2,5.5,677.7,1647.6,-1.699999999999818,1645.9,1647.1,7.5,1653.4,,,28.8,19.2,0.0,0.0,0.0,306.75,0.5,2.1,1.8,5.3997,0.5167,0.0,0.0,0.0,0.0,0.0,0.0,0.0,0.0,0.0,0.0,0.2352,0.0,0.0,0.0,0.0,0.0992,0.0522,0.0231,0.0132,0.0034,0.0,0.0,1.06,2.48,1.95,22.05,24.86,0,MOD-00623,2025-04-19T20:53:31,2025-04-19T13:53:31,https://api.quant-aq.com/v1/devices/MOD-00623/data/raw/367365919
0,655.4,28.100000000000023,683.5,1428.9,671.9,5.600000000000023,677.5,1647.6,-1.7999999999999545,1645.8,1647.1,7.600000000000136,1653.4,,,28.8,19.2,0.0,0.0,0.0,409.0,1.2,3.6,2.9,3.3271,0.4491,0.0,0.0,0.0,0.0,0.0,0.0,0.0,0.0,0.0,0.0,0.2784,0.0,0.0,0.0,0.0,0.0526,0.0886,0.0297,0.0101,0.0,0.0,0.0,0.83,2.11,1.77,22.24,24.82,0,MOD-00623,2025-04-19T20:52:31,2025-04-19T13:52:31,https://api.quant-aq.com/v1/devices/MOD-00623/data/raw/367365918
0,652.5,30.600000000000023,683.1,1429.7,671.5,5.2000000000000455,676.7,1647.9,-1.900000000000091,1646.0,1647.1,7.599999999999909,1653.6,,,29.2,19.1,0.0,0.0,0.0,273.75,0.6,1.5,1.5,3.413,0.4806,0.0,0.0,0.0,0.0,0.0,0.0,0.0,0.0,0.0,0.0,0.2386,0.0,0.0,0.0,0.0,0.0667,0.0846,0.023,0.0066,0.0,0.0066,0.0035,0.83,3.82,1.74,22.76,24.78,0,MOD-00623,2025-04-19T20:51:31,2025-04-19T13:51:31,https://api.quant-aq.com/v1/devices/MOD-00623/data/raw/367363534
0,653.8,30.40000000000009,684.2,1429.1,671.6,6.899999999999977,678.5,1647.6,-2.199999999999818,1645.4,1647.0,7.399999999999864,1652.8,,,30.0,19.1,0.0,0.0,0.0,326.5,0.6,2.2,2.2,3.4755,0.493,0.0,0.0,0.0,0.0,0.0,0.0,0.0,0.0,0.0,0.0,0.2565,0.0,0.0,0.0,0.0,0.0838,0.0573,0.0404,0.0058,0.0125,0.0029,0.0,0.85,3.29,1.94,23.0,24.73,0,MOD-00623,2025-04-19T20:50:31,2025-04-19T13:50:31,https://api.quant-aq.com/v1/devices/MOD-00623/data/raw/367363532
0,653.5,30.100000000000023,683.6,1433.8,671.6,4.2999999999999545,675.9,1647.5,-0.900000000000091,1646.6,1647.4,8.200000000000045,1654.8,,,31.3,19.0,0.0,0.0,0.0,335.25,1.1,2.1,2.1,5.0151,0.482,0.0,0.0,0.0,0.0,0.0,0.0,0.0,0.0,0.0,0.0,0.2113,0.0,0.0,0.0,0.0,0.1015,0.056,0.026,0.0326,0.0097,0.0066,0.0,1.01,4.42,2.33,23.9,24.65,0,MOD-00623,2025-04-19T20:49:31,2025-04-19T13:49:31,https://api.quant-aq.com/v1/devices/MOD-00623/data/raw/367363530
0,654.6,29.0,683.6,1431.7,671.3,4.5,675.8,1647.8,-1.099999999999909,1646.7,1647.3,7.7999999999999545,1654.5,,,31.1,19.0,0.0,0.0,0.0,315.0,1.0,2.2,2.2,3.0333,0.5184,0.0,0.0,0.0,0.0,0.0,0.0,0.0,0.0,0.0,0.0,0.3673,0.0,0.0,0.0,0.0,0.1014,0.0886,0.0163,0.0231,0.0066,0.0033,0.0,0.92,3.44,2.14,23.88,24.58,0,MOD-00623,2025-04-19T20:48:31,2025-04-19T13:48:31,https://api.quant-aq.com/v1/devices/MOD-00623/data/raw/367363531
0,652.1,30.600000000000023,682.7,1432.1,671.3,5.2000000000000455,676.5,1647.5,-1.099999999999909,1646.4,1647.2,7.7999999999999545,1654.2,,,31.2,18.9,0.0,0.0,0.0,232.0,0.2,1.8,0.7,3.4179,0.4962,0.0,0.0,0.0,0.0,0.0,0.0,0.0,0.0,0.0,0.0,0.2603,0.0,0.0,0.0,0.0,0.0778,0.0994,0.0238,0.0235,0.0036,0.0034,0.0,0.87,3.3,2.1,23.7,24.51,0,MOD-00623,2025-04-19T20:47:31,2025-04-19T13:47:31,https://api.quant-aq.com/v1/devices/MOD-00623/data/raw/367361134
0,655.0,29.0,684.0,1433.3,670.9,4.800000000000068,675.7,1647.7,-1.0,1646.7,1647.3,7.7000000000000455,1654.4,,,31.5,18.8,0.0,0.0,0.0,255.5,0.2,1.7,1.7,3.8879,0.541,0.0,0.0,0.0,0.0,0.0,0.0,0.0,0.0,0.0,0.0,0.2785,0.0,0.0,0.0,0.0,0.0703,0.1077,0.0245,0.0172,0.0142,0.0069,0.0,0.95,4.45,2.31,23.77,24.45,0,MOD-00623,2025-04-19T20:46:31,2025-04-19T13:46:31,https://api.quant-aq.com/v1/devices/MOD-00623/data/raw/367361133
0,655.8,28.40000000000009,684.2,1433.8,671.8,4.0,675.8,1647.7,-0.900000000000091,1646.8,1647.1,7.7999999999999545,1654.6,,,31.0,18.7,0.0,0.0,0.0,270.5,0.8,2.1,1.6,5.2174,0.4837,0.0,0.0,0.0,0.0,0.0,0.0,0.0,0.0,0.0,0.0,0.2834,0.0,0.0,0.0,0.0,0.1421,0.0779,0.0372,0.0102,0.01,0.0102,0.0,1.13,4.77,2.48,23.34,24.39,0,MOD-00623,2025-04-19T20:45:31,2025-04-19T13:45:31,https://api.quant-aq.com/v1/devices/MOD-00623/data/raw/367361132
0,652.9,30.200000000000045,683.1,1434.5,671.0,4.2999999999999545,675.3,1647.6,-1.199999999999818,1646.4,1647.2,8.099999999999909,1654.5,,,29.6,18.7,0.0,0.0,0.0,195.0,0.1,0.6,0.6,3.5618,0.4615,0.0,0.0,0.0,0.0,0.0,0.0,0.0,0.0,0.0,0.0,0.2411,0.0,0.0,0.0,0.0,0.0751,0.0884,0.0272,0.0168,0.0099,0.0035,0.0033,0.86,4.4,2.08,22.77,24.35,0,MOD-00623,2025-04-19T20:44:31,2025-04-19T13:44:31,https://api.quant-aq.com/v1/devices/MOD-00623/data/raw/367361135
0,654.6,28.799999999999955,683.4,1431.1,671.2,6.199999999999932,677.4,1647.6,-2.2999999999999545,1645.3,1647.1,7.7000000000000455,1653.0,,,28.4,18.6,0.0,0.0,0.0,272.0,0.3,1.9,1.9,3.3063,0.531,0.0,0.0,0.0,0.0,0.0,0.0,0.0,0.0,0.0,0.0,0.2867,0.0,0.0,0.0,0.0,0.0951,0.0917,0.0325,0.0097,0.0033,0.0,0.0,0.9,2.51,1.99,22.26,24.31,0,MOD-00623,2025-04-19T20:43:31,2025-04-19T13:43:31,https://api.quant-aq.com/v1/devices/MOD-00623/data/raw/367358816
0,654.3,30.100000000000023,684.4,1431.6,671.2,5.699999999999932,676.9,1647.7,-1.900000000000091,1645.8,1647.2,7.600000000000136,1653.4,,,30.1,18.6,0.0,0.0,0.0,289.25,0.6,2.0,2.0,3.7601,0.5214,0.0,0.0,0.0,0.0,0.0,0.0,0.0,0.0,0.0,0.0,0.2942,0.0,0.0,0.0,0.0,0.0937,0.086,0.0135,0.0102,0.0096,0.0,0.0,0.94,2.72,1.93,23.25,24.27,0,MOD-00623,2025-04-19T20:42:31,2025-04-19T13:42:31,https://api.quant-aq.com/v1/devices/MOD-00623/data/raw/367358814
0,654.3,30.300000000000068,684.6,1436.0,671.1,5.0,676.1,1647.8,-1.3999999999998636,1646.4,1647.3,7.699999999999818,1654.1,,,30.7,18.5,0.0,0.0,0.0,239.75,0.1,2.2,1.7,5.3102,0.5211,0.0,0.0,0.0,0.0,0.0,0.0,0.0,0.0,0.0,0.0,0.3927,0.0,0.0,0.0,0.0,0.0732,0.0758,0.0382,0.0313,0.0071,0.0071,0.0,1.17,4.71,2.65,23.69,24.21,0,MOD-00623,2025-04-19T20:41:31,2025-04-19T13:41:31,https://api.quant-aq.com/v1/devices/MOD-00623/data/raw/367358813
0,654.1,30.399999999999977,684.5,1433.4,670.7,5.099999999999909,675.8,1647.6,-1.2999999999999545,1646.3,1647.4,8.0,1654.3,,,31.4,18.5,0.0,0.0,0.0,306.25,0.9,1.8,1.8,3.4335,0.5734,0.0033,0.0,0.0,0.0,0.0,0.0,0.0,0.0,0.0,0.0,0.4222,0.0,0.0,0.0,0.0,0.0603,0.1143,0.0304,0.0269,0.0034,0.0,0.0,1.01,4.63,2.39,23.95,24.15,0,MOD-00623,2025-04-19T20:40:31,2025-04-19T13:40:31,https://api.quant-aq.com/v1/devices/MOD-00623/data/raw/367358815
0,651.8,31.90000000000009,683.7,1436.0,670.2,4.0,674.2,1647.7,-0.900000000000091,1646.8,1647.3,8.100000000000136,1654.9,,,31.3,18.4,0.0,0.0,0.0,273.0,1.0,2.2,2.0,3.5569,0.5208,0.0,0.0,0.0,0.0,0.0,0.0,0.0,0.0,0.0,0.0,0.3191,0.0,0.0,0.0,0.0,0.1086,0.0851,0.0546,0.0103,0.0066,0.0,0.0,0.97,3.1,2.31,23.91,24.07,0,MOD-00623,2025-04-19T20:39:31,2025-04-19T13:39:31,https://api.quant-aq.com/v1/devices/MOD-00623/data/raw/367356448
0,651.4,32.200000000000045,683.6,1433.8,670.8,4.900000000000091,675.7,1647.4,-1.1000000000001364,1646.3,1647.2,7.900000000000091,1654.2,,,31.2,18.4,0.0,0.0,0.0,291.5,0.7,1.8,1.1,3.6892,0.6948,0.0,0.0,0.0,0.0,0.0,0.0,0.0,0.0,0.0,0.0,0.3149,0.0,0.0,0.0,0.0,0.1005,0.0745,0.0515,0.0227,0.0097,0.0066,0.0,1.01,4.57,2.54,23.76,24.01,0,MOD-00623,2025-04-19T20:38:31,2025-04-19T13:38:31,https://api.quant-aq.com/v1/devices/MOD-00623/data/raw/367356447
0,651.9,31.800000000000068,683.7,1437.2,670.6,4.899999999999977,675.5,1647.7,-1.2000000000000455,1646.5,1647.1,7.7000000000000455,1654.2,,,31.1,18.3,0.0,0.0,0.0,161.5,0.1,0.5,0.5,6.1831,0.5802,0.0,0.0,0.0,0.0,0.0,0.0,0.0,0.0,0.0,0.0,0.3127,0.0,0.0,0.0,0.0,0.076,0.08,0.0363,0.018,0.0071,0.0074,0.0,1.23,4.39,2.52,23.81,23.94,0,MOD-00623,2025-04-19T20:37:31,2025-04-19T13:37:31,https://api.quant-aq.com/v1/devices/MOD-00623/data/raw/367356446
0,653.0,31.5,684.5,1435.5,670.2,5.399999999999977,675.6,1647.4,-1.5,1645.9,1647.1,7.699999999999818,1653.6,,,31.0,18.2,0.0,0.0,0.0,266.0,0.4,1.6,1.0,3.6095,0.5642,0.0,0.0,0.0,0.0,0.0,0.0,0.0,0.0,0.0,0.0,0.2983,0.0,0.0,0.0,0.0,0.0633,0.0644,0.0367,0.0132,0.0101,0.0101,0.0,0.9,4.42,2.11,23.92,23.9,0,MOD-00623,2025-04-19T20:36:31,2025-04-19T13:36:31,https://api.quant-aq.com/v1/devices/MOD-00623/data/raw/367356445
0,653.1,31.600000000000023,684.7,1436.4,670.9,4.399999999999977,675.3,1647.7,-1.1000000000001364,1646.6,1647.0,7.800000000000182,1654.4,,,32.3,18.1,0.0,0.0,0.0,283.5,0.8,2.0,2.0,3.595,0.633,0.0,0.0,0.0,0.0,0.0,0.0,0.0,0.0,0.0,0.0,0.3862,0.0,0.0,0.0,0.0,0.0792,0.0789,0.0307,0.0101,0.0,0.0,0.0,1.0,2.33,1.99,24.65,23.83,0,MOD-00623,2025-04-19T20:35:31,2025-04-19T13:35:31,https://api.quant-aq.com/v1/devices/MOD-00623/data/raw/367354095
0,651.8,32.700000000000045,684.5,1437.2,670.2,5.0,675.2,1647.4,-1.400000000000091,1646.0,1647.0,8.200000000000045,1654.2,,,31.9,18.1,0.0,0.0,0.0,298.25,0.5,1.8,1.8,3.9345,0.5234,0.0,0.0,0.0,0.0,0.0,0.0,0.0,0.0,0.0,0.0,0.3174,0.0,0.0,0.0,0.0,0.1029,0.1193,0.0352,0.0257,0.0097,0.0064,0.0032,1.03,5.51,2.65,24.54,23.77,0,MOD-00623,2025-04-19T20:34:31,2025-04-19T13:34:31,https://api.quant-aq.com/v1/devices/MOD-00623/data/raw/367354094
0,651.1,32.799999999999955,683.9,1434.4,670.3,4.300000000000068,674.6,1647.3,-1.2999999999999545,1646.0,1647.1,8.5,1654.5,,,32.6,18.0,0.0,0.0,0.0,290.25,0.6,1.9,1.8,5.575,0.6297,0.0,0.0,0.0,0.0,0.0,0.0,0.0,0.0,0.0,0.0,0.416,0.0,0.0,0.0,0.0,0.0742,0.0948,0.0336,0.0232,0.0135,0.0033,0.0,1.26,4.48,2.73,25.06,23.72,0,MOD-00623,2025-04-19T20:33:31,2025-04-19T13:33:31,https://api.quant-aq.com/v1/devices/MOD-00623/data/raw/367354090
0,650.0,34.200000000000045,684.2,1435.5,670.5,5.899999999999977,676.4,1647.4,-1.800000000000182,1645.6,1646.8,8.100000000000136,1653.7,,,33.1,18.0,0.0,0.0,0.0,289.75,0.8,2.7,1.9,3.5063,0.6972,0.0,0.0,0.0,0.0,0.0,0.0,0.0,0.0,0.0,0.0,0.378,0.0,0.0,0.0,0.0,0.0924,0.1344,0.0897,0.0292,0.0064,0.0032,0.0064,1.1,6.63,3.26,25.37,23.7,0,MOD-00623,2025-04-19T20:32:31,2025-04-19T13:32:31,https://api.quant-aq.com/v1/devices/MOD-00623/data/raw/367354092
0,652.9,31.700000000000045,684.6,1439.8,670.3,3.5,673.8,1647.2,-0.20000000000004547,1647.0,1646.9,8.599999999999909,1655.6,,,36.0,17.9,0.0,0.0,0.0,213.75,0.2,0.9,0.9,3.5748,0.684,0.0,0.0,0.0,0.0,0.0,0.0,0.0,0.0,0.0,0.0,0.3823,0.0,0.0,0.0,0.0,0.0751,0.1294,0.0514,0.0275,0.0068,0.0135,0.0,1.07,5.82,2.89,26.78,23.62,0,MOD-00623,2025-04-19T20:31:31,2025-04-19T13:31:31,https://api.quant-aq.com/v1/devices/MOD-00623/data/raw/367351733
0,650.3,32.90000000000009,683.2,1438.9,670.5,3.8999999999999773,674.4,1647.2,-0.6000000000001364,1646.6,1647.0,8.5,1655.1,,,34.5,17.8,0.0,0.0,0.0,289.5,0.8,1.8,1.8,4.2553,0.7148,0.0,0.0,0.0,0.0,0.0,0.0,0.0,0.0,0.0,0.0,0.4423,0.0,0.0,0.0,0.0,0.1301,0.1201,0.0548,0.0205,0.0171,0.0035,0.0069,1.23,6.99,3.15,26.29,23.55,0,MOD-00623,2025-04-19T20:30:31,2025-04-19T13:30:31,https://api.quant-aq.com/v1/devices/MOD-00623/data/raw/367351731
0,651.4,32.200000000000045,683.6,1439.5,669.9,4.800000000000068,674.7,1647.0,-0.599999999999909,1646.4,1646.8,8.399999999999864,1654.8,,,35.6,17.8,0.0,0.0,0.0,297.0,0.7,3.2,2.6,6.41,0.7748,0.0,0.0,0.0,0.0,0.0,0.0,0.0,0.0,0.0,0.0,0.406,0.0,0.0,0.0,0.0,0.1151,0.1636,0.042,0.0228,0.0191,0.0039,0.0039,1.49,6.72,3.48,26.51,23.5,0,MOD-00623,2025-04-19T20:29:31,2025-04-19T13:29:31,https://api.quant-aq.com/v1/devices/MOD-00623/data/raw/367351732
0,652.0,32.0,684.0,1438.5,669.6,4.600000000000023,674.2,1647.1,-0.8999999999998636,1646.2,1646.6,8.299999999999955,1654.5,,,35.5,17.7,0.0,0.0,0.0,322.75,0.5,3.8,2.3,3.7565,0.7019,0.0,0.0,0.0,0.0,0.0,0.0,0.0,0.0,0.0,0.0,0.4833,0.0,0.0,0.0,0.0,0.0919,0.1275,0.0412,0.0241,0.0074,0.0033,0.0,1.16,4.3,2.82,26.75,23.45,0,MOD-00623,2025-04-19T20:28:31,2025-04-19T13:28:31,https://api.quant-aq.com/v1/devices/MOD-00623/data/raw/367351730
0,651.9,32.0,683.9,1441.4,669.3,2.900000000000091,672.2,1647.1,0.20000000000004547,1647.3,1646.7,8.799999999999955,1656.1,,,37.3,17.6,0.0,0.0,0.0,294.25,0.8,1.9,1.9,3.6794,0.9914,0.0,0.0,0.0,0.0,0.0,0.0,0.0,0.0,0.0,0.0,0.5732,0.0,0.0,0.0,0.0,0.1408,0.1792,0.1025,0.048,0.0034,0.0034,0.0,1.43,6.15,4.2,27.36,23.41,0,MOD-00623,2025-04-19T20:27:31,2025-04-19T13:27:31,https://api.quant-aq.com/v1/devices/MOD-00623/data/raw/367349333
0,653.3,29.700000000000045,683.0,1442.0,669.8,3.6000000000000227,673.4,1646.8,-0.20000000000004547,1646.6,1646.5,8.800000000000182,1655.4,,,36.2,17.6,0.0,0.0,0.0,266.25,0.6,2.2,2.2,3.9512,0.7409,0.0035,0.0,0.0,0.0,0.0,0.0,0.0,0.0,0.0,0.0,0.4726,0.0,0.0,0.0,0.0,0.1582,0.1217,0.0437,0.0274,0.0101,0.0205,0.0,1.25,8.78,3.26,26.76,23.38,0,MOD-00623,2025-04-19T20:26:31,2025-04-19T13:26:31,https://api.quant-aq.com/v1/devices/MOD-00623/data/raw/367349334
0,653.4,31.0,684.4,1442.1,669.8,3.6000000000000227,673.4,1646.8,-0.5,1646.3,1646.5,8.700000000000045,1655.0,,,35.3,17.5,0.0,0.0,0.0,304.5,0.5,2.0,2.0,5.528,0.7112,0.0,0.0,0.0,0.0,0.0,0.0,0.0,0.0,0.0,0.0,0.4771,0.0,0.0,0.0,0.0,0.1403,0.1192,0.0751,0.0241,0.0101,0.0034,0.0034,1.42,6.12,3.47,26.38,23.36,0,MOD-00623,2025-04-19T20:25:31,2025-04-19T13:25:31,https://api.quant-aq.com/v1/devices/MOD-00623/data/raw/367349332
0,653.2,33.39999999999998,686.6,1438.5,669.7,3.3999999999999773,673.1,1647.0,-0.7000000000000455,1646.3,1646.7,8.799999999999955,1655.1,,,35.0,17.5,0.0,0.0,0.0,289.5,0.7,2.5,1.9,3.951,0.6887,0.0,0.0,0.0,0.0,0.0,0.0,0.0,0.0,0.0,0.0,0.4484,0.0,0.0,0.0,0.0,0.1502,0.1479,0.0753,0.0273,0.0033,0.0177,0.0,1.25,6.9,3.49,26.16,23.36,0,MOD-00623,2025-04-19T20:24:31,2025-04-19T13:24:31,https://api.quant-aq.com/v1/devices/MOD-00623/data/raw/367349331
0,655.0,37.60000000000002,692.6,1441.7,669.2,4.099999999999909,673.3,1646.9,-0.7000000000000455,1646.2,1646.5,8.599999999999909,1654.8,,,34.7,17.5,0.0,0.0,0.0,327.5,1.0,2.6,2.4,3.4116,0.6856,0.0,0.0,0.0,0.0,0.0,0.0,0.0,0.0,0.0,0.0,0.4542,0.0,0.0,0.0,0.0,0.1146,0.1216,0.0352,0.0126,0.0094,0.0,0.0,1.11,3.48,2.56,26.09,23.32,0,MOD-00623,2025-04-19T20:23:31,2025-04-19T13:23:31,https://api.quant-aq.com/v1/devices/MOD-00623/data/raw/367347025
0,653.6,30.600000000000023,684.2,1439.4,669.5,4.0,673.5,1647.0,-0.7000000000000455,1646.3,1646.5,8.400000000000091,1654.7,,,35.2,17.5,0.0,0.0,0.0,283.25,0.7,2.1,1.6,3.8531,0.8092,0.0,0.0,0.0,0.0,0.0,0.0,0.0,0.0,0.0,0.0,0.4879,0.0,0.0,0.0,0.0,0.1273,0.0915,0.0588,0.0228,0.0099,0.0098,0.0,1.22,5.53,3.02,26.23,23.29,0,MOD-00623,2025-04-19T20:22:31,2025-04-19T13:22:31,https://api.quant-aq.com/v1/devices/MOD-00623/data/raw/367347026
0,652.6,31.100000000000023,683.7,1438.1,669.2,4.099999999999909,673.3,1646.9,-1.0,1645.9,1646.6,8.799999999999955,1654.7,,,34.5,17.5,0.0,0.0,0.0,356.0,1.2,2.9,2.4,5.4638,0.7718,0.0,0.0,0.0,0.0,0.0,0.0,0.0,0.0,0.0,0.0,0.501,0.0,0.0,0.0,0.0,0.138,0.1146,0.0741,0.0225,0.0063,0.0032,0.0,1.44,4.88,3.37,26.09,23.23,0,MOD-00623,2025-04-19T20:21:31,2025-04-19T13:21:31,https://api.quant-aq.com/v1/devices/MOD-00623/data/raw/367347024
0,653.4,31.0,684.4,1437.0,670.0,4.0,674.0,1647.0,-0.599999999999909,1646.4,1646.5,8.399999999999864,1654.8,,,35.5,17.5,0.0,0.0,0.0,280.25,0.6,1.8,1.4,3.7687,0.6711,0.0,0.0,0.0,0.0,0.0,0.0,0.0,0.0,0.0,0.0,0.437,0.0,0.0,0.0,0.0,0.1464,0.1283,0.0604,0.0306,0.0037,0.0136,0.0,1.19,6.09,3.22,26.4,23.22,0,MOD-00623,2025-04-19T20:20:31,2025-04-19T13:20:31,https://api.quant-aq.com/v1/devices/MOD-00623/data/raw/367347027
0,654.5,30.299999999999955,684.8,1440.2,670.3,4.100000000000023,674.4,1647.0,-0.900000000000091,1646.1,1646.6,8.5,1654.6,,,35.2,17.4,0.0,0.0,0.0,284.0,0.8,2.0,1.7,3.5061,0.7324,0.0,0.0,0.0,0.0,0.0,0.0,0.0,0.0,0.0,0.0,0.3842,0.0,0.0,0.0,0.0,0.1121,0.1723,0.0503,0.025,0.0063,0.0034,0.0,1.14,4.57,3.06,26.37,23.18,0,MOD-00623,2025-04-19T20:19:31,2025-04-19T13:19:31,https://api.quant-aq.com/v1/devices/MOD-00623/data/raw/367344650
0,651.7,32.0,683.7,1437.8,669.7,3.599999999999909,673.3,1647.0,-0.599999999999909,1646.4,1646.5,8.5,1654.9,,,35.1,17.4,0.0,0.0,0.0,343.25,0.3,2.6,1.8,3.8234,0.7058,0.0,0.0,0.0,0.0,0.0,0.0,0.0,0.0,0.0,0.0,0.4247,0.0,0.0,0.0,0.0,0.11,0.1459,0.0557,0.033,0.013,0.0035,0.0066,1.18,7.03,3.27,26.44,23.15,0,MOD-00623,2025-04-19T20:18:31,2025-04-19T13:18:31,https://api.quant-aq.com/v1/devices/MOD-00623/data/raw/367344649
0,652.4,32.60000000000002,685.0,1439.8,670.1,4.100000000000023,674.2,1646.8,-0.599999999999909,1646.2,1646.4,8.399999999999864,1654.6,,,34.8,17.4,0.0,0.0,0.0,352.0,0.4,2.5,2.3,5.4009,0.7721,0.0,0.0,0.0,0.0,0.0,0.0,0.0,0.0,0.0,0.0,0.4347,0.0,0.0,0.0,0.0,0.1046,0.1103,0.0512,0.0166,0.013,0.0065,0.0,1.34,5.14,3.03,26.38,23.14,0,MOD-00623,2025-04-19T20:17:31,2025-04-19T13:17:31,https://api.quant-aq.com/v1/devices/MOD-00623/data/raw/367344648
0,651.9,31.5,683.4,1437.8,669.9,4.600000000000023,674.5,1647.0,-0.7999999999999545,1646.2,1646.6,8.299999999999955,1654.5,,,35.9,17.4,0.0,0.0,0.0,286.0,0.3,1.8,1.4,3.824,0.7183,0.0033,0.0,0.0,0.0,0.0,0.0,0.0,0.0,0.0,0.0,0.4157,0.0,0.0,0.0,0.0,0.1569,0.1091,0.0345,0.0344,0.0136,0.0034,0.0036,1.17,7.35,3.02,26.78,23.09,0,MOD-00623,2025-04-19T20:16:31,2025-04-19T13:16:31,https://api.quant-aq.com/v1/devices/MOD-00623/data/raw/367344647
0,653.7,29.799999999999955,683.5,1441.5,669.3,3.800000000000068,673.1,1646.8,-0.5,1646.3,1646.6,8.5,1654.8,,,35.9,17.3,0.0,0.0,0.0,293.5,0.8,2.7,2.5,3.5272,0.7988,0.0,0.0,0.0,0.0,0.0,0.0,0.0,0.0,0.0,0.0,0.4281,0.0,0.0,0.0,0.0,0.1292,0.1461,0.0563,0.0199,0.0166,0.0,0.0,1.19,4.67,3.13,26.88,23.04,0,MOD-00623,2025-04-19T20:15:31,2025-04-19T13:15:31,https://api.quant-aq.com/v1/devices/MOD-00623/data/raw/367342305
0,651.2,31.699999999999932,682.9,1441.6,669.9,3.8999999999999773,673.8,1646.9,-0.8000000000001819,1646.1,1646.4,8.5,1654.6,,,35.5,17.3,0.0,0.0,0.0,318.25,0.9,2.8,2.6,3.848,0.713,0.0,0.0,0.0,0.0,0.0,0.0,0.0,0.0,0.0,0.0,0.4689,0.0,0.0,0.0,0.0,0.1527,0.1113,0.0525,0.0291,0.0,0.0033,0.0,1.22,4.16,2.96,26.82,23.01,0,MOD-00623,2025-04-19T20:14:31,2025-04-19T13:14:31,https://api.quant-aq.com/v1/devices/MOD-00623/data/raw/367342302
0,653.5,31.200000000000045,684.7,1442.6,669.6,4.0,673.6,1646.8,-0.3999999999998636,1646.4,1646.4,8.299999999999955,1654.7,,,36.5,17.2,0.0,0.0,0.0,264.25,0.9,1.9,1.8,5.3348,0.8281,0.0036,0.0,0.0,0.0,0.0,0.0,0.0,0.0,0.0,0.0,0.5417,0.0,0.0,0.0,0.0,0.1576,0.1291,0.0349,0.0384,0.0104,0.0,0.0034,1.48,7.28,3.43,27.21,22.98,0,MOD-00623,2025-04-19T20:13:31,2025-04-19T13:13:31,https://api.quant-aq.com/v1/devices/MOD-00623/data/raw/367342304
0,654.5,32.10000000000002,686.6,1443.2,669.7,3.599999999999909,673.3,1646.8,-0.3999999999998636,1646.4,1646.1,8.5,1654.9,,,36.7,17.2,0.0,0.0,0.0,248.0,0.6,2.0,1.8,3.7351,0.8466,0.0,0.0,0.0034,0.0,0.0,0.0,0.0,0.0,0.0,0.0,0.4089,0.0,0.0,0.0,0.0,0.1265,0.1293,0.0432,0.0337,0.0201,0.0134,0.0033,1.19,10.33,3.32,27.13,22.95,0,MOD-00623,2025-04-19T20:12:31,2025-04-19T13:12:31,https://api.quant-aq.com/v1/devices/MOD-00623/data/raw/367342303
0,653.1,32.299999999999955,685.4,1442.3,669.5,3.5,673.0,1646.8,-0.3999999999998636,1646.4,1646.3,8.599999999999909,1655.0,,,36.0,17.2,0.0,0.0,0.0,266.5,0.4,1.8,1.4,3.8189,0.8769,0.0,0.0033,0.0,0.0,0.0,0.0,0.0,0.0,0.0,0.0,0.4674,0.0,0.0,0.0,0.0,0.149,0.1204,0.0593,0.0416,0.0106,0.0035,0.0065,1.27,9.2,3.45,26.85,22.91,0,MOD-00623,2025-04-19T20:11:31,2025-04-19T13:11:31,https://api.quant-aq.com/v1/devices/MOD-00623/data/raw/367339925
0,652.2,32.39999999999998,684.6,1439.1,669.2,3.8999999999999773,673.1,1646.8,-0.8999999999998636,1645.9,1646.4,8.5,1654.4,,,35.1,17.2,0.0,0.0,0.0,295.75,0.3,2.3,2.3,3.6887,0.7531,0.0,0.0,0.0,0.0,0.0,0.0,0.0,0.0,0.0,0.0,0.4705,0.0,0.0,0.0,0.0,0.1324,0.113,0.0613,0.0163,0.0126,0.0,0.0,1.2,4.22,2.96,26.52,22.91,0,MOD-00623,2025-04-19T20:10:31,2025-04-19T13:10:31,https://api.quant-aq.com/v1/devices/MOD-00623/data/raw/367339926
0,654.8,30.90000000000009,685.7,1442.6,669.3,4.2000000000000455,673.5,1646.8,-0.599999999999909,1646.2,1646.5,8.200000000000045,1654.4,,,35.5,17.2,0.0,0.0,0.0,260.25,0.7,1.6,1.6,5.5301,0.7731,0.0,0.0,0.0,0.0,0.0,0.0,0.0,0.0,0.0,0.0,0.4796,0.0,0.0,0.0,0.0,0.1475,0.0963,0.0528,0.0424,0.0035,0.0071,0.0037,1.42,6.46,3.37,26.68,22.87,0,MOD-00623,2025-04-19T20:09:31,2025-04-19T13:09:31,https://api.quant-aq.com/v1/devices/MOD-00623/data/raw/367339927
0,652.8,31.40000000000009,684.2,1443.3,668.5,3.7999999999999545,672.3,1646.7,-0.6000000000001364,1646.1,1646.4,8.600000000000136,1654.7,,,35.7,17.1,0.0,0.0,0.0,211.0,0.3,0.9,0.9,3.5633,0.8424,0.0,0.0,0.0,0.0,0.0,0.0,0.0,0.0,0.0,0.0,0.4539,0.0,0.0,0.0,0.0,0.1152,0.1085,0.0449,0.0417,0.0131,0.0106,0.0,1.17,6.27,3.19,26.75,22.84,0,MOD-00623,2025-04-19T20:08:31,2025-04-19T13:08:31,https://api.quant-aq.com/v1/devices/MOD-00623/data/raw/367339928
0,650.9,33.5,684.4,1441.3,669.5,4.2999999999999545,673.8,1646.7,-1.1000000000001364,1645.6,1646.3,8.600000000000136,1654.2,,,35.1,17.1,0.0,0.0,0.0,259.0,0.7,2.1,2.1,3.4833,0.721,0.0,0.0,0.0,0.0,0.0,0.0,0.0,0.0,0.0,0.0,0.3827,0.0,0.0,0.0,0.0,0.0989,0.1022,0.05,0.0198,0.0066,0.0065,0.0,1.06,4.45,2.63,26.43,22.84,0,MOD-00623,2025-04-19T20:07:31,2025-04-19T13:07:31,https://api.quant-aq.com/v1/devices/MOD-00623/data/raw/367337537
0,653.9,34.10000000000002,688.0,1443.0,669.3,3.7000000000000455,673.0,1646.8,-0.599999999999909,1646.2,1646.5,8.5,1654.7,,,35.4,17.1,0.0,0.0,0.0,288.25,0.9,1.3,1.3,3.8482,0.8182,0.0066,0.0034,0.0,0.0,0.0,0.0,0.0,0.0,0.0,0.0,0.4049,0.0,0.0,0.0,0.0,0.1335,0.1237,0.0431,0.0232,0.0102,0.0033,0.0,1.19,9.42,2.93,26.68,22.79,0,MOD-00623,2025-04-19T20:06:31,2025-04-19T13:06:31,https://api.quant-aq.com/v1/devices/MOD-00623/data/raw/367337538
0,651.4,33.89999999999998,685.3,1443.6,670.1,3.8999999999999773,674.0,1646.8,-1.099999999999909,1645.7,1646.5,8.399999999999864,1654.1,,,35.0,17.1,0.0,0.0,0.0,304.75,0.6,1.9,1.6,5.1126,0.7454,0.0104,0.0,0.0,0.0,0.0,0.0,0.0,0.0,0.0,0.0,0.4482,0.0,0.0,0.0,0.0,0.1052,0.1415,0.0442,0.0272,0.0032,0.0169,0.0034,1.33,11.75,3.24,26.6,22.77,0,MOD-00623,2025-04-19T20:05:31,2025-04-19T13:05:31,https://api.quant-aq.com/v1/devices/MOD-00623/data/raw/367337536
0,650.0,32.700000000000045,682.7,1443.5,669.5,3.7000000000000455,673.2,1646.7,-0.900000000000091,1645.8,1646.5,8.200000000000045,1654.0,,,35.0,17.1,0.0,0.0,0.0,278.0,0.3,1.5,1.3,3.6177,0.6923,0.0,0.0,0.0,0.0,0.0,0.0,0.0,0.0,0.0,0.0,0.3827,0.0,0.0,0.0,0.0,0.12,0.1364,0.0669,0.0139,0.0034,0.0103,0.0,1.13,5.09,2.93,26.7,22.75,0,MOD-00623,2025-04-19T20:04:31,2025-04-19T13:04:31,https://api.quant-aq.com/v1/devices/MOD-00623/data/raw/367337535
0,650.4,32.700000000000045,683.1,1442.9,669.1,4.7999999999999545,673.9,1646.9,-1.400000000000091,1645.5,1646.5,8.200000000000045,1653.7,,,35.8,17.1,0.0,0.0,0.0,316.0,0.3,2.4,2.0,3.6404,0.7334,0.0,0.0,0.0,0.0,0.0,0.0,0.0,0.0,0.0,0.0,0.4667,0.0,0.0,0.0,0.0,0.0987,0.1512,0.0527,0.0421,0.0213,0.0,0.0036,1.19,6.54,3.46,27.25,22.74,0,MOD-00623,2025-04-19T20:03:31,2025-04-19T13:03:31,https://api.quant-aq.com/v1/devices/MOD-00623/data/raw/367335200
0,650.3,32.80000000000007,683.1,1443.2,668.9,4.0,672.9,1646.6,-1.099999999999909,1645.5,1646.2,8.299999999999955,1653.8,,,36.4,17.0,0.0,0.0,0.0,310.5,0.2,2.7,1.7,3.7212,0.8619,0.0,0.0,0.0034,0.0,0.0,0.0,0.0,0.0,0.0,0.0,0.4667,0.0,0.0,0.0,0.0,0.1201,0.1203,0.0636,0.0168,0.0033,0.01,0.0,1.22,7.56,3.0,27.57,22.72,0,MOD-00623,2025-04-19T20:02:31,2025-04-19T13:02:31,https://api.quant-aq.com/v1/devices/MOD-00623/data/raw/367335201
0,651.7,31.5,683.2,1443.3,669.1,3.699999999999932,672.8,1646.5,-0.5,1646.0,1646.3,8.5,1654.5,,,38.0,17.0,0.0,0.0,0.0,320.0,0.7,2.9,2.4,4.4216,0.8575,0.0,0.0,0.0,0.0,0.0,0.0,0.0,0.0,0.0,0.0,0.5312,0.0,0.0,0.0,0.0,0.1546,0.0948,0.0404,0.0308,0.0069,0.0,0.0069,1.34,5.99,3.05,28.75,22.68,0,MOD-00623,2025-04-19T20:01:31,2025-04-19T13:01:31,https://api.quant-aq.com/v1/devices/MOD-00623/data/raw/367335198
0,651.8,32.0,683.8,1442.6,669.7,4.5,674.2,1646.6,-0.7999999999999545,1645.8,1646.2,8.5,1654.3,,,38.8,17.0,0.0,0.0,0.0,225.75,0.0,1.3,1.3,5.5365,0.9085,0.0,0.0,0.0,0.0,0.0,0.0,0.0,0.0,0.0,0.0,0.582,0.0,0.0,0.0,0.0,0.1456,0.1655,0.0531,0.0393,0.0074,0.0,0.0115,1.58,8.23,3.84,29.1,22.68,0,MOD-00623,2025-04-19T20:00:31,2025-04-19T13:00:31,https://api.quant-aq.com/v1/devices/MOD-00623/data/raw/367335199
0,652.8,30.5,683.3,1445.6,669.9,3.7000000000000455,673.6,1646.4,-0.3000000000001819,1646.1,1646.1,8.600000000000136,1654.7,,,39.8,16.9,0.0,0.0,0.0,308.5,1.0,3.6,2.7,3.4559,0.8404,0.0,0.0036,0.0,0.0037,0.0,0.0,0.0,0.0,0.0,0.0,0.6298,0.0,0.0,0.0,0.0,0.1985,0.1595,0.0503,0.0145,0.0141,0.0037,0.0,1.4,10.08,3.44,29.5,22.66,0,MOD-00623,2025-04-19T19:59:31,2025-04-19T12:59:31,https://api.quant-aq.com/v1/devices/MOD-00623/data/raw/367332803
0,651.5,30.799999999999955,682.3,1443.5,669.4,2.1000000000000227,671.5,1646.2,0.3999999999998636,1646.6,1646.2,8.900000000000091,1655.5,,,39.9,16.9,0.0,0.0,0.0,275.5,0.6,2.8,1.9,3.6678,0.9382,0.0,0.0,0.0,0.0,0.0,0.0,0.0,0.0,0.0,0.0,0.6323,0.0,0.0,0.0,0.0,0.1591,0.1964,0.1025,0.0427,0.0036,0.0038,0.0036,1.48,7.22,4.33,29.32,22.63,0,MOD-00623,2025-04-19T19:58:31,2025-04-19T12:58:31,https://api.quant-aq.com/v1/devices/MOD-00623/data/raw/367332806
0,651.6,31.100000000000023,682.7,1445.3,669.2,3.2999999999999545,672.5,1646.3,-0.5,1645.8,1646.0,8.5,1654.3,,,38.6,16.9,0.0,0.0,0.0,256.5,0.4,2.2,1.6,5.0405,0.9741,0.0036,0.0,0.0,0.0036,0.0,0.0,0.0,0.0,0.0,0.0,0.6173,0.0,0.0,0.0,0.0,0.1557,0.1816,0.0503,0.0209,0.0257,0.0,0.0035,1.58,10.97,3.89,28.89,22.63,0,MOD-00623,2025-04-19T19:57:31,2025-04-19T12:57:31,https://api.quant-aq.com/v1/devices/MOD-00623/data/raw/367332804
0,652.9,30.300000000000068,683.2,1444.0,669.5,3.3999999999999773,672.9,1646.3,-0.2999999999999545,1646.0,1646.2,8.799999999999955,1654.8,,,39.6,16.9,0.0,0.0,0.0,267.25,0.7,2.0,2.0,3.6307,0.7848,0.0037,0.0,0.0,0.0,0.0,0.0,0.0,0.0,0.0,0.0,0.5657,0.0,0.0,0.0,0.0,0.1704,0.1696,0.0569,0.0389,0.0142,0.0071,0.0,1.35,8.07,3.8,29.18,22.64,0,MOD-00623,2025-04-19T19:56:31,2025-04-19T12:56:31,https://api.quant-aq.com/v1/devices/MOD-00623/data/raw/367332805
0,650.9,31.5,682.4,1442.7,669.2,2.7999999999999545,672.0,1646.3,-0.3999999999998636,1645.9,1646.0,8.899999999999864,1654.8,,,38.9,16.8,0.0,0.0,0.0,331.25,1.0,3.5,2.8,3.2756,1.0507,0.0036,0.0,0.0,0.0,0.0,0.0,0.0,0.0,0.0,0.0,0.6107,0.0,0.0,0.0,0.0,0.1818,0.195,0.089,0.0206,0.0202,0.0101,0.0036,1.46,9.97,4.22,28.97,22.64,0,MOD-00623,2025-04-19T19:55:31,2025-04-19T12:55:31,https://api.quant-aq.com/v1/devices/MOD-00623/data/raw/367330456
0,651.9,31.5,683.4,1442.6,669.2,3.7999999999999545,673.0,1646.2,-0.6000000000001364,1645.6,1646.1,9.0,1654.6,,,39.5,16.9,0.0,0.0,0.0,264.0,0.6,2.3,2.2,3.9688,0.8464,0.0,0.0,0.0,0.0,0.0,0.0,0.0,0.0,0.0,0.0,0.5385,0.0,0.0,0.0,0.0,0.1828,0.1911,0.0522,0.0279,0.0146,0.0071,0.0,1.41,6.3,3.77,29.07,22.64,0,MOD-00623,2025-04-19T19:54:31,2025-04-19T12:54:31,https://api.quant-aq.com/v1/devices/MOD-00623/data/raw/367330458
0,652.4,30.800000000000068,683.2,1444.2,669.1,3.199999999999932,672.3,1646.2,0.0,1646.2,1646.1,8.799999999999955,1655.0,,,39.6,16.9,0.0,0.0,0.0,268.75,0.4,2.8,2.0,4.938,1.0254,0.0,0.0,0.0038,0.0,0.0,0.0,0.0,0.0,0.0,0.0,0.6049,0.0,0.0,0.0,0.0,0.1633,0.1888,0.0847,0.0656,0.0075,0.0073,0.0036,1.62,11.25,4.67,29.12,22.64,0,MOD-00623,2025-04-19T19:53:31,2025-04-19T12:53:31,https://api.quant-aq.com/v1/devices/MOD-00623/data/raw/367330455
0,653.5,30.100000000000023,683.6,1445.2,669.2,2.699999999999932,671.9,1646.3,-0.3999999999998636,1645.9,1645.8,8.799999999999955,1654.7,,,38.8,16.9,0.0,0.0,0.0,221.5,0.0,1.6,1.6,3.8606,0.9373,0.0,0.0,0.0,0.0,0.0,0.0,0.0,0.0,0.0,0.0,0.5863,0.0,0.0,0.0,0.0,0.1279,0.2183,0.0857,0.0109,0.0146,0.0111,0.0,1.45,6.89,3.96,28.68,22.68,0,MOD-00623,2025-04-19T19:52:31,2025-04-19T12:52:31,https://api.quant-aq.com/v1/devices/MOD-00623/data/raw/367330457
0,652.8,30.800000000000068,683.6,1441.2,668.9,3.3999999999999773,672.3,1646.2,-0.40000000000009095,1645.8,1645.8,8.799999999999955,1654.6,,,38.6,16.9,0.0,0.0,0.0,207.0,0.4,1.8,1.8,3.3517,0.8318,0.0,0.0,0.0,0.0,0.0,0.0,0.0,0.0,0.0,0.0,0.4815,0.0,0.0,0.0,0.0,0.171,0.1186,0.0847,0.024,0.0099,0.0101,0.0,1.24,6.17,3.46,28.45,22.67,0,MOD-00623,2025-04-19T19:51:31,2025-04-19T12:51:31,https://api.quant-aq.com/v1/devices/MOD-00623/data/raw/367328063
0,651.2,30.899999999999977,682.1,1441.3,669.7,2.8999999999999773,672.6,1646.2,-0.2999999999999545,1645.9,1646.1,8.799999999999955,1654.7,,,38.3,16.9,0.0,0.0,0.0,257.75,0.2,2.8,2.8,3.5501,0.8033,0.0,0.0,0.0,0.0,0.0,0.0,0.0,0.0,0.0,0.0,0.498,0.0,0.0,0.0,0.0,0.1524,0.1456,0.0638,0.0339,0.0232,0.0102,0.0036,1.27,8.19,3.72,28.32,22.67,0,MOD-00623,2025-04-19T19:50:31,2025-04-19T12:50:31,https://api.quant-aq.com/v1/devices/MOD-00623/data/raw/367328064
0,651.9,31.700000000000045,683.6,1444.1,668.4,4.399999999999977,672.8,1646.1,-1.099999999999909,1645.0,1645.9,8.299999999999955,1653.3,,,37.4,16.9,0.0,0.0,0.0,305.0,0.7,2.1,2.1,4.389,0.7899,0.0,0.0,0.0034,0.0,0.0,0.0,0.0,0.0,0.0,0.0,0.4416,0.0,0.0,0.0,0.0,0.0914,0.1383,0.0575,0.0437,0.0034,0.0032,0.0035,1.26,8.34,3.3,28.12,22.71,0,MOD-00623,2025-04-19T19:49:31,2025-04-19T12:49:31,https://api.quant-aq.com/v1/devices/MOD-00623/data/raw/367328062
0,652.3,31.0,683.3,1444.5,668.9,3.6000000000000227,672.5,1646.3,-0.2999999999999545,1646.0,1646.2,8.299999999999955,1654.3,,,39.4,16.9,0.0,0.0,0.0,254.5,0.7,1.8,1.5,3.6401,0.904,0.0,0.0,0.0,0.0,0.0,0.0,0.0,0.0,0.0,0.0,0.5302,0.0,0.0,0.0,0.0,0.1823,0.1412,0.0686,0.0278,0.0068,0.007,0.0071,1.35,7.59,3.57,29.13,22.72,0,MOD-00623,2025-04-19T19:48:31,2025-04-19T12:48:31,https://api.quant-aq.com/v1/devices/MOD-00623/data/raw/367328061
0,650.9,31.399999999999977,682.3,1441.7,668.6,2.8999999999999773,671.5,1646.3,-0.3999999999998636,1645.9,1646.0,8.699999999999818,1654.6,,,38.6,16.9,0.0,0.0,0.0,288.25,0.4,2.2,1.7,3.396,0.9002,0.0,0.0,0.0,0.0,0.0,0.0,0.0,0.0,0.0,0.0,0.5685,0.0,0.0,0.0,0.0,0.1725,0.1618,0.0521,0.0308,0.0243,0.0139,0.0,1.35,7.81,3.82,28.56,22.71,0,MOD-00623,2025-04-19T19:47:31,2025-04-19T12:47:31,https://api.quant-aq.com/v1/devices/MOD-00623/data/raw/367325651
0,651.0,31.700000000000045,682.7,1442.9,669.2,4.199999999999932,673.4,1646.2,-1.0,1645.2,1646.2,8.599999999999909,1653.8,,,38.4,16.9,0.0,0.0,0.0,246.5,0.4,2.8,2.3,3.5568,0.9245,0.0,0.0,0.0,0.0,0.0,0.0,0.0,0.0,0.0,0.0,0.5794,0.0,0.0,0.0,0.0,0.1413,0.1824,0.0488,0.0366,0.0064,0.0,0.0,1.37,4.8,3.54,28.32,22.74,0,MOD-00623,2025-04-19T19:46:31,2025-04-19T12:46:31,https://api.quant-aq.com/v1/devices/MOD-00623/data/raw/367325648
0,653.7,30.0,683.7,1443.4,669.4,3.300000000000068,672.7,1646.3,-0.2999999999999545,1646.0,1646.2,8.799999999999955,1654.8,,,39.7,16.9,0.0,0.0,0.0,226.5,0.3,2.7,2.2,4.9411,0.9811,0.0,0.0,0.0,0.0,0.0,0.0,0.0,0.0,0.0,0.0,0.4964,0.0,0.0,0.0,0.0,0.1537,0.2292,0.0799,0.0362,0.0182,0.0148,0.0,1.56,8.53,4.5,28.82,22.74,0,MOD-00623,2025-04-19T19:45:31,2025-04-19T12:45:31,https://api.quant-aq.com/v1/devices/MOD-00623/data/raw/367325650
0,653.9,29.700000000000045,683.6,1442.3,669.2,2.3999999999999773,671.6,1646.0,-0.09999999999990905,1645.9,1645.9,8.799999999999955,1654.7,,,38.2,16.9,0.0,0.0,0.0,306.25,0.8,2.6,2.6,3.4583,0.9923,0.0,0.0,0.0,0.0,0.0,0.0,0.0,0.0,0.0,0.0,0.511,0.0,0.0,0.0,0.0,0.1813,0.1816,0.0731,0.0317,0.0141,0.0107,0.0071,1.38,8.99,3.99,28.31,22.75,0,MOD-00623,2025-04-19T19:44:31,2025-04-19T12:44:31,https://api.quant-aq.com/v1/devices/MOD-00623/data/raw/367325649
0,651.7,32.59999999999991,684.3,1438.7,668.8,3.7000000000000455,672.5,1646.1,-0.6999999999998181,1645.4,1646.0,8.599999999999909,1654.0,,,38.0,16.9,0.0,0.0,0.0,234.0,0.3,1.5,1.2,3.6721,0.8939,0.0,0.0036,0.0,0.0,0.0,0.0,0.0,0.0,0.0,0.0,0.4815,0.0,0.0,0.0,0.0,0.1751,0.1424,0.0612,0.0288,0.0071,0.0035,0.0,1.31,7.25,3.39,28.1,22.81,0,MOD-00623,2025-04-19T19:43:31,2025-04-19T12:43:31,https://api.quant-aq.com/v1/devices/MOD-00623/data/raw/367323283
0,650.7,33.19999999999993,683.9,1438.8,669.3,4.900000000000091,674.2,1646.4,-1.5,1644.9,1646.0,8.299999999999955,1653.2,,,37.6,17.0,0.0,0.0,0.0,287.5,0.8,2.8,2.3,3.5819,0.8305,0.0,0.0,0.0,0.0,0.0,0.0,0.0,0.0,0.0,0.0,0.5772,0.0,0.0,0.0,0.0,0.1717,0.1262,0.0615,0.0454,0.0065,0.0037,0.003,1.33,6.31,3.6,28.0,22.85,0,MOD-00623,2025-04-19T19:42:31,2025-04-19T12:42:31,https://api.quant-aq.com/v1/devices/MOD-00623/data/raw/367323282
0,653.2,30.0,683.2,1443.3,669.1,3.1000000000000227,672.2,1646.2,-0.10000000000013642,1646.1,1646.1,8.600000000000136,1654.7,,,40.0,17.0,0.0,0.0,0.0,293.25,1.0,2.7,2.7,5.6616,0.9271,0.0,0.0,0.0,0.0,0.0,0.0,0.0,0.0,0.0,0.0,0.5866,0.0,0.0,0.0,0.0,0.1773,0.2148,0.0814,0.0479,0.011,0.0074,0.0,1.7,7.48,4.63,29.06,22.83,0,MOD-00623,2025-04-19T19:41:31,2025-04-19T12:41:31,https://api.quant-aq.com/v1/devices/MOD-00623/data/raw/367323284
0,655.0,27.899999999999977,682.9,1442.5,669.5,3.8999999999999773,673.4,1646.4,-0.7000000000000455,1645.7,1646.1,8.399999999999864,1654.1,,,39.2,17.0,0.0,0.0,0.0,235.0,0.2,2.2,1.6,3.8674,0.9024,0.0,0.0,0.0,0.0,0.0,0.0,0.0,0.0,0.0,0.0,0.5626,0.0,0.0,0.0,0.0,0.1682,0.1742,0.0569,0.0322,0.0107,0.0178,0.0,1.41,7.68,3.83,28.74,22.85,0,MOD-00623,2025-04-19T19:40:31,2025-04-19T12:40:31,https://api.quant-aq.com/v1/devices/MOD-00623/data/raw/367323281
0,654.2,28.799999999999955,683.0,1442.0,669.4,2.1000000000000227,671.5,1646.2,-0.10000000000013642,1646.1,1646.1,8.800000000000182,1654.9,,,38.6,17.0,0.0,0.0,0.0,264.25,0.7,2.2,1.8,3.8529,0.9458,0.0,0.0,0.0035,0.0,0.0,0.0,0.0,0.0,0.0,0.0,0.6107,0.0,0.0,0.0,0.0,0.1336,0.1935,0.0815,0.0284,0.0213,0.0036,0.0,1.45,9.15,4.09,28.51,22.87,0,MOD-00623,2025-04-19T19:39:31,2025-04-19T12:39:31,https://api.quant-aq.com/v1/devices/MOD-00623/data/raw/367320903
0,652.9,29.5,682.4,1441.3,668.5,3.7999999999999545,672.3,1646.4,-0.900000000000091,1645.5,1646.1,8.5,1654.0,,,37.9,17.0,0.0,0.0,0.0,316.0,1.1,2.8,2.7,4.0668,0.9347,0.0035,0.0,0.0,0.0,0.0,0.0,0.0,0.0,0.0,0.0,0.6357,0.0,0.0,0.0,0.0,0.1514,0.1913,0.0668,0.0277,0.0211,0.007,0.0036,1.49,9.43,4.08,28.17,22.93,0,MOD-00623,2025-04-19T19:38:31,2025-04-19T12:38:31,https://api.quant-aq.com/v1/devices/MOD-00623/data/raw/367320904
0,653.2,30.09999999999991,683.3,1440.7,669.6,4.7999999999999545,674.4,1646.5,-1.2000000000000455,1645.3,1646.0,8.400000000000091,1653.7,,,38.0,17.1,0.0,0.0,0.0,316.75,0.8,2.8,2.2,5.1932,0.9332,0.0,0.0,0.0,0.0,0.0,0.0,0.0,0.0,0.0,0.0,0.5452,0.0,0.0,0.0,0.0,0.1379,0.0943,0.0675,0.0372,0.0034,0.0,0.0,1.46,4.52,3.39,28.37,22.94,0,MOD-00623,2025-04-19T19:37:31,2025-04-19T12:37:31,https://api.quant-aq.com/v1/devices/MOD-00623/data/raw/367320902
0,652.8,30.600000000000023,683.4,1443.2,669.0,3.3999999999999773,672.4,1646.5,-0.09999999999990905,1646.4,1646.2,8.599999999999909,1655.0,,,39.6,17.1,0.0,0.0,0.0,285.75,0.6,3.3,2.5,3.8391,1.0605,0.0,0.0,0.0,0.0,0.0,0.0,0.0,0.0,0.0,0.0,0.6671,0.0,0.0,0.0,0.0,0.2004,0.2342,0.0877,0.0516,0.022,0.0073,0.0036,1.62,9.46,4.98,29.19,22.95,0,MOD-00623,2025-04-19T19:36:31,2025-04-19T12:36:31,https://api.quant-aq.com/v1/devices/MOD-00623/data/raw/367320901
0,652.2,32.19999999999993,684.4,1444.1,669.2,3.7999999999999545,673.0,1646.6,-0.3999999999998636,1646.2,1646.4,8.399999999999864,1654.6,,,39.3,17.1,0.0,0.0,0.0,290.25,0.8,2.3,2.0,3.772,0.9846,0.0,0.0,0.0,0.0,0.0,0.0,0.0,0.0,0.0,0.0,0.6725,0.0,0.0,0.0,0.0,0.2064,0.1911,0.0884,0.0243,0.0176,0.0176,0.0,1.56,8.61,4.41,28.95,22.97,0,MOD-00623,2025-04-19T19:35:31,2025-04-19T12:35:31,https://api.quant-aq.com/v1/devices/MOD-00623/data/raw/367318551
0,652.5,31.299999999999955,683.8,1441.9,669.5,3.2000000000000455,672.7,1646.6,-0.3999999999998636,1646.2,1646.1,8.399999999999864,1654.6,,,38.7,17.1,0.0,0.0,0.0,258.5,0.8,1.9,1.3,3.999,0.925,0.0,0.0,0.0,0.0,0.0,0.0,0.0,0.0,0.0,0.0,0.6434,0.0,0.0,0.0,0.0,0.1662,0.1583,0.0902,0.0447,0.0033,0.0035,0.0,1.49,5.93,4.08,28.87,22.98,0,MOD-00623,2025-04-19T19:34:31,2025-04-19T12:34:31,https://api.quant-aq.com/v1/devices/MOD-00623/data/raw/367318550
0,652.5,31.299999999999955,683.8,1441.1,668.6,4.7999999999999545,673.4,1646.5,-0.900000000000091,1645.6,1646.4,8.600000000000136,1654.2,,,39.2,17.1,0.0,0.0,0.0,236.0,0.6,2.6,1.8,5.7771,1.1212,0.0,0.0,0.0,0.0,0.0,0.0,0.0,0.0,0.0,0.0,0.7067,0.0,0.0,0.0,0.0,0.1758,0.1968,0.0692,0.0505,0.011,0.0072,0.0,1.82,7.45,4.65,29.21,22.99,0,MOD-00623,2025-04-19T19:33:31,2025-04-19T12:33:31,https://api.quant-aq.com/v1/devices/MOD-00623/data/raw/367318549
0,650.4,32.10000000000002,682.5,1441.7,669.2,2.8999999999999773,672.1,1646.4,-0.10000000000013642,1646.3,1646.2,8.900000000000091,1655.2,,,40.0,17.1,0.0,0.0,0.0,254.5,0.7,1.8,1.7,3.7195,1.023,0.0034,0.0,0.0,0.0,0.0,0.0,0.0,0.0,0.0,0.0,0.6414,0.0,0.0,0.0,0.0,0.2254,0.1851,0.1145,0.0417,0.0142,0.0107,0.0109,1.57,12.64,4.83,29.51,22.99,0,MOD-00623,2025-04-19T19:32:31,2025-04-19T12:32:31,https://api.quant-aq.com/v1/devices/MOD-00623/data/raw/367318548
0,651.2,31.299999999999955,682.5,1443.8,669.3,3.400000000000091,672.7,1646.4,-0.10000000000013642,1646.3,1646.2,8.5,1654.8,,,40.2,17.1,0.0,0.0,0.0,247.0,0.6,2.2,1.5,3.6786,1.0322,0.0033,0.0036,0.0,0.0,0.0,0.0,0.0,0.0,0.0,0.0,0.515,0.0,0.0,0.0,0.0,0.1661,0.2374,0.0888,0.0543,0.0069,0.0205,0.0068,1.47,14.63,4.72,29.56,23.01,0,MOD-00623,2025-04-19T19:31:31,2025-04-19T12:31:31,https://api.quant-aq.com/v1/devices/MOD-00623/data/raw/367316179
0,653.5,30.899999999999977,684.4,1444.8,669.9,4.100000000000023,674.0,1646.7,-0.6000000000001364,1646.1,1646.3,8.200000000000045,1654.3,,,40.3,17.1,0.0,0.0,0.0,278.5,0.2,1.1,0.9,4.1869,0.95,0.0,0.0036,0.0,0.0,0.0,0.0,0.0,0.0,0.0,0.0,0.6848,0.0,0.0,0.0,0.0,0.1888,0.1941,0.1018,0.0361,0.0039,0.0111,0.0,1.6,9.49,4.46,29.37,22.99,0,MOD-00623,2025-04-19T19:30:31,2025-04-19T12:30:31,https://api.quant-aq.com/v1/devices/MOD-00623/data/raw/367316181
0,655.6,29.100000000000023,684.7,1444.1,669.1,2.3999999999999773,671.5,1646.2,0.5,1646.7,1646.1,8.599999999999909,1655.3,,,40.1,17.1,0.0,0.0,0.0,242.25,0.1,1.4,0.8,5.4823,0.8827,0.0036,0.0,0.0,0.0,0.0,0.0,0.0,0.0,0.0,0.0,0.5882,0.0,0.0,0.0,0.0,0.1792,0.2381,0.1335,0.0386,0.0173,0.0074,0.0,1.71,9.95,5.18,29.11,22.98,0,MOD-00623,2025-04-19T19:29:31,2025-04-19T12:29:31,https://api.quant-aq.com/v1/devices/MOD-00623/data/raw/367316180
0,654.6,30.0,684.6,1440.5,669.5,2.7000000000000455,672.2,1646.6,-0.09999999999990905,1646.5,1646.4,8.599999999999909,1655.1,,,39.2,17.1,0.0,0.0,0.0,226.0,0.6,2.0,1.5,3.7195,0.8585,0.0035,0.0069,0.0,0.0,0.0,0.0,0.0,0.0,0.0,0.0,0.5773,0.0,0.0,0.0,0.0,0.1515,0.1652,0.0922,0.0408,0.0107,0.0211,0.0036,1.39,15.4,4.23,28.55,23.02,0,MOD-00623,2025-04-19T19:28:31,2025-04-19T12:28:31,https://api.quant-aq.com/v1/devices/MOD-00623/data/raw/367316178
0,652.2,31.299999999999955,683.5,1439.9,669.2,3.699999999999932,672.9,1646.9,-0.900000000000091,1646.0,1646.7,8.5,1654.5,,,37.7,17.2,0.0,0.0,0.0,261.5,0.6,1.8,1.5,3.6078,0.886,0.0,0.0,0.0,0.0,0.0,0.0,0.0,0.0,0.0,0.0,0.5471,0.0,0.0,0.0,0.0,0.1467,0.1681,0.0548,0.0458,0.0063,0.0098,0.0033,1.34,7.35,3.74,27.97,23.06,0,MOD-00623,2025-04-19T19:27:31,2025-04-19T12:27:31,https://api.quant-aq.com/v1/devices/MOD-00623/data/raw/367313799
0,651.8,31.700000000000045,683.5,1441.5,669.0,4.5,673.5,1646.8,-0.8999999999998636,1645.9,1646.5,8.399999999999864,1654.3,,,37.9,17.2,0.0,0.0,0.0,247.75,0.6,3.1,1.8,3.6046,0.9386,0.0,0.0,0.0,0.0,0.0,0.0,0.0,0.0,0.0,0.0,0.5167,0.0,0.0,0.0,0.0,0.1699,0.156,0.0514,0.0412,0.0071,0.0036,0.0031,1.34,6.25,3.58,28.11,23.08,0,MOD-00623,2025-04-19T19:26:31,2025-04-19T12:26:31,https://api.quant-aq.com/v1/devices/MOD-00623/data/raw/367313798
0,651.2,31.799999999999955,683.0,1443.4,669.8,3.900000000000091,673.7,1646.9,-0.6000000000001364,1646.3,1646.3,8.0,1654.3,,,38.6,17.2,0.0,0.0,0.0,280.75,0.6,2.7,2.0,6.0024,0.8788,0.0039,0.0038,0.0,0.0,0.0,0.0,0.0,0.0,0.0,0.0,0.6205,0.0,0.0,0.0,0.0,0.1833,0.1868,0.0825,0.0261,0.0037,0.019,0.0,1.72,11.95,4.31,28.46,23.08,0,MOD-00623,2025-04-19T19:25:31,2025-04-19T12:25:31,https://api.quant-aq.com/v1/devices/MOD-00623/data/raw/367313797
0,653.3,29.700000000000045,683.0,1443.2,668.9,3.8999999999999773,672.8,1646.7,-0.2999999999999545,1646.4,1646.4,8.199999999999818,1654.6,,,38.9,17.2,0.0,0.0,0.0,212.5,0.2,2.0,1.7,3.7169,1.0139,0.0041,0.0,0.0,0.0,0.0,0.0,0.0,0.0,0.0,0.0,0.5287,0.0,0.0,0.0,0.0,0.1595,0.1713,0.0634,0.0369,0.026,0.0112,0.0037,1.39,10.66,4.08,28.71,23.09,0,MOD-00623,2025-04-19T19:24:31,2025-04-19T12:24:31,https://api.quant-aq.com/v1/devices/MOD-00623/data/raw/367313796
0,652.8,30.800000000000068,683.6,1439.9,669.6,3.0,672.6,1646.9,-0.40000000000009095,1646.5,1646.6,8.299999999999955,1654.8,,,39.0,17.2,0.0,0.0,0.0,288.25,0.8,3.8,2.8,3.5883,0.8917,0.0,0.0,0.0,0.0,0.0,0.0,0.0,0.0,0.0,0.0,0.5366,0.0,0.0,0.0,0.0,0.1693,0.2344,0.0736,0.0535,0.007,0.0,0.0035,1.43,6.95,4.31,28.73,23.09,0,MOD-00623,2025-04-19T19:23:31,2025-04-19T12:23:31,https://api.quant-aq.com/v1/devices/MOD-00623/data/raw/367311410
0,653.6,30.899999999999977,684.5,1443.0,668.9,3.800000000000068,672.7,1646.9,-0.6000000000001364,1646.3,1646.5,8.200000000000045,1654.5,,,38.9,17.2,0.0,0.0,0.0,227.0,0.2,2.2,1.6,3.8956,0.9005,0.0,0.0,0.0,0.0,0.0,0.0,0.0,0.0,0.0,0.0,0.549,0.0,0.0,0.0,0.0,0.1515,0.1598,0.0748,0.0108,0.0215,0.0071,0.0,1.38,6.32,3.63,28.68,23.11,0,MOD-00623,2025-04-19T19:22:31,2025-04-19T12:22:31,https://api.quant-aq.com/v1/devices/MOD-00623/data/raw/367311411
0,652.8,31.600000000000023,684.4,1440.9,669.7,3.599999999999909,673.3,1646.9,-0.40000000000009095,1646.5,1646.5,8.599999999999909,1655.1,,,40.0,17.2,0.0,0.0,0.0,262.75,0.7,3.3,3.1,5.1319,0.9355,0.0,0.0,0.0,0.0,0.0,0.0,0.0,0.0,0.0,0.0,0.623,0.0,0.0,0.0,0.0,0.1978,0.2096,0.0942,0.031,0.0105,0.0175,0.0034,1.68,9.49,4.64,29.09,23.11,0,MOD-00623,2025-04-19T19:21:31,2025-04-19T12:21:31,https://api.quant-aq.com/v1/devices/MOD-00623/data/raw/367311409
0,653.5,30.899999999999977,684.4,1439.3,669.5,3.5,673.0,1646.9,-0.40000000000009095,1646.5,1646.6,8.400000000000091,1654.9,,,38.9,17.2,0.0,0.0,0.0,314.75,0.8,3.0,2.4,3.6605,0.9237,0.0,0.0,0.0,0.0,0.0,0.0,0.0,0.0,0.0,0.0,0.6165,0.0,0.0,0.0,0.0,0.1925,0.2018,0.0707,0.0305,0.0203,0.0135,0.0068,1.48,9.92,4.3,28.58,23.14,0,MOD-00623,2025-04-19T19:20:31,2025-04-19T12:20:31,https://api.quant-aq.com/v1/devices/MOD-00623/data/raw/367311412
0,653.4,30.899999999999977,684.3,1441.3,669.0,3.5,672.5,1647.0,-0.599999999999909,1646.4,1646.9,8.699999999999818,1655.1,,,38.5,17.2,0.0,0.0,0.0,270.25,0.7,2.2,2.2,3.4257,0.8683,0.0069,0.0,0.0,0.0,0.0,0.0,0.0,0.0,0.0,0.0,0.5113,0.0,0.0,0.0,0.0,0.1493,0.1728,0.0878,0.0168,0.0168,0.0,0.0,1.31,8.23,3.67,28.47,23.14,0,MOD-00623,2025-04-19T19:19:31,2025-04-19T12:19:31,https://api.quant-aq.com/v1/devices/MOD-00623/data/raw/367309049
0,651.1,33.10000000000002,684.2,1439.3,669.8,4.100000000000023,673.9,1647.0,-0.900000000000091,1646.1,1646.7,8.600000000000136,1654.7,,,38.5,17.2,0.0,0.0,0.0,365.0,0.8,3.3,3.1,3.679,0.9863,0.0,0.0,0.0,0.0,0.0,0.0,0.0,0.0,0.0,0.0,0.5936,0.0,0.0,0.0,0.0,0.1749,0.2107,0.0917,0.0283,0.0095,0.0099,0.003,1.49,7.86,4.26,28.53,23.11,0,MOD-00623,2025-04-19T19:18:31,2025-04-19T12:18:31,https://api.quant-aq.com/v1/devices/MOD-00623/data/raw/367309047
0,653.5,30.799999999999955,684.3,1444.0,669.5,3.2999999999999545,672.8,1646.8,0.10000000000013642,1646.9,1646.7,8.5,1655.4,,,40.0,17.2,0.0,0.0,0.0,230.0,0.0,2.2,1.6,5.2164,1.0051,0.0,0.0,0.0036,0.0,0.0,0.0,0.0,0.0,0.0,0.0,0.6759,0.0,0.0,0.0,0.0,0.1692,0.203,0.1264,0.0323,0.0177,0.0252,0.0,1.73,13.13,5.09,29.15,23.11,0,MOD-00623,2025-04-19T19:17:31,2025-04-19T12:17:31,https://api.quant-aq.com/v1/devices/MOD-00623/data/raw/367309046
0,652.5,31.799999999999955,684.3,1441.7,669.7,3.199999999999932,672.9,1647.2,-0.2999999999999545,1646.9,1647.0,8.699999999999818,1655.6,,,39.4,17.2,0.0,0.0,0.0,252.75,0.5,1.4,1.4,3.8275,1.0187,0.0,0.0,0.0,0.0,0.0,0.0,0.0,0.0,0.0,0.0,0.6388,0.0,0.0,0.0,0.0,0.2073,0.2592,0.0896,0.0672,0.0105,0.0035,0.0,1.62,7.76,5.09,28.89,23.08,0,MOD-00623,2025-04-19T19:16:31,2025-04-19T12:16:31,https://api.quant-aq.com/v1/devices/MOD-00623/data/raw/367309048
0,651.2,33.0,684.2,1441.2,669.6,3.2999999999999545,672.9,1647.1,-0.5,1646.6,1646.7,8.700000000000045,1655.3,,,39.0,17.1,0.0,0.0,0.0,295.5,0.9,2.1,2.1,3.345,0.9754,0.0,0.0,0.0,0.0,0.0,0.0,0.0,0.0,0.0,0.0,0.6579,0.0,0.0,0.0,0.0,0.1992,0.2123,0.0941,0.0333,0.0208,0.0104,0.0,1.52,8.15,4.58,28.72,23.06,0,MOD-00623,2025-04-19T19:15:31,2025-04-19T12:15:31,https://api.quant-aq.com/v1/devices/MOD-00623/data/raw/367306710
0,651.4,33.200000000000045,684.6,1439.7,669.1,3.699999999999932,672.8,1646.9,-0.6000000000001364,1646.3,1646.9,8.5,1654.8,,,39.0,17.1,0.0,0.0,0.0,204.0,0.2,1.6,1.6,3.7484,0.9659,0.0,0.0,0.0,0.0,0.0,0.0,0.0,0.0,0.0,0.0,0.6641,0.0,0.0,0.0,0.0,0.1697,0.2214,0.0808,0.0627,0.0249,0.0,0.0071,1.54,9.58,4.86,28.63,23.04,0,MOD-00623,2025-04-19T19:14:31,2025-04-19T12:14:31,https://api.quant-aq.com/v1/devices/MOD-00623/data/raw/367306709
0,650.8,32.5,683.3,1440.4,669.5,3.2999999999999545,672.8,1647.0,-0.2999999999999545,1646.7,1646.8,8.799999999999955,1655.5,,,39.5,17.1,0.0,0.0,0.0,223.5,0.2,2.0,2.0,5.02,1.0346,0.0,0.0,0.0,0.0,0.0,0.0,0.0,0.0,0.0,0.0,0.5556,0.0,0.0,0.0,0.0,0.2026,0.244,0.095,0.0352,0.0287,0.0177,0.0036,1.69,11.07,5.09,29.09,23.01,0,MOD-00623,2025-04-19T19:13:31,2025-04-19T12:13:31,https://api.quant-aq.com/v1/devices/MOD-00623/data/raw/367306708
0,651.6,31.899999999999977,683.5,1442.5,668.9,3.5,672.4,1646.9,-0.5,1646.4,1646.7,8.799999999999955,1655.2,,,39.4,17.1,0.0,0.0,0.0,260.0,0.4,3.2,2.2,3.5353,0.9647,0.0,0.0,0.0,0.0,0.0,0.0,0.0,0.0,0.0,0.0,0.5969,0.0,0.0,0.0,0.0,0.1644,0.2124,0.1033,0.0309,0.0242,0.0034,0.0035,1.47,8.23,4.51,29.08,22.98,0,MOD-00623,2025-04-19T19:12:31,2025-04-19T12:12:31,https://api.quant-aq.com/v1/devices/MOD-00623/data/raw/367306707
0,650.2,33.299999999999955,683.5,1445.7,669.0,3.3999999999999773,672.4,1646.8,-0.2999999999999545,1646.5,1646.6,8.700000000000045,1655.2,,,39.9,17.0,0.0,0.0,0.0,267.75,0.3,2.0,2.0,3.561,1.0405,0.0,0.0,0.0,0.0,0.0,0.0,0.0,0.0,0.0,0.0,0.6483,0.0,0.0,0.0,0.0,0.1416,0.1994,0.0824,0.0607,0.0213,0.0212,0.0038,1.49,11.27,4.8,29.2,22.97,0,MOD-00623,2025-04-19T19:11:31,2025-04-19T12:11:31,https://api.quant-aq.com/v1/devices/MOD-00623/data/raw/367304335
0,650.4,32.700000000000045,683.1,1443.4,669.6,3.5,673.1,1646.8,-0.5,1646.3,1646.7,8.700000000000045,1655.0,,,39.9,17.0,0.0,0.0,0.0,210.0,0.5,1.7,0.9,3.8468,1.056,0.0,0.0,0.0,0.0,0.0,0.0,0.0,0.0,0.0,0.0,0.6398,0.0,0.0,0.0,0.0,0.1989,0.2066,0.1049,0.0435,0.0071,0.0109,0.0036,1.59,8.77,4.69,29.06,22.93,0,MOD-00623,2025-04-19T19:10:31,2025-04-19T12:10:31,https://api.quant-aq.com/v1/devices/MOD-00623/data/raw/367304337
0,652.2,31.5,683.7,1442.0,669.5,2.6000000000000227,672.1,1646.4,0.2999999999999545,1646.7,1646.5,8.799999999999955,1655.5,,,39.5,16.9,0.0,0.0,0.0,232.0,0.0,1.8,1.8,4.9467,0.9853,0.0,0.0,0.0,0.0,0.0,0.0,0.0,0.0,0.0,0.0,0.6358,0.0,0.0,0.0,0.0,0.1785,0.236,0.0915,0.0617,0.0182,0.0037,0.0,1.69,8.08,5.07,28.8,22.9,0,MOD-00623,2025-04-19T19:09:31,2025-04-19T12:09:31,https://api.quant-aq.com/v1/devices/MOD-00623/data/raw/367304336
0,650.8,30.800000000000068,681.6,1442.7,669.1,3.5,672.6,1646.6,-0.6999999999998181,1645.9,1646.3,8.5,1654.4,,,38.1,16.9,0.0,0.0,0.0,277.25,0.3,1.8,1.8,3.4822,0.9308,0.0,0.0,0.0,0.0,0.0,0.0,0.0,0.0,0.0,0.0,0.5419,0.0,0.0,0.0,0.0,0.2091,0.1797,0.0955,0.033,0.0146,0.0074,0.0038,1.42,8.06,4.25,28.26,22.88,0,MOD-00623,2025-04-19T19:08:31,2025-04-19T12:08:31,https://api.quant-aq.com/v1/devices/MOD-00623/data/raw/367304334
0,649.1,32.19999999999993,681.3,1443.4,668.9,3.7000000000000455,672.6,1646.2,-0.6000000000001364,1645.6,1646.2,8.700000000000045,1654.3,,,38.6,16.9,0.0,0.0,0.0,244.0,0.5,1.2,1.2,3.7892,0.9505,0.0,0.0,0.0,0.0,0.0,0.0,0.0,0.0,0.0,0.0,0.6513,0.0,0.0,0.0,0.0,0.1958,0.2093,0.0889,0.0284,0.0284,0.0,0.0,1.55,6.96,4.49,28.36,22.88,0,MOD-00623,2025-04-19T19:07:31,2025-04-19T12:07:31,https://api.quant-aq.com/v1/devices/MOD-00623/data/raw/367301937
0,650.3,31.100000000000023,681.4,1443.3,668.5,3.7999999999999545,672.3,1646.2,-0.6000000000001364,1645.6,1646.1,8.700000000000045,1654.3,,,38.9,16.9,0.0,0.0,0.0,263.75,0.8,2.0,2.0,3.9311,1.0657,0.0,0.0037,0.0,0.0,0.0,0.0,0.0,0.0,0.0,0.0,0.6309,0.0,0.0,0.0,0.0,0.2017,0.1916,0.1044,0.0395,0.0071,0.0108,0.0035,1.58,10.75,4.57,28.63,22.88,0,MOD-00623,2025-04-19T19:06:31,2025-04-19T12:06:31,https://api.quant-aq.com/v1/devices/MOD-00623/data/raw/367301940
0,649.8,31.100000000000023,680.9,1442.3,669.0,3.1000000000000227,672.1,1646.2,-0.5,1645.7,1645.9,8.700000000000045,1654.4,,,38.9,16.8,0.0,0.0,0.0,255.5,0.5,2.0,2.0,4.8104,0.9681,0.0036,0.0,0.0,0.0,0.0,0.0,0.0,0.0,0.0,0.0,0.5928,0.0,0.0,0.0,0.0,0.1603,0.1745,0.077,0.0243,0.0103,0.0105,0.0,1.56,8.32,3.99,28.63,22.87,0,MOD-00623,2025-04-19T19:05:31,2025-04-19T12:05:31,https://api.quant-aq.com/v1/devices/MOD-00623/data/raw/367301939
0,650.6,29.799999999999955,680.4,1444.4,669.0,3.7000000000000455,672.7,1646.3,-0.7999999999999545,1645.5,1645.9,8.5,1654.0,,,39.2,16.8,0.0,0.0,0.0,192.0,0.1,1.2,1.2,3.404,0.8613,0.0,0.0,0.0,0.0,0.0,0.0,0.0,0.0,0.0,0.0,0.5978,0.0,0.0,0.0,0.0,0.1976,0.1871,0.1007,0.031,0.0277,0.0105,0.0071,1.43,10.32,4.53,28.77,22.87,0,MOD-00623,2025-04-19T19:04:31,2025-04-19T12:04:31,https://api.quant-aq.com/v1/devices/MOD-00623/data/raw/367301938
0,651.7,29.09999999999991,680.8,1444.4,668.5,3.1000000000000227,671.6,1645.8,-0.09999999999990905,1645.7,1645.9,8.799999999999955,1654.5,,,40.0,16.8,0.0,0.0,0.0,275.0,0.6,2.3,2.3,3.3422,0.9894,0.0,0.0,0.0,0.0,0.0,0.0,0.0,0.0,0.0,0.0,0.6985,0.0,0.0,0.0,0.0,0.2047,0.2311,0.1258,0.0418,0.0134,0.0066,0.0,1.59,7.95,5.01,28.89,22.9,0,MOD-00623,2025-04-19T19:03:31,2025-04-19T12:03:31,https://api.quant-aq.com/v1/devices/MOD-00623/data/raw/367299597
0,652.3,29.300000000000068,681.6,1441.5,669.0,3.7999999999999545,672.8,1646.2,-0.7999999999999545,1645.4,1645.8,8.799999999999955,1654.2,,,39.4,16.8,0.0,0.0,0.0,280.75,0.7,2.3,2.3,3.7838,1.0927,0.0,0.0,0.0,0.0,0.0,0.0,0.0,0.0,0.0,0.0,0.649,0.0,0.0,0.0,0.0,0.1613,0.2289,0.077,0.0352,0.0,0.0071,0.0034,1.56,7.11,4.22,28.66,22.9,0,MOD-00623,2025-04-19T19:02:31,2025-04-19T12:02:31,https://api.quant-aq.com/v1/devices/MOD-00623/data/raw/367299598
0,652.5,29.200000000000045,681.7,1441.0,668.4,2.8999999999999773,671.3,1646.1,-0.2999999999999545,1645.8,1645.8,8.900000000000091,1654.7,,,39.4,16.8,0.0,0.0,0.0,205.5,0.2,1.5,1.5,4.5923,0.9586,0.0,0.0,0.0,0.0,0.0,0.0,0.0,0.0,0.0,0.0,0.587,0.0,0.0,0.0,0.0,0.1961,0.2254,0.0891,0.0459,0.0074,0.0212,0.0,1.61,9.26,4.75,28.62,22.95,0,MOD-00623,2025-04-19T19:01:31,2025-04-19T12:01:31,https://api.quant-aq.com/v1/devices/MOD-00623/data/raw/367299595
0,652.1,29.199999999999932,681.3,1439.0,668.4,3.5,671.9,1645.9,-0.40000000000009095,1645.5,1645.9,8.599999999999909,1654.1,,,38.9,16.9,0.0,0.0,0.0,269.0,0.4,2.8,2.4,5.6512,1.1085,0.0,0.0,0.0,0.0,0.0,0.0,0.0,0.0,0.0,0.0,0.6055,0.0,0.0,0.0,0.0,0.1755,0.2127,0.0646,0.0211,0.0098,0.0,0.0105,1.74,8.17,4.14,28.43,22.97,0,MOD-00623,2025-04-19T19:00:31,2025-04-19T12:00:31,https://api.quant-aq.com/v1/devices/MOD-00623/data/raw/367299596
0,652.8,28.5,681.3,1438.4,668.4,3.5,671.9,1646.2,-0.900000000000091,1645.3,1645.9,9.0,1654.3,,,39.1,16.9,0.0,0.0,0.0,253.0,0.8,1.8,1.8,3.4231,1.0167,0.0,0.0,0.0,0.0,0.0,0.0,0.0,0.0,0.0,0.0,0.5534,0.0,0.0,0.0,0.0,0.1921,0.2116,0.0951,0.0238,0.0104,0.0069,0.007,1.46,8.46,4.23,28.51,23.01,0,MOD-00623,2025-04-19T18:59:31,2025-04-19T11:59:31,https://api.quant-aq.com/v1/devices/MOD-00623/data/raw/367297208
0,652.3,29.0,681.3,1439.7,668.2,3.699999999999932,671.9,1646.0,-0.40000000000009095,1645.6,1646.0,8.600000000000136,1654.2,,,39.3,16.9,0.0,0.0,0.0,272.25,0.8,2.8,2.0,3.4623,0.9866,0.0,0.0,0.0,0.0,0.0,0.0,0.0,0.0,0.0,0.0,0.5793,0.0,0.0,0.0,0.0,0.2188,0.2535,0.0951,0.0341,0.0102,0.0068,0.0,1.54,7.19,4.62,28.37,23.04,0,MOD-00623,2025-04-19T18:58:31,2025-04-19T11:58:31,https://api.quant-aq.com/v1/devices/MOD-00623/data/raw/367297207
0,654.3,27.700000000000045,682.0,1440.4,668.8,3.300000000000068,672.1,1646.3,-0.599999999999909,1645.7,1645.7,8.599999999999909,1654.3,,,39.1,16.9,0.0,0.0,0.0,194.0,0.2,1.6,1.4,4.673,1.0275,0.0,0.0,0.0,0.0,0.0,0.0,0.0,0.0,0.0,0.0,0.6234,0.0,0.0,0.0,0.0,0.2109,0.1983,0.0763,0.0449,0.0173,0.0137,0.0036,1.65,9.57,4.67,28.39,23.06,0,MOD-00623,2025-04-19T18:57:31,2025-04-19T11:57:31,https://api.quant-aq.com/v1/devices/MOD-00623/data/raw/367297209
0,654.4,27.800000000000068,682.2,1438.6,669.6,4.100000000000023,673.7,1646.1,-0.7999999999999545,1645.3,1645.9,8.700000000000045,1654.0,,,38.7,17.0,0.0,0.0,0.0,274.0,0.8,3.1,2.3,3.5194,1.1139,0.0,0.0,0.0,0.0,0.0,0.0,0.0,0.0,0.0,0.0,0.6108,0.0,0.0,0.0,0.0,0.17,0.206,0.1003,0.032,0.0256,0.0032,0.0,1.51,7.39,4.53,28.26,23.11,0,MOD-00623,2025-04-19T18:56:31,2025-04-19T11:56:31,https://api.quant-aq.com/v1/devices/MOD-00623/data/raw/367297206
0,654.8,29.0,683.8,1439.8,668.6,3.5,672.1,1646.5,-0.7000000000000455,1645.8,1646.0,8.600000000000136,1654.4,,,39.4,17.0,0.0,0.0,0.0,284.25,0.8,2.7,1.8,3.4446,1.0085,0.0036,0.0,0.0,0.0,0.0,0.0,0.0,0.0,0.0,0.0,0.6932,0.0,0.0,0.0,0.0,0.1695,0.1704,0.11,0.0354,0.0313,0.0078,0.0,1.5,10.04,4.66,28.47,23.12,0,MOD-00623,2025-04-19T18:55:31,2025-04-19T11:55:31,https://api.quant-aq.com/v1/devices/MOD-00623/data/raw/367294831
0,653.2,29.699999999999932,682.9,1437.4,669.1,3.2999999999999545,672.4,1646.3,-0.5,1645.8,1646.1,9.0,1654.8,,,38.8,17.1,0.0,0.0,0.0,276.25,0.6,2.2,2.2,3.5257,1.0195,0.0,0.0,0.0,0.0,0.0,0.0,0.0,0.0,0.0,0.0,0.6333,0.0,0.0,0.0,0.0,0.1821,0.213,0.0779,0.0573,0.0242,0.003,0.0036,1.51,8.76,4.72,28.32,23.15,0,MOD-00623,2025-04-19T18:54:31,2025-04-19T11:54:31,https://api.quant-aq.com/v1/devices/MOD-00623/data/raw/367294833
0,651.5,31.5,683.0,1437.2,668.8,4.100000000000023,672.9,1646.5,-1.0,1645.5,1646.5,8.799999999999955,1654.3,,,38.5,17.1,0.0,0.0,0.0,306.0,0.8,2.7,2.7,4.7144,0.9101,0.0,0.0,0.0,0.0,0.0,0.0,0.0,0.0,0.0,0.0,0.5611,0.0,0.0,0.0,0.0,0.142,0.1789,0.077,0.0418,0.0035,0.0097,0.0,1.5,6.63,4.03,28.16,23.19,0,MOD-00623,2025-04-19T18:53:31,2025-04-19T11:53:31,https://api.quant-aq.com/v1/devices/MOD-00623/data/raw/367294832
0,650.8,30.800000000000068,681.6,1438.7,669.5,3.6000000000000227,673.1,1646.3,-0.2999999999999545,1646.0,1646.1,8.5,1654.5,,,39.1,17.1,0.0,0.0,0.0,278.25,0.4,2.6,2.6,3.397,1.0428,0.0,0.0,0.0,0.0,0.0,0.0,0.0,0.0,0.0,0.0,0.643,0.0,0.0,0.0,0.0,0.1864,0.1915,0.0688,0.0411,0.0069,0.0035,0.0071,1.49,7.88,4.1,28.52,23.22,0,MOD-00623,2025-04-19T18:52:31,2025-04-19T11:52:31,https://api.quant-aq.com/v1/devices/MOD-00623/data/raw/367294830
0,652.9,29.800000000000068,682.7,1439.4,669.1,3.6000000000000227,672.7,1646.5,-0.599999999999909,1645.9,1646.3,8.599999999999909,1654.5,,,39.2,17.1,0.0,0.0,0.0,288.5,0.4,1.9,1.9,3.5311,1.0211,0.0,0.0,0.0,0.0,0.0,0.0,0.0,0.0,0.0,0.0,0.6477,0.0,0.0,0.0,0.0,0.1985,0.2706,0.0942,0.0407,0.0067,0.0067,0.0099,1.6,9.92,4.82,28.57,23.21,0,MOD-00623,2025-04-19T18:51:31,2025-04-19T11:51:31,https://api.quant-aq.com/v1/devices/MOD-00623/data/raw/367292478
0,652.2,30.09999999999991,682.3,1441.0,668.8,4.2000000000000455,673.0,1646.5,-0.7000000000000455,1645.8,1646.1,8.299999999999955,1654.1,,,39.6,17.1,0.0,0.0,0.0,291.25,0.6,2.7,2.2,3.6148,0.9616,0.0,0.0,0.0,0.0,0.0,0.0,0.0,0.0,0.0,0.0,0.6559,0.0,0.0,0.0,0.0,0.2215,0.2035,0.054,0.0284,0.0142,0.0036,0.0037,1.53,7.07,4.04,28.54,23.21,0,MOD-00623,2025-04-19T18:50:31,2025-04-19T11:50:31,https://api.quant-aq.com/v1/devices/MOD-00623/data/raw/367292481
0,653.3,30.100000000000023,683.4,1441.3,669.2,3.0,672.2,1646.4,-0.3000000000001819,1646.1,1646.2,8.800000000000182,1654.9,,,39.3,17.1,0.0,0.0,0.0,287.5,0.6,2.0,1.5,4.6189,0.8485,0.0,0.0,0.0,0.0,0.0,0.0,0.0,0.0,0.0,0.0,0.6474,0.0,0.0,0.0,0.0,0.1268,0.2423,0.0717,0.058,0.0131,0.003,0.0068,1.57,8.92,4.63,28.48,23.22,0,MOD-00623,2025-04-19T18:49:31,2025-04-19T11:49:31,https://api.quant-aq.com/v1/devices/MOD-00623/data/raw/367292480
0,653.8,29.40000000000009,683.2,1440.4,669.4,3.6000000000000227,673.0,1646.4,-0.3000000000001819,1646.1,1646.3,8.5,1654.6,,,39.3,17.1,0.0,0.0,0.0,251.5,0.7,2.1,1.7,3.692,0.9767,0.0,0.0,0.0,0.0,0.0,0.0,0.0,0.0,0.0,0.0,0.6999,0.0,0.0,0.0,0.0,0.1957,0.2279,0.1013,0.0281,0.0244,0.0069,0.007,1.6,9.87,4.78,28.39,23.26,0,MOD-00623,2025-04-19T18:48:31,2025-04-19T11:48:31,https://api.quant-aq.com/v1/devices/MOD-00623/data/raw/367292479
0,653.0,30.700000000000045,683.7,1438.1,668.3,3.6000000000000227,671.9,1646.7,-1.0,1645.7,1646.5,8.899999999999864,1654.6,,,38.3,17.1,0.0,0.0,0.0,250.0,0.6,1.4,1.4,3.4984,0.911,0.0034,0.0,0.0,0.0,0.0,0.0,0.0,0.0,0.0,0.0,0.6561,0.0,0.0,0.0,0.0,0.2044,0.2172,0.052,0.0243,0.0034,0.0034,0.0,1.5,6.62,3.8,27.93,23.26,0,MOD-00623,2025-04-19T18:47:31,2025-04-19T11:47:31,https://api.quant-aq.com/v1/devices/MOD-00623/data/raw/367290061
0,649.7,33.39999999999998,683.1,1438.2,669.9,4.2000000000000455,674.1,1646.4,-0.900000000000091,1645.5,1646.3,8.900000000000091,1654.4,,,38.5,17.1,0.0,0.0,0.0,258.5,0.7,2.2,2.2,3.4596,0.9375,0.0,0.0,0.0,0.0,0.0,0.0,0.0,0.0,0.0,0.0,0.5866,0.0,0.0,0.0,0.0,0.161,0.1811,0.0508,0.0336,0.0095,0.003,0.0,1.38,5.43,3.64,28.08,23.27,0,MOD-00623,2025-04-19T18:46:31,2025-04-19T11:46:31,https://api.quant-aq.com/v1/devices/MOD-00623/data/raw/367290062
0,649.9,31.700000000000045,681.6,1441.1,669.6,3.6000000000000227,673.2,1646.2,-0.40000000000009095,1645.8,1646.2,8.700000000000045,1654.5,,,39.0,17.2,0.0,0.0,0.0,283.0,0.7,2.6,2.6,5.1268,1.0083,0.0,0.0,0.0,0.0,0.0,0.0,0.0,0.0,0.0,0.0,0.6848,0.0,0.0,0.0,0.0,0.2224,0.1442,0.079,0.0317,0.0214,0.0217,0.0074,1.7,11.51,4.53,28.42,23.25,0,MOD-00623,2025-04-19T18:45:31,2025-04-19T11:45:31,https://api.quant-aq.com/v1/devices/MOD-00623/data/raw/367290060
0,650.5,31.200000000000045,681.7,1439.0,668.2,3.8999999999999773,672.1,1646.6,-0.8999999999998636,1645.7,1646.1,8.599999999999909,1654.3,,,39.1,17.1,0.0,0.0,0.0,212.25,0.1,1.2,1.2,3.7449,1.0969,0.0,0.0,0.0,0.0,0.0,0.0,0.0,0.0,0.0,0.0,0.6472,0.0,0.0,0.0,0.0,0.2117,0.1901,0.0773,0.0529,0.007,0.007,0.0,1.57,7.09,4.46,28.65,23.27,0,MOD-00623,2025-04-19T18:44:31,2025-04-19T11:44:31,https://api.quant-aq.com/v1/devices/MOD-00623/data/raw/367290059
0,650.5,31.799999999999955,682.3,1443.1,668.4,4.0,672.4,1646.2,-0.40000000000009095,1645.8,1646.0,8.5,1654.3,,,40.0,17.1,0.0,0.0,0.0,199.0,0.0,1.2,1.2,3.7297,1.0565,0.0,0.0,0.0,0.0,0.0,0.0,0.0,0.0,0.0,0.0,0.6889,0.0,0.0,0.0,0.0,0.1932,0.2527,0.12,0.0389,0.0245,0.0035,0.0,1.65,8.23,5.17,28.92,23.29,0,MOD-00623,2025-04-19T18:43:31,2025-04-19T11:43:31,https://api.quant-aq.com/v1/devices/MOD-00623/data/raw/367287731
0,651.6,29.5,681.1,1439.8,669.4,2.8999999999999773,672.3,1646.2,-0.40000000000009095,1645.8,1645.9,8.799999999999955,1654.6,,,39.5,17.1,0.0,0.0,0.0,294.5,0.8,3.2,2.6,3.8407,1.0102,0.0,0.0,0.0,0.0,0.0,0.0,0.0,0.0,0.0,0.0,0.7009,0.0,0.0,0.0,0.0,0.2627,0.2862,0.0928,0.0348,0.0244,0.0073,0.0,1.73,8.66,5.25,28.63,23.26,0,MOD-00623,2025-04-19T18:42:31,2025-04-19T11:42:31,https://api.quant-aq.com/v1/devices/MOD-00623/data/raw/367287729
0,652.2,28.399999999999977,680.6,1443.3,669.0,3.6000000000000227,672.6,1646.3,-0.7999999999999545,1645.5,1646.0,8.700000000000045,1654.2,,,39.2,17.1,0.0,0.0,0.0,278.0,0.8,3.4,2.5,5.0774,1.0731,0.0,0.0,0.0,0.0,0.0,0.0,0.0,0.0,0.0,0.0,0.5687,0.0,0.0,0.0,0.0,0.18,0.1757,0.0797,0.0457,0.0036,0.0141,0.0,1.62,7.61,4.32,28.41,23.27,0,MOD-00623,2025-04-19T18:41:31,2025-04-19T11:41:31,https://api.quant-aq.com/v1/devices/MOD-00623/data/raw/367287728
0,650.4,29.899999999999977,680.3,1439.5,669.1,3.699999999999932,672.8,1645.9,-0.6000000000001364,1645.3,1645.8,8.600000000000136,1653.9,,,38.9,17.1,0.0,0.0,0.0,251.0,0.1,1.2,1.2,3.4727,1.1143,0.0034,0.0,0.0,0.0,0.0,0.0,0.0,0.0,0.0,0.0,0.7433,0.0,0.0,0.0,0.0,0.2047,0.2372,0.0781,0.0315,0.0107,0.0108,0.0035,1.64,9.98,4.58,28.32,23.29,0,MOD-00623,2025-04-19T18:40:31,2025-04-19T11:40:31,https://api.quant-aq.com/v1/devices/MOD-00623/data/raw/367287730
0,652.1,27.600000000000023,679.7,1442.0,668.8,3.5,672.3,1645.9,-0.5,1645.4,1645.7,8.399999999999864,1653.8,,,39.1,17.1,0.0,0.0,0.0,252.5,0.4,2.6,2.1,3.5577,1.0088,0.0,0.0,0.0,0.0,0.0,0.0,0.0,0.0,0.0,0.0,0.5792,0.0,0.0,0.0,0.0,0.1618,0.1374,0.0915,0.0417,0.0104,0.0106,0.0,1.4,7.15,4.02,28.27,23.27,0,MOD-00623,2025-04-19T18:39:31,2025-04-19T11:39:31,https://api.quant-aq.com/v1/devices/MOD-00623/data/raw/367285357
0,653.3,27.200000000000045,680.5,1439.3,668.9,3.6000000000000227,672.5,1645.8,-0.7000000000000455,1645.1,1645.7,8.5,1653.6,,,38.7,17.1,0.0,0.0,0.0,258.0,0.4,2.8,1.8,3.6829,0.9314,0.0,0.0,0.0,0.0,0.0,0.0,0.0,0.0,0.0,0.0,0.6183,0.0,0.0,0.0,0.0,0.1603,0.2153,0.0653,0.0446,0.0068,0.0104,0.0034,1.47,8.01,4.2,28.06,23.3,0,MOD-00623,2025-04-19T18:38:31,2025-04-19T11:38:31,https://api.quant-aq.com/v1/devices/MOD-00623/data/raw/367285356
0,654.7,27.5,682.2,1435.4,669.6,3.2999999999999545,672.9,1646.0,-0.7000000000000455,1645.3,1645.7,8.600000000000136,1653.9,,,38.7,17.1,0.0,0.0,0.0,293.0,0.9,4.1,3.1,5.2514,1.0691,0.0,0.0,0.0,0.0,0.0,0.0,0.0,0.0,0.0,0.0,0.5593,0.0,0.0,0.0,0.0,0.1944,0.2076,0.081,0.0333,0.0226,0.0103,0.0035,1.68,9.14,4.62,28.09,23.35,0,MOD-00623,2025-04-19T18:37:31,2025-04-19T11:37:31,https://api.quant-aq.com/v1/devices/MOD-00623/data/raw/367285354
0,654.4,28.399999999999977,682.8,1436.5,668.3,4.400000000000091,672.7,1646.2,-0.900000000000091,1645.3,1645.8,8.200000000000045,1653.5,,,38.6,17.2,0.0,0.0,0.0,298.75,0.4,2.8,2.8,3.5161,0.9878,0.0,0.0,0.0,0.0,0.0,0.0,0.0,0.0,0.0,0.0,0.6232,0.0,0.0,0.0,0.0,0.1771,0.2004,0.089,0.0371,0.0132,0.0168,0.0,1.48,8.49,4.42,28.01,23.42,0,MOD-00623,2025-04-19T18:36:31,2025-04-19T11:36:31,https://api.quant-aq.com/v1/devices/MOD-00623/data/raw/367285355
0,655.8,27.0,682.8,1435.9,669.0,3.5,672.5,1646.4,-0.900000000000091,1645.5,1646.0,8.5,1654.0,,,38.5,17.2,0.0,0.0,0.0,299.5,0.8,2.7,2.7,3.2233,0.9767,0.0034,0.0,0.0,0.0,0.0,0.0,0.0,0.0,0.0,0.0,0.5208,0.0,0.0,0.0,0.0,0.1568,0.2422,0.0624,0.0365,0.0096,0.0034,0.0032,1.38,8.28,4.03,27.95,23.43,0,MOD-00623,2025-04-19T18:35:31,2025-04-19T11:35:31,https://api.quant-aq.com/v1/devices/MOD-00623/data/raw/367282987
0,656.5,27.5,684.0,1435.5,668.3,4.100000000000023,672.4,1646.4,-1.0,1645.4,1646.2,8.599999999999909,1654.0,,,38.3,17.2,0.0,0.0,0.0,273.75,0.2,2.4,2.4,3.5264,0.971,0.0065,0.0,0.0,0.0,0.0,0.0,0.0,0.0,0.0,0.0,0.5774,0.0,0.0,0.0,0.0,0.1604,0.1856,0.0963,0.0355,0.0162,0.0063,0.0032,1.42,10.71,4.27,27.77,23.48,0,MOD-00623,2025-04-19T18:34:31,2025-04-19T11:34:31,https://api.quant-aq.com/v1/devices/MOD-00623/data/raw/367282989
0,654.0,30.100000000000023,684.1,1436.7,668.8,3.800000000000068,672.6,1646.6,-0.8999999999998636,1645.7,1646.3,8.799999999999955,1654.5,,,38.2,17.3,0.0,0.0,0.0,229.5,0.2,2.1,2.1,5.077,0.9013,0.0,0.0,0.0,0.0,0.0,0.0,0.0,0.0,0.0,0.0,0.5717,0.0,0.0,0.0,0.0,0.158,0.1724,0.1024,0.0388,0.0134,0.0194,0.0,1.57,9.0,4.51,27.73,23.52,0,MOD-00623,2025-04-19T18:33:31,2025-04-19T11:33:31,https://api.quant-aq.com/v1/devices/MOD-00623/data/raw/367282988
0,653.4,31.0,684.4,1438.2,670.0,4.5,674.5,1646.7,-1.0,1645.7,1646.5,8.299999999999955,1654.0,,,37.9,17.4,0.0,0.0,0.0,287.5,0.8,3.0,2.7,3.6331,0.8995,0.0,0.0,0.0,0.0,0.0,0.0,0.0,0.0,0.0,0.0,0.6382,0.0,0.0,0.0,0.0,0.1718,0.1998,0.0775,0.0395,0.0102,0.0099,0.0033,1.47,8.08,4.24,27.63,23.55,0,MOD-00623,2025-04-19T18:32:31,2025-04-19T11:32:31,https://api.quant-aq.com/v1/devices/MOD-00623/data/raw/367282990
0,652.3,31.200000000000045,683.5,1440.8,668.8,4.0,672.8,1646.9,-0.7000000000000455,1646.2,1646.7,8.200000000000045,1654.4,,,38.1,17.4,0.0,0.0,0.0,247.5,0.4,1.5,1.2,3.7918,1.0822,0.0032,0.0,0.0,0.0,0.0,0.0,0.0,0.0,0.0,0.0,0.5791,0.0,0.0,0.0,0.0,0.1878,0.1979,0.0864,0.0462,0.0246,0.0076,0.0,1.52,9.58,4.62,27.73,23.55,0,MOD-00623,2025-04-19T18:31:31,2025-04-19T11:31:31,https://api.quant-aq.com/v1/devices/MOD-00623/data/raw/367280629
0,652.5,31.600000000000023,684.1,1439.1,669.8,4.600000000000023,674.4,1646.9,-0.8000000000001819,1646.1,1646.5,7.800000000000182,1653.9,,,37.9,17.4,0.0,0.0,0.0,333.75,0.8,2.3,1.9,4.0212,0.905,0.0,0.0,0.0,0.0,0.0,0.0,0.0,0.0,0.0,0.0,0.5765,0.0,0.0,0.0,0.0,0.1715,0.1968,0.0905,0.0289,0.0036,0.0036,0.0035,1.48,6.59,4.04,27.64,23.56,0,MOD-00623,2025-04-19T18:30:31,2025-04-19T11:30:31,https://api.quant-aq.com/v1/devices/MOD-00623/data/raw/367280626
0,654.0,28.700000000000045,682.7,1440.4,668.7,4.0,672.7,1646.6,-0.5,1646.1,1646.3,8.100000000000136,1654.2,,,38.3,17.4,0.0,0.0,0.0,258.25,0.3,2.8,1.4,5.7855,1.0516,0.0,0.0,0.0,0.0,0.0,0.0,0.0,0.0,0.0,0.0,0.7014,0.0,0.0,0.0,0.0,0.1948,0.1472,0.0867,0.0151,0.0111,0.0114,0.0043,1.77,8.14,4.18,27.87,23.57,0,MOD-00623,2025-04-19T18:29:31,2025-04-19T11:29:31,https://api.quant-aq.com/v1/devices/MOD-00623/data/raw/367280625
0,654.5,28.700000000000045,683.2,1439.3,669.4,4.100000000000023,673.5,1647.0,-1.2000000000000455,1645.8,1646.6,8.400000000000091,1654.2,,,38.2,17.4,0.0,0.0,0.0,270.25,0.4,2.4,1.8,3.2877,0.8885,0.0,0.0,0.0,0.0,0.0,0.0,0.0,0.0,0.0,0.0,0.5429,0.0,0.0,0.0,0.0,0.2399,0.2033,0.0663,0.0103,0.0108,0.0,0.0032,1.42,5.7,3.71,27.81,23.59,0,MOD-00623,2025-04-19T18:28:31,2025-04-19T11:28:31,https://api.quant-aq.com/v1/devices/MOD-00623/data/raw/367280623
0,652.1,30.799999999999955,682.9,1438.3,669.1,4.199999999999932,673.3,1646.9,-0.900000000000091,1646.0,1646.9,8.400000000000091,1654.4,,,38.4,17.4,0.0,0.0,0.0,230.75,0.2,2.1,1.8,3.4549,0.9877,0.0,0.0,0.0,0.0,0.0,0.0,0.0,0.0,0.0,0.0,0.6636,0.0,0.0,0.0,0.0,0.1512,0.1592,0.0723,0.0305,0.0069,0.0035,0.0103,1.43,8.22,3.77,27.97,23.59,0,MOD-00623,2025-04-19T18:27:31,2025-04-19T11:27:31,https://api.quant-aq.com/v1/devices/MOD-00623/data/raw/367278212
0,652.3,30.800000000000068,683.1,1438.4,669.1,4.199999999999932,673.3,1646.7,-0.900000000000091,1645.8,1646.7,8.700000000000045,1654.5,,,38.2,17.4,0.0,0.0,0.0,350.0,1.1,3.5,2.8,3.9372,1.0667,0.0,0.0,0.0,0.0,0.0,0.0,0.0,0.0,0.0,0.0,0.6839,0.0,0.0,0.0,0.0,0.1809,0.1785,0.07,0.0418,0.0203,0.0098,0.0036,1.57,8.84,4.38,27.93,23.57,0,MOD-00623,2025-04-19T18:26:31,2025-04-19T11:26:31,https://api.quant-aq.com/v1/devices/MOD-00623/data/raw/367278211
0,652.9,30.800000000000068,683.7,1441.4,670.1,4.600000000000023,674.7,1647.0,-0.900000000000091,1646.1,1646.8,8.300000000000182,1654.4,,,38.7,17.4,0.0,0.0,0.0,194.25,0.0,2.5,1.2,5.7763,1.0457,0.0,0.0034,0.0,0.0,0.0,0.0,0.0,0.0,0.0,0.0,0.6489,0.0,0.0,0.0,0.0,0.1842,0.1708,0.1028,0.0319,0.0176,0.0036,0.0035,1.76,10.06,4.6,28.2,23.55,0,MOD-00623,2025-04-19T18:25:31,2025-04-19T11:25:31,https://api.quant-aq.com/v1/devices/MOD-00623/data/raw/367278210
0,651.6,31.5,683.1,1440.2,668.8,4.100000000000023,672.9,1646.8,-0.7000000000000455,1646.1,1646.8,8.5,1654.6,,,38.7,17.4,0.0,0.0,0.0,267.75,0.5,2.3,1.6,3.4533,1.0466,0.0,0.0,0.0,0.0,0.0,0.0,0.0,0.0,0.0,0.0,0.6388,0.0,0.0,0.0,0.0,0.1575,0.1994,0.0992,0.0275,0.0036,0.0074,0.0069,1.49,8.15,4.17,28.25,23.53,0,MOD-00623,2025-04-19T18:24:31,2025-04-19T11:24:31,https://api.quant-aq.com/v1/devices/MOD-00623/data/raw/367278209
0,651.6,30.799999999999955,682.4,1441.7,669.4,3.5,672.9,1647.0,-0.5,1646.5,1646.7,8.299999999999955,1654.8,,,38.7,17.3,0.0,0.0,0.0,204.5,0.0,2.4,1.6,3.8505,0.9154,0.0,0.0,0.0,0.0,0.0,0.0,0.0,0.0,0.0,0.0,0.6626,0.0,0.0,0.0,0.0,0.2115,0.2239,0.0762,0.037,0.0037,0.0111,0.0035,1.57,8.06,4.39,28.12,23.5,0,MOD-00623,2025-04-19T18:23:31,2025-04-19T11:23:31,https://api.quant-aq.com/v1/devices/MOD-00623/data/raw/367275866
0,652.0,30.100000000000023,682.1,1439.6,669.1,3.8999999999999773,673.0,1646.8,-0.8999999999998636,1645.9,1646.6,8.5,1654.4,,,38.2,17.3,0.0,0.0,0.0,229.0,0.2,2.2,2.0,3.435,0.8224,0.0,0.0,0.0,0.0,0.0,0.0,0.0,0.0,0.0,0.0,0.5692,0.0,0.0,0.0,0.0,0.1433,0.1834,0.0669,0.0332,0.011,0.0036,0.0,1.33,5.73,3.72,27.9,23.49,0,MOD-00623,2025-04-19T18:22:31,2025-04-19T11:22:31,https://api.quant-aq.com/v1/devices/MOD-00623/data/raw/367275865
0,649.1,32.5,681.6,1440.5,669.0,4.399999999999977,673.4,1646.5,-0.7999999999999545,1645.7,1646.7,8.5,1654.2,,,38.4,17.3,0.0,0.0,0.0,243.75,0.3,1.3,1.3,5.4981,1.1178,0.0,0.0,0.0,0.0,0.0,0.0,0.0,0.0,0.0,0.0,0.6278,0.0,0.0,0.0,0.0,0.1629,0.177,0.0485,0.0344,0.0137,0.0077,0.0,1.69,6.7,4.04,28.04,23.52,0,MOD-00623,2025-04-19T18:21:31,2025-04-19T11:21:31,https://api.quant-aq.com/v1/devices/MOD-00623/data/raw/367275867
0,649.9,31.300000000000068,681.2,1441.5,669.3,3.900000000000091,673.2,1646.6,-0.6999999999998181,1645.9,1646.5,8.299999999999955,1654.2,,,38.9,17.3,0.0,0.0,0.0,228.0,0.4,1.8,1.4,3.8674,1.0397,0.0,0.0035,0.0,0.0,0.0,0.0,0.0,0.0,0.0,0.0,0.6532,0.0,0.0,0.0,0.0,0.1282,0.2546,0.0808,0.0295,0.0219,0.0109,0.0036,1.55,11.24,4.56,28.39,23.49,0,MOD-00623,2025-04-19T18:20:31,2025-04-19T11:20:31,https://api.quant-aq.com/v1/devices/MOD-00623/data/raw/367275868
0,650.1,30.799999999999955,680.9,1443.5,668.9,4.100000000000023,673.0,1646.5,-0.7000000000000455,1645.8,1646.4,8.299999999999955,1654.1,,,39.7,17.2,0.0,0.0,0.0,237.25,0.3,1.2,1.2,3.5631,0.8267,0.0,0.0,0.0,0.0,0.0,0.0,0.0,0.0,0.0,0.0,0.6639,0.0,0.0,0.0,0.0,0.1431,0.209,0.0995,0.0586,0.0112,0.015,0.0,1.46,8.84,4.71,28.52,23.45,0,MOD-00623,2025-04-19T18:19:31,2025-04-19T11:19:31,https://api.quant-aq.com/v1/devices/MOD-00623/data/raw/367273478
0,650.3,32.0,682.3,1439.8,669.2,3.699999999999932,672.9,1646.3,-0.5,1645.8,1646.0,8.5,1654.3,,,39.8,17.2,0.0,0.0,0.0,209.0,0.2,1.1,1.1,3.9418,1.0898,0.0,0.0037,0.0,0.0,0.0,0.0,0.0,0.0,0.0,0.0,0.6993,0.0,0.0,0.0,0.0,0.1821,0.1944,0.0993,0.0364,0.0148,0.011,0.0073,1.61,12.24,4.65,28.72,23.42,0,MOD-00623,2025-04-19T18:18:31,2025-04-19T11:18:31,https://api.quant-aq.com/v1/devices/MOD-00623/data/raw/367273477
0,649.6,35.799999999999955,685.4,1439.7,669.3,4.100000000000023,673.4,1646.2,-0.900000000000091,1645.3,1646.0,8.5,1653.8,,,39.7,17.1,0.0,0.0,0.0,282.0,0.6,2.1,2.1,5.0735,1.1021,0.0,0.0,0.0,0.0,0.0,0.0,0.0,0.0,0.0,0.0,0.6608,0.0,0.0,0.0,0.0,0.1775,0.2184,0.0659,0.027,0.0278,0.0136,0.0,1.72,8.74,4.58,28.63,23.43,0,MOD-00623,2025-04-19T18:17:31,2025-04-19T11:17:31,https://api.quant-aq.com/v1/devices/MOD-00623/data/raw/367273479
0,651.4,29.399999999999977,680.8,1437.7,668.9,3.1000000000000227,672.0,1646.0,-0.20000000000004547,1645.8,1645.9,8.5,1654.3,,,40.2,17.1,0.0,0.0,0.0,262.0,0.8,2.1,2.1,3.5392,1.1475,0.0035,0.0,0.0,0.0,0.0,0.0,0.0,0.0,0.0,0.0,0.6269,0.0,0.0,0.0,0.0,0.17,0.2583,0.1072,0.0179,0.0216,0.0034,0.0036,1.58,9.61,4.67,28.72,23.43,0,MOD-00623,2025-04-19T18:16:31,2025-04-19T11:16:31,https://api.quant-aq.com/v1/devices/MOD-00623/data/raw/367273480
0,652.0,28.600000000000023,680.6,1441.4,668.8,3.900000000000091,672.7,1646.0,-0.7000000000000455,1645.3,1645.8,8.600000000000136,1653.9,,,39.7,17.1,0.0,0.0,0.0,206.5,0.2,1.6,1.0,3.4881,1.0231,0.0,0.0034,0.0,0.0,0.0,0.0,0.0,0.0,0.0,0.0,0.6618,0.0,0.0,0.0,0.0,0.1735,0.218,0.1312,0.0322,0.0287,0.0035,0.0069,1.55,12.03,4.99,28.46,23.41,0,MOD-00623,2025-04-19T18:15:31,2025-04-19T11:15:31,https://api.quant-aq.com/v1/devices/MOD-00623/data/raw/367271141
0,650.0,29.899999999999977,679.9,1441.2,669.1,3.5,672.6,1645.6,-0.5,1645.1,1645.5,8.5,1653.6,,,39.1,17.1,0.0,0.0,0.0,220.75,0.1,2.1,1.3,3.8384,1.1238,0.0,0.0,0.0,0.0,0.0,0.0,0.0,0.0,0.0,0.0,0.6822,0.0,0.0,0.0,0.0,0.1901,0.2101,0.1002,0.0426,0.0107,0.0072,0.0,1.62,7.46,4.68,28.16,23.41,0,MOD-00623,2025-04-19T18:14:31,2025-04-19T11:14:31,https://api.quant-aq.com/v1/devices/MOD-00623/data/raw/367271142
0,653.4,27.100000000000023,680.5,1440.3,668.6,3.3999999999999773,672.0,1645.9,-0.8000000000001819,1645.1,1645.5,8.200000000000045,1653.3,,,38.7,17.1,0.0,0.0,0.0,221.0,0.2,1.5,1.5,4.9018,1.0305,0.0,0.0,0.0,0.0,0.0,0.0,0.0,0.0,0.0,0.0,0.6149,0.0,0.0,0.0,0.0,0.1878,0.2119,0.0758,0.0182,0.0106,0.0142,0.0072,1.65,9.4,4.27,27.91,23.43,0,MOD-00623,2025-04-19T18:13:31,2025-04-19T11:13:31,https://api.quant-aq.com/v1/devices/MOD-00623/data/raw/367271139
0,653.7,27.799999999999955,681.5,1437.7,669.0,4.100000000000023,673.1,1645.7,-1.2000000000000455,1644.5,1645.3,8.5,1653.0,,,38.2,17.1,0.0,0.0,0.0,321.75,1.0,2.8,2.8,3.4435,1.0328,0.0,0.0,0.0,0.0,0.0,0.0,0.0,0.0,0.0,0.0,0.6178,0.0,0.0,0.0,0.0,0.1532,0.2142,0.0867,0.0311,0.0176,0.0068,0.0,1.47,7.14,4.29,27.71,23.46,0,MOD-00623,2025-04-19T18:12:31,2025-04-19T11:12:31,https://api.quant-aq.com/v1/devices/MOD-00623/data/raw/367271140
0,654.6,28.600000000000023,683.2,1441.3,668.7,4.399999999999977,673.1,1645.7,-0.900000000000091,1644.8,1645.8,8.200000000000045,1653.0,,,38.5,17.2,0.0,0.0,0.0,293.25,0.9,2.8,2.8,3.4355,1.1239,0.0,0.0,0.0,0.0,0.0,0.0,0.0,0.0,0.0,0.0,0.5942,0.0,0.0,0.0,0.0,0.2087,0.1982,0.0638,0.0463,0.0105,0.0,0.0037,1.51,6.87,4.2,27.78,23.52,0,MOD-00623,2025-04-19T18:11:31,2025-04-19T11:11:31,https://api.quant-aq.com/v1/devices/MOD-00623/data/raw/367268753
0,654.1,30.699999999999932,684.8,1435.4,669.0,3.6000000000000227,672.6,1646.2,-1.0,1645.2,1645.9,8.399999999999864,1653.6,,,38.8,17.2,0.0,0.0,0.0,282.75,0.6,1.8,1.8,3.6867,0.962,0.0,0.0,0.0,0.0,0.0,0.0,0.0,0.0,0.0,0.0,0.6399,0.0,0.0,0.0,0.0,0.1617,0.1759,0.0782,0.0386,0.0452,0.0071,0.0036,1.46,9.95,4.57,27.81,23.57,0,MOD-00623,2025-04-19T18:10:31,2025-04-19T11:10:31,https://api.quant-aq.com/v1/devices/MOD-00623/data/raw/367268751
0,654.5,32.799999999999955,687.3,1437.0,669.4,4.399999999999977,673.8,1646.3,-1.3999999999998636,1644.9,1645.7,8.299999999999955,1653.2,,,38.3,17.3,0.0,0.0,0.0,322.5,0.6,3.6,2.9,5.0361,1.0345,0.0,0.0,0.0035,0.0,0.0,0.0,0.0,0.0,0.0,0.0,0.6557,0.0,0.0,0.0,0.0,0.2284,0.2027,0.0513,0.0544,0.0204,0.013,0.0033,1.72,12.21,4.74,27.59,23.67,0,MOD-00623,2025-04-19T18:09:31,2025-04-19T11:09:31,https://api.quant-aq.com/v1/devices/MOD-00623/data/raw/367268754
0,654.7,27.899999999999977,682.6,1437.8,668.9,3.7000000000000455,672.6,1646.3,-1.0,1645.3,1646.1,8.200000000000045,1653.5,,,38.3,17.4,0.0,0.0,0.0,328.0,0.7,2.1,2.1,3.562,1.016,0.0,0.0,0.0,0.0,0.0,0.0,0.0,0.0,0.0,0.0,0.6257,0.0,0.0,0.0,0.0,0.198,0.1992,0.1222,0.0518,0.017,0.0034,0.0,1.54,7.75,4.91,27.64,23.7,0,MOD-00623,2025-04-19T18:08:31,2025-04-19T11:08:31,https://api.quant-aq.com/v1/devices/MOD-00623/data/raw/367268752
0,655.6,27.299999999999955,682.9,1436.5,669.0,4.2000000000000455,673.2,1646.3,-1.099999999999909,1645.2,1646.0,8.299999999999955,1653.5,,,38.3,17.4,0.0,0.0,0.0,309.5,0.8,1.7,1.7,3.224,1.0227,0.0,0.0,0.0,0.0,0.0,0.0,0.0,0.0,0.0,0.0,0.5537,0.0,0.0,0.0,0.0,0.1616,0.1697,0.0771,0.0131,0.0,0.0099,0.0031,1.36,6.27,3.47,27.7,23.76,0,MOD-00623,2025-04-19T18:07:31,2025-04-19T11:07:31,https://api.quant-aq.com/v1/devices/MOD-00623/data/raw/367266319
0,657.2,26.59999999999991,683.8,1435.1,668.9,4.7000000000000455,673.6,1646.5,-1.099999999999909,1645.4,1646.4,8.099999999999909,1653.5,,,38.5,17.4,0.0,0.0,0.0,242.75,0.4,1.7,1.4,3.732,1.071,0.0,0.0,0.0,0.0,0.0,0.0,0.0,0.0,0.0,0.0,0.6254,0.0,0.0,0.0,0.0,0.1753,0.1633,0.1023,0.029,0.0033,0.0154,0.0037,1.5,8.39,4.17,27.51,23.74,0,MOD-00623,2025-04-19T18:06:31,2025-04-19T11:06:31,https://api.quant-aq.com/v1/devices/MOD-00623/data/raw/367266320
0,653.7,29.09999999999991,682.8,1434.0,669.3,4.300000000000068,673.6,1646.4,-1.0,1645.4,1646.4,8.699999999999818,1654.1,,,37.9,17.5,0.0,0.0,0.0,329.75,0.9,3.8,2.9,4.4903,1.0562,0.0,0.0,0.0,0.0,0.0,0.0,0.0,0.0,0.0,0.0,0.5894,0.0,0.0,0.0,0.0,0.1574,0.2158,0.0535,0.0365,0.0096,0.01,0.0064,1.56,8.63,4.13,27.48,23.8,0,MOD-00623,2025-04-19T18:05:31,2025-04-19T11:05:31,https://api.quant-aq.com/v1/devices/MOD-00623/data/raw/367266321
0,650.8,30.700000000000045,681.5,1438.2,669.6,4.7999999999999545,674.4,1646.3,-1.099999999999909,1645.2,1646.5,8.299999999999955,1653.5,,,37.9,17.5,0.0,0.0,0.0,266.5,0.6,3.2,2.8,3.2013,0.9571,0.0,0.0,0.0,0.0,0.0,0.0,0.0,0.0,0.0,0.0,0.6237,0.0,0.0,0.0,0.0,0.1789,0.1626,0.0751,0.0501,0.0126,0.0064,0.0,1.4,6.89,4.12,27.52,23.84,0,MOD-00623,2025-04-19T18:04:31,2025-04-19T11:04:31,https://api.quant-aq.com/v1/devices/MOD-00623/data/raw/367266322
0,649.9,31.100000000000023,681.0,1440.3,669.9,3.800000000000068,673.7,1646.5,-0.599999999999909,1645.9,1646.6,8.099999999999909,1654.0,,,38.4,17.6,0.0,0.0,0.0,215.0,0.1,2.6,1.2,3.6656,1.0421,0.0,0.0034,0.0,0.0,0.0,0.0,0.0,0.0,0.0,0.0,0.5991,0.0,0.0,0.0,0.0,0.2129,0.209,0.0481,0.0232,0.011,0.0079,0.004,1.51,9.39,3.9,27.72,23.8,0,MOD-00623,2025-04-19T18:03:31,2025-04-19T11:03:31,https://api.quant-aq.com/v1/devices/MOD-00623/data/raw/367264011
0,650.9,30.100000000000023,681.0,1440.6,668.1,4.399999999999977,672.5,1646.5,-0.900000000000091,1645.6,1646.4,7.900000000000091,1653.5,,,37.9,17.5,0.0,0.0,0.0,239.25,0.0,2.2,1.8,4.1183,1.0316,0.0,0.0,0.0,0.0,0.0,0.0,0.0,0.0,0.0,0.0,0.6483,0.0,0.0,0.0,0.0,0.2109,0.2095,0.1226,0.0164,0.013,0.0165,0.0119,1.63,11.71,4.75,27.58,23.83,0,MOD-00623,2025-04-19T18:02:31,2025-04-19T11:02:31,https://api.quant-aq.com/v1/devices/MOD-00623/data/raw/367264013
0,653.8,28.40000000000009,682.2,1441.0,669.7,5.0,674.7,1646.5,-1.2999999999999545,1645.2,1646.1,8.0,1653.2,,,38.1,17.5,0.0,0.0,0.0,245.0,0.2,1.7,1.7,5.1993,0.9517,0.0038,0.0,0.0,0.0,0.0,0.0,0.0,0.0,0.0,0.0,0.6147,0.0,0.0,0.0,0.0,0.1759,0.1997,0.0637,0.0183,0.0114,0.0071,0.0,1.64,7.85,3.99,27.58,23.84,0,MOD-00623,2025-04-19T18:01:31,2025-04-19T11:01:31,https://api.quant-aq.com/v1/devices/MOD-00623/data/raw/367264012
0,655.9,27.399999999999977,683.3,1438.0,669.3,4.2000000000000455,673.5,1646.6,-1.0,1645.6,1646.4,8.200000000000045,1653.8,,,38.4,17.5,0.0,0.0,0.0,256.25,0.5,2.5,2.5,5.6029,1.0809,0.0,0.0,0.0,0.0,0.0,0.0,0.0,0.0,0.0,0.0,0.6012,0.0,0.0,0.0,0.0,0.1929,0.1779,0.0684,0.045,0.0174,0.0141,0.0071,1.71,10.43,4.57,27.58,23.86,0,MOD-00623,2025-04-19T18:00:31,2025-04-19T11:00:31,https://api.quant-aq.com/v1/devices/MOD-00623/data/raw/367264009
0,656.4,27.300000000000068,683.7,1438.5,669.2,4.399999999999977,673.6,1646.5,-1.2999999999999545,1645.2,1646.2,8.399999999999864,1653.6,,,38.0,17.5,0.0,0.0,0.0,271.75,0.4,2.2,1.8,3.1355,1.0788,0.0,0.0,0.0,0.0,0.0,0.0,0.0,0.0,0.0,0.0,0.6502,0.0,0.0,0.0,0.0,0.179,0.1949,0.0633,0.0246,0.0169,0.0,0.0071,1.46,7.47,3.92,27.5,23.88,0,MOD-00623,2025-04-19T17:59:31,2025-04-19T10:59:31,https://api.quant-aq.com/v1/devices/MOD-00623/data/raw/367261577
0,654.0,29.0,683.0,1436.3,670.2,4.399999999999977,674.6,1646.4,-1.0,1645.4,1646.5,8.5,1653.9,,,38.1,17.6,0.0,0.0,0.0,259.0,0.5,2.2,1.8,3.3828,1.0432,0.0,0.0,0.0,0.0,0.0,0.0,0.0,0.0,0.0,0.0,0.549,0.0,0.0,0.0,0.0,0.1779,0.1735,0.0843,0.0406,0.0065,0.0071,0.0037,1.41,7.44,4.05,27.52,23.91,0,MOD-00623,2025-04-19T17:58:31,2025-04-19T10:58:31,https://api.quant-aq.com/v1/devices/MOD-00623/data/raw/367261576
0,651.5,30.299999999999955,681.8,1437.4,669.3,4.7000000000000455,674.0,1646.8,-1.2999999999999545,1645.5,1646.5,8.099999999999909,1653.6,,,37.9,17.6,0.0,0.0,0.0,277.0,0.8,1.6,1.6,4.8172,0.9886,0.0,0.0,0.0,0.0,0.0,0.0,0.0,0.0,0.0,0.0,0.6354,0.0,0.0,0.0,0.0,0.1637,0.1997,0.0836,0.0282,0.0103,0.0035,0.0,1.62,6.15,4.2,27.45,23.94,0,MOD-00623,2025-04-19T17:57:31,2025-04-19T10:57:31,https://api.quant-aq.com/v1/devices/MOD-00623/data/raw/367261575
0,650.8,31.300000000000068,682.1,1440.7,670.3,4.5,674.8,1646.5,-0.900000000000091,1645.6,1646.4,8.0,1653.6,,,38.0,17.6,0.0,0.0,0.0,231.0,0.1,1.5,1.5,3.3874,0.894,0.0,0.0,0.0,0.0,0.0,0.0,0.0,0.0,0.0,0.0,0.554,0.0,0.0,0.0,0.0,0.1907,0.1832,0.0727,0.0303,0.0105,0.0105,0.0,1.38,6.8,3.92,27.52,23.93,0,MOD-00623,2025-04-19T17:56:31,2025-04-19T10:56:31,https://api.quant-aq.com/v1/devices/MOD-00623/data/raw/367261574
0,652.1,28.5,680.6,1440.3,669.6,4.699999999999932,674.3,1646.5,-1.0,1645.5,1646.2,7.7000000000000455,1653.2,,,38.0,17.6,0.0,0.0,0.0,221.75,0.3,1.4,1.4,3.3468,0.9832,0.0032,0.0,0.0,0.0,0.0,0.0,0.0,0.0,0.0,0.0,0.5813,0.0,0.0,0.0,0.0,0.1951,0.1825,0.055,0.0245,0.0202,0.0,0.0,1.41,6.95,3.77,27.44,23.93,0,MOD-00623,2025-04-19T17:55:31,2025-04-19T10:55:31,https://api.quant-aq.com/v1/devices/MOD-00623/data/raw/367259232
0,654.3,27.800000000000068,682.1,1441.2,668.7,4.699999999999932,673.4,1646.6,-1.099999999999909,1645.5,1646.2,7.599999999999909,1653.1,,,38.0,17.6,0.0,0.0,0.0,243.75,0.7,1.8,1.7,3.6123,0.9743,0.0,0.0,0.0,0.0,0.0,0.0,0.0,0.0,0.0,0.0,0.5501,0.0,0.0,0.0,0.0,0.2127,0.1961,0.0811,0.0319,0.0034,0.0,0.0034,1.47,6.06,4.0,27.46,23.96,0,MOD-00623,2025-04-19T17:54:31,2025-04-19T10:54:31,https://api.quant-aq.com/v1/devices/MOD-00623/data/raw/367259231
0,656.6,26.399999999999977,683.0,1440.0,669.7,4.399999999999977,674.1,1646.6,-1.0,1645.6,1646.4,7.7000000000000455,1653.3,,,38.0,17.6,0.0,0.0,0.0,194.5,0.0,1.6,1.1,5.2726,0.9676,0.0038,0.0,0.0,0.0,0.0,0.0,0.0,0.0,0.0,0.0,0.5799,0.0,0.0,0.0,0.0,0.2093,0.2102,0.0528,0.042,0.0217,0.007,0.0,1.67,9.26,4.46,27.45,23.96,0,MOD-00623,2025-04-19T17:53:31,2025-04-19T10:53:31,https://api.quant-aq.com/v1/devices/MOD-00623/data/raw/367259230
0,657.5,26.299999999999955,683.8,1435.0,669.2,3.8999999999999773,673.1,1646.7,-1.1000000000001364,1645.6,1646.3,7.900000000000091,1653.5,,,37.7,17.6,0.0,0.0,0.0,264.0,0.5,2.6,2.6,3.408,1.0235,0.0,0.0037,0.0032,0.0,0.0037,0.0,0.0,0.0,0.0,0.0,0.6152,0.0,0.0,0.0,0.0,0.2406,0.1596,0.0952,0.0338,0.0103,0.0032,0.0,1.5,13.19,4.2,27.18,23.97,0,MOD-00623,2025-04-19T17:52:31,2025-04-19T10:52:31,https://api.quant-aq.com/v1/devices/MOD-00623/data/raw/367259233
0,655.0,29.5,684.5,1432.9,669.8,5.0,674.8,1647.0,-1.5,1645.5,1646.7,7.7999999999999545,1653.3,,,37.6,17.6,0.0,0.0,0.0,376.75,1.2,4.2,2.9,3.0812,1.0811,0.0,0.0,0.0032,0.0,0.0,0.0,0.0,0.0,0.0,0.0,0.5406,0.0,0.0,0.0,0.0,0.1655,0.1639,0.0624,0.043,0.0059,0.0031,0.0,1.35,7.78,3.7,27.18,24.0,0,MOD-00623,2025-04-19T17:51:31,2025-04-19T10:51:31,https://api.quant-aq.com/v1/devices/MOD-00623/data/raw/367256877
0,656.0,29.299999999999955,685.3,1437.5,669.5,4.7000000000000455,674.2,1647.1,-1.0,1646.1,1646.8,7.7000000000000455,1653.8,,,38.1,17.7,0.0,0.0,0.0,305.0,0.8,2.4,2.4,3.6165,0.9639,0.0,0.0,0.0,0.0,0.0,0.0,0.0,0.0,0.0,0.0,0.6272,0.0,0.0,0.0,0.0,0.1693,0.1761,0.0702,0.0339,0.0172,0.0036,0.0,1.45,6.35,3.99,27.36,24.04,0,MOD-00623,2025-04-19T17:50:31,2025-04-19T10:50:31,https://api.quant-aq.com/v1/devices/MOD-00623/data/raw/367256874
0,654.7,30.09999999999991,684.8,1435.0,669.5,4.7000000000000455,674.2,1647.3,-1.2999999999999545,1646.0,1646.9,7.7999999999999545,1653.8,,,37.7,17.7,0.0,0.0,0.0,292.25,0.6,2.4,2.4,4.8781,0.8909,0.0,0.0,0.0,0.0,0.0,0.0,0.0,0.0,0.0,0.0,0.5927,0.0,0.0,0.0,0.0,0.1574,0.1781,0.0414,0.0412,0.0032,0.0093,0.0032,1.53,7.0,3.77,27.45,24.03,0,MOD-00623,2025-04-19T17:49:31,2025-04-19T10:49:31,https://api.quant-aq.com/v1/devices/MOD-00623/data/raw/367256872
0,653.4,30.300000000000068,683.7,1436.2,669.8,4.800000000000068,674.6,1647.2,-0.900000000000091,1646.3,1647.1,7.7000000000000455,1654.0,,,37.9,17.7,0.0,0.0,0.0,236.25,0.4,2.6,2.4,3.3716,1.0437,0.0,0.0,0.0,0.0,0.0,0.0,0.0,0.0,0.0,0.0,0.6844,0.0,0.0,0.0,0.0,0.1326,0.1528,0.0881,0.0308,0.0103,0.0068,0.0,1.44,6.32,3.9,27.56,24.03,0,MOD-00623,2025-04-19T17:48:31,2025-04-19T10:48:31,https://api.quant-aq.com/v1/devices/MOD-00623/data/raw/367256873
0,653.5,31.299999999999955,684.8,1435.3,670.1,4.7999999999999545,674.9,1647.4,-1.300000000000182,1646.1,1647.1,7.5,1653.6,,,37.8,17.7,0.0,0.0,0.0,228.25,0.4,2.5,1.7,3.5543,1.0821,0.0,0.0,0.0,0.0,0.0,0.0,0.0,0.0,0.0,0.0,0.5933,0.0,0.0,0.0,0.0,0.1621,0.2074,0.0891,0.038,0.0139,0.0071,0.0034,1.49,8.09,4.37,27.5,24.01,0,MOD-00623,2025-04-19T17:47:31,2025-04-19T10:47:31,https://api.quant-aq.com/v1/devices/MOD-00623/data/raw/367254462
0,654.5,30.899999999999977,685.4,1440.5,670.2,4.899999999999977,675.1,1647.4,-1.2000000000000455,1646.2,1647.0,7.5,1653.7,,,38.4,17.7,0.0,0.0,0.0,162.0,0.0,0.5,0.5,3.7183,0.903,0.0039,0.0,0.0,0.0,0.0,0.0,0.0,0.0,0.0,0.0,0.5718,0.0,0.0,0.0,0.0,0.1297,0.1863,0.0785,0.0526,0.0038,0.0038,0.0,1.39,7.7,4.04,27.86,23.99,0,MOD-00623,2025-04-19T17:46:31,2025-04-19T10:46:31,https://api.quant-aq.com/v1/devices/MOD-00623/data/raw/367254460
0,652.7,33.19999999999993,685.9,1436.7,669.7,4.699999999999932,674.4,1647.2,-0.7999999999999545,1646.4,1647.2,7.899999999999864,1654.3,,,38.9,17.6,0.0,0.0,0.0,245.25,0.8,1.2,1.2,5.3486,1.1188,0.0037,0.0037,0.0,0.0,0.0,0.0,0.0,0.0,0.0,0.0,0.5988,0.0,0.0,0.0,0.0,0.1766,0.234,0.1061,0.0393,0.0247,0.0035,0.0034,1.75,12.81,5.05,28.11,23.96,0,MOD-00623,2025-04-19T17:45:31,2025-04-19T10:45:31,https://api.quant-aq.com/v1/devices/MOD-00623/data/raw/367254461
0,651.0,34.700000000000045,685.7,1438.0,669.7,4.399999999999977,674.1,1647.2,-0.7999999999999545,1646.4,1647.0,7.7999999999999545,1654.2,,,39.1,17.6,0.0,0.0,0.0,277.5,0.9,2.5,1.8,3.4991,1.1443,0.0,0.0,0.0,0.0,0.0,0.0,0.0,0.0,0.0,0.0,0.5884,0.0,0.0,0.0,0.0,0.1354,0.1806,0.0965,0.041,0.0204,0.0102,0.0033,1.45,8.92,4.4,28.26,23.96,0,MOD-00623,2025-04-19T17:44:31,2025-04-19T10:44:31,https://api.quant-aq.com/v1/devices/MOD-00623/data/raw/367254459
0,654.4,31.399999999999977,685.8,1438.9,669.5,4.7000000000000455,674.2,1647.4,-1.0,1646.4,1647.0,7.399999999999864,1653.8,,,39.0,17.6,0.0,0.0,0.0,252.0,0.7,2.0,1.8,3.6918,1.1342,0.0,0.0,0.0,0.0,0.0,0.0,0.0,0.0,0.0,0.0,0.7466,0.0,0.0,0.0,0.0,0.1831,0.2202,0.0767,0.0404,0.0037,0.0109,0.0,1.64,7.24,4.46,28.24,23.9,0,MOD-00623,2025-04-19T17:43:31,2025-04-19T10:43:31,https://api.quant-aq.com/v1/devices/MOD-00623/data/raw/367252087
0,656.0,28.0,684.0,1439.4,669.7,4.0,673.7,1647.3,-0.7000000000000455,1646.6,1647.0,7.800000000000182,1654.4,,,38.9,17.5,0.0,0.0,0.0,206.0,0.1,0.8,0.8,3.9886,1.0721,0.0,0.0037,0.0,0.0,0.0,0.0,0.0,0.0,0.0,0.0,0.6275,0.0,0.0,0.0,0.0,0.1645,0.1582,0.1281,0.037,0.0073,0.0111,0.0037,1.54,10.84,4.5,28.13,23.87,0,MOD-00623,2025-04-19T17:42:31,2025-04-19T10:42:31,https://api.quant-aq.com/v1/devices/MOD-00623/data/raw/367252086
0,654.0,29.100000000000023,683.1,1437.5,669.4,4.5,673.9,1647.5,-1.099999999999909,1646.4,1647.2,7.899999999999864,1654.3,,,38.6,17.5,0.0,0.0,0.0,300.25,0.6,2.1,2.1,5.2493,1.2373,0.0,0.0,0.0,0.0,0.0,0.0,0.0,0.0,0.0,0.0,0.6807,0.0,0.0,0.0,0.0,0.1886,0.1937,0.1252,0.05,0.0107,0.0036,0.0036,1.81,8.56,5.11,27.91,23.83,0,MOD-00623,2025-04-19T17:41:31,2025-04-19T10:41:31,https://api.quant-aq.com/v1/devices/MOD-00623/data/raw/367252085
0,652.7,30.799999999999955,683.5,1437.3,669.5,4.5,674.0,1647.4,-1.1000000000001364,1646.3,1647.4,8.100000000000136,1654.4,,,38.5,17.5,0.0,0.0,0.0,286.25,0.6,2.2,2.2,3.5735,1.0381,0.0,0.0,0.0,0.0,0.0,0.0,0.0,0.0,0.0,0.0,0.6614,0.0,0.0,0.0,0.0,0.1934,0.2235,0.1068,0.0496,0.0182,0.0207,0.0035,1.58,11.17,5.09,27.85,23.86,0,MOD-00623,2025-04-19T17:40:31,2025-04-19T10:40:31,https://api.quant-aq.com/v1/devices/MOD-00623/data/raw/367252083
0,651.9,30.700000000000045,682.6,1441.7,669.1,4.399999999999977,673.5,1647.5,-0.900000000000091,1646.6,1647.2,7.800000000000182,1654.4,,,38.5,17.5,0.0,0.0,0.0,221.75,0.1,1.5,1.5,3.4767,1.0162,0.0,0.0,0.0,0.0,0.0,0.0,0.0,0.0,0.0,0.0,0.7211,0.0,0.0,0.0,0.0,0.1701,0.1388,0.0927,0.0391,0.0071,0.0036,0.0035,1.49,6.95,4.06,27.91,23.81,0,MOD-00623,2025-04-19T17:39:31,2025-04-19T10:39:31,https://api.quant-aq.com/v1/devices/MOD-00623/data/raw/367249746
0,653.6,30.199999999999932,683.8,1440.9,669.6,4.7999999999999545,674.4,1647.3,-0.7999999999999545,1646.5,1647.3,7.5,1654.0,,,38.3,17.5,0.0,0.0,0.0,214.5,0.1,1.3,1.0,3.9136,0.9581,0.0,0.0,0.0,0.0,0.0,0.0,0.0,0.0,0.0,0.0,0.6617,0.0,0.0,0.0,0.0,0.1914,0.1769,0.091,0.0498,0.0115,0.0078,0.0,1.54,7.45,4.49,27.8,23.76,0,MOD-00623,2025-04-19T17:38:31,2025-04-19T10:38:31,https://api.quant-aq.com/v1/devices/MOD-00623/data/raw/367249745
0,654.6,29.299999999999955,683.9,1440.1,669.2,4.399999999999977,673.6,1647.6,-1.0,1646.6,1647.3,7.600000000000136,1654.2,,,38.5,17.4,0.0,0.0,0.0,225.5,0.2,1.4,1.4,5.7627,1.1581,0.0,0.0,0.0,0.0,0.0,0.0,0.0,0.0,0.0,0.0,0.7019,0.0,0.0,0.0,0.0,0.2023,0.1949,0.0596,0.0338,0.0192,0.0113,0.0046,1.84,9.27,4.57,27.84,23.74,0,MOD-00623,2025-04-19T17:37:31,2025-04-19T10:37:31,https://api.quant-aq.com/v1/devices/MOD-00623/data/raw/367249744
0,652.3,31.5,683.8,1436.5,669.5,4.7999999999999545,674.3,1647.6,-1.099999999999909,1646.5,1647.3,7.900000000000091,1654.4,,,38.2,17.4,0.0,0.0,0.0,255.75,0.5,2.4,2.0,3.5405,0.951,0.0,0.0,0.0,0.0,0.0,0.0,0.0,0.0,0.0,0.0,0.6774,0.0,0.0,0.0,0.0,0.1717,0.1658,0.0855,0.036,0.0128,0.0162,0.0031,1.47,8.97,4.23,27.7,23.72,0,MOD-00623,2025-04-19T17:36:31,2025-04-19T10:36:31,https://api.quant-aq.com/v1/devices/MOD-00623/data/raw/367249743
0,651.4,32.0,683.4,1439.0,670.0,4.7000000000000455,674.7,1647.6,-1.0,1646.6,1647.3,7.400000000000091,1654.0,,,38.8,17.4,0.0,0.0,0.0,198.0,0.0,1.4,1.0,3.7849,1.1011,0.0,0.0,0.0,0.0,0.0,0.0,0.0,0.0,0.0,0.0,0.6437,0.0,0.0,0.0,0.0,0.239,0.2281,0.0721,0.0248,0.0109,0.011,0.0037,1.63,8.31,4.41,27.99,23.72,0,MOD-00623,2025-04-19T17:35:31,2025-04-19T10:35:31,https://api.quant-aq.com/v1/devices/MOD-00623/data/raw/367247394
0,651.5,31.399999999999977,682.9,1439.6,669.0,4.399999999999977,673.4,1647.5,-0.7000000000000455,1646.8,1647.2,7.600000000000136,1654.4,,,39.4,17.3,0.0,0.0,0.0,214.75,0.2,1.5,1.5,3.9334,1.0813,0.0,0.0,0.0,0.0,0.0,0.0,0.0,0.0,0.0,0.0,0.6864,0.0,0.0,0.0,0.0,0.2144,0.1855,0.1021,0.0344,0.0156,0.0036,0.0039,1.63,8.02,4.58,28.41,23.67,0,MOD-00623,2025-04-19T17:34:31,2025-04-19T10:34:31,https://api.quant-aq.com/v1/devices/MOD-00623/data/raw/367247390
0,652.0,31.200000000000045,683.2,1440.4,669.3,4.5,673.8,1647.3,-0.7999999999999545,1646.5,1647.2,7.900000000000091,1654.4,,,39.7,17.3,0.0,0.0,0.0,324.5,0.8,3.2,2.5,5.4882,1.1258,0.0,0.0,0.0,0.0,0.0,0.0,0.0,0.0,0.0,0.0,0.6267,0.0,0.0,0.0,0.0,0.251,0.256,0.073,0.0573,0.0073,0.0,0.0072,1.86,8.77,5.07,28.51,23.65,0,MOD-00623,2025-04-19T17:33:31,2025-04-19T10:33:31,https://api.quant-aq.com/v1/devices/MOD-00623/data/raw/367247388
0,654.1,29.199999999999932,683.3,1442.0,669.3,4.100000000000023,673.4,1647.5,-0.599999999999909,1646.9,1647.1,7.5,1654.4,,,40.1,17.2,0.0,0.0,0.0,172.0,0.2,1.5,1.4,3.6696,1.0029,0.0,0.0,0.0,0.0,0.0,0.0,0.0,0.0,0.0,0.0,0.6885,0.0,0.0,0.0,0.0,0.1917,0.1634,0.0742,0.0738,0.0299,0.0112,0.0179,1.53,14.44,4.97,28.67,23.6,0,MOD-00623,2025-04-19T17:32:31,2025-04-19T10:32:31,https://api.quant-aq.com/v1/devices/MOD-00623/data/raw/367247387
0,653.7,29.09999999999991,682.8,1439.3,669.1,4.0,673.1,1647.3,-0.7999999999999545,1646.5,1647.2,8.0,1654.5,,,39.6,17.2,0.0,0.0,0.0,197.0,0.4,1.2,1.2,3.5327,1.0039,0.0,0.0,0.0,0.0,0.0,0.0,0.0,0.0,0.0,0.0,0.627,0.0,0.0,0.0,0.0,0.1776,0.2262,0.0545,0.0204,0.0241,0.0138,0.0034,1.49,8.91,4.16,28.44,23.56,0,MOD-00623,2025-04-19T17:31:31,2025-04-19T10:31:31,https://api.quant-aq.com/v1/devices/MOD-00623/data/raw/367245009
0,652.6,29.299999999999955,681.9,1439.8,668.8,4.7000000000000455,673.5,1647.3,-1.2000000000000455,1646.1,1647.2,7.800000000000182,1653.9,,,39.4,17.2,0.0,0.0,0.0,259.5,0.5,3.5,2.3,3.8429,0.9723,0.0,0.0,0.0,0.0,0.0,0.0,0.0,0.0,0.0,0.0,0.619,0.0,0.0,0.0,0.0,0.1926,0.1616,0.0991,0.0377,0.0246,0.0035,0.0,1.5,7.32,4.42,28.35,23.56,0,MOD-00623,2025-04-19T17:30:31,2025-04-19T10:30:31,https://api.quant-aq.com/v1/devices/MOD-00623/data/raw/367245008
0,652.4,29.700000000000045,682.1,1440.8,669.2,3.5,672.7,1647.4,-0.8000000000001819,1646.6,1646.9,7.900000000000091,1654.5,,,39.7,17.1,0.0,0.0,0.0,313.0,0.9,2.9,2.5,4.8177,0.9204,0.0036,0.0,0.0,0.0,0.0,0.0,0.0,0.0,0.0,0.0,0.5944,0.0,0.0,0.0,0.0,0.1554,0.1781,0.0995,0.0568,0.0108,0.0072,0.0,1.56,9.14,4.59,28.44,23.52,0,MOD-00623,2025-04-19T17:29:31,2025-04-19T10:29:31,https://api.quant-aq.com/v1/devices/MOD-00623/data/raw/367245007
0,651.9,30.200000000000045,682.1,1440.0,669.0,4.2999999999999545,673.3,1647.4,-1.1000000000001364,1646.3,1647.1,7.7999999999999545,1654.1,,,39.7,17.1,0.0,0.0,0.0,194.75,0.1,2.0,0.9,3.3445,0.8114,0.0,0.0,0.0,0.0,0.0,0.0,0.0,0.0,0.0,0.0,0.5701,0.0,0.0,0.0,0.0,0.1949,0.1915,0.0907,0.0438,0.0169,0.013,0.0069,1.39,10.14,4.45,28.33,23.5,0,MOD-00623,2025-04-19T17:28:31,2025-04-19T10:28:31,https://api.quant-aq.com/v1/devices/MOD-00623/data/raw/367245006
0,651.0,31.399999999999977,682.4,1439.2,669.1,4.199999999999932,673.3,1647.2,-1.1000000000001364,1646.1,1647.2,8.100000000000136,1654.2,,,39.0,17.1,0.0,0.0,0.0,294.75,0.4,2.9,2.1,3.1985,0.856,0.0,0.0,0.0,0.0,0.0,0.0,0.0,0.0,0.0,0.0,0.5007,0.0,0.0,0.0,0.0,0.1617,0.1392,0.1001,0.042,0.0194,0.0032,0.0063,1.27,8.36,4.03,28.23,23.46,0,MOD-00623,2025-04-19T17:27:31,2025-04-19T10:27:31,https://api.quant-aq.com/v1/devices/MOD-00623/data/raw/367242619
0,651.1,30.699999999999932,681.8,1438.1,668.8,4.5,673.3,1647.0,-1.0,1646.0,1647.0,7.7000000000000455,1653.7,,,39.2,17.0,0.0,0.0,0.0,267.5,0.2,2.0,1.2,3.7364,0.918,0.0,0.0,0.0,0.0,0.0,0.0,0.0,0.0,0.0,0.0,0.5801,0.0,0.0,0.0,0.0,0.1323,0.1379,0.0661,0.0276,0.014,0.0145,0.0072,1.35,9.07,3.64,28.24,23.41,0,MOD-00623,2025-04-19T17:26:31,2025-04-19T10:26:31,https://api.quant-aq.com/v1/devices/MOD-00623/data/raw/367242617
0,650.1,31.299999999999955,681.4,1442.3,668.2,4.2999999999999545,672.5,1647.0,-1.2000000000000455,1645.8,1647.1,8.0,1653.8,,,39.2,17.0,0.0,0.0,0.0,273.75,0.4,2.2,2.2,4.852,0.9703,0.0,0.0,0.0,0.0,0.0,0.0,0.0,0.0,0.0,0.0,0.5468,0.0,0.0,0.0,0.0,0.147,0.1614,0.122,0.0426,0.0142,0.0069,0.0,1.54,7.49,4.52,28.39,23.38,0,MOD-00623,2025-04-19T17:25:31,2025-04-19T10:25:31,https://api.quant-aq.com/v1/devices/MOD-00623/data/raw/367242618
0,649.4,31.100000000000023,680.5,1442.7,668.8,4.400000000000091,673.2,1647.0,-1.2999999999999545,1645.7,1647.0,7.899999999999864,1653.6,,,39.8,16.9,0.0,0.0,0.0,237.0,0.2,2.2,1.6,3.6505,1.069,0.0,0.0,0.0038,0.0,0.0,0.0,0.0,0.0,0.0,0.0,0.6537,0.0,0.0,0.0,0.0,0.1729,0.2052,0.0733,0.0217,0.0183,0.0,0.011,1.53,11.51,4.12,28.59,23.32,0,MOD-00623,2025-04-19T17:24:31,2025-04-19T10:24:31,https://api.quant-aq.com/v1/devices/MOD-00623/data/raw/367242616
0,649.2,32.0,681.2,1445.0,668.1,4.100000000000023,672.2,1646.6,-0.6999999999998181,1645.9,1646.6,7.599999999999909,1653.5,,,40.3,16.9,0.0,0.0,0.0,289.0,0.8,3.2,2.6,3.5272,1.04,0.0,0.0,0.0,0.0,0.0,0.0,0.0,0.0,0.0,0.0,0.5665,0.0,0.0,0.0,0.0,0.1884,0.1523,0.0747,0.0608,0.014,0.0072,0.0069,1.43,9.25,4.3,28.91,23.27,0,MOD-00623,2025-04-19T17:23:31,2025-04-19T10:23:31,https://api.quant-aq.com/v1/devices/MOD-00623/data/raw/367240287
0,650.6,29.899999999999977,680.5,1441.1,668.6,3.8999999999999773,672.5,1646.5,-0.900000000000091,1645.6,1646.4,8.100000000000136,1653.7,,,40.5,16.8,0.0,0.0,0.0,230.0,0.5,2.2,1.2,4.0291,0.9761,0.0,0.0,0.0,0.0,0.0,0.0,0.0,0.0,0.0,0.0,0.6176,0.0,0.0,0.0,0.0,0.2134,0.2586,0.1,0.0772,0.0302,0.0074,0.0038,1.63,11.1,5.65,28.92,23.23,0,MOD-00623,2025-04-19T17:22:31,2025-04-19T10:22:31,https://api.quant-aq.com/v1/devices/MOD-00623/data/raw/367240283
0,649.6,30.399999999999977,680.0,1440.0,668.8,4.400000000000091,673.2,1646.0,-0.7000000000000455,1645.3,1646.2,8.200000000000045,1653.5,,,40.4,16.8,0.0,0.0,0.0,290.75,0.6,2.9,1.4,4.6178,1.0116,0.0035,0.0,0.0,0.0,0.0,0.0,0.0,0.0,0.0,0.0,0.6769,0.0,0.0,0.0,0.0,0.1721,0.1852,0.12,0.0584,0.0172,0.0172,0.0033,1.65,12.34,5.17,28.89,23.22,0,MOD-00623,2025-04-19T17:21:31,2025-04-19T10:21:31,https://api.quant-aq.com/v1/devices/MOD-00623/data/raw/367240285
0,651.0,28.399999999999977,679.4,1441.5,668.7,4.099999999999909,672.8,1646.4,-0.900000000000091,1645.5,1646.0,7.7999999999999545,1653.3,,,40.2,16.8,0.0,0.0,0.0,200.75,0.0,0.9,0.9,3.4622,1.0067,0.0,0.0,0.0,0.0,0.0,0.0,0.0,0.0,0.0,0.0,0.6908,0.0,0.0,0.0,0.0,0.1587,0.2175,0.0861,0.042,0.0066,0.0093,0.0033,1.52,8.06,4.42,28.79,23.19,0,MOD-00623,2025-04-19T17:20:31,2025-04-19T10:20:31,https://api.quant-aq.com/v1/devices/MOD-00623/data/raw/367240286
0,653.5,25.700000000000045,679.2,1443.4,668.3,3.900000000000091,672.2,1645.9,-0.900000000000091,1645.0,1645.8,7.900000000000091,1652.9,,,40.2,16.8,0.0,0.0,0.0,187.5,0.0,0.6,0.3,3.6397,1.0278,0.0,0.0,0.0,0.0,0.0,0.0,0.0,0.0,0.0,0.0,0.6511,0.0,0.0,0.0,0.0,0.1523,0.2446,0.0733,0.0558,0.0258,0.0037,0.0,1.54,8.03,4.78,28.78,23.18,0,MOD-00623,2025-04-19T17:19:31,2025-04-19T10:19:31,https://api.quant-aq.com/v1/devices/MOD-00623/data/raw/367237895
0,652.6,27.199999999999932,679.8,1440.8,668.7,4.2999999999999545,673.0,1646.0,-1.099999999999909,1644.9,1645.8,8.0,1652.9,,,40.2,16.7,0.0,0.0,0.0,236.0,0.4,2.8,2.0,3.8573,1.0992,0.0,0.0,0.0,0.0,0.0,0.0,0.0,0.0,0.0,0.0,0.6156,0.0,0.0,0.0,0.0,0.2608,0.227,0.0822,0.0456,0.0188,0.0145,0.0,1.65,9.13,4.93,28.66,23.19,0,MOD-00623,2025-04-19T17:18:31,2025-04-19T10:18:31,https://api.quant-aq.com/v1/devices/MOD-00623/data/raw/367237896
0,653.1,26.799999999999955,679.9,1440.0,668.3,4.400000000000091,672.7,1645.6,-1.099999999999909,1644.5,1645.6,8.200000000000045,1652.7,,,40.0,16.8,0.0,0.0,0.0,285.25,0.9,2.2,2.2,4.8305,1.0292,0.0036,0.0,0.0,0.0,0.0,0.0,0.0,0.0,0.0,0.0,0.5892,0.0,0.0,0.0,0.0,0.1944,0.205,0.1107,0.0417,0.0103,0.0138,0.0034,1.65,10.94,4.83,28.62,23.23,0,MOD-00623,2025-04-19T17:17:31,2025-04-19T10:17:31,https://api.quant-aq.com/v1/devices/MOD-00623/data/raw/367237894
0,652.9,26.5,679.4,1441.5,668.0,4.100000000000023,672.1,1645.8,-1.099999999999909,1644.7,1645.7,8.099999999999909,1652.8,,,40.3,16.8,0.0,0.0,0.0,276.5,0.8,2.6,1.9,3.4373,0.9926,0.0,0.0,0.0,0.0,0.0,0.0,0.0,0.0,0.0,0.0,0.6625,0.0,0.0,0.0,0.0,0.1809,0.226,0.1178,0.0581,0.0175,0.0,0.0,1.55,7.53,5.03,28.68,23.27,0,MOD-00623,2025-04-19T17:16:31,2025-04-19T10:16:31,https://api.quant-aq.com/v1/devices/MOD-00623/data/raw/367237897
0,653.9,26.0,679.9,1434.2,668.2,4.2999999999999545,672.5,1645.7,-1.2999999999999545,1644.4,1645.4,7.899999999999864,1652.3,,,39.9,16.8,0.0,0.0,0.0,293.5,0.8,3.1,3.1,3.4781,0.9864,0.0,0.0,0.0,0.0,0.0,0.0,0.0,0.0,0.0,0.0,0.632,0.0,0.0,0.0,0.0,0.2167,0.1625,0.12,0.0289,0.022,0.0212,0.0,1.5,9.77,4.68,28.54,23.29,0,MOD-00623,2025-04-19T17:15:31,2025-04-19T10:15:31,https://api.quant-aq.com/v1/devices/MOD-00623/data/raw/367235552
0,657.5,24.299999999999955,681.8,1437.6,668.3,4.5,672.8,1645.9,-1.300000000000182,1644.6,1645.7,7.600000000000136,1652.2,,,39.9,16.9,0.0,0.0,0.0,221.5,0.4,1.2,1.2,3.8677,1.1858,0.0,0.0,0.0037,0.0,0.0,0.0,0.0,0.0,0.0,0.0,0.6912,0.0,0.0,0.0,0.0,0.1697,0.1763,0.0817,0.0351,0.0249,0.0106,0.0,1.59,10.85,4.45,28.44,23.3,0,MOD-00623,2025-04-19T17:14:31,2025-04-19T10:14:31,https://api.quant-aq.com/v1/devices/MOD-00623/data/raw/367235549
0,657.5,25.5,683.0,1439.9,667.6,3.699999999999932,671.3,1646.0,-1.2000000000000455,1644.8,1645.9,8.100000000000136,1652.9,,,39.7,16.9,0.0,0.0,0.0,260.0,0.8,2.2,2.2,4.9115,1.0463,0.0,0.0,0.0,0.0,0.0,0.0,0.0,0.0,0.0,0.0,0.6512,0.0,0.0,0.0,0.0,0.1776,0.2153,0.0926,0.0321,0.0149,0.0036,0.0,1.69,6.88,4.56,28.29,23.38,0,MOD-00623,2025-04-19T17:13:31,2025-04-19T10:13:31,https://api.quant-aq.com/v1/devices/MOD-00623/data/raw/367235550
0,657.1,24.899999999999977,682.0,1436.2,668.2,4.899999999999977,673.1,1646.1,-1.3999999999998636,1644.7,1646.0,7.899999999999864,1652.6,,,39.1,17.0,0.0,0.0,0.0,282.0,0.7,1.8,1.8,3.3048,1.0565,0.0,0.0,0.0,0.0,0.0,0.0,0.0,0.0,0.0,0.0,0.5813,0.0,0.0,0.0,0.0,0.1859,0.1984,0.0542,0.0466,0.0068,0.0069,0.0,1.44,6.41,4.0,27.97,23.49,0,MOD-00623,2025-04-19T17:12:31,2025-04-19T10:12:31,https://api.quant-aq.com/v1/devices/MOD-00623/data/raw/367235551
0,654.2,28.199999999999932,682.4,1439.1,668.3,4.7000000000000455,673.0,1646.7,-1.6000000000001364,1645.1,1646.4,7.800000000000182,1652.9,,,39.1,17.1,0.0,0.0,0.0,255.25,0.8,2.4,2.0,3.4024,1.0471,0.0035,0.0,0.0,0.0,0.0,0.0,0.0,0.0,0.0,0.0,0.6033,0.0,0.0,0.0,0.0,0.1649,0.1762,0.0924,0.0343,0.0108,0.0072,0.0,1.44,8.24,4.13,28.05,23.57,0,MOD-00623,2025-04-19T17:11:31,2025-04-19T10:11:31,https://api.quant-aq.com/v1/devices/MOD-00623/data/raw/367233202
0,656.4,26.600000000000023,683.0,1438.4,668.8,5.0,673.8,1646.6,-1.2999999999999545,1645.3,1646.6,7.600000000000136,1652.9,,,39.1,17.2,0.0,0.0,0.0,294.0,0.7,2.8,2.5,3.7499,1.0393,0.0,0.0,0.0,0.0,0.0,0.0,0.0,0.0,0.0,0.0,0.6126,0.0,0.0,0.0,0.0,0.1995,0.2194,0.0528,0.0383,0.0072,0.0,0.0106,1.53,8.27,4.09,28.06,23.65,0,MOD-00623,2025-04-19T17:10:31,2025-04-19T10:10:31,https://api.quant-aq.com/v1/devices/MOD-00623/data/raw/367233204
0,656.8,26.5,683.3,1439.4,669.6,4.0,673.6,1647.2,-1.2999999999999545,1645.9,1646.7,7.199999999999818,1653.1,,,39.6,17.3,0.0,0.0,0.0,225.25,0.2,1.8,1.7,5.2886,1.0592,0.0,0.0,0.0,0.0,0.0,0.0,0.0,0.0,0.0,0.0,0.6621,0.0,0.0,0.0,0.0,0.1994,0.221,0.1166,0.0453,0.0149,0.0109,0.0,1.79,8.79,5.17,28.12,23.7,0,MOD-00623,2025-04-19T17:09:31,2025-04-19T10:09:31,https://api.quant-aq.com/v1/devices/MOD-00623/data/raw/367233203
0,656.2,26.199999999999932,682.4,1437.2,669.1,4.399999999999977,673.5,1647.0,-1.400000000000091,1645.6,1647.0,7.600000000000136,1653.2,,,38.9,17.3,0.0,0.0,0.0,281.0,0.9,2.1,1.8,3.3613,1.0533,0.0033,0.0,0.0033,0.0034,0.0,0.0,0.0,0.0,0.0,0.0,0.572,0.0,0.0,0.0,0.0,0.196,0.1653,0.1046,0.0473,0.0242,0.0102,0.0033,1.45,15.7,4.63,27.9,23.77,0,MOD-00623,2025-04-19T17:08:31,2025-04-19T10:08:31,https://api.quant-aq.com/v1/devices/MOD-00623/data/raw/367233205
0,654.2,29.299999999999955,683.5,1433.0,669.7,5.099999999999909,674.8,1647.2,-1.6000000000001364,1645.6,1647.0,7.5,1653.1,,,38.7,17.4,0.0,0.0,0.0,301.25,0.8,2.8,2.7,3.2371,0.8297,0.0,0.0,0.0,0.0,0.0,0.0,0.0,0.0,0.0,0.0,0.5497,0.0,0.0,0.0,0.0,0.154,0.1542,0.0744,0.0387,0.0034,0.0068,0.0034,1.29,6.68,3.65,27.86,23.8,0,MOD-00623,2025-04-19T17:07:31,2025-04-19T10:07:31,https://api.quant-aq.com/v1/devices/MOD-00623/data/raw/367230809
0,652.3,30.700000000000045,683.0,1436.3,668.6,4.2999999999999545,672.9,1647.3,-1.099999999999909,1646.2,1647.4,7.5,1653.7,,,39.4,17.4,0.0,0.0,0.0,240.0,0.7,1.6,1.6,3.7512,0.9417,0.0,0.0,0.0,0.0,0.0,0.0,0.0,0.0,0.0,0.0,0.5787,0.0,0.0,0.0,0.0,0.1984,0.1676,0.079,0.0214,0.0178,0.0067,0.0,1.45,6.58,3.94,28.31,23.77,0,MOD-00623,2025-04-19T17:06:31,2025-04-19T10:06:31,https://api.quant-aq.com/v1/devices/MOD-00623/data/raw/367230808
0,653.6,29.299999999999955,682.9,1440.8,669.6,5.399999999999977,675.0,1647.2,-1.5,1645.7,1647.0,7.2000000000000455,1652.9,,,39.1,17.3,0.0,0.0,0.0,209.5,0.3,1.6,1.6,4.5001,0.9059,0.0,0.0,0.0,0.0,0.0,0.0,0.0,0.0,0.0,0.0,0.5879,0.0,0.0,0.0,0.0,0.1188,0.1397,0.0784,0.0337,0.0101,0.0171,0.0,1.43,7.64,3.84,28.19,23.76,0,MOD-00623,2025-04-19T17:05:31,2025-04-19T10:05:31,https://api.quant-aq.com/v1/devices/MOD-00623/data/raw/367230807
0,652.9,29.200000000000045,682.1,1438.0,668.9,4.0,672.9,1647.3,-1.0,1646.3,1647.2,7.400000000000091,1653.7,,,39.8,17.3,0.0,0.0,0.0,212.5,0.0,4.7,1.2,3.3161,0.8997,0.0,0.0,0.0,0.0,0.0,0.0,0.0,0.0,0.0,0.0,0.5547,0.0,0.0,0.0,0.0,0.1601,0.2088,0.1043,0.0381,0.0208,0.0034,0.0036,1.39,8.14,4.45,28.55,23.74,0,MOD-00623,2025-04-19T17:04:31,2025-04-19T10:04:31,https://api.quant-aq.com/v1/devices/MOD-00623/data/raw/367230806
0,652.2,29.399999999999977,681.6,1438.3,669.0,4.2999999999999545,673.3,1647.2,-1.2000000000000455,1646.0,1647.0,7.5,1653.5,,,39.3,17.3,0.0,0.0,0.0,239.5,0.1,2.8,1.8,3.8362,1.0131,0.0,0.0,0.0,0.0,0.0,0.0,0.0,0.0,0.0,0.0,0.6934,0.0,0.0,0.0,0.0,0.1657,0.1623,0.0944,0.0653,0.0252,0.0071,0.0073,1.54,10.65,4.85,28.32,23.69,0,MOD-00623,2025-04-19T17:03:31,2025-04-19T10:03:31,https://api.quant-aq.com/v1/devices/MOD-00623/data/raw/367228348
0,651.1,30.100000000000023,681.2,1439.7,669.0,4.7999999999999545,673.8,1647.4,-1.400000000000091,1646.0,1646.9,7.2999999999999545,1653.3,,,39.9,17.3,0.0,0.0,0.0,160.25,0.0,1.0,1.0,3.677,0.9863,0.0,0.0,0.0,0.0,0.0,0.0,0.0,0.0,0.0,0.0,0.6235,0.0,0.0,0.0,0.0,0.214,0.1602,0.0699,0.0387,0.0385,0.0074,0.0,1.49,8.51,4.43,28.51,23.66,0,MOD-00623,2025-04-19T17:02:31,2025-04-19T10:02:31,https://api.quant-aq.com/v1/devices/MOD-00623/data/raw/367228346
0,653.2,29.5,682.7,1441.3,669.1,4.399999999999977,673.5,1647.1,-1.099999999999909,1646.0,1646.8,7.400000000000091,1653.4,,,40.1,17.2,0.0,0.0,0.0,254.5,0.3,2.2,2.2,5.0417,1.0291,0.0,0.0,0.0,0.0,0.0,0.0,0.0,0.0,0.0,0.0,0.6503,0.0,0.0,0.0,0.0,0.2127,0.2438,0.1008,0.0356,0.0206,0.0104,0.0037,1.76,9.69,5.09,28.57,23.62,0,MOD-00623,2025-04-19T17:01:31,2025-04-19T10:01:31,https://api.quant-aq.com/v1/devices/MOD-00623/data/raw/367228347
0,654.9,27.100000000000023,682.0,1441.9,669.1,4.2999999999999545,673.4,1647.0,-1.2999999999999545,1645.7,1646.9,7.899999999999864,1653.6,,,39.7,17.2,0.0,0.0,0.0,226.5,0.2,1.9,1.9,5.9372,0.955,0.0,0.0,0.0,0.0,0.0,0.0,0.0,0.0,0.0,0.0,0.6096,0.0,0.0,0.0,0.0,0.2235,0.2306,0.1178,0.0341,0.0186,0.015,0.0037,1.82,10.42,5.25,28.39,23.59,0,MOD-00623,2025-04-19T17:00:31,2025-04-19T10:00:31,https://api.quant-aq.com/v1/devices/MOD-00623/data/raw/367228345
0,654.1,28.399999999999977,682.5,1439.3,669.5,4.5,674.0,1647.4,-1.5,1645.9,1646.8,7.5,1653.4,,,39.5,17.2,0.0,0.0,0.0,306.25,0.8,1.9,1.9,3.2659,0.9707,0.0,0.0,0.0,0.0,0.0,0.0,0.0,0.0,0.0,0.0,0.6952,0.0,0.0,0.0,0.0,0.2082,0.1783,0.095,0.0546,0.0191,0.0032,0.0034,1.51,8.43,4.68,28.32,23.59,0,MOD-00623,2025-04-19T16:59:31,2025-04-19T09:59:31,https://api.quant-aq.com/v1/devices/MOD-00623/data/raw/367225949
0,654.8,27.700000000000045,682.5,1436.2,668.7,4.5,673.2,1647.2,-1.400000000000091,1645.8,1646.8,7.600000000000136,1653.4,,,39.4,17.2,0.0,0.0,0.0,246.25,0.4,2.1,1.8,3.6016,1.1119,0.0,0.0,0.0,0.0,0.0,0.0,0.0,0.0,0.0,0.0,0.6515,0.0,0.0,0.0,0.0,0.1893,0.1911,0.1143,0.0288,0.0109,0.0,0.0036,1.56,7.01,4.43,28.25,23.57,0,MOD-00623,2025-04-19T16:58:31,2025-04-19T09:58:31,https://api.quant-aq.com/v1/devices/MOD-00623/data/raw/367225948
0,653.9,28.300000000000068,682.2,1439.2,669.5,4.899999999999977,674.4,1647.0,-1.400000000000091,1645.6,1647.0,7.600000000000136,1653.2,,,39.2,17.2,0.0,0.0,0.0,237.0,0.4,2.2,1.5,5.0982,1.0261,0.0,0.0045,0.0,0.0,0.0,0.0,0.0,0.0,0.0,0.0,0.6219,0.0,0.0,0.0,0.0,0.194,0.1566,0.0626,0.0362,0.0204,0.0072,0.0,1.63,9.94,4.18,28.25,23.55,0,MOD-00623,2025-04-19T16:57:31,2025-04-19T09:57:31,https://api.quant-aq.com/v1/devices/MOD-00623/data/raw/367225947
0,652.9,28.5,681.4,1438.9,670.1,4.600000000000023,674.7,1647.1,-1.2999999999999545,1645.8,1646.9,7.5,1653.3,,,39.6,17.1,0.0,0.0,0.0,249.5,0.2,2.8,2.5,3.5379,1.1326,0.0,0.0,0.0,0.0,0.0,0.0,0.0,0.0,0.0,0.0,0.644,0.0,0.0,0.0,0.0,0.1999,0.2064,0.1117,0.0318,0.0106,0.0035,0.0,1.58,6.68,4.55,28.34,23.56,0,MOD-00623,2025-04-19T16:56:31,2025-04-19T09:56:31,https://api.quant-aq.com/v1/devices/MOD-00623/data/raw/367225946
0,652.8,28.5,681.3,1440.4,669.1,5.0,674.1,1647.1,-1.3999999999998636,1645.7,1647.0,7.2000000000000455,1652.9,,,39.2,17.1,0.0,0.0,0.0,223.25,0.0,0.9,0.9,3.3785,1.0774,0.0,0.0,0.0,0.0,0.0,0.0,0.0,0.0,0.0,0.0,0.5406,0.0,0.0,0.0,0.0,0.197,0.1537,0.0772,0.0448,0.0175,0.0103,0.0,1.41,7.63,4.15,28.15,23.55,0,MOD-00623,2025-04-19T16:55:31,2025-04-19T09:55:31,https://api.quant-aq.com/v1/devices/MOD-00623/data/raw/367223622
0,654.5,27.5,682.0,1440.7,668.9,5.100000000000023,674.0,1647.2,-1.7999999999999545,1645.4,1646.8,7.5,1652.9,,,40.2,17.1,0.0,0.0,0.0,163.5,0.0,1.0,0.5,3.6359,0.9323,0.0036,0.0035,0.0,0.0,0.0,0.0,0.0,0.0,0.0,0.0,0.5287,0.0,0.0,0.0,0.0,0.1935,0.1802,0.0784,0.0541,0.0215,0.0105,0.0035,1.41,12.91,4.47,28.62,23.5,0,MOD-00623,2025-04-19T16:54:31,2025-04-19T09:54:31,https://api.quant-aq.com/v1/devices/MOD-00623/data/raw/367223621
0,654.0,27.399999999999977,681.4,1439.9,668.6,3.8999999999999773,672.5,1647.0,-1.099999999999909,1645.9,1646.8,7.899999999999864,1653.8,,,40.0,17.1,0.0,0.0,0.0,271.0,0.5,2.1,2.1,5.0439,1.1654,0.0,0.0035,0.0,0.0,0.0,0.0,0.0,0.0,0.0,0.0,0.6691,0.0,0.0,0.0,0.0,0.211,0.2382,0.0722,0.0344,0.0104,0.0033,0.0101,1.79,11.47,4.66,28.6,23.49,0,MOD-00623,2025-04-19T16:53:31,2025-04-19T09:53:31,https://api.quant-aq.com/v1/devices/MOD-00623/data/raw/367223620
0,652.5,29.299999999999955,681.8,1438.4,668.7,4.7999999999999545,673.5,1647.0,-1.5,1645.5,1647.1,7.5,1653.0,,,39.7,17.1,0.0,0.0,0.0,202.75,0.2,1.4,1.4,3.455,0.9637,0.0,0.0,0.0,0.0,0.0,0.0,0.0,0.0,0.0,0.0,0.6466,0.0,0.0,0.0,0.0,0.1714,0.1727,0.0806,0.0192,0.0032,0.0036,0.0067,1.45,6.89,3.73,28.51,23.5,0,MOD-00623,2025-04-19T16:52:31,2025-04-19T09:52:31,https://api.quant-aq.com/v1/devices/MOD-00623/data/raw/367223619
0,654.0,28.600000000000023,682.6,1442.2,668.7,4.2999999999999545,673.0,1646.8,-1.2000000000000455,1645.6,1646.8,7.400000000000091,1653.0,,,40.1,17.0,0.0,0.0,0.0,266.75,0.5,2.9,2.5,3.6551,0.9279,0.0035,0.0,0.0,0.0,0.0,0.0,0.0,0.0,0.0,0.0,0.6563,0.0,0.0,0.0,0.0,0.2111,0.1976,0.1071,0.0331,0.0151,0.0,0.0,1.54,7.92,4.5,28.72,23.45,0,MOD-00623,2025-04-19T16:51:31,2025-04-19T09:51:31,https://api.quant-aq.com/v1/devices/MOD-00623/data/raw/367221247
0,653.3,29.700000000000045,683.0,1442.1,668.7,4.099999999999909,672.8,1646.8,-1.099999999999909,1645.7,1646.8,7.599999999999909,1653.3,,,40.2,17.0,0.0,0.0,0.0,242.5,0.6,2.2,2.2,3.6834,0.9279,0.0,0.0,0.0,0.0,0.0,0.0,0.0,0.0,0.0,0.0,0.5445,0.0,0.0,0.0,0.0,0.1909,0.1904,0.1003,0.0525,0.0141,0.0068,0.0,1.45,7.62,4.55,28.73,23.43,0,MOD-00623,2025-04-19T16:50:31,2025-04-19T09:50:31,https://api.quant-aq.com/v1/devices/MOD-00623/data/raw/367221245
0,654.9,30.100000000000023,685.0,1443.3,669.0,4.7999999999999545,673.8,1646.9,-1.5,1645.4,1646.7,7.2999999999999545,1652.7,,,39.8,17.0,0.0,0.0,0.0,258.25,0.3,2.0,1.3,5.0259,0.9722,0.0073,0.0,0.0,0.0,0.0,0.0,0.0,0.0,0.0,0.0,0.5564,0.0,0.0,0.0,0.0,0.2209,0.1907,0.1025,0.0676,0.0176,0.0209,0.0072,1.65,15.73,5.27,28.54,23.42,0,MOD-00623,2025-04-19T16:49:31,2025-04-19T09:49:31,https://api.quant-aq.com/v1/devices/MOD-00623/data/raw/367221243
0,655.6,29.100000000000023,684.7,1441.9,668.8,4.900000000000091,673.7,1647.0,-1.2999999999999545,1645.7,1647.1,7.399999999999864,1653.1,,,40.0,17.0,0.0,0.0,0.0,292.75,0.7,3.8,2.6,3.666,1.0939,0.0,0.0,0.0,0.0,0.0,0.0,0.0,0.0,0.0,0.0,0.682,0.0,0.0,0.0,0.0,0.1626,0.3034,0.0815,0.07,0.0111,0.0,0.0076,1.65,9.49,5.22,28.58,23.43,0,MOD-00623,2025-04-19T16:48:31,2025-04-19T09:48:31,https://api.quant-aq.com/v1/devices/MOD-00623/data/raw/367221244
0,655.5,29.399999999999977,684.9,1440.2,668.5,4.100000000000023,672.6,1647.2,-1.400000000000091,1645.8,1647.0,7.600000000000136,1653.4,,,39.6,17.0,0.0,0.0,0.0,211.25,0.2,1.5,1.5,3.6077,0.9785,0.0074,0.0,0.0038,0.0,0.0,0.0,0.0,0.0,0.0,0.0,0.5471,0.0,0.0,0.0,0.0,0.1818,0.1777,0.0966,0.0549,0.0236,0.0083,0.0073,1.43,16.24,4.67,28.3,23.45,0,MOD-00623,2025-04-19T16:47:31,2025-04-19T09:47:31,https://api.quant-aq.com/v1/devices/MOD-00623/data/raw/367218868
0,653.6,31.5,685.1,1441.0,668.6,4.899999999999977,673.5,1647.1,-1.3999999999998636,1645.7,1646.9,7.2000000000000455,1652.9,,,39.5,17.1,0.0,0.0,0.0,262.5,0.5,1.7,1.7,3.8975,0.9497,0.0,0.0035,0.0,0.0,0.0,0.0,0.0,0.0,0.0,0.0,0.7115,0.0,0.0,0.0,0.0,0.1259,0.2189,0.1022,0.0563,0.0071,0.0035,0.0069,1.55,10.95,4.7,28.26,23.5,0,MOD-00623,2025-04-19T16:46:31,2025-04-19T09:46:31,https://api.quant-aq.com/v1/devices/MOD-00623/data/raw/367218866
0,653.7,29.899999999999977,683.6,1442.3,668.2,4.899999999999977,673.1,1647.1,-1.5,1645.6,1647.0,7.400000000000091,1653.0,,,39.5,17.1,0.0,0.0,0.0,183.0,0.1,1.0,0.8,5.0977,0.9491,0.0,0.0,0.0,0.0,0.0,0.0,0.0,0.0,0.0,0.0,0.5916,0.0,0.0,0.0,0.0,0.1347,0.1229,0.1182,0.033,0.0207,0.0071,0.0,1.54,7.44,4.29,28.18,23.53,0,MOD-00623,2025-04-19T16:45:31,2025-04-19T09:45:31,https://api.quant-aq.com/v1/devices/MOD-00623/data/raw/367218865
0,653.8,30.200000000000045,684.0,1439.0,668.6,4.5,673.1,1647.0,-1.099999999999909,1645.9,1646.9,7.2999999999999545,1653.2,,,39.4,17.1,0.0,0.0,0.0,209.0,0.0,3.0,1.8,3.6943,0.8487,0.0,0.0035,0.0,0.0035,0.0,0.0,0.0,0.0,0.0,0.0,0.5186,0.0,0.0,0.0,0.0,0.1709,0.1745,0.0959,0.0358,0.007,0.0072,0.0,1.37,11.12,4.02,28.08,23.53,0,MOD-00623,2025-04-19T16:44:31,2025-04-19T09:44:31,https://api.quant-aq.com/v1/devices/MOD-00623/data/raw/367218867
0,653.5,30.200000000000045,683.7,1439.9,669.1,5.2999999999999545,674.4,1647.1,-1.699999999999818,1645.4,1647.0,7.399999999999864,1652.8,,,38.9,17.1,0.0,0.0,0.0,276.25,0.6,2.0,1.7,3.3716,0.8735,0.0,0.0,0.0,0.0,0.0,0.0,0.0,0.0,0.0,0.0,0.4816,0.0,0.0,0.0,0.0,0.1396,0.194,0.0592,0.0303,0.013,0.01,0.0102,1.28,9.31,3.72,27.87,23.53,0,MOD-00623,2025-04-19T16:43:31,2025-04-19T09:43:31,https://api.quant-aq.com/v1/devices/MOD-00623/data/raw/367216516
0,652.3,31.200000000000045,683.5,1439.8,668.6,4.600000000000023,673.2,1647.0,-1.2999999999999545,1645.7,1646.9,7.2000000000000455,1652.9,,,39.3,17.1,0.0,0.0,0.0,222.0,0.2,1.5,1.2,3.7371,0.9011,0.0,0.0,0.0,0.0,0.0,0.0,0.0,0.0,0.0,0.0,0.5379,0.0,0.0,0.0,0.0,0.1315,0.1943,0.0994,0.0327,0.022,0.0107,0.0036,1.38,8.94,4.31,28.14,23.53,0,MOD-00623,2025-04-19T16:42:31,2025-04-19T09:42:31,https://api.quant-aq.com/v1/devices/MOD-00623/data/raw/367216514
0,653.7,31.699999999999932,685.4,1441.9,668.5,4.7000000000000455,673.2,1647.1,-1.5,1645.6,1646.9,7.100000000000136,1652.7,,,39.4,17.0,0.0,0.0,0.0,245.0,0.4,1.5,1.5,5.1619,0.8879,0.0,0.0,0.0,0.0,0.0,0.0,0.0,0.0,0.0,0.0,0.4664,0.0,0.0,0.0,0.0,0.1893,0.1575,0.0587,0.0172,0.0105,0.0071,0.0035,1.49,6.64,3.58,28.04,23.52,0,MOD-00623,2025-04-19T16:41:31,2025-04-19T09:41:31,https://api.quant-aq.com/v1/devices/MOD-00623/data/raw/367216510
0,655.0,30.700000000000045,685.7,1440.7,668.7,4.2999999999999545,673.0,1647.1,-1.3999999999998636,1645.7,1646.8,6.899999999999864,1652.6,,,38.9,17.0,0.0,0.0,0.0,265.0,0.8,3.0,2.6,3.3261,0.9691,0.0,0.0,0.0,0.0,0.0,0.0,0.0,0.0,0.0,0.0,0.5952,0.0,0.0,0.0,0.0,0.1948,0.156,0.0837,0.0347,0.0176,0.0139,0.0035,1.41,8.9,4.15,27.82,23.5,0,MOD-00623,2025-04-19T16:40:31,2025-04-19T09:40:31,https://api.quant-aq.com/v1/devices/MOD-00623/data/raw/367216512
0,655.8,29.40000000000009,685.2,1438.6,668.9,5.0,673.9,1646.9,-1.6000000000001364,1645.3,1646.7,7.2000000000000455,1652.5,,,38.6,17.0,0.0,0.0,0.0,308.5,0.9,2.9,2.8,3.117,0.8601,0.0034,0.0,0.0,0.0,0.0034,0.0,0.0,0.0,0.0,0.0,0.5531,0.0,0.0,0.0,0.0,0.1484,0.1514,0.0605,0.0479,0.0137,0.0034,0.0,1.27,9.71,3.71,27.67,23.49,0,MOD-00623,2025-04-19T16:39:31,2025-04-19T09:39:31,https://api.quant-aq.com/v1/devices/MOD-00623/data/raw/367214082
0,656.3,26.200000000000045,682.5,1435.9,667.8,4.400000000000091,672.2,1647.2,-1.6000000000001364,1645.6,1647.0,7.100000000000136,1652.7,,,38.7,17.0,0.0,0.0,0.0,254.75,0.5,2.2,1.8,3.8742,0.9214,0.0036,0.0,0.0,0.0,0.0,0.0,0.0,0.0,0.0,0.0,0.5853,0.0,0.0,0.0,0.0,0.1605,0.1616,0.086,0.0431,0.0215,0.0181,0.0,1.43,10.65,4.35,27.7,23.49,0,MOD-00623,2025-04-19T16:38:31,2025-04-19T09:38:31,https://api.quant-aq.com/v1/devices/MOD-00623/data/raw/367214083
0,657.8,25.40000000000009,683.2,1437.7,668.2,4.899999999999977,673.1,1647.1,-1.699999999999818,1645.4,1647.1,7.2999999999999545,1652.7,,,38.4,17.0,0.0,0.0,0.0,333.75,1.1,1.8,1.8,4.9831,0.8583,0.0,0.0,0.0,0.0,0.0,0.0,0.0,0.0,0.0,0.0,0.5137,0.0,0.0,0.0,0.0,0.1356,0.1736,0.0472,0.0101,0.0168,0.0136,0.0033,1.45,7.56,3.49,27.55,23.49,0,MOD-00623,2025-04-19T16:37:31,2025-04-19T09:37:31,https://api.quant-aq.com/v1/devices/MOD-00623/data/raw/367214080
0,655.8,27.200000000000045,683.0,1434.8,668.7,4.899999999999977,673.6,1647.6,-1.8999999999998636,1645.7,1647.3,7.0,1652.7,,,38.6,17.0,0.0,0.0,0.0,289.0,0.4,2.2,2.2,3.3251,0.8335,0.0,0.0,0.0,0.0,0.0,0.0,0.0,0.0,0.0,0.0,0.4797,0.0,0.0,0.0,0.0,0.1386,0.1427,0.0782,0.0338,0.0135,0.0069,0.0,1.23,6.19,3.59,27.61,23.52,0,MOD-00623,2025-04-19T16:36:31,2025-04-19T09:36:31,https://api.quant-aq.com/v1/devices/MOD-00623/data/raw/367214081
0,655.8,27.0,682.8,1439.8,668.6,4.7999999999999545,673.4,1647.5,-1.599999999999909,1645.9,1647.4,6.899999999999864,1652.8,,,38.3,17.1,0.0,0.0,0.0,220.5,0.2,1.4,1.4,3.4643,0.7889,0.0,0.0,0.0,0.0,0.0,0.0,0.0,0.0,0.0,0.0,0.5453,0.0,0.0,0.0,0.0,0.1371,0.1635,0.0519,0.0151,0.0224,0.0,0.0075,1.27,7.08,3.36,27.61,23.5,0,MOD-00623,2025-04-19T16:35:31,2025-04-19T09:35:31,https://api.quant-aq.com/v1/devices/MOD-00623/data/raw/367211772
0,656.2,27.399999999999977,683.6,1434.5,669.1,5.100000000000023,674.2,1647.8,-2.0,1645.8,1647.3,6.7999999999999545,1652.6,,,38.0,17.0,0.0,0.0,0.0,275.0,0.6,2.0,2.0,3.7988,0.9724,0.0,0.0,0.0,0.0,0.0,0.0,0.0,0.0,0.0,0.0,0.5502,0.0,0.0,0.0,0.0,0.1709,0.1587,0.0546,0.0141,0.011,0.0036,0.0,1.39,4.98,3.36,27.46,23.49,0,MOD-00623,2025-04-19T16:34:31,2025-04-19T09:34:31,https://api.quant-aq.com/v1/devices/MOD-00623/data/raw/367211773
0,655.9,28.200000000000045,684.1,1439.2,668.3,5.400000000000091,673.7,1647.5,-1.7999999999999545,1645.7,1647.5,6.899999999999864,1652.6,,,38.5,17.0,0.0,0.0,0.0,213.75,0.2,1.9,1.3,5.0958,0.9497,0.0,0.0,0.0,0.0,0.0,0.0,0.0,0.0,0.0,0.0,0.5076,0.0,0.0,0.0,0.0,0.1237,0.1458,0.0631,0.0415,0.0183,0.0036,0.0,1.46,6.33,3.83,27.67,23.52,0,MOD-00623,2025-04-19T16:33:31,2025-04-19T09:33:31,https://api.quant-aq.com/v1/devices/MOD-00623/data/raw/367211770
0,656.3,27.100000000000023,683.4,1437.0,669.2,5.699999999999932,674.9,1647.7,-2.0,1645.7,1647.5,6.899999999999864,1652.6,,,38.9,17.0,0.0,0.0,0.0,223.75,0.4,2.1,1.5,3.1852,0.8812,0.0,0.0,0.0031,0.0,0.0,0.0,0.0,0.0,0.0,0.0,0.5546,0.0,0.0,0.0,0.0,0.1456,0.1464,0.0532,0.0482,0.0097,0.0095,0.0,1.28,9.06,3.63,28.0,23.48,0,MOD-00623,2025-04-19T16:32:31,2025-04-19T09:32:31,https://api.quant-aq.com/v1/devices/MOD-00623/data/raw/367211771
0,654.8,28.700000000000045,683.5,1437.2,668.9,4.300000000000068,673.2,1648.0,-1.599999999999909,1646.4,1647.8,7.099999999999909,1653.5,,,39.8,17.0,0.0,0.0,0.0,280.5,0.5,2.3,2.3,3.4208,0.946,0.0,0.0,0.0,0.0,0.0,0.0,0.0,0.0,0.0,0.0,0.5157,0.0,0.0,0.0,0.0,0.1179,0.1654,0.1032,0.0386,0.0216,0.0215,0.0,1.31,9.49,4.28,28.51,23.46,0,MOD-00623,2025-04-19T16:31:31,2025-04-19T09:31:31,https://api.quant-aq.com/v1/devices/MOD-00623/data/raw/367209407
0,653.1,30.799999999999955,683.9,1438.9,668.1,4.7999999999999545,672.9,1648.0,-1.599999999999909,1646.4,1647.6,7.0,1653.4,,,39.8,17.0,0.0,0.0,0.0,279.5,0.7,2.3,2.3,3.6523,0.9765,0.0,0.0,0.0,0.0,0.0,0.0,0.0,0.0,0.0,0.0,0.5534,0.0,0.0,0.0,0.0,0.1824,0.1872,0.0802,0.0516,0.0101,0.007,0.0033,1.44,7.95,4.3,28.56,23.45,0,MOD-00623,2025-04-19T16:30:31,2025-04-19T09:30:31,https://api.quant-aq.com/v1/devices/MOD-00623/data/raw/367209405
0,653.8,30.0,683.8,1440.6,669.1,4.600000000000023,673.7,1647.9,-1.300000000000182,1646.6,1647.8,7.0,1653.6,,,40.1,17.0,0.0,0.0,0.0,289.0,0.4,2.2,1.7,4.7999,1.0093,0.0,0.0,0.0,0.0,0.0,0.0,0.0,0.0,0.0,0.0,0.6568,0.0,0.0,0.0,0.0,0.2011,0.19,0.105,0.0404,0.0184,0.0037,0.0,1.68,7.44,4.75,28.64,23.39,0,MOD-00623,2025-04-19T16:29:31,2025-04-19T09:29:31,https://api.quant-aq.com/v1/devices/MOD-00623/data/raw/367209406
0,654.0,30.399999999999977,684.4,1438.2,668.7,5.0,673.7,1647.7,-1.5,1646.2,1647.6,7.2999999999999545,1653.5,,,39.8,16.9,0.0,0.0,0.0,197.0,0.0,1.8,1.2,3.4352,1.0,0.0035,0.0,0.0038,0.0,0.0,0.0,0.0,0.0,0.0,0.0,0.5991,0.0,0.0,0.0,0.0,0.14,0.1885,0.0468,0.0401,0.007,0.0073,0.0037,1.39,11.26,3.73,28.58,23.36,0,MOD-00623,2025-04-19T16:28:31,2025-04-19T09:28:31,https://api.quant-aq.com/v1/devices/MOD-00623/data/raw/367209404
0,654.9,29.200000000000045,684.1,1439.1,668.4,4.800000000000068,673.2,1647.9,-1.400000000000091,1646.5,1647.7,6.900000000000091,1653.4,,,39.9,16.9,0.0,0.0,0.0,270.75,0.4,2.6,2.2,3.3728,0.9063,0.0034,0.0,0.0,0.0,0.0,0.0,0.0,0.0,0.0,0.0,0.5825,0.0,0.0,0.0,0.0,0.1279,0.1232,0.0527,0.0389,0.0177,0.0036,0.0,1.28,7.29,3.45,28.74,23.32,0,MOD-00623,2025-04-19T16:27:31,2025-04-19T09:27:31,https://api.quant-aq.com/v1/devices/MOD-00623/data/raw/367207005
0,653.7,28.799999999999955,682.5,1440.1,668.9,4.5,673.4,1647.9,-1.300000000000182,1646.6,1647.9,7.100000000000136,1653.7,,,40.3,16.9,0.0,0.0,0.0,267.5,0.8,2.6,1.9,3.9274,0.9568,0.0037,0.0,0.0,0.0,0.0,0.0,0.0,0.0,0.0,0.0,0.6238,0.0,0.0,0.0,0.0,0.1942,0.2357,0.1277,0.041,0.0186,0.0074,0.0,1.59,9.98,5.08,28.85,23.29,0,MOD-00623,2025-04-19T16:26:31,2025-04-19T09:26:31,https://api.quant-aq.com/v1/devices/MOD-00623/data/raw/367207008
0,651.6,30.699999999999932,682.3,1440.8,668.3,4.7000000000000455,673.0,1647.9,-1.400000000000091,1646.5,1647.7,7.0,1653.5,,,39.8,16.8,0.0,0.0,0.0,216.5,0.2,1.6,1.6,5.0939,0.8545,0.0038,0.0038,0.0,0.0,0.0,0.0,0.0,0.0,0.0,0.0,0.6136,0.0,0.0,0.0,0.0,0.2462,0.1593,0.047,0.0351,0.012,0.0039,0.0,1.62,9.9,3.96,28.71,23.25,0,MOD-00623,2025-04-19T16:25:31,2025-04-19T09:25:31,https://api.quant-aq.com/v1/devices/MOD-00623/data/raw/367207006
0,655.7,28.199999999999932,683.9,1443.6,668.8,4.800000000000068,673.6,1648.2,-1.6000000000001364,1646.6,1647.9,6.800000000000182,1653.4,,,40.6,16.8,0.0,0.0,0.0,188.5,0.2,1.5,1.5,3.5866,0.8348,0.0038,0.0,0.0,0.0,0.0,0.0,0.0,0.0,0.0,0.0,0.5845,0.0,0.0,0.0,0.0,0.2113,0.1693,0.1068,0.0347,0.0073,0.0075,0.0,1.44,8.38,4.24,28.94,23.21,0,MOD-00623,2025-04-19T16:24:31,2025-04-19T09:24:31,https://api.quant-aq.com/v1/devices/MOD-00623/data/raw/367207007
0,654.7,29.399999999999977,684.1,1441.5,667.5,4.5,672.0,1647.9,-1.400000000000091,1646.5,1647.7,7.2999999999999545,1653.8,,,40.5,16.7,0.0,0.0,0.0,248.5,0.7,2.2,1.6,3.4371,0.8076,0.0,0.0,0.0,0.0,0.0,0.0,0.0,0.0,0.0,0.0,0.6078,0.0,0.0,0.0,0.0,0.1527,0.1644,0.0808,0.0252,0.0368,0.0112,0.0,1.35,8.46,4.14,29.03,23.15,0,MOD-00623,2025-04-19T16:23:31,2025-04-19T09:23:31,https://api.quant-aq.com/v1/devices/MOD-00623/data/raw/367204651
0,652.7,30.5,683.2,1440.7,668.1,4.600000000000023,672.7,1647.9,-1.400000000000091,1646.5,1647.8,7.400000000000091,1653.9,,,40.4,16.7,0.0,0.0,0.0,298.75,0.5,3.9,2.1,3.9264,0.9084,0.0,0.0,0.0,0.0,0.0,0.0,0.0,0.0,0.0,0.0,0.591,0.0,0.0,0.0,0.0,0.1903,0.2015,0.0713,0.0253,0.0216,0.0038,0.0035,1.49,7.56,4.13,28.95,23.09,0,MOD-00623,2025-04-19T16:22:31,2025-04-19T09:22:31,https://api.quant-aq.com/v1/devices/MOD-00623/data/raw/367204653
0,652.4,30.899999999999977,683.3,1439.7,668.8,5.0,673.8,1647.7,-1.2999999999999545,1646.4,1647.5,7.199999999999818,1653.6,,,40.8,16.6,0.0,0.0,0.0,309.0,0.4,3.1,2.6,5.0555,0.9819,0.0035,0.0,0.0,0.0,0.0,0.0,0.0,0.0,0.0,0.0,0.6126,0.0,0.0,0.0,0.0,0.1852,0.1846,0.0837,0.0379,0.0171,0.007,0.0,1.64,8.89,4.45,29.22,23.05,0,MOD-00623,2025-04-19T16:21:31,2025-04-19T09:21:31,https://api.quant-aq.com/v1/devices/MOD-00623/data/raw/367204652
0,652.9,30.700000000000045,683.6,1443.0,667.9,4.300000000000068,672.2,1647.7,-1.2999999999999545,1646.4,1647.8,7.199999999999818,1653.6,,,41.2,16.6,0.0,0.0,0.0,203.25,0.1,1.6,1.6,3.6435,0.8257,0.0,0.0,0.0,0.0,0.0,0.0,0.0,0.0,0.0,0.0,0.5315,0.0,0.0,0.0,0.0,0.149,0.2123,0.1077,0.0299,0.0113,0.0076,0.0074,1.39,8.92,4.29,29.44,22.99,0,MOD-00623,2025-04-19T16:20:31,2025-04-19T09:20:31,https://api.quant-aq.com/v1/devices/MOD-00623/data/raw/367204650
0,653.1,30.699999999999932,683.8,1442.4,669.0,4.5,673.5,1647.7,-1.400000000000091,1646.3,1647.6,7.400000000000091,1653.7,,,40.9,16.5,0.0,0.0,0.0,297.5,1.0,2.5,2.2,3.3914,0.9703,0.0,0.0,0.0,0.0,0.0,0.0,0.0,0.0,0.0,0.0,0.543,0.0,0.0,0.0,0.0,0.1857,0.1681,0.1184,0.0502,0.0038,0.0251,0.0175,1.41,14.31,4.67,29.37,22.91,0,MOD-00623,2025-04-19T16:19:31,2025-04-19T09:19:31,https://api.quant-aq.com/v1/devices/MOD-00623/data/raw/367202275
0,650.5,30.299999999999955,680.8,1442.0,667.9,4.300000000000068,672.2,1647.4,-1.2000000000000455,1646.2,1647.6,7.2999999999999545,1653.5,,,41.3,16.5,0.0,0.0,0.0,296.75,0.6,2.2,2.2,3.7022,1.0458,0.0,0.0,0.0,0.0,0.0,0.0,0.0,0.0,0.0,0.0,0.6015,0.0,0.0,0.0,0.0,0.1999,0.2291,0.0957,0.0444,0.0221,0.011,0.0,1.56,8.8,4.86,29.67,22.87,0,MOD-00623,2025-04-19T16:18:31,2025-04-19T09:18:31,https://api.quant-aq.com/v1/devices/MOD-00623/data/raw/367202276
0,650.1,30.899999999999977,681.0,1444.6,668.0,4.7999999999999545,672.8,1647.4,-1.400000000000091,1646.0,1647.4,7.2000000000000455,1653.2,,,41.7,16.4,0.0,0.0,0.0,262.0,0.0,1.8,1.3,4.8328,0.9714,0.0,0.0,0.0,0.0,0.0,0.0,0.0,0.0,0.0,0.0,0.6123,0.0,0.0,0.0,0.0,0.1544,0.2149,0.0827,0.0316,0.0071,0.0107,0.0035,1.61,8.06,4.31,29.74,22.83,0,MOD-00623,2025-04-19T16:17:31,2025-04-19T09:17:31,https://api.quant-aq.com/v1/devices/MOD-00623/data/raw/367202274
0,652.3,28.800000000000068,681.1,1446.2,668.6,4.100000000000023,672.7,1647.5,-1.5,1646.0,1647.1,7.2999999999999545,1653.3,,,41.7,16.3,0.0,0.0,0.0,209.5,0.3,1.4,1.4,3.5457,1.0042,0.0036,0.0,0.0,0.0,0.0,0.0,0.0,0.0,0.0,0.0,0.562,0.0,0.0,0.0,0.0,0.1585,0.2752,0.0719,0.0394,0.0072,0.0036,0.0037,1.49,8.86,4.39,29.78,22.75,0,MOD-00623,2025-04-19T16:16:31,2025-04-19T09:16:31,https://api.quant-aq.com/v1/devices/MOD-00623/data/raw/367202273
0,654.5,27.200000000000045,681.7,1447.2,668.0,4.2999999999999545,672.3,1647.0,-1.2000000000000455,1645.8,1646.9,7.100000000000136,1652.9,,,41.9,16.3,0.0,0.0,0.0,209.5,0.0,1.2,1.2,3.529,0.9512,0.0,0.0,0.0,0.0,0.0,0.0,0.0,0.0,0.0,0.0,0.6336,0.0,0.0,0.0,0.0,0.1375,0.1741,0.0999,0.0305,0.0147,0.0183,0.0037,1.43,9.5,4.26,29.78,22.72,0,MOD-00623,2025-04-19T16:15:31,2025-04-19T09:15:31,https://api.quant-aq.com/v1/devices/MOD-00623/data/raw/367199966
0,654.7,26.799999999999955,681.5,1444.3,667.8,4.300000000000068,672.1,1647.0,-1.2000000000000455,1645.8,1646.9,7.2999999999999545,1653.1,,,42.0,16.2,0.0,0.0,0.0,277.0,0.3,1.4,1.4,3.8017,0.9966,0.0,0.0036,0.0,0.0,0.0,0.0,0.0,0.0,0.0,0.0,0.6875,0.0,0.0,0.0,0.0,0.1985,0.1922,0.1326,0.0513,0.0182,0.0111,0.0036,1.6,12.29,5.16,29.72,22.7,0,MOD-00623,2025-04-19T16:14:31,2025-04-19T09:14:31,https://api.quant-aq.com/v1/devices/MOD-00623/data/raw/367199965
0,654.6,27.299999999999955,681.9,1442.4,667.7,4.399999999999977,672.1,1647.0,-1.400000000000091,1645.6,1646.9,7.300000000000182,1652.9,,,41.4,16.2,0.0,0.0,0.0,234.0,0.1,1.2,1.2,4.4893,0.9346,0.0033,0.0,0.0,0.0,0.0,0.0,0.0,0.0,0.0,0.0,0.6066,0.0,0.0,0.0,0.0,0.1545,0.215,0.1062,0.0374,0.0255,0.0141,0.0,1.57,10.7,4.83,29.47,22.68,0,MOD-00623,2025-04-19T16:13:31,2025-04-19T09:13:31,https://api.quant-aq.com/v1/devices/MOD-00623/data/raw/367199964
0,654.9,27.300000000000068,682.2,1447.5,667.8,4.7000000000000455,672.5,1647.2,-1.7000000000000455,1645.5,1647.1,7.2999999999999545,1652.8,,,41.4,16.2,0.0,0.0,0.0,233.5,0.2,1.0,1.0,3.3544,1.0399,0.0036,0.0,0.0,0.0,0.0,0.0,0.0,0.0,0.0,0.0,0.6297,0.0,0.0,0.0,0.0,0.2266,0.2127,0.1477,0.0359,0.0143,0.0147,0.0036,1.57,11.71,5.16,29.45,22.7,0,MOD-00623,2025-04-19T16:12:31,2025-04-19T09:12:31,https://api.quant-aq.com/v1/devices/MOD-00623/data/raw/367199963
0,655.1,27.600000000000023,682.7,1443.8,667.5,4.2999999999999545,671.8,1647.2,-1.6000000000001364,1645.6,1647.3,7.400000000000091,1653.0,,,41.2,16.2,0.0,0.0,0.0,306.0,0.8,3.1,2.7,3.3801,0.9759,0.0035,0.0,0.0,0.0,0.0,0.0,0.0,0.0,0.0,0.0,0.5292,0.0,0.0,0.0,0.0,0.2015,0.1346,0.0806,0.0136,0.0133,0.0035,0.0,1.36,6.83,3.53,29.37,22.72,0,MOD-00623,2025-04-19T16:11:31,2025-04-19T09:11:31,https://api.quant-aq.com/v1/devices/MOD-00623/data/raw/367197600
0,655.0,28.0,683.0,1442.5,667.5,4.7000000000000455,672.2,1647.2,-1.7000000000000455,1645.5,1647.2,7.2000000000000455,1652.7,,,41.3,16.3,0.0,0.0,0.0,241.5,0.4,2.3,1.8,3.6427,1.0168,0.0036,0.0,0.0,0.0,0.0,0.0,0.0,0.0,0.0,0.0,0.5843,0.0,0.0,0.0,0.0,0.1667,0.1795,0.0854,0.0421,0.0108,0.0072,0.0036,1.45,9.38,4.2,29.49,22.72,0,MOD-00623,2025-04-19T16:10:31,2025-04-19T09:10:31,https://api.quant-aq.com/v1/devices/MOD-00623/data/raw/367197599
0,654.0,28.799999999999955,682.8,1441.5,667.7,4.699999999999932,672.4,1647.5,-1.900000000000091,1645.6,1647.3,7.600000000000136,1653.2,,,41.9,16.3,0.0,0.0,0.0,267.75,0.4,2.9,2.5,4.6922,0.8563,0.0,0.0,0.0,0.0,0.0,0.0,0.0,0.0,0.0,0.0,0.5474,0.0,0.0,0.0,0.0,0.2301,0.2195,0.0865,0.0359,0.023,0.0033,0.0032,1.59,8.24,4.65,29.78,22.75,0,MOD-00623,2025-04-19T16:09:31,2025-04-19T09:09:31,https://api.quant-aq.com/v1/devices/MOD-00623/data/raw/367197597
0,653.2,29.0,682.2,1442.0,668.4,4.5,672.9,1647.2,-1.2999999999999545,1645.9,1647.4,7.5,1653.4,,,42.3,16.3,0.0,0.0,0.0,239.5,0.3,1.9,1.8,3.3123,1.0645,0.0,0.0,0.0,0.0,0.0,0.0,0.0,0.0,0.0,0.0,0.7075,0.0,0.0,0.0,0.0,0.2272,0.2862,0.1221,0.0423,0.0417,0.0072,0.0034,1.68,11.2,5.75,30.02,22.74,0,MOD-00623,2025-04-19T16:08:31,2025-04-19T09:08:31,https://api.quant-aq.com/v1/devices/MOD-00623/data/raw/367197595
0,653.0,28.299999999999955,681.3,1441.3,667.8,3.900000000000091,671.7,1647.3,-1.2999999999999545,1646.0,1647.3,7.599999999999909,1653.6,,,42.6,16.2,0.0,0.0,0.0,277.5,0.8,2.7,2.3,3.9146,0.9944,0.0,0.0,0.0,0.0,0.0,0.0,0.0,0.0,0.0,0.0,0.6107,0.0,0.0,0.0,0.0,0.2745,0.2063,0.1355,0.0376,0.0228,0.0112,0.0076,1.64,11.33,5.28,30.25,22.68,0,MOD-00623,2025-04-19T16:07:31,2025-04-19T09:07:31,https://api.quant-aq.com/v1/devices/MOD-00623/data/raw/367195213
0,654.0,27.399999999999977,681.4,1442.6,667.7,4.2999999999999545,672.0,1647.1,-1.3999999999998636,1645.7,1647.0,7.599999999999909,1653.3,,,42.2,16.2,0.0,0.0,0.0,398.0,1.3,4.0,4.0,3.9322,1.1231,0.0036,0.0,0.0,0.0,0.0,0.0,0.0,0.0,0.0,0.0,0.6951,0.0,0.0,0.0,0.0,0.2299,0.2803,0.1742,0.0428,0.0033,0.0036,0.0035,1.78,10.43,5.74,29.98,22.67,0,MOD-00623,2025-04-19T16:06:31,2025-04-19T09:06:31,https://api.quant-aq.com/v1/devices/MOD-00623/data/raw/367195212
0,651.8,28.600000000000023,680.4,1446.1,667.6,4.899999999999977,672.5,1647.0,-1.5,1645.5,1646.9,7.099999999999909,1652.6,,,42.3,16.2,0.0,0.0,0.0,258.75,0.6,2.5,2.5,5.205,1.1273,0.0,0.0,0.0,0.0,0.0,0.0,0.0,0.0,0.0,0.0,0.6659,0.0,0.0,0.0,0.0,0.1903,0.2477,0.1597,0.0382,0.015,0.0154,0.0,1.84,9.94,5.65,30.1,22.66,0,MOD-00623,2025-04-19T16:05:31,2025-04-19T09:05:31,https://api.quant-aq.com/v1/devices/MOD-00623/data/raw/367195210
0,653.2,27.5,680.7,1444.2,667.4,3.800000000000068,671.2,1646.9,-1.300000000000182,1645.6,1647.1,7.600000000000136,1653.2,,,42.7,16.1,0.0,0.0,0.0,307.75,0.4,2.8,2.8,3.5392,1.0105,0.0,0.0,0.0,0.0,0.0,0.0,0.0,0.0,0.0,0.0,0.7515,0.0,0.0,0.0,0.0,0.2303,0.2597,0.1597,0.047,0.0149,0.0216,0.0037,1.72,12.12,5.86,30.28,22.63,0,MOD-00623,2025-04-19T16:04:31,2025-04-19T09:04:31,https://api.quant-aq.com/v1/devices/MOD-00623/data/raw/367195211
0,653.1,28.199999999999932,681.3,1444.1,667.9,4.300000000000068,672.2,1646.9,-1.300000000000182,1645.6,1646.8,7.400000000000091,1653.0,,,42.9,16.1,0.0,0.0,0.0,279.75,0.8,2.3,2.3,3.5089,1.031,0.0,0.0,0.0,0.0,0.0,0.0,0.0,0.0,0.0,0.0,0.7055,0.0,0.0,0.0,0.0,0.1926,0.2625,0.1834,0.0636,0.0151,0.0226,0.0035,1.68,12.9,6.2,30.35,22.61,0,MOD-00623,2025-04-19T16:03:31,2025-04-19T09:03:31,https://api.quant-aq.com/v1/devices/MOD-00623/data/raw/367192833
0,655.0,26.700000000000045,681.7,1444.2,667.6,4.5,672.1,1647.0,-1.5,1645.5,1646.9,7.400000000000091,1652.9,,,42.5,16.1,0.0,0.0,0.0,328.75,0.8,2.9,2.2,3.8336,1.06,0.0,0.0,0.0,0.0,0.0,0.0,0.0,0.0,0.0,0.0,0.7831,0.0,0.0,0.0,0.0,0.2409,0.2859,0.1759,0.0464,0.0105,0.0036,0.0037,1.83,9.65,6.01,30.12,22.63,0,MOD-00623,2025-04-19T16:02:31,2025-04-19T09:02:31,https://api.quant-aq.com/v1/devices/MOD-00623/data/raw/367192832
0,656.5,25.600000000000023,682.1,1443.6,667.6,4.0,671.6,1646.9,-1.400000000000091,1645.5,1646.7,7.400000000000091,1652.9,,,42.6,16.1,0.0,0.0,0.0,280.5,0.8,2.7,2.2,5.1383,1.086,0.0039,0.0036,0.0038,0.0,0.0,0.0,0.0,0.0,0.0,0.0,0.7293,0.0,0.0,0.0,0.0,0.2038,0.2467,0.1563,0.0531,0.0115,0.0114,0.0037,1.87,17.14,5.83,30.18,22.61,0,MOD-00623,2025-04-19T16:01:31,2025-04-19T09:01:31,https://api.quant-aq.com/v1/devices/MOD-00623/data/raw/367192834
0,656.6,26.5,683.1,1441.4,667.9,4.7000000000000455,672.6,1647.1,-1.599999999999909,1645.5,1647.0,7.2999999999999545,1652.8,,,42.3,16.1,0.0,0.0,0.0,345.5,1.0,3.1,2.8,5.6578,1.0403,0.0,0.0,0.0,0.0,0.0,0.0,0.0,0.0,0.0,0.0,0.6173,0.0,0.0,0.0,0.0,0.1877,0.2285,0.1567,0.069,0.0072,0.0106,0.0038,1.82,10.48,5.77,29.91,22.66,0,MOD-00623,2025-04-19T16:00:31,2025-04-19T09:00:31,https://api.quant-aq.com/v1/devices/MOD-00623/data/raw/367192831
0,658.0,26.100000000000023,684.1,1440.4,668.2,4.199999999999932,672.4,1647.2,-1.5,1645.7,1647.1,7.5,1653.2,,,42.3,16.2,0.0,0.0,0.0,335.0,1.0,3.1,2.8,3.6494,1.0476,0.0,0.0,0.0,0.0,0.0,0.0,0.0,0.0,0.0,0.0,0.7153,0.0,0.0,0.0,0.0,0.1615,0.2664,0.1199,0.0564,0.011,0.0141,0.0,1.64,9.39,5.32,29.95,22.66,0,MOD-00623,2025-04-19T15:59:31,2025-04-19T08:59:31,https://api.quant-aq.com/v1/devices/MOD-00623/data/raw/367190442
0,657.5,26.600000000000023,684.1,1438.1,667.4,4.600000000000023,672.0,1647.4,-1.7000000000000455,1645.7,1647.3,7.5,1653.2,,,42.3,16.2,0.0,0.0,0.0,306.25,0.6,2.2,2.2,3.6132,1.0621,0.0,0.0,0.0,0.0,0.0,0.0,0.0,0.0,0.0,0.0,0.6867,0.0,0.0,0.0,0.0,0.1776,0.2404,0.1014,0.0511,0.0069,0.0033,0.0,1.6,7.0,4.8,29.92,22.68,0,MOD-00623,2025-04-19T15:58:31,2025-04-19T08:58:31,https://api.quant-aq.com/v1/devices/MOD-00623/data/raw/367190441
0,655.9,29.899999999999977,685.8,1439.3,667.5,4.600000000000023,672.1,1647.7,-1.6000000000001364,1646.1,1647.5,7.300000000000182,1653.4,,,42.2,16.2,0.0,0.0,0.0,273.75,0.5,1.8,1.8,4.651,1.1499,0.0069,0.0,0.0,0.0,0.0,0.0,0.0,0.0,0.0,0.0,0.6616,0.0,0.0,0.0,0.0,0.218,0.2149,0.1572,0.0278,0.0069,0.0106,0.0034,1.77,12.08,5.21,29.97,22.71,0,MOD-00623,2025-04-19T15:57:31,2025-04-19T08:57:31,https://api.quant-aq.com/v1/devices/MOD-00623/data/raw/367190440
0,655.2,31.399999999999977,686.6,1441.8,667.8,4.800000000000068,672.6,1647.5,-1.5,1646.0,1647.6,7.5,1653.5,,,42.2,16.3,0.0,0.0,0.0,290.5,0.8,1.5,1.5,3.4367,1.071,0.0,0.0,0.0,0.0,0.0,0.0,0.0,0.0,0.0,0.0,0.5984,0.0,0.0,0.0,0.0,0.228,0.241,0.1135,0.0437,0.0199,0.0101,0.0,1.58,8.83,5.09,29.93,22.71,0,MOD-00623,2025-04-19T15:56:31,2025-04-19T08:56:31,https://api.quant-aq.com/v1/devices/MOD-00623/data/raw/367190439
0,655.3,29.40000000000009,684.7,1443.0,667.7,4.699999999999932,672.4,1647.8,-1.599999999999909,1646.2,1647.9,7.2999999999999545,1653.5,,,42.2,16.2,0.0,0.0,0.0,231.5,0.6,1.5,1.5,3.9728,1.1201,0.0,0.0,0.0,0.0,0.0,0.0,0.0,0.0,0.0,0.0,0.8435,0.0,0.0,0.0,0.0,0.2177,0.2558,0.1282,0.0499,0.0118,0.0152,0.0,1.83,9.78,5.61,30.03,22.68,0,MOD-00623,2025-04-19T15:55:31,2025-04-19T08:55:31,https://api.quant-aq.com/v1/devices/MOD-00623/data/raw/367188109
0,653.5,29.899999999999977,683.4,1441.0,668.2,4.2999999999999545,672.5,1647.9,-1.5,1646.4,1647.5,7.199999999999818,1653.6,,,42.3,16.2,0.0,0.0,0.0,292.25,0.8,2.0,2.0,3.8221,0.9862,0.0,0.0,0.0,0.0,0.0,0.0,0.0,0.0,0.0,0.0,0.6054,0.0,0.0,0.0,0.0,0.1607,0.2111,0.1494,0.0723,0.0206,0.0138,0.0068,1.54,12.28,5.59,30.11,22.68,0,MOD-00623,2025-04-19T15:54:31,2025-04-19T08:54:31,https://api.quant-aq.com/v1/devices/MOD-00623/data/raw/367188108
0,652.7,29.899999999999977,682.6,1443.4,667.6,4.699999999999932,672.3,1647.6,-1.2999999999999545,1646.3,1647.6,7.2999999999999545,1653.6,,,42.4,16.2,0.0,0.0,0.0,238.5,0.7,1.8,1.8,4.9278,0.9932,0.0,0.0,0.0,0.0,0.0,0.0,0.0,0.0,0.0,0.0,0.6673,0.0,0.0,0.0,0.0,0.2651,0.2347,0.1562,0.0524,0.0208,0.007,0.0036,1.83,10.51,5.87,30.25,22.67,0,MOD-00623,2025-04-19T15:53:31,2025-04-19T08:53:31,https://api.quant-aq.com/v1/devices/MOD-00623/data/raw/367188111
0,654.4,28.399999999999977,682.8,1443.7,666.8,4.5,671.3,1647.8,-1.5,1646.3,1647.5,7.100000000000136,1653.4,,,42.4,16.2,0.0,0.0,0.0,241.0,0.6,1.5,1.5,3.6822,1.1015,0.0,0.0,0.0,0.0,0.0,0.0,0.0,0.0,0.0,0.0,0.6668,0.0,0.0,0.0,0.0,0.2707,0.2204,0.1046,0.051,0.0144,0.0035,0.0,1.68,7.72,5.06,30.28,22.63,0,MOD-00623,2025-04-19T15:52:31,2025-04-19T08:52:31,https://api.quant-aq.com/v1/devices/MOD-00623/data/raw/367188110
0,653.9,27.700000000000045,681.6,1445.3,667.3,4.300000000000068,671.6,1647.4,-1.1000000000001364,1646.3,1647.6,7.0,1653.3,,,42.8,16.1,0.0,0.0,0.0,217.75,0.0,2.0,1.6,3.8896,0.9616,0.0,0.0,0.0,0.0,0.0,0.0,0.0,0.0,0.0,0.0,0.6672,0.0,0.0,0.0,0.0,0.245,0.2863,0.1491,0.0481,0.0111,0.0148,0.0038,1.72,10.92,5.78,30.32,22.58,0,MOD-00623,2025-04-19T15:51:31,2025-04-19T08:51:31,https://api.quant-aq.com/v1/devices/MOD-00623/data/raw/367185764
0,655.6,26.799999999999955,682.4,1443.0,667.5,4.399999999999977,671.9,1647.7,-1.7000000000000455,1646.0,1647.4,7.099999999999909,1653.1,,,42.1,16.1,0.0,0.0,0.0,256.25,0.5,2.1,2.0,3.975,1.0567,0.0,0.0,0.0,0.0,0.0,0.0,0.0,0.0,0.0,0.0,0.7421,0.0,0.0,0.0,0.0,0.2357,0.2309,0.1276,0.0437,0.0184,0.0,0.0,1.74,7.62,5.26,29.99,22.56,0,MOD-00623,2025-04-19T15:50:31,2025-04-19T08:50:31,https://api.quant-aq.com/v1/devices/MOD-00623/data/raw/367185762
0,656.0,27.200000000000045,683.2,1443.4,667.4,4.2000000000000455,671.6,1647.6,-1.5,1646.1,1647.5,7.2000000000000455,1653.3,,,42.6,16.1,0.0,0.0,0.0,243.0,0.5,1.5,1.5,4.9439,1.0293,0.0,0.0,0.0,0.0,0.0,0.0,0.0,0.0,0.0,0.0,0.6122,0.0,0.0,0.0,0.0,0.1741,0.2494,0.1543,0.0488,0.015,0.015,0.0,1.73,9.99,5.59,30.24,22.54,0,MOD-00623,2025-04-19T15:49:31,2025-04-19T08:49:31,https://api.quant-aq.com/v1/devices/MOD-00623/data/raw/367185763
0,655.6,28.699999999999932,684.3,1442.1,667.8,4.900000000000091,672.7,1647.7,-1.7000000000000455,1646.0,1647.3,7.099999999999909,1653.1,,,42.2,16.0,0.0,0.0,0.0,304.75,0.9,2.1,2.1,3.7766,0.9491,0.0033,0.0,0.0037,0.0,0.0,0.0,0.0,0.0,0.0,0.0,0.6815,0.0,0.0,0.0,0.0,0.1811,0.2106,0.111,0.0317,0.0072,0.0,0.0034,1.56,10.92,4.47,30.06,22.53,0,MOD-00623,2025-04-19T15:48:31,2025-04-19T08:48:31,https://api.quant-aq.com/v1/devices/MOD-00623/data/raw/367185761
0,654.2,30.299999999999955,684.5,1441.1,667.6,4.699999999999932,672.3,1647.9,-1.7000000000000455,1646.2,1647.5,7.099999999999909,1653.3,,,42.5,16.0,0.0,0.0,0.0,281.0,0.3,2.0,1.4,3.5674,1.1348,0.0039,0.0,0.0,0.0,0.0,0.0,0.0,0.0,0.0,0.0,0.7394,0.0,0.0,0.0,0.0,0.2543,0.2422,0.1441,0.0339,0.0185,0.0152,0.0037,1.75,12.48,5.54,30.27,22.53,0,MOD-00623,2025-04-19T15:47:31,2025-04-19T08:47:31,https://api.quant-aq.com/v1/devices/MOD-00623/data/raw/367183390
0,655.1,27.799999999999955,682.9,1442.8,667.6,4.600000000000023,672.2,1647.6,-1.5,1646.1,1647.9,7.300000000000182,1653.4,,,42.7,16.0,0.0,0.0,0.0,266.5,0.7,1.8,1.8,4.0009,1.0617,0.0,0.0,0.0,0.0,0.0,0.0,0.0,0.0,0.0,0.0,0.6478,0.0,0.0,0.0,0.0,0.2455,0.2754,0.1471,0.0512,0.0182,0.0107,0.0074,1.74,11.82,5.85,30.38,22.51,0,MOD-00623,2025-04-19T15:46:31,2025-04-19T08:46:31,https://api.quant-aq.com/v1/devices/MOD-00623/data/raw/367183391
0,655.8,28.100000000000023,683.9,1441.9,667.1,4.699999999999932,671.8,1647.8,-1.5,1646.3,1647.6,7.100000000000136,1653.4,,,42.8,16.0,0.0,0.0,0.0,228.5,0.3,1.9,1.9,4.6172,1.0653,0.0,0.0,0.0,0.0,0.0,0.0,0.0,0.0,0.0,0.0,0.7733,0.0,0.0,0.0,0.0,0.2845,0.2876,0.1706,0.0603,0.0177,0.0105,0.0,1.96,10.71,6.49,30.48,22.5,0,MOD-00623,2025-04-19T15:45:31,2025-04-19T08:45:31,https://api.quant-aq.com/v1/devices/MOD-00623/data/raw/367183389
0,655.8,27.800000000000068,683.6,1443.8,667.0,4.2000000000000455,671.2,1647.8,-1.5,1646.3,1647.7,7.2000000000000455,1653.5,,,42.9,16.0,0.0,0.0,0.0,301.0,0.5,2.8,2.3,3.5713,1.2017,0.0,0.0,0.0,0.0,0.0,0.0,0.0,0.0,0.0,0.0,0.8163,0.0,0.0,0.0,0.0,0.296,0.276,0.1476,0.0573,0.0268,0.0076,0.0039,1.89,11.48,6.28,30.58,22.46,0,MOD-00623,2025-04-19T15:44:31,2025-04-19T08:44:31,https://api.quant-aq.com/v1/devices/MOD-00623/data/raw/367183388
0,657.0,26.899999999999977,683.9,1443.9,667.4,4.399999999999977,671.8,1648.1,-1.7999999999999545,1646.3,1647.7,7.0,1653.3,,,42.8,16.0,0.0,0.0,0.0,266.5,0.5,1.6,1.5,3.5997,1.0103,0.0037,0.0,0.0,0.0,0.0,0.0,0.0,0.0,0.0,0.0,0.7442,0.0,0.0,0.0,0.0,0.2472,0.2715,0.1574,0.052,0.011,0.0,0.0073,1.75,11.52,5.77,30.53,22.43,0,MOD-00623,2025-04-19T15:43:31,2025-04-19T08:43:31,https://api.quant-aq.com/v1/devices/MOD-00623/data/raw/367181014
0,656.7,27.799999999999955,684.5,1442.1,667.3,4.300000000000068,671.6,1648.1,-1.599999999999909,1646.5,1647.8,7.0,1653.5,,,43.2,16.0,0.0,0.0,0.0,277.75,0.6,2.2,2.2,3.8259,0.9984,0.0,0.0,0.0,0.0,0.0,0.0,0.0,0.0,0.0,0.0,0.7284,0.0,0.0,0.0,0.0,0.2391,0.3217,0.1273,0.0605,0.0151,0.007,0.004,1.78,10.47,5.94,30.71,22.4,0,MOD-00623,2025-04-19T15:42:31,2025-04-19T08:42:31,https://api.quant-aq.com/v1/devices/MOD-00623/data/raw/367181013
0,655.9,29.100000000000023,685.0,1440.0,667.6,4.600000000000023,672.2,1648.2,-1.7000000000000455,1646.5,1648.1,7.099999999999909,1653.6,,,43.1,15.9,0.0,0.0,0.0,334.25,0.6,3.1,2.6,4.6848,1.1,0.0039,0.0,0.0,0.0,0.0,0.0,0.0,0.0,0.0,0.0,0.6829,0.0,0.0,0.0,0.0,0.2725,0.3694,0.1453,0.0494,0.0186,0.0074,0.0,1.96,11.69,6.41,30.68,22.36,0,MOD-00623,2025-04-19T15:41:31,2025-04-19T08:41:31,https://api.quant-aq.com/v1/devices/MOD-00623/data/raw/367181011
0,656.5,28.899999999999977,685.4,1440.6,667.5,4.7000000000000455,672.2,1648.3,-1.7999999999999545,1646.5,1647.8,7.2000000000000455,1653.7,,,43.1,15.9,0.0,0.0,0.0,308.75,0.7,2.9,2.5,3.7528,1.1962,0.0034,0.0,0.0,0.0,0.0,0.0,0.0,0.0,0.0,0.0,0.757,0.0,0.0,0.0,0.0,0.2323,0.3249,0.1816,0.0474,0.0283,0.0179,0.0037,1.87,14.69,6.65,30.77,22.36,0,MOD-00623,2025-04-19T15:40:31,2025-04-19T08:40:31,https://api.quant-aq.com/v1/devices/MOD-00623/data/raw/367181012
0,655.5,29.600000000000023,685.1,1442.1,667.3,4.5,671.8,1648.1,-1.5,1646.6,1648.4,7.2000000000000455,1653.8,,,43.3,15.9,0.0,0.0,0.0,248.25,0.2,2.0,1.7,3.3927,1.0752,0.0,0.0,0.0,0.0,0.0,0.0,0.0,0.0,0.0,0.0,0.6057,0.0,0.0,0.0,0.0,0.2417,0.2511,0.1125,0.0464,0.0175,0.0034,0.011,1.6,10.84,5.16,30.93,22.33,0,MOD-00623,2025-04-19T15:39:31,2025-04-19T08:39:31,https://api.quant-aq.com/v1/devices/MOD-00623/data/raw/367178591
0,653.8,30.90000000000009,684.7,1440.1,667.7,4.5,672.2,1648.3,-1.5,1646.8,1648.2,7.2000000000000455,1654.0,,,43.6,15.9,0.0,0.0,0.0,249.5,0.3,3.4,1.8,3.6921,1.114,0.0,0.0036,0.0,0.0,0.0,0.0,0.0,0.0,0.0,0.0,0.6571,0.0,0.0,0.0,0.0,0.2512,0.2695,0.1332,0.0775,0.0185,0.0151,0.0112,1.73,16.27,6.11,31.23,22.26,0,MOD-00623,2025-04-19T15:38:31,2025-04-19T08:38:31,https://api.quant-aq.com/v1/devices/MOD-00623/data/raw/367178589
0,654.1,31.0,685.1,1440.8,667.4,4.7000000000000455,672.1,1648.3,-1.599999999999909,1646.7,1648.3,7.2000000000000455,1653.9,,,43.6,15.9,0.0,0.0,0.0,377.75,1.3,3.4,3.4,4.4673,1.0739,0.0,0.0,0.0,0.0,0.0,0.0,0.0,0.0,0.0,0.0,0.7462,0.0,0.0,0.0,0.0,0.2165,0.2799,0.1736,0.0467,0.0144,0.0278,0.0036,1.85,13.35,6.23,31.22,22.2,0,MOD-00623,2025-04-19T15:37:31,2025-04-19T08:37:31,https://api.quant-aq.com/v1/devices/MOD-00623/data/raw/367178590
0,654.1,30.199999999999932,684.3,1445.4,667.2,4.399999999999977,671.6,1648.3,-1.2000000000000455,1647.1,1648.0,6.900000000000091,1654.0,,,44.4,15.8,0.0,0.0,0.0,323.25,0.8,3.3,3.3,4.035,1.1629,0.0,0.0,0.0,0.0,0.0,0.0,0.0,0.0,0.0,0.0,0.7809,0.0,0.0,0.0,0.0,0.2891,0.3412,0.2273,0.0426,0.0153,0.0193,0.0,2.0,12.32,7.09,31.73,22.19,0,MOD-00623,2025-04-19T15:36:31,2025-04-19T08:36:31,https://api.quant-aq.com/v1/devices/MOD-00623/data/raw/367178588
0,654.9,29.300000000000068,684.2,1444.2,667.0,3.7000000000000455,670.7,1648.2,-1.1000000000001364,1647.1,1647.8,7.100000000000136,1654.2,,,44.6,15.7,0.0,0.0,0.0,269.0,0.4,2.0,2.0,3.9143,1.1178,0.0,0.0,0.0,0.0,0.0,0.0,0.0,0.0,0.0,0.0,0.7434,0.0,0.0,0.0,0.0,0.2419,0.3213,0.1831,0.0691,0.0383,0.0075,0.0074,1.87,14.07,6.98,31.69,22.1,0,MOD-00623,2025-04-19T15:35:31,2025-04-19T08:35:31,https://api.quant-aq.com/v1/devices/MOD-00623/data/raw/367176270
0,657.3,27.300000000000068,684.6,1443.8,667.7,4.099999999999909,671.8,1648.0,-1.099999999999909,1646.9,1648.0,7.099999999999909,1654.0,,,44.3,15.7,0.0,0.0,0.0,280.0,0.8,1.9,1.9,4.007,1.1209,0.0,0.0,0.0,0.0,0.0,0.0,0.0,0.0,0.0,0.0,0.777,0.0,0.0,0.0,0.0,0.2806,0.3551,0.1947,0.0419,0.037,0.0077,0.0074,1.97,13.68,7.03,31.47,22.06,0,MOD-00623,2025-04-19T15:34:31,2025-04-19T08:34:31,https://api.quant-aq.com/v1/devices/MOD-00623/data/raw/367176268
0,655.6,29.100000000000023,684.7,1445.2,667.3,4.2000000000000455,671.5,1648.2,-1.2999999999999545,1646.9,1648.1,7.2999999999999545,1654.2,,,44.3,15.6,0.0,0.0,0.0,273.75,0.6,1.9,1.9,5.2257,1.1165,0.0039,0.0,0.0,0.0,0.0,0.0,0.0,0.0,0.0,0.0,0.7986,0.0,0.0,0.0,0.0,0.2149,0.3578,0.1811,0.0791,0.0203,0.0238,0.012,2.06,18.73,7.36,31.52,22.0,0,MOD-00623,2025-04-19T15:33:31,2025-04-19T08:33:31,https://api.quant-aq.com/v1/devices/MOD-00623/data/raw/367176269
0,655.3,29.100000000000023,684.4,1444.8,666.9,4.300000000000068,671.2,1648.4,-1.5,1646.9,1648.2,7.199999999999818,1654.1,,,44.1,15.6,0.0,0.0,0.0,337.25,0.9,2.2,2.2,3.853,1.2311,0.0039,0.0038,0.0,0.0,0.0,0.0,0.0,0.0,0.0,0.0,0.7359,0.0,0.0,0.0,0.0,0.2711,0.3624,0.1878,0.0504,0.0387,0.0418,0.0,1.95,20.85,7.39,31.4,21.98,0,MOD-00623,2025-04-19T15:32:31,2025-04-19T08:32:31,https://api.quant-aq.com/v1/devices/MOD-00623/data/raw/367176271
0,655.2,29.299999999999955,684.5,1445.0,666.9,4.300000000000068,671.2,1648.2,-1.2000000000000455,1647.0,1648.2,6.7999999999999545,1653.8,,,44.3,15.6,0.0,0.0,0.0,335.5,0.3,2.5,2.5,4.0735,1.1234,0.0,0.0,0.0,0.0,0.0,0.0,0.0,0.0,0.0,0.0,0.7147,0.0,0.0,0.0,0.0,0.295,0.3993,0.171,0.0663,0.0152,0.004,0.0038,1.98,11.35,6.98,31.5,21.93,0,MOD-00623,2025-04-19T15:31:31,2025-04-19T08:31:31,https://api.quant-aq.com/v1/devices/MOD-00623/data/raw/367173942
0,655.3,29.700000000000045,685.0,1442.8,667.6,4.100000000000023,671.7,1648.3,-1.5,1646.8,1648.2,7.2000000000000455,1654.0,,,44.0,15.5,0.0,0.0,0.0,360.25,1.0,3.0,2.8,3.879,1.0931,0.0,0.0,0.0,0.0038,0.0,0.0,0.0,0.0,0.0,0.0,0.7524,0.0,0.0,0.0,0.0,0.2174,0.2935,0.1291,0.044,0.0074,0.0074,0.0,1.78,11.02,5.48,31.42,21.89,0,MOD-00623,2025-04-19T15:30:31,2025-04-19T08:30:31,https://api.quant-aq.com/v1/devices/MOD-00623/data/raw/367173941
0,654.1,30.600000000000023,684.7,1444.4,666.9,4.0,670.9,1648.3,-1.3999999999998636,1646.9,1648.2,7.199999999999818,1654.1,,,44.0,15.5,0.0,0.0,0.0,312.25,0.9,2.8,2.6,4.504,1.0964,0.0,0.0,0.0,0.0,0.0,0.0,0.0,0.0,0.0,0.0,0.7124,0.0,0.0,0.0,0.0,0.2243,0.3178,0.1149,0.0556,0.015,0.0075,0.0035,1.85,10.09,5.8,31.52,21.84,0,MOD-00623,2025-04-19T15:29:31,2025-04-19T08:29:31,https://api.quant-aq.com/v1/devices/MOD-00623/data/raw/367173943
0,656.7,28.199999999999932,684.9,1446.1,666.8,4.5,671.3,1648.3,-1.5,1646.8,1648.2,7.0,1653.8,,,44.2,15.4,0.0,0.0,0.0,249.75,0.3,2.4,1.9,3.7504,1.0862,0.0,0.0039,0.0,0.0,0.0,0.0,0.0,0.0,0.0,0.0,0.6079,0.0,0.0,0.0,0.0,0.2366,0.266,0.1848,0.0695,0.011,0.019,0.0,1.7,13.8,6.25,31.59,21.79,0,MOD-00623,2025-04-19T15:28:31,2025-04-19T08:28:31,https://api.quant-aq.com/v1/devices/MOD-00623/data/raw/367173944
0,655.7,29.09999999999991,684.8,1446.8,667.0,3.8999999999999773,670.9,1648.3,-1.2000000000000455,1647.1,1648.4,7.100000000000136,1654.2,,,44.6,15.4,0.0,0.0,0.0,305.5,0.8,3.9,3.3,3.627,0.9967,0.0,0.0,0.0,0.0,0.0,0.0,0.0,0.0,0.0,0.0,0.7094,0.0,0.0,0.0,0.0,0.2003,0.2829,0.2019,0.0608,0.0224,0.0262,0.0,1.72,13.29,6.58,31.95,21.75,0,MOD-00623,2025-04-19T15:27:31,2025-04-19T08:27:31,https://api.quant-aq.com/v1/devices/MOD-00623/data/raw/367171557
0,654.3,30.200000000000045,684.5,1444.0,666.7,4.399999999999977,671.1,1648.5,-1.5,1647.0,1648.0,6.7999999999999545,1653.8,,,44.5,15.3,0.0,0.0,0.0,261.25,0.4,1.8,1.8,3.6466,1.0233,0.0,0.0,0.0,0.0,0.0,0.0,0.0,0.0,0.0,0.0,0.5935,0.0,0.0,0.0,0.0,0.2004,0.2292,0.1494,0.0547,0.018,0.0109,0.0072,1.57,11.43,5.46,31.85,21.66,0,MOD-00623,2025-04-19T15:26:31,2025-04-19T08:26:31,https://api.quant-aq.com/v1/devices/MOD-00623/data/raw/367171559
0,654.8,30.200000000000045,685.0,1448.0,667.4,4.5,671.9,1648.1,-1.199999999999818,1646.9,1648.2,6.899999999999864,1653.8,,,44.9,15.3,0.0,0.0,0.0,296.0,0.2,2.3,1.9,4.3295,0.992,0.0,0.0,0.0,0.0,0.0,0.0,0.0,0.0,0.0,0.0,0.6821,0.0,0.0,0.0,0.0,0.208,0.3332,0.1894,0.0302,0.019,0.0114,0.0037,1.82,11.19,6.21,32.09,21.62,0,MOD-00623,2025-04-19T15:25:31,2025-04-19T08:25:31,https://api.quant-aq.com/v1/devices/MOD-00623/data/raw/367171558
0,655.4,29.800000000000068,685.2,1447.4,666.7,4.0,670.7,1648.5,-1.2999999999999545,1647.2,1648.1,6.7000000000000455,1653.9,,,45.4,15.2,0.0,0.0,0.0,309.75,0.9,2.4,2.3,4.0301,1.0366,0.0,0.0,0.0,0.0,0.0,0.0,0.0,0.0,0.0,0.0,0.7107,0.0,0.0,0.0,0.0,0.2427,0.3269,0.202,0.0527,0.0205,0.0161,0.0081,1.85,14.05,6.77,32.49,21.57,0,MOD-00623,2025-04-19T15:24:31,2025-04-19T08:24:31,https://api.quant-aq.com/v1/devices/MOD-00623/data/raw/367171556
0,656.1,29.600000000000023,685.7,1447.3,666.7,4.199999999999932,670.9,1648.4,-1.5,1646.9,1648.2,7.099999999999909,1654.0,,,45.3,15.2,0.0,0.0,0.0,305.5,0.9,2.9,2.7,3.7126,1.1404,0.0,0.0,0.0,0.0,0.0,0.0,0.0,0.0,0.0,0.0,0.6613,0.0,0.0,0.0,0.0,0.2357,0.3109,0.1801,0.0744,0.0279,0.0198,0.0118,1.79,16.28,6.86,32.43,21.54,0,MOD-00623,2025-04-19T15:23:31,2025-04-19T08:23:31,https://api.quant-aq.com/v1/devices/MOD-00623/data/raw/367169185
0,656.2,30.09999999999991,686.3,1445.8,667.2,4.199999999999932,671.4,1648.5,-1.099999999999909,1647.4,1648.5,6.899999999999864,1654.3,,,45.7,15.2,0.0,0.0,0.0,289.25,0.4,1.8,1.3,3.9089,1.2147,0.0,0.0,0.0,0.0,0.0,0.0,0.0,0.0,0.0,0.0,0.7029,0.0,0.0,0.0,0.0,0.22,0.3675,0.2277,0.0799,0.024,0.0201,0.0041,1.92,15.15,7.62,32.68,21.51,0,MOD-00623,2025-04-19T15:22:31,2025-04-19T08:22:31,https://api.quant-aq.com/v1/devices/MOD-00623/data/raw/367169183
0,657.1,29.699999999999932,686.8,1447.1,667.3,4.300000000000068,671.6,1648.6,-1.3999999999998636,1647.2,1648.4,7.2000000000000455,1654.4,,,45.9,15.1,0.0,0.0,0.0,311.5,0.9,2.8,2.2,4.1775,1.2514,0.0,0.0,0.0039,0.0,0.0,0.0,0.0,0.0,0.0,0.0,0.8581,0.0,0.0,0.0,0.0,0.2805,0.3585,0.2353,0.08,0.0306,0.0076,0.0078,2.12,17.91,7.98,32.66,21.45,0,MOD-00623,2025-04-19T15:21:31,2025-04-19T08:21:31,https://api.quant-aq.com/v1/devices/MOD-00623/data/raw/367169186
0,656.8,30.800000000000068,687.6,1444.1,667.5,3.8999999999999773,671.4,1648.7,-0.900000000000091,1647.8,1648.7,7.0,1654.8,,,45.9,15.1,0.0,0.0,0.0,326.0,0.8,2.8,2.8,3.636,1.1172,0.0,0.0,0.0,0.0,0.0,0.0,0.0,0.0,0.0,0.0,0.764,0.0,0.0,0.0,0.0,0.2952,0.4027,0.1436,0.0615,0.0344,0.0153,0.0,1.95,12.77,7.03,32.76,21.41,0,MOD-00623,2025-04-19T15:20:31,2025-04-19T08:20:31,https://api.quant-aq.com/v1/devices/MOD-00623/data/raw/367169184
0,656.9,30.399999999999977,687.3,1445.5,667.2,4.2999999999999545,671.5,1648.8,-1.2000000000000455,1647.6,1648.7,7.300000000000182,1654.9,,,46.0,15.1,0.0,0.0,0.0,277.5,0.5,2.2,2.2,3.8458,1.129,0.0,0.0,0.0,0.0,0.0,0.0,0.0,0.0,0.0,0.0,0.7627,0.0,0.0,0.0,0.0,0.2678,0.3603,0.2175,0.0676,0.034,0.0118,0.0152,1.96,17.19,7.58,32.89,21.34,0,MOD-00623,2025-04-19T15:19:31,2025-04-19T08:19:31,https://api.quant-aq.com/v1/devices/MOD-00623/data/raw/367166794
0,657.0,30.399999999999977,687.4,1448.1,666.7,3.199999999999932,669.9,1649.0,-0.7999999999999545,1648.2,1648.7,7.0,1655.2,,,46.4,15.0,0.0,0.0,0.0,252.5,0.4,2.1,1.7,3.6874,1.011,0.0,0.0038,0.0,0.0,0.0,0.0,0.0,0.0,0.0,0.0,0.7352,0.0,0.0,0.0,0.0,0.2002,0.385,0.2618,0.0731,0.0422,0.0191,0.0073,1.87,19.62,8.09,33.05,21.3,0,MOD-00623,2025-04-19T15:18:31,2025-04-19T08:18:31,https://api.quant-aq.com/v1/devices/MOD-00623/data/raw/367166793
0,656.7,30.799999999999955,687.5,1443.4,667.4,4.300000000000068,671.7,1649.0,-1.2999999999999545,1647.7,1648.9,7.2999999999999545,1655.0,,,46.1,15.0,0.0,0.0,0.0,308.25,1.1,2.4,2.4,4.3717,1.2989,0.004,0.0,0.0,0.0,0.0,0.0039,0.0,0.0,0.0,0.0,0.7365,0.0,0.0,0.0,0.0,0.3145,0.3322,0.2094,0.1134,0.0237,0.0244,0.0,2.07,19.45,8.09,32.94,21.24,0,MOD-00623,2025-04-19T15:17:31,2025-04-19T08:17:31,https://api.quant-aq.com/v1/devices/MOD-00623/data/raw/367166791
0,654.3,32.5,686.8,1446.7,666.7,3.699999999999932,670.4,1649.0,-1.099999999999909,1647.9,1648.9,7.5,1655.4,,,46.0,14.9,0.0,0.0,0.0,301.5,0.5,3.5,2.3,3.939,1.1381,0.0036,0.0,0.0,0.0,0.0,0.0,0.0,0.0,0.0,0.0,0.8408,0.0,0.0,0.0,0.0,0.305,0.3921,0.2794,0.0719,0.0286,0.0195,0.0,2.12,16.72,8.49,33.01,21.15,0,MOD-00623,2025-04-19T15:16:31,2025-04-19T08:16:31,https://api.quant-aq.com/v1/devices/MOD-00623/data/raw/367166792
0,654.4,32.39999999999998,686.8,1445.0,667.0,4.0,671.0,1649.0,-1.099999999999909,1647.9,1648.8,7.099999999999909,1655.0,,,46.4,14.9,0.0,0.0,0.0,284.75,0.4,2.1,2.1,3.8597,1.1404,0.0081,0.0,0.0,0.0,0.0,0.0,0.0,0.0,0.0,0.0,0.7603,0.0,0.0,0.0,0.0,0.2975,0.3534,0.2506,0.0907,0.0354,0.0197,0.0,2.01,18.98,8.27,33.44,21.09,0,MOD-00623,2025-04-19T15:15:31,2025-04-19T08:15:31,https://api.quant-aq.com/v1/devices/MOD-00623/data/raw/367164481
0,653.8,32.700000000000045,686.5,1446.5,667.2,3.599999999999909,670.8,1648.8,-0.599999999999909,1648.2,1649.0,7.099999999999909,1655.3,,,47.0,14.8,0.0,0.0,0.0,294.5,0.8,2.3,2.1,3.878,0.9991,0.0039,0.0,0.0,0.0,0.0,0.0,0.0,0.0,0.0,0.0,0.8077,0.0,0.0,0.0,0.0,0.2862,0.3947,0.2628,0.0797,0.0357,0.0158,0.0158,2.03,20.97,8.47,33.73,21.01,0,MOD-00623,2025-04-19T15:14:31,2025-04-19T08:14:31,https://api.quant-aq.com/v1/devices/MOD-00623/data/raw/367164479
0,653.7,32.799999999999955,686.5,1450.8,666.1,4.0,670.1,1649.1,-1.0,1648.1,1648.7,6.800000000000182,1654.9,,,46.9,14.7,0.0,0.0,0.0,264.5,0.7,3.4,2.9,4.3504,1.1344,0.0,0.0043,0.0,0.0,0.0,0.0,0.0,0.0,0.0,0.0,0.759,0.0,0.0,0.0,0.0,0.2755,0.3061,0.3206,0.061,0.0362,0.0123,0.0121,2.03,20.12,8.28,33.71,20.89,0,MOD-00623,2025-04-19T15:13:31,2025-04-19T08:13:31,https://api.quant-aq.com/v1/devices/MOD-00623/data/raw/367164482
0,654.0,32.39999999999998,686.4,1452.0,666.7,3.199999999999932,669.9,1648.7,-0.6000000000001364,1648.1,1648.6,7.100000000000136,1655.2,,,47.3,14.6,0.0,0.0,0.0,258.5,0.2,3.0,2.1,3.9337,1.151,0.0,0.0,0.0,0.0,0.0,0.0,0.0,0.0,0.0,0.0,0.7984,0.0,0.0,0.0,0.0,0.3107,0.4162,0.1848,0.0582,0.0408,0.0162,0.0124,2.07,17.3,7.72,33.91,20.8,0,MOD-00623,2025-04-19T15:12:31,2025-04-19T08:12:31,https://api.quant-aq.com/v1/devices/MOD-00623/data/raw/367164480
0,654.4,30.700000000000045,685.1,1452.0,666.4,3.800000000000068,670.2,1648.8,-0.8999999999998636,1647.9,1648.7,6.899999999999864,1654.8,,,47.7,14.5,0.0,0.0,0.0,341.25,1.2,2.3,2.3,3.8289,1.196,0.0082,0.0039,0.0041,0.0,0.0,0.0,0.0,0.0,0.0,0.0,0.848,0.0,0.0,0.0,0.0,0.2704,0.3717,0.2071,0.0562,0.0282,0.0283,0.0082,2.03,25.76,7.56,34.0,20.7,0,MOD-00623,2025-04-19T15:11:31,2025-04-19T08:11:31,https://api.quant-aq.com/v1/devices/MOD-00623/data/raw/367162136
0,654.4,31.700000000000045,686.1,1450.1,667.1,4.100000000000023,671.2,1648.8,-0.8999999999998636,1647.9,1648.5,6.899999999999864,1654.8,,,47.8,14.4,0.0,0.0,0.0,218.25,0.3,1.5,1.5,3.788,1.1365,0.0,0.0,0.0,0.0,0.0,0.0,0.0,0.0,0.0,0.0,0.838,0.0,0.0,0.0,0.0,0.2971,0.3219,0.3125,0.0658,0.041,0.0288,0.0123,2.05,20.48,8.64,34.09,20.63,0,MOD-00623,2025-04-19T15:10:31,2025-04-19T08:10:31,https://api.quant-aq.com/v1/devices/MOD-00623/data/raw/367162133
0,656.2,30.399999999999977,686.6,1451.4,666.2,3.0,669.2,1648.9,-0.7000000000000455,1648.2,1648.7,7.0,1655.2,,,48.2,14.3,0.0,0.0,0.0,305.75,0.8,3.5,3.1,4.2094,1.1276,0.0,0.0,0.0,0.0,0.0,0.0,0.0,0.0,0.0,0.0,0.7324,0.0,0.0,0.0,0.0,0.221,0.3526,0.2614,0.0843,0.036,0.0281,0.008,1.96,18.7,8.22,34.25,20.56,0,MOD-00623,2025-04-19T15:09:31,2025-04-19T08:09:31,https://api.quant-aq.com/v1/devices/MOD-00623/data/raw/367162135
0,656.0,31.299999999999955,687.3,1450.9,666.8,3.6000000000000227,670.4,1649.1,-1.099999999999909,1648.0,1648.7,7.5,1655.5,,,47.9,14.3,0.0,0.0,0.0,384.5,1.2,4.0,4.0,4.0185,1.3208,0.0,0.0,0.0,0.0,0.0,0.0,0.0,0.0,0.0,0.0,0.8783,0.0,0.0,0.0,0.0,0.2994,0.3947,0.2609,0.0857,0.0249,0.0165,0.0042,2.2,15.88,8.53,34.04,20.49,0,MOD-00623,2025-04-19T15:08:31,2025-04-19T08:08:31,https://api.quant-aq.com/v1/devices/MOD-00623/data/raw/367162134
0,656.1,31.600000000000023,687.7,1449.6,666.7,3.699999999999932,670.4,1649.1,-1.0,1648.1,1648.9,7.400000000000091,1655.5,,,47.8,14.2,0.0,0.0,0.0,328.0,1.0,3.5,2.4,3.8039,1.1084,0.0,0.0,0.0,0.0,0.0,0.0,0.0,0.0,0.0,0.0,0.8479,0.0,0.0,0.0,0.0,0.31,0.3766,0.228,0.0746,0.0428,0.0118,0.0,2.06,14.33,8.07,34.07,20.45,0,MOD-00623,2025-04-19T15:07:31,2025-04-19T08:07:31,https://api.quant-aq.com/v1/devices/MOD-00623/data/raw/367159715
0,656.8,31.600000000000023,688.4,1448.6,666.0,3.5,669.5,1649.4,-1.1000000000001364,1648.3,1649.2,7.2999999999999545,1655.6,,,48.0,14.2,0.0,0.0,0.0,303.25,0.8,3.2,2.7,3.7459,1.1249,0.0071,0.0,0.0,0.0,0.0,0.0,0.0,0.0,0.0,0.0,0.7856,0.0,0.0,0.0,0.0,0.2145,0.3348,0.2518,0.0619,0.0148,0.0254,0.0,1.91,16.85,7.38,34.14,20.41,0,MOD-00623,2025-04-19T15:06:31,2025-04-19T08:06:31,https://api.quant-aq.com/v1/devices/MOD-00623/data/raw/367159714
0,656.9,31.700000000000045,688.6,1450.4,666.6,3.3999999999999773,670.0,1649.4,-1.0,1648.4,1649.1,7.399999999999864,1655.8,,,48.2,14.1,0.0,0.0,0.0,256.75,0.9,2.1,1.4,4.2082,1.1773,0.0,0.0,0.0,0.0,0.0,0.0,0.0,0.0,0.0,0.0,0.7764,0.0,0.0,0.0,0.0,0.2322,0.3755,0.2684,0.0748,0.0115,0.0115,0.0078,2.03,14.6,7.86,34.35,20.31,0,MOD-00623,2025-04-19T15:05:31,2025-04-19T08:05:31,https://api.quant-aq.com/v1/devices/MOD-00623/data/raw/367159717
0,654.5,32.700000000000045,687.2,1448.9,666.3,3.800000000000068,670.1,1649.5,-0.900000000000091,1648.6,1649.4,7.400000000000091,1656.0,,,48.4,14.1,0.0,0.0,0.0,354.5,1.1,3.3,3.3,3.7067,1.1046,0.0,0.0,0.0,0.0,0.0,0.0,0.0,0.0,0.0,0.0,0.758,0.0,0.0,0.0,0.0,0.2738,0.3105,0.2101,0.0586,0.036,0.0137,0.0038,1.89,13.89,7.12,34.51,20.22,0,MOD-00623,2025-04-19T15:04:31,2025-04-19T08:04:31,https://api.quant-aq.com/v1/devices/MOD-00623/data/raw/367159716
0,654.0,32.700000000000045,686.7,1449.8,666.2,3.3999999999999773,669.6,1649.5,-0.7999999999999545,1648.7,1649.3,7.099999999999909,1655.8,,,48.5,14.0,0.0,0.0,0.0,324.75,0.8,3.2,2.8,4.1039,1.1287,0.0043,0.004,0.0,0.0,0.0,0.0,0.0,0.0,0.0,0.0,0.8063,0.0,0.0,0.0,0.0,0.3054,0.3637,0.2722,0.0616,0.0405,0.0038,0.0,2.08,17.41,8.14,34.89,20.15,0,MOD-00623,2025-04-19T15:03:31,2025-04-19T08:03:31,https://api.quant-aq.com/v1/devices/MOD-00623/data/raw/367157343
0,654.1,32.69999999999993,686.8,1453.0,666.2,3.3999999999999773,669.6,1649.5,-0.7000000000000455,1648.8,1649.2,6.900000000000091,1655.7,,,49.6,13.9,0.0,0.0,0.0,305.75,0.9,2.5,2.3,4.3996,1.168,0.0,0.0,0.0,0.0,0.0,0.0,0.0,0.0,0.0,0.0,0.8771,0.0,0.0,0.0,0.0,0.2908,0.3703,0.2567,0.0774,0.0089,0.0213,0.0,2.16,13.91,8.04,35.24,20.04,0,MOD-00623,2025-04-19T15:02:31,2025-04-19T08:02:31,https://api.quant-aq.com/v1/devices/MOD-00623/data/raw/367157344
0,654.6,33.0,687.6,1453.0,666.8,3.1000000000000227,669.9,1649.5,-0.599999999999909,1648.9,1649.2,7.099999999999909,1656.0,,,50.0,13.8,0.0,0.0,0.0,261.75,0.8,3.5,2.6,4.2307,1.2077,0.0041,0.0041,0.0,0.0,0.0,0.0,0.0,0.0,0.0,0.0,0.7157,0.0,0.0,0.0,0.0,0.262,0.3157,0.2535,0.0859,0.0167,0.021,0.0082,1.97,20.48,7.77,35.54,19.92,0,MOD-00623,2025-04-19T15:01:31,2025-04-19T08:01:31,https://api.quant-aq.com/v1/devices/MOD-00623/data/raw/367157341
0,654.3,32.90000000000009,687.2,1452.9,666.1,3.0,669.1,1649.5,-0.5,1649.0,1649.3,7.2000000000000455,1656.2,,,49.9,13.7,0.0,0.0,0.0,305.75,0.7,3.1,2.8,4.8375,1.1277,0.0,0.0,0.0,0.0,0.0,0.0,0.0,0.0,0.0,0.0,0.7768,0.0,0.0,0.0,0.0,0.2567,0.3943,0.2742,0.0942,0.0154,0.0242,0.0124,2.14,18.83,8.59,35.63,19.81,0,MOD-00623,2025-04-19T15:00:31,2025-04-19T08:00:31,https://api.quant-aq.com/v1/devices/MOD-00623/data/raw/367157342
0,653.9,32.80000000000007,686.7,1453.8,666.0,3.3999999999999773,669.4,1649.5,-0.7000000000000455,1648.8,1649.2,7.2000000000000455,1656.0,,,50.0,13.6,0.0,0.0,0.0,371.75,1.2,4.2,3.8,3.839,1.0398,0.0,0.0,0.0,0.0,0.0,0.0,0.0,0.0,0.0,0.0,0.7288,0.0,0.0,0.0,0.0,0.2528,0.3384,0.3046,0.0786,0.0351,0.0158,0.0077,1.93,17.08,8.35,35.69,19.71,0,MOD-00623,2025-04-19T14:59:31,2025-04-19T07:59:31,https://api.quant-aq.com/v1/devices/MOD-00623/data/raw/367154970
0,653.6,33.39999999999998,687.0,1457.2,665.8,2.800000000000068,668.6,1649.5,-0.5,1649.0,1649.4,7.400000000000091,1656.4,,,50.6,13.5,0.0,0.0,0.0,242.5,0.4,2.2,2.1,4.3643,1.2523,0.0,0.0,0.0,0.0,0.0,0.0,0.0,0.0,0.0,0.0,0.6893,0.0,0.0,0.0,0.0,0.2496,0.2762,0.242,0.0835,0.0119,0.0239,0.0117,1.93,16.83,7.38,35.99,19.59,0,MOD-00623,2025-04-19T14:58:31,2025-04-19T07:58:31,https://api.quant-aq.com/v1/devices/MOD-00623/data/raw/367154969
0,653.9,33.30000000000007,687.2,1455.1,666.4,3.300000000000068,669.7,1649.3,-0.2999999999999545,1649.0,1649.2,7.099999999999909,1656.1,,,50.6,13.4,0.0,0.0,0.0,331.25,1.0,3.8,3.5,4.4236,1.166,0.0042,0.0,0.0041,0.0,0.0,0.0,0.0,0.0,0.0,0.0,0.7556,0.0,0.0,0.0,0.0,0.3134,0.4339,0.1993,0.0805,0.0312,0.0317,0.0,2.13,21.29,8.23,36.1,19.48,0,MOD-00623,2025-04-19T14:57:31,2025-04-19T07:57:31,https://api.quant-aq.com/v1/devices/MOD-00623/data/raw/367154967
0,653.8,32.90000000000009,686.7,1455.3,665.8,3.1000000000000227,668.9,1649.4,-0.20000000000004547,1649.2,1649.3,7.099999999999909,1656.3,,,51.1,13.3,0.0,0.0,0.0,298.75,0.8,3.7,3.2,4.0915,1.1964,0.0087,0.0,0.0,0.0,0.0,0.0,0.0,0.0,0.0,0.0,0.8798,0.0,0.0,0.0,0.0,0.3824,0.3826,0.2858,0.0632,0.0509,0.0212,0.0,2.25,20.7,8.98,36.26,19.36,0,MOD-00623,2025-04-19T14:56:31,2025-04-19T07:56:31,https://api.quant-aq.com/v1/devices/MOD-00623/data/raw/367154968
0,655.3,31.90000000000009,687.2,1457.7,665.6,3.0,668.6,1649.2,-0.2999999999999545,1648.9,1649.1,7.2999999999999545,1656.2,,,51.0,13.2,0.0,0.0,0.0,393.5,1.2,4.3,4.3,3.9028,1.1293,0.0042,0.0,0.0,0.0,0.0,0.0,0.0,0.0,0.0,0.0,0.7426,0.0,0.0,0.0,0.0,0.3217,0.3367,0.2614,0.0833,0.0521,0.0275,0.004,2.01,20.51,8.56,36.26,19.26,0,MOD-00623,2025-04-19T14:55:31,2025-04-19T07:55:31,https://api.quant-aq.com/v1/devices/MOD-00623/data/raw/367152640
0,651.2,35.69999999999993,686.9,1457.0,665.6,2.8999999999999773,668.5,1649.4,-0.3000000000001819,1649.1,1649.0,7.300000000000182,1656.4,,,51.1,13.1,0.0,0.0,0.0,367.75,0.6,3.8,3.3,4.3465,1.1572,0.0041,0.0041,0.0,0.0,0.0,0.0,0.0,0.0,0.0,0.0,0.7179,0.0,0.0,0.0,0.0,0.2618,0.3335,0.2665,0.0552,0.0321,0.0241,0.0,1.99,19.12,7.77,36.39,19.16,0,MOD-00623,2025-04-19T14:54:31,2025-04-19T07:54:31,https://api.quant-aq.com/v1/devices/MOD-00623/data/raw/367152638
0,654.1,34.19999999999993,688.3,1456.2,665.5,3.1000000000000227,668.6,1649.2,-0.2999999999999545,1648.9,1649.2,7.199999999999818,1656.1,,,51.6,13.0,0.0,0.0,0.0,258.25,0.7,2.9,2.3,4.536,1.1408,0.0,0.0,0.0,0.0,0.0,0.0,0.0,0.0,0.0,0.0,0.7286,0.0,0.0,0.0,0.0,0.2823,0.3543,0.218,0.0541,0.0252,0.0,0.0042,2.02,11.6,7.17,36.56,19.02,0,MOD-00623,2025-04-19T14:53:31,2025-04-19T07:53:31,https://api.quant-aq.com/v1/devices/MOD-00623/data/raw/367152639
0,654.7,32.0,686.7,1457.5,665.6,2.7999999999999545,668.4,1649.5,-0.2999999999999545,1649.2,1649.2,7.2999999999999545,1656.5,,,52.0,12.8,0.0,0.0,0.0,179.0,0.0,1.5,1.5,4.039,1.1774,0.0038,0.0,0.0,0.0,0.0,0.0,0.0,0.0,0.0,0.0,0.7327,0.0,0.0,0.0,0.0,0.277,0.355,0.2766,0.0693,0.032,0.0318,0.0,2.01,18.35,8.26,36.93,18.94,0,MOD-00623,2025-04-19T14:52:31,2025-04-19T07:52:31,https://api.quant-aq.com/v1/devices/MOD-00623/data/raw/367152641
0,652.3,34.10000000000002,686.4,1454.6,665.7,3.099999999999909,668.8,1649.5,-0.2999999999999545,1649.2,1649.1,7.2999999999999545,1656.5,,,51.8,12.8,0.0,0.0,0.0,358.25,1.0,3.4,3.4,3.7388,1.076,0.0036,0.0,0.0,0.0,0.0,0.0,0.0,0.0,0.0,0.0,0.7787,0.0,0.0,0.0,0.0,0.2141,0.3522,0.2327,0.0945,0.0178,0.0246,0.0216,1.9,22.04,7.84,36.83,18.82,0,MOD-00623,2025-04-19T14:51:31,2025-04-19T07:51:31,https://api.quant-aq.com/v1/devices/MOD-00623/data/raw/367150297
0,652.9,33.5,686.4,1456.4,666.0,3.0,669.0,1649.2,-0.20000000000004547,1649.0,1649.0,7.2999999999999545,1656.3,,,52.3,12.7,0.0,0.0,0.0,259.75,0.3,1.6,1.6,4.5437,1.3376,0.0,0.0,0.0,0.0,0.0,0.0,0.0,0.0,0.0,0.0,0.7475,0.0,0.0,0.0,0.0,0.2647,0.3131,0.3153,0.0838,0.0199,0.0246,0.0087,2.1,17.99,8.49,37.15,18.71,0,MOD-00623,2025-04-19T14:50:31,2025-04-19T07:50:31,https://api.quant-aq.com/v1/devices/MOD-00623/data/raw/367150296
0,653.0,33.299999999999955,686.3,1458.0,665.7,2.8999999999999773,668.6,1649.4,-0.40000000000009095,1649.0,1649.2,7.5,1656.5,,,52.6,12.6,0.0,0.0,0.0,328.5,0.8,2.9,2.9,4.54,1.1955,0.0,0.0042,0.0,0.0,0.0,0.0,0.0,0.0,0.0,0.0,0.8209,0.0,0.0,0.0,0.0,0.3211,0.4097,0.2457,0.1097,0.0416,0.0166,0.0165,2.21,23.49,9.1,37.44,18.61,0,MOD-00623,2025-04-19T14:49:31,2025-04-19T07:49:31,https://api.quant-aq.com/v1/devices/MOD-00623/data/raw/367150295
0,653.3,32.700000000000045,686.0,1458.1,665.2,2.5,667.7,1649.2,-0.20000000000004547,1649.0,1649.2,7.5,1656.5,,,53.1,12.5,0.0,0.0,0.0,293.75,0.9,3.2,1.7,4.1412,1.1961,0.0,0.0038,0.0,0.0,0.0,0.0,0.0,0.0,0.0,0.0,0.744,0.0,0.0,0.0,0.0,0.3114,0.3841,0.2624,0.0871,0.0268,0.0161,0.0127,2.09,20.4,8.46,37.63,18.5,0,MOD-00623,2025-04-19T14:48:31,2025-04-19T07:48:31,https://api.quant-aq.com/v1/devices/MOD-00623/data/raw/367150294
0,653.4,32.700000000000045,686.1,1459.0,665.4,2.6000000000000227,668.0,1649.5,-0.40000000000009095,1649.1,1649.1,7.400000000000091,1656.5,,,53.4,12.4,0.0,0.0,0.0,291.5,0.4,4.2,3.1,4.3119,1.2541,0.0,0.0,0.0,0.0,0.0,0.0,0.0,0.0,0.0,0.0,0.8225,0.0,0.0,0.0,0.0,0.2678,0.3464,0.2427,0.0725,0.0172,0.0291,0.0085,2.09,17.34,7.87,37.88,18.4,0,MOD-00623,2025-04-19T14:47:31,2025-04-19T07:47:31,https://api.quant-aq.com/v1/devices/MOD-00623/data/raw/367147878
0,652.4,33.60000000000002,686.0,1458.6,665.1,3.0,668.1,1649.0,-0.20000000000004547,1648.8,1649.0,7.7999999999999545,1656.6,,,53.4,12.3,0.0,0.0,0.0,352.75,0.9,4.2,3.6,4.3401,1.2253,0.0038,0.0,0.0,0.0,0.0,0.0,0.0,0.0,0.0,0.0,0.8181,0.0,0.0,0.0,0.0,0.2942,0.31,0.2252,0.0822,0.035,0.0077,0.0078,2.06,16.77,7.74,37.9,18.29,0,MOD-00623,2025-04-19T14:46:31,2025-04-19T07:46:31,https://api.quant-aq.com/v1/devices/MOD-00623/data/raw/367147877
0,652.9,32.5,685.4,1460.1,665.8,2.5,668.3,1649.2,-0.2999999999999545,1648.9,1648.8,7.699999999999818,1656.6,,,53.8,12.2,0.0,0.0,0.0,270.75,0.6,3.1,2.3,4.2469,1.0503,0.012,0.0,0.0,0.0,0.0,0.0,0.0,0.0,0.0,0.0,0.7174,0.0,0.0,0.0,0.0,0.1967,0.3798,0.2587,0.0736,0.0465,0.0078,0.0038,1.93,20.15,8.04,38.3,18.17,0,MOD-00623,2025-04-19T14:45:31,2025-04-19T07:45:31,https://api.quant-aq.com/v1/devices/MOD-00623/data/raw/367147876
0,652.1,33.0,685.1,1459.0,665.0,2.3999999999999773,667.4,1649.2,-0.40000000000009095,1648.8,1649.1,7.7000000000000455,1656.5,,,54.3,12.1,0.0,0.0,0.0,417.5,1.4,3.8,3.4,4.0744,1.1263,0.0,0.0,0.0,0.0,0.0,0.0,0.0,0.0,0.0,0.0,0.8208,0.0,0.0,0.0,0.0,0.2644,0.4724,0.3045,0.0739,0.0521,0.0206,0.0,2.17,17.63,9.37,38.64,18.06,0,MOD-00623,2025-04-19T14:44:31,2025-04-19T07:44:31,https://api.quant-aq.com/v1/devices/MOD-00623/data/raw/367147875
0,652.9,32.200000000000045,685.1,1459.9,665.1,2.5,667.6,1649.1,-0.2999999999999545,1648.8,1648.9,7.7999999999999545,1656.6,,,54.7,12.0,0.0,0.0,0.0,327.5,1.0,3.6,3.0,4.0818,1.1975,0.0,0.0,0.0,0.0,0.0,0.0,0.0,0.0,0.0,0.0,0.7696,0.0,0.0,0.0,0.0,0.2563,0.3821,0.2487,0.0761,0.024,0.0361,0.0041,2.04,17.89,8.17,38.88,17.95,0,MOD-00623,2025-04-19T14:43:31,2025-04-19T07:43:31,https://api.quant-aq.com/v1/devices/MOD-00623/data/raw/367145534
0,651.4,33.10000000000002,684.5,1459.9,665.4,2.3999999999999773,667.8,1649.0,-0.09999999999990905,1648.9,1648.6,7.699999999999818,1656.6,,,55.1,11.9,0.0,0.0,0.0,348.5,1.3,2.8,2.6,4.6424,1.2062,0.0,0.0,0.0,0.0,0.0,0.0,0.0,0.0,0.0,0.0,0.7846,0.0,0.0,0.0,0.0,0.3286,0.3562,0.3329,0.0983,0.0368,0.029,0.0039,2.21,19.55,9.48,39.12,17.85,0,MOD-00623,2025-04-19T14:42:31,2025-04-19T07:42:31,https://api.quant-aq.com/v1/devices/MOD-00623/data/raw/367145533
0,651.3,32.60000000000002,683.9,1462.2,664.8,2.5,667.3,1648.8,-0.09999999999990905,1648.7,1648.7,7.7999999999999545,1656.5,,,55.8,11.8,0.0,0.0,0.0,306.25,0.8,3.8,2.3,4.9173,1.3864,0.0045,0.0,0.0,0.0,0.0,0.0,0.0,0.0,0.0,0.0,0.8365,0.0,0.0,0.0,0.0,0.307,0.431,0.2951,0.0943,0.0394,0.0214,0.0045,2.35,20.59,9.51,39.48,17.74,0,MOD-00623,2025-04-19T14:41:31,2025-04-19T07:41:31,https://api.quant-aq.com/v1/devices/MOD-00623/data/raw/367145532
0,651.8,32.200000000000045,684.0,1464.3,665.4,2.1000000000000227,667.5,1648.5,0.09999999999990905,1648.6,1648.4,7.800000000000182,1656.4,,,56.3,11.7,0.0,0.0,0.0,278.5,0.7,2.1,2.1,4.5305,1.2336,0.0042,0.0,0.0,0.0043,0.0,0.0,0.0,0.0,0.0,0.0,0.7158,0.0,0.0,0.0,0.0,0.2837,0.3829,0.2585,0.0576,0.0083,0.0349,0.013,2.09,23.58,7.92,39.92,17.62,0,MOD-00623,2025-04-19T14:40:31,2025-04-19T07:40:31,https://api.quant-aq.com/v1/devices/MOD-00623/data/raw/367145531
0,651.8,31.90000000000009,683.7,1462.5,664.9,2.2000000000000455,667.1,1648.4,0.09999999999990905,1648.5,1648.4,8.0,1656.5,,,56.3,11.5,0.0,0.0,0.0,347.75,1.1,4.1,2.9,4.6283,1.1898,0.004,0.0,0.0,0.0,0.0,0.0,0.0,0.0,0.0,0.0,0.7184,0.0,0.0,0.0,0.0,0.2651,0.3928,0.2329,0.1136,0.0368,0.0285,0.004,2.08,20.33,8.71,39.94,17.49,0,MOD-00623,2025-04-19T14:39:31,2025-04-19T07:39:31,https://api.quant-aq.com/v1/devices/MOD-00623/data/raw/367143136
0,652.8,31.100000000000023,683.9,1466.0,665.2,2.2999999999999545,667.5,1648.2,0.20000000000004547,1648.4,1648.3,8.0,1656.4,,,56.8,11.5,0.0,0.0,0.0,369.0,1.2,4.3,3.6,4.8512,1.3444,0.0042,0.0041,0.0,0.0,0.0,0.0,0.0,0.0,0.0,0.0,0.9225,0.0,0.0,0.0,0.0,0.2988,0.3504,0.3126,0.0811,0.0295,0.0126,0.0085,2.31,21.51,8.93,40.25,17.41,0,MOD-00623,2025-04-19T14:38:31,2025-04-19T07:38:31,https://api.quant-aq.com/v1/devices/MOD-00623/data/raw/367143134
0,652.1,31.600000000000023,683.7,1463.3,664.6,1.7999999999999545,666.4,1648.1,0.10000000000013642,1648.2,1648.2,8.299999999999955,1656.5,,,56.8,11.4,0.0,0.0,0.0,333.75,0.8,3.9,3.8,4.5015,1.1468,0.0,0.0039,0.0,0.0,0.0,0.0,0.0,0.0,0.0,0.0,0.7512,0.0,0.0,0.0,0.0,0.2929,0.3542,0.2548,0.0714,0.0245,0.0358,0.0164,2.07,23.47,8.2,40.38,17.28,0,MOD-00623,2025-04-19T14:37:31,2025-04-19T07:37:31,https://api.quant-aq.com/v1/devices/MOD-00623/data/raw/367143135
0,652.9,30.600000000000023,683.5,1463.9,664.4,2.0,666.4,1648.0,0.20000000000004547,1648.2,1648.0,8.0,1656.2,,,56.9,11.3,0.0,0.0,0.0,312.75,1.0,2.3,2.3,4.4649,1.1566,0.0043,0.0,0.0,0.0,0.0,0.0,0.0,0.0,0.0,0.0,0.8414,0.0,0.0,0.0,0.0,0.2934,0.3899,0.333,0.0968,0.0335,0.0343,0.004,2.21,22.02,9.58,40.44,17.2,0,MOD-00623,2025-04-19T14:36:31,2025-04-19T07:36:31,https://api.quant-aq.com/v1/devices/MOD-00623/data/raw/367143133
0,652.7,30.799999999999955,683.5,1462.5,665.4,2.0,667.4,1647.6,0.20000000000004547,1647.8,1647.9,8.200000000000045,1656.0,,,56.8,11.2,0.0,0.0,0.0,372.75,1.1,3.7,3.3,4.5864,1.1541,0.0043,0.0,0.0,0.0,0.0,0.0,0.0,0.0,0.0,0.0,0.6905,0.0,0.0,0.0,0.0,0.302,0.3411,0.2462,0.0628,0.0367,0.021,0.0037,2.03,17.69,7.87,40.46,17.06,0,MOD-00623,2025-04-19T14:35:31,2025-04-19T07:35:31,https://api.quant-aq.com/v1/devices/MOD-00623/data/raw/367140812
0,651.2,32.19999999999993,683.4,1467.1,664.6,2.0,666.6,1647.6,0.0,1647.6,1647.7,8.200000000000045,1655.8,,,57.2,11.2,0.0,0.0,0.0,344.75,0.9,4.2,3.4,4.9778,1.3747,0.0044,0.0,0.0,0.0,0.0,0.0,0.0,0.0,0.0,0.0,0.8098,0.0,0.0,0.0,0.0,0.348,0.4008,0.2783,0.0757,0.0424,0.034,0.0042,2.33,21.63,9.19,40.81,17.0,0,MOD-00623,2025-04-19T14:34:31,2025-04-19T07:34:31,https://api.quant-aq.com/v1/devices/MOD-00623/data/raw/367140813
0,653.0,30.799999999999955,683.8,1468.1,664.2,2.099999999999909,666.3,1647.6,0.0,1647.6,1647.8,8.100000000000136,1655.7,,,57.3,11.1,0.0,0.0,0.0,258.75,0.8,2.0,1.6,4.9112,1.121,0.0,0.0,0.0,0.0,0.0,0.0,0.0,0.0,0.0,0.0,0.7724,0.0,0.0,0.0,0.0,0.3676,0.3404,0.2174,0.1191,0.0338,0.0378,0.0,2.17,18.68,8.72,40.94,16.91,0,MOD-00623,2025-04-19T14:33:31,2025-04-19T07:33:31,https://api.quant-aq.com/v1/devices/MOD-00623/data/raw/367140811
0,654.0,29.700000000000045,683.7,1464.4,663.8,2.0,665.8,1647.6,0.0,1647.6,1647.6,8.200000000000045,1655.8,,,57.3,11.1,0.0,0.0,0.0,336.25,0.9,3.2,2.9,5.0809,1.2313,0.0,0.0,0.0,0.0,0.0,0.0,0.0,0.0,0.0,0.0,0.832,0.0,0.0,0.0,0.0,0.2491,0.405,0.2357,0.1028,0.0432,0.0214,0.013,2.21,20.37,8.85,40.92,16.87,0,MOD-00623,2025-04-19T14:32:31,2025-04-19T07:32:31,https://api.quant-aq.com/v1/devices/MOD-00623/data/raw/367140810
0,654.5,29.700000000000045,684.2,1466.8,664.4,2.3999999999999773,666.8,1647.8,-0.20000000000004547,1647.6,1647.7,8.200000000000045,1655.8,,,57.1,11.0,0.0,0.0,0.0,383.75,1.2,4.5,4.0,4.9688,1.2873,0.0041,0.0049,0.0,0.0,0.0,0.0,0.0,0.0,0.0,0.0,0.9715,0.0,0.0,0.0,0.0,0.2789,0.3783,0.2857,0.093,0.0162,0.0331,0.0087,2.34,24.23,8.99,40.81,16.83,0,MOD-00623,2025-04-19T14:31:31,2025-04-19T07:31:31,https://api.quant-aq.com/v1/devices/MOD-00623/data/raw/367138468
0,654.8,29.300000000000068,684.1,1467.0,664.2,2.0,666.2,1647.5,0.0,1647.5,1647.5,8.200000000000045,1655.7,,,57.6,11.0,0.0,0.0,0.0,264.75,0.5,2.2,1.4,5.435,1.2719,0.0,0.0,0.0,0.0,0.0,0.0,0.0,0.0,0.0,0.0,0.8707,0.0,0.0,0.0,0.0,0.2857,0.4598,0.3675,0.0934,0.0199,0.0224,0.0101,2.44,20.1,10.08,40.99,16.82,0,MOD-00623,2025-04-19T14:30:31,2025-04-19T07:30:31,https://api.quant-aq.com/v1/devices/MOD-00623/data/raw/367138466
0,654.9,29.700000000000045,684.6,1469.3,664.7,2.099999999999909,666.8,1647.6,0.0,1647.6,1647.6,8.0,1655.6,,,57.5,11.0,0.0,0.0,0.0,300.0,0.6,2.2,2.2,4.7165,1.121,0.0,0.0043,0.0043,0.0,0.0,0.0,0.0,0.0,0.0,0.0,0.8895,0.0,0.0,0.0,0.0,0.2583,0.4045,0.2708,0.0646,0.0171,0.0433,0.0088,2.2,25.59,8.5,40.95,16.79,0,MOD-00623,2025-04-19T14:29:31,2025-04-19T07:29:31,https://api.quant-aq.com/v1/devices/MOD-00623/data/raw/367138467
0,655.0,29.799999999999955,684.8,1467.5,664.6,1.8999999999999773,666.5,1647.6,0.10000000000013642,1647.7,1647.8,8.099999999999909,1655.8,,,57.2,11.0,0.0,0.0,0.0,327.25,0.8,3.9,3.4,4.5858,1.1974,0.0,0.0,0.0,0.0,0.0,0.0,0.0,0.0,0.0,0.0,0.7844,0.0,0.0,0.0,0.0,0.2615,0.3837,0.2395,0.1113,0.0295,0.0167,0.0043,2.11,16.52,8.53,40.78,16.79,0,MOD-00623,2025-04-19T14:28:31,2025-04-19T07:28:31,https://api.quant-aq.com/v1/devices/MOD-00623/data/raw/367138469
0,652.4,32.89999999999998,685.3,1466.6,663.8,2.1000000000000227,665.9,1647.7,0.0,1647.7,1647.6,8.0,1655.7,,,57.3,11.0,0.0,0.0,0.0,306.0,1.0,3.3,2.4,4.2212,1.1696,0.0,0.0,0.0,0.0,0.0,0.0,0.0,0.0,0.0,0.0,0.8058,0.0,0.0,0.0,0.0,0.3048,0.4252,0.2538,0.0791,0.0292,0.0164,0.0085,2.16,17.13,8.54,40.95,16.79,0,MOD-00623,2025-04-19T14:27:31,2025-04-19T07:27:31,https://api.quant-aq.com/v1/devices/MOD-00623/data/raw/367136064
0,654.0,30.200000000000045,684.2,1472.1,664.4,2.300000000000068,666.7,1647.7,0.0,1647.7,1647.8,8.099999999999909,1655.8,,,57.5,11.0,0.0,0.0,0.0,302.0,0.7,3.0,2.7,5.0211,1.1965,0.0,0.0,0.0,0.0,0.0,0.0,0.0,0.0,0.0,0.0,0.7237,0.0,0.0,0.0,0.0,0.2497,0.402,0.2884,0.1185,0.0137,0.0394,0.0,2.16,18.51,9.12,41.05,16.76,0,MOD-00623,2025-04-19T14:26:31,2025-04-19T07:26:31,https://api.quant-aq.com/v1/devices/MOD-00623/data/raw/367136065
0,653.1,31.899999999999977,685.0,1468.8,664.6,2.2999999999999545,666.9,1647.8,0.0,1647.8,1647.7,7.900000000000091,1655.7,,,58.1,11.0,0.0,0.0,0.0,307.0,0.8,3.7,2.1,5.0911,1.0438,0.0,0.0,0.0,0.0,0.0,0.0,0.0,0.0,0.0,0.0,0.9034,0.0,0.0,0.0,0.0,0.2492,0.3587,0.2472,0.0597,0.0293,0.0253,0.0,2.16,15.11,7.94,41.36,16.76,0,MOD-00623,2025-04-19T14:25:31,2025-04-19T07:25:31,https://api.quant-aq.com/v1/devices/MOD-00623/data/raw/367136063
0,653.3,31.90000000000009,685.2,1465.7,664.6,2.3999999999999773,667.0,1647.9,0.2999999999999545,1648.2,1648.0,7.7999999999999545,1656.0,,,58.3,11.0,0.0,0.0,0.0,316.25,0.8,2.8,2.8,4.6533,1.197,0.0,0.0045,0.0,0.0,0.0,0.0,0.0,0.0,0.0,0.0,0.8041,0.0,0.0,0.0,0.0,0.3277,0.3622,0.2802,0.09,0.0258,0.0299,0.0042,2.19,20.87,8.78,41.5,16.77,0,MOD-00623,2025-04-19T14:24:31,2025-04-19T07:24:31,https://api.quant-aq.com/v1/devices/MOD-00623/data/raw/367136062
0,654.0,32.0,686.0,1468.6,665.1,1.6999999999999318,666.8,1648.2,0.09999999999990905,1648.3,1648.0,7.900000000000091,1656.2,,,58.4,11.0,0.0,0.0,0.0,279.5,0.5,2.2,2.2,4.6541,1.1866,0.0,0.0,0.0,0.0,0.0,0.0,0.0,0.0,0.0,0.0,0.8293,0.0,0.0,0.0,0.0,0.3829,0.4455,0.3915,0.0635,0.0267,0.0362,0.0136,2.39,22.92,10.17,41.6,16.72,0,MOD-00623,2025-04-19T14:23:31,2025-04-19T07:23:31,https://api.quant-aq.com/v1/devices/MOD-00623/data/raw/367133722
0,654.0,37.39999999999998,691.4,1465.0,664.4,2.0,666.4,1648.1,0.20000000000004547,1648.3,1648.1,8.100000000000136,1656.4,,,58.3,11.0,0.0,0.0,0.0,280.5,0.7,2.2,2.2,4.915,1.0852,0.0,0.0,0.0,0.0042,0.0,0.0,0.0,0.0,0.0,0.0,0.8172,0.0,0.0,0.0,0.0,0.2474,0.3507,0.269,0.0784,0.0166,0.0245,0.0043,2.11,19.04,8.1,41.49,16.67,0,MOD-00623,2025-04-19T14:22:31,2025-04-19T07:22:31,https://api.quant-aq.com/v1/devices/MOD-00623/data/raw/367133721
0,653.6,49.0,702.6,1467.5,664.1,2.199999999999932,666.3,1648.0,0.40000000000009095,1648.4,1648.2,7.899999999999864,1656.3,,,58.5,10.9,0.0,0.0,0.0,372.75,1.2,3.0,3.0,4.6301,1.0903,0.004,0.0,0.0,0.0,0.0,0.0,0.0,0.0,0.0,0.0,0.7762,0.0,0.0,0.0,0.0,0.28,0.3963,0.2036,0.1157,0.0118,0.029,0.0,2.09,17.43,8.19,41.61,16.69,0,MOD-00623,2025-04-19T14:21:31,2025-04-19T07:21:31,https://api.quant-aq.com/v1/devices/MOD-00623/data/raw/367133718
0,653.7,35.39999999999998,689.1,1464.8,664.7,2.099999999999909,666.8,1648.3,0.40000000000009095,1648.7,1648.5,7.7999999999999545,1656.5,,,58.8,10.9,0.0,0.0,0.0,216.75,0.2,1.6,1.1,4.8909,1.2163,0.0,0.0,0.0,0.0,0.0,0.0,0.0,0.0,0.0,0.0,0.8445,0.0,0.0,0.0,0.0,0.3411,0.4492,0.3245,0.1082,0.0407,0.027,0.0,2.37,19.29,10.14,41.77,16.66,0,MOD-00623,2025-04-19T14:20:31,2025-04-19T07:20:31,https://api.quant-aq.com/v1/devices/MOD-00623/data/raw/367133720
0,652.6,32.10000000000002,684.7,1467.0,664.2,1.8999999999999773,666.1,1648.3,0.10000000000013642,1648.4,1648.1,8.0,1656.4,,,58.8,10.9,0.0,0.0,0.0,286.5,0.8,2.6,2.2,4.6842,1.2331,0.0,0.0042,0.0,0.0,0.0,0.0,0.0,0.0,0.0,0.0,0.7961,0.0,0.0,0.0,0.0,0.3076,0.3259,0.3199,0.0768,0.0346,0.026,0.0,2.17,19.43,8.81,41.74,16.65,0,MOD-00623,2025-04-19T14:19:31,2025-04-19T07:19:31,https://api.quant-aq.com/v1/devices/MOD-00623/data/raw/367131317
0,651.7,32.19999999999993,683.9,1469.2,664.4,2.0,666.4,1648.3,0.20000000000004547,1648.5,1648.4,8.0,1656.5,,,59.1,10.8,0.0,0.0,0.0,306.5,0.5,2.1,1.8,5.0038,1.113,0.0,0.0,0.0,0.0,0.0,0.0,0.0,0.0,0.0,0.0,0.8422,0.0,0.0,0.0,0.0,0.3631,0.4234,0.3058,0.1073,0.0262,0.0263,0.0045,2.34,19.07,9.67,42.0,16.62,0,MOD-00623,2025-04-19T14:18:31,2025-04-19T07:18:31,https://api.quant-aq.com/v1/devices/MOD-00623/data/raw/367131316
0,652.9,31.399999999999977,684.3,1468.9,664.4,1.7000000000000455,666.1,1648.1,0.40000000000009095,1648.5,1648.3,8.200000000000045,1656.7,,,59.3,10.8,0.0,0.0,0.0,263.25,0.7,2.1,2.1,4.8676,1.3072,0.0085,0.0,0.0,0.0,0.0,0.0,0.0,0.0,0.0,0.0,0.867,0.0,0.0,0.0,0.0,0.3267,0.4808,0.3647,0.0925,0.0526,0.0307,0.0,2.44,24.52,10.69,42.13,16.58,0,MOD-00623,2025-04-19T14:17:31,2025-04-19T07:17:31,https://api.quant-aq.com/v1/devices/MOD-00623/data/raw/367131315
0,650.8,32.30000000000007,683.1,1469.2,664.7,1.7999999999999545,666.5,1648.0,0.40000000000009095,1648.4,1648.3,8.299999999999955,1656.7,,,59.4,10.7,0.0,0.0,0.0,286.75,0.9,2.0,2.0,5.067,1.2557,0.0045,0.0,0.0,0.0,0.0,0.0,0.0,0.0,0.0,0.0,0.7997,0.0,0.0,0.0,0.0,0.387,0.5171,0.2834,0.1097,0.0349,0.0263,0.0045,2.45,21.94,10.17,42.14,16.54,0,MOD-00623,2025-04-19T14:16:31,2025-04-19T07:16:31,https://api.quant-aq.com/v1/devices/MOD-00623/data/raw/367131314
0,652.0,31.0,683.0,1468.7,664.1,1.8999999999999773,666.0,1648.1,0.20000000000004547,1648.3,1647.9,8.299999999999955,1656.6,,,59.4,10.6,0.0,0.0,0.0,367.0,0.8,5.8,3.9,4.8622,1.2645,0.0,0.004,0.0,0.0,0.0,0.0,0.0,0.0,0.0,0.0,0.8525,0.0,0.0,0.0,0.0,0.2832,0.4637,0.3877,0.1143,0.0378,0.0247,0.0085,2.38,24.44,10.74,42.21,16.42,0,MOD-00623,2025-04-19T14:15:31,2025-04-19T07:15:31,https://api.quant-aq.com/v1/devices/MOD-00623/data/raw/367128961
0,651.0,31.299999999999955,682.3,1468.8,663.3,1.400000000000091,664.7,1647.8,0.20000000000004547,1648.0,1648.0,8.400000000000091,1656.4,,,59.7,10.6,0.0,0.0,0.0,261.5,0.4,3.3,2.4,5.0498,1.2904,0.0,0.0,0.0,0.0,0.0,0.0,0.0,0.0,0.0,0.0,0.9726,0.0,0.0,0.0,0.0,0.2812,0.4807,0.3381,0.1336,0.0312,0.0253,0.0136,2.48,23.22,10.7,42.56,16.39,0,MOD-00623,2025-04-19T14:14:31,2025-04-19T07:14:31,https://api.quant-aq.com/v1/devices/MOD-00623/data/raw/367128959
0,653.6,29.100000000000023,682.7,1468.2,664.0,1.7000000000000455,665.7,1647.6,0.3000000000001819,1647.9,1647.5,8.299999999999955,1656.2,,,60.1,10.5,0.0,0.0,0.0,287.5,1.0,3.8,2.3,5.4064,1.3224,0.0047,0.0048,0.0,0.0,0.0,0.0,0.0,0.0,0.0,0.0,0.8972,0.0,0.0,0.0,0.0,0.306,0.4947,0.3603,0.066,0.029,0.0,0.0,2.51,19.07,9.78,42.73,16.27,0,MOD-00623,2025-04-19T14:13:31,2025-04-19T07:13:31,https://api.quant-aq.com/v1/devices/MOD-00623/data/raw/367128960
0,651.4,31.600000000000023,683.0,1470.6,663.4,1.8000000000000682,665.2,1647.3,0.40000000000009095,1647.7,1647.5,8.399999999999864,1656.1,,,60.2,10.4,0.0,0.0,0.0,340.0,1.1,3.0,2.8,4.8035,1.1462,0.0,0.0,0.0,0.0,0.0,0.0,0.0,0.0,0.0,0.0,0.875,0.0,0.0,0.0,0.0,0.3377,0.5242,0.2992,0.1032,0.0296,0.0258,0.0257,2.41,25.23,10.17,42.96,16.19,0,MOD-00623,2025-04-19T14:12:31,2025-04-19T07:12:31,https://api.quant-aq.com/v1/devices/MOD-00623/data/raw/367128958
0,653.3,29.800000000000068,683.1,1470.5,664.4,1.8000000000000682,666.2,1647.2,0.3999999999998636,1647.6,1647.6,8.5,1656.1,,,60.3,10.4,0.0,0.0,0.0,207.5,0.2,1.7,1.7,4.9364,1.3202,0.0,0.0,0.0,0.0,0.0,0.0,0.0,0.0,0.0,0.0,0.8242,0.0,0.0,0.0,0.0,0.2591,0.4684,0.3287,0.1285,0.03,0.0307,0.0087,2.34,22.04,10.29,42.98,16.14,0,MOD-00623,2025-04-19T14:11:31,2025-04-19T07:11:31,https://api.quant-aq.com/v1/devices/MOD-00623/data/raw/367126234
0,652.4,30.899999999999977,683.3,1471.8,663.9,1.5,665.4,1647.3,0.40000000000009095,1647.7,1647.5,8.399999999999864,1656.1,,,60.0,10.4,0.0,0.0,0.0,319.75,1.1,3.0,2.8,5.3621,1.3176,0.004,0.0041,0.0,0.0,0.0,0.0,0.0,0.0,0.0,0.0,0.9539,0.0,0.0,0.0,0.0,0.3089,0.478,0.3102,0.0712,0.0166,0.021,0.004,2.5,21.08,9.41,42.85,16.08,0,MOD-00623,2025-04-19T14:10:31,2025-04-19T07:10:31,https://api.quant-aq.com/v1/devices/MOD-00623/data/raw/367126231
0,652.5,31.299999999999955,683.8,1472.2,664.1,2.0,666.1,1647.2,0.20000000000004547,1647.4,1647.4,8.399999999999864,1655.8,,,60.0,10.4,0.0,0.0,0.0,293.5,1.0,2.6,2.3,5.323,1.1838,0.0,0.0086,0.0,0.0,0.0,0.0,0.0,0.0,0.0,0.0,0.8158,0.0,0.0,0.0,0.0,0.2783,0.4442,0.3777,0.1025,0.0493,0.0348,0.0046,2.36,27.77,10.6,42.82,16.07,0,MOD-00623,2025-04-19T14:09:31,2025-04-19T07:09:31,https://api.quant-aq.com/v1/devices/MOD-00623/data/raw/367126232
0,651.7,31.799999999999955,683.5,1473.2,663.9,1.6000000000000227,665.5,1647.6,-0.09999999999990905,1647.5,1647.3,8.200000000000045,1655.7,,,60.1,10.4,0.0,0.0,0.0,371.0,1.4,3.6,3.5,5.0916,1.2191,0.0,0.0,0.0,0.0,0.0,0.0,0.0,0.0,0.0,0.0,0.8933,0.0,0.0,0.0,0.0,0.3118,0.4406,0.3692,0.1282,0.0266,0.04,0.0134,2.42,24.98,10.78,42.82,16.07,0,MOD-00623,2025-04-19T14:08:31,2025-04-19T07:08:31,https://api.quant-aq.com/v1/devices/MOD-00623/data/raw/367126230
0,652.7,30.799999999999955,683.5,1472.7,664.9,1.5,666.4,1647.2,0.20000000000004547,1647.4,1647.6,8.399999999999864,1655.8,,,60.2,10.3,0.0,0.0,0.0,381.25,1.2,6.0,3.3,5.2443,1.2678,0.0,0.0,0.0,0.0,0.0,0.0,0.0,0.0,0.0,0.0,0.8401,0.0,0.0,0.0,0.0,0.3704,0.5105,0.3015,0.0869,0.0386,0.0444,0.0102,2.49,23.97,10.27,42.91,16.07,0,MOD-00623,2025-04-19T14:07:31,2025-04-19T07:07:31,https://api.quant-aq.com/v1/devices/MOD-00623/data/raw/367123835
0,652.7,30.5,683.2,1473.5,663.6,1.7999999999999545,665.4,1647.4,0.1999999999998181,1647.6,1647.3,8.200000000000045,1655.8,,,60.8,10.3,0.0,0.0,0.0,228.25,0.2,2.7,1.9,6.0391,1.3112,0.005,0.0044,0.0,0.0056,0.0,0.0,0.0,0.0,0.0,0.0,0.8653,0.0,0.0,0.0,0.0,0.3471,0.4704,0.3163,0.0986,0.0292,0.0049,0.0,2.56,24.15,9.87,43.1,16.05,0,MOD-00623,2025-04-19T14:06:31,2025-04-19T07:06:31,https://api.quant-aq.com/v1/devices/MOD-00623/data/raw/367123834
0,654.1,29.399999999999977,683.5,1476.8,664.2,1.599999999999909,665.8,1647.3,0.40000000000009095,1647.7,1647.3,8.099999999999909,1655.8,,,60.7,10.3,0.0,0.0,0.0,235.5,0.0,1.8,1.8,5.3749,1.1999,0.0048,0.0,0.0046,0.0049,0.0,0.0,0.0,0.0,0.0,0.0,0.781,0.0,0.0,0.0,0.0,0.3285,0.5033,0.2626,0.1025,0.0511,0.0278,0.0094,2.38,30.81,9.92,43.08,16.05,0,MOD-00623,2025-04-19T14:05:31,2025-04-19T07:05:31,https://api.quant-aq.com/v1/devices/MOD-00623/data/raw/367123832
0,652.8,30.90000000000009,683.7,1472.0,664.5,1.7999999999999545,666.3,1647.3,0.2999999999999545,1647.6,1647.4,8.300000000000182,1655.9,,,60.6,10.3,0.0,0.0,0.0,282.25,0.6,2.1,1.8,5.204,1.1014,0.0,0.0,0.0,0.0,0.0,0.0,0.0,0.0,0.0,0.0,0.8489,0.0,0.0,0.0,0.0,0.2879,0.4196,0.3242,0.1081,0.0175,0.0181,0.0092,2.3,18.62,9.5,43.08,16.07,0,MOD-00623,2025-04-19T14:04:31,2025-04-19T07:04:31,https://api.quant-aq.com/v1/devices/MOD-00623/data/raw/367123833
0,651.4,31.899999999999977,683.3,1472.4,663.3,1.7000000000000455,665.0,1647.3,0.20000000000004547,1647.5,1647.4,8.400000000000091,1655.9,,,60.6,10.3,0.0,0.0,0.0,277.25,0.8,2.4,2.2,5.2907,1.2804,0.0045,0.0,0.0,0.0,0.0,0.0045,0.0,0.0,0.0,0.0,0.8728,0.0,0.0,0.0,0.0,0.3583,0.423,0.2894,0.061,0.0311,0.0219,0.0091,2.41,22.9,9.06,43.05,16.04,0,MOD-00623,2025-04-19T14:03:31,2025-04-19T07:03:31,https://api.quant-aq.com/v1/devices/MOD-00623/data/raw/367121475
0,653.7,29.899999999999977,683.6,1472.5,664.2,1.7999999999999545,666.0,1647.3,0.20000000000004547,1647.5,1647.5,8.5,1656.0,,,60.7,10.3,0.0,0.0,0.0,254.25,0.5,2.3,2.1,5.8115,1.2851,0.0,0.0,0.0,0.0,0.0,0.0,0.0,0.0,0.0,0.0,0.927,0.0,0.0,0.0,0.0,0.3718,0.4547,0.3604,0.0959,0.0331,0.0368,0.0087,2.6,22.98,10.65,43.11,16.05,0,MOD-00623,2025-04-19T14:02:31,2025-04-19T07:02:31,https://api.quant-aq.com/v1/devices/MOD-00623/data/raw/367121474
0,654.3,29.90000000000009,684.2,1471.2,663.7,1.7999999999999545,665.5,1647.3,0.5,1647.8,1647.5,8.400000000000091,1656.2,,,60.7,10.3,0.0,0.0,0.0,285.5,0.8,2.8,2.4,4.8841,1.2448,0.004,0.0,0.0041,0.0,0.0,0.0,0.0,0.0,0.0,0.0,0.7967,0.0,0.0,0.0,0.0,0.351,0.4872,0.2715,0.1054,0.0447,0.0284,0.0,2.36,23.84,9.86,43.14,16.05,0,MOD-00623,2025-04-19T14:01:31,2025-04-19T07:01:31,https://api.quant-aq.com/v1/devices/MOD-00623/data/raw/367121476
0,652.9,31.0,683.9,1473.3,664.7,1.5,666.2,1647.5,0.20000000000004547,1647.7,1647.2,8.399999999999864,1656.1,,,60.6,10.3,0.0,0.0,0.0,281.5,1.0,2.4,2.3,5.6986,1.2296,0.0,0.0,0.0,0.0,0.0,0.0,0.0,0.0,0.0,0.0,0.8031,0.0,0.0,0.0,0.0,0.2782,0.4436,0.3327,0.1155,0.0302,0.03,0.009,2.38,21.65,10.11,43.04,16.04,0,MOD-00623,2025-04-19T14:00:31,2025-04-19T07:00:31,https://api.quant-aq.com/v1/devices/MOD-00623/data/raw/367121473
0,654.7,29.5,684.2,1472.1,664.1,2.0,666.1,1647.6,0.20000000000004547,1647.8,1647.5,8.200000000000045,1656.0,,,60.5,10.3,0.0,0.0,0.0,296.0,1.0,3.9,3.0,5.2957,1.244,0.0048,0.0,0.0,0.0,0.0,0.0,0.0,0.0,0.0,0.0,0.8831,0.0,0.0,0.0,0.0,0.3093,0.475,0.3765,0.1174,0.0317,0.0624,0.0097,2.48,29.64,11.17,42.96,16.04,0,MOD-00623,2025-04-19T13:59:31,2025-04-19T06:59:31,https://api.quant-aq.com/v1/devices/MOD-00623/data/raw/367119077
0,652.9,30.800000000000068,683.7,1472.2,664.1,1.5,665.6,1647.4,0.2999999999999545,1647.7,1647.4,8.399999999999864,1656.1,,,60.4,10.3,0.0,0.0,0.0,365.5,1.5,4.2,3.2,5.0155,1.2779,0.0086,0.0,0.0,0.0,0.0,0.0,0.0,0.0,0.0,0.0,0.8834,0.0,0.0,0.0,0.0,0.2583,0.4263,0.311,0.1212,0.0344,0.0128,0.0045,2.33,21.66,9.75,42.92,16.04,0,MOD-00623,2025-04-19T13:58:31,2025-04-19T06:58:31,https://api.quant-aq.com/v1/devices/MOD-00623/data/raw/367119076
0,653.5,30.399999999999977,683.9,1473.2,663.6,1.6999999999999318,665.3,1647.3,0.40000000000009095,1647.7,1647.4,8.299999999999955,1656.0,,,60.4,10.3,0.0,0.0,0.0,324.25,0.9,2.8,2.6,5.3181,1.3663,0.0045,0.0,0.0,0.0,0.0,0.0,0.0,0.0,0.0,0.0,0.9504,0.0,0.0,0.0,0.0,0.3001,0.4736,0.3451,0.114,0.0365,0.0504,0.0184,2.53,29.94,10.9,42.96,16.04,0,MOD-00623,2025-04-19T13:57:31,2025-04-19T06:57:31,https://api.quant-aq.com/v1/devices/MOD-00623/data/raw/367119075
0,653.0,30.799999999999955,683.8,1471.9,663.8,1.5,665.3,1647.5,0.20000000000004547,1647.7,1647.7,8.5,1656.2,,,60.3,10.3,0.0,0.0,0.0,320.75,1.1,3.2,2.2,4.5508,1.0895,0.0,0.0043,0.0,0.0,0.0043,0.0,0.0,0.0,0.0,0.0,0.7774,0.0,0.0,0.0,0.0,0.3305,0.386,0.2907,0.0827,0.0241,0.0249,0.0039,2.16,22.61,8.77,42.86,16.03,0,MOD-00623,2025-04-19T13:56:31,2025-04-19T06:56:31,https://api.quant-aq.com/v1/devices/MOD-00623/data/raw/367119074
0,652.9,31.200000000000045,684.1,1472.4,663.7,1.6999999999999318,665.4,1647.5,0.2999999999999545,1647.8,1647.6,8.299999999999955,1656.1,,,60.2,10.3,0.0,0.0,0.0,294.25,0.6,3.2,2.3,5.0749,1.2939,0.0,0.0,0.0,0.0,0.0,0.0,0.0,0.0,0.0,0.0,0.8352,0.0,0.0,0.0,0.0,0.2797,0.3602,0.3025,0.0605,0.0256,0.0261,0.0,2.25,15.81,8.52,42.85,16.03,0,MOD-00623,2025-04-19T13:55:31,2025-04-19T06:55:31,https://api.quant-aq.com/v1/devices/MOD-00623/data/raw/367116729
0,652.6,30.899999999999977,683.5,1471.3,664.6,1.8999999999999773,666.5,1647.3,0.40000000000009095,1647.7,1647.5,8.399999999999864,1656.1,,,60.1,10.3,0.0,0.0,0.0,273.75,0.5,2.2,1.5,5.4731,1.1798,0.0089,0.0,0.0,0.0,0.0,0.0,0.0,0.0,0.0,0.0,0.8156,0.0,0.0,0.0,0.0,0.2551,0.462,0.3433,0.1158,0.0315,0.0136,0.0226,2.35,27.01,10.17,42.82,16.01,0,MOD-00623,2025-04-19T13:54:31,2025-04-19T06:54:31,https://api.quant-aq.com/v1/devices/MOD-00623/data/raw/367116726
0,652.1,31.699999999999932,683.8,1472.9,664.1,1.5,665.6,1647.6,0.10000000000013642,1647.7,1647.4,8.5,1656.2,,,60.1,10.3,0.0,0.0,0.0,315.75,0.9,3.1,2.8,5.0377,1.0926,0.0045,0.0044,0.0,0.0,0.0,0.0,0.0,0.0,0.0,0.0,0.8089,0.0,0.0,0.0,0.0,0.3506,0.3959,0.3148,0.1027,0.0346,0.0211,0.0041,2.29,23.13,9.56,42.85,16.01,0,MOD-00623,2025-04-19T13:53:31,2025-04-19T06:53:31,https://api.quant-aq.com/v1/devices/MOD-00623/data/raw/367116728
0,652.9,30.600000000000023,683.5,1474.3,664.2,1.8999999999999773,666.1,1647.5,0.20000000000004547,1647.7,1647.6,8.299999999999955,1656.0,,,60.2,10.3,0.0,0.0,0.0,319.75,0.6,2.9,2.8,4.7838,1.1919,0.0,0.0,0.0,0.0,0.0,0.0,0.0,0.0,0.0,0.0,0.779,0.0,0.0,0.0,0.0,0.294,0.4269,0.3918,0.0784,0.0353,0.0262,0.0085,2.28,20.77,10.02,42.84,16.03,0,MOD-00623,2025-04-19T13:52:31,2025-04-19T06:52:31,https://api.quant-aq.com/v1/devices/MOD-00623/data/raw/367116727
0,653.5,30.100000000000023,683.6,1471.1,664.2,1.6999999999999318,665.9,1647.6,0.3000000000001819,1647.9,1647.6,8.199999999999818,1656.1,,,60.2,10.3,0.0,0.0,0.0,267.5,0.5,2.7,2.3,4.8498,1.1227,0.0,0.0,0.0,0.0,0.0,0.0,0.0,0.0,0.0,0.0,0.7684,0.0,0.0,0.0,0.0,0.2944,0.3963,0.2891,0.0998,0.0256,0.0407,0.0092,2.18,21.5,9.18,42.84,15.97,0,MOD-00623,2025-04-19T13:51:31,2025-04-19T06:51:31,https://api.quant-aq.com/v1/devices/MOD-00623/data/raw/367114391
0,652.3,32.200000000000045,684.5,1470.1,663.8,1.6000000000000227,665.4,1647.5,0.2999999999999545,1647.8,1647.7,8.5,1656.3,,,60.1,10.3,0.0,0.0,0.0,316.75,0.8,3.8,3.1,5.4841,1.2033,0.0,0.0,0.0,0.0,0.0,0.0,0.0,0.0,0.0,0.0,0.884,0.0,0.0,0.0,0.0,0.317,0.4667,0.2684,0.1193,0.0173,0.0256,0.0043,2.42,18.41,9.58,42.8,16.0,0,MOD-00623,2025-04-19T13:50:31,2025-04-19T06:50:31,https://api.quant-aq.com/v1/devices/MOD-00623/data/raw/367114390
0,653.5,30.799999999999955,684.3,1471.0,664.0,1.8999999999999773,665.9,1647.6,0.20000000000004547,1647.8,1647.6,8.5,1656.3,,,60.2,10.3,0.0,0.0,0.0,419.5,1.2,5.1,4.8,5.443,1.1764,0.0,0.0,0.0,0.0,0.0,0.0,0.0,0.0,0.0,0.0,0.9392,0.0,0.0,0.0,0.0,0.371,0.4231,0.3327,0.0855,0.0404,0.0308,0.0046,2.49,20.58,10.05,42.91,15.97,0,MOD-00623,2025-04-19T13:49:31,2025-04-19T06:49:31,https://api.quant-aq.com/v1/devices/MOD-00623/data/raw/367114389
0,652.4,31.399999999999977,683.8,1473.2,663.7,1.3999999999999773,665.1,1647.6,0.3000000000001819,1647.9,1647.4,8.099999999999909,1656.0,,,60.1,10.3,0.0,0.0,0.0,320.0,1.1,2.6,2.6,5.0612,1.0914,0.0,0.0,0.0,0.0,0.0,0.0,0.0,0.0,0.0,0.0,0.8515,0.0,0.0,0.0,0.0,0.237,0.3556,0.3668,0.1197,0.0082,0.0499,0.0041,2.21,21.64,9.74,42.93,15.96,0,MOD-00623,2025-04-19T13:48:31,2025-04-19T06:48:31,https://api.quant-aq.com/v1/devices/MOD-00623/data/raw/367114388
0,653.0,30.399999999999977,683.4,1471.3,664.5,1.7999999999999545,666.3,1647.6,0.3000000000001819,1647.9,1647.8,8.299999999999955,1656.2,,,60.1,10.2,0.0,0.0,0.0,267.5,0.4,2.4,2.4,5.2265,1.2215,0.0,0.0,0.0,0.0,0.0,0.0,0.0,0.0,0.0,0.0,0.7424,0.0,0.0,0.0,0.0,0.2855,0.4062,0.3893,0.1062,0.0179,0.0315,0.0,2.29,18.77,10.03,42.88,15.94,0,MOD-00623,2025-04-19T13:47:31,2025-04-19T06:47:31,https://api.quant-aq.com/v1/devices/MOD-00623/data/raw/367112015
0,652.0,31.700000000000045,683.7,1469.7,664.4,2.0,666.4,1647.6,0.10000000000013642,1647.7,1647.7,8.299999999999955,1656.0,,,60.2,10.2,0.0,0.0,0.0,224.25,0.3,2.2,1.5,5.3108,1.3522,0.0043,0.0,0.0,0.0,0.0,0.0,0.0,0.0,0.0,0.0,0.8312,0.0,0.0,0.0,0.0,0.3548,0.4729,0.3207,0.0874,0.0228,0.0348,0.0,2.47,20.63,9.89,42.99,15.9,0,MOD-00623,2025-04-19T13:46:31,2025-04-19T06:46:31,https://api.quant-aq.com/v1/devices/MOD-00623/data/raw/367112014
0,653.2,30.59999999999991,683.8,1473.9,664.0,1.5,665.5,1647.6,0.10000000000013642,1647.7,1647.5,8.5,1656.2,,,60.5,10.2,0.0,0.0,0.0,258.25,0.4,2.8,2.2,4.983,1.1598,0.0086,0.0,0.0,0.0,0.0,0.0,0.0,0.0,0.0,0.0,0.8561,0.0,0.0,0.0,0.0,0.329,0.364,0.2927,0.1002,0.0301,0.0127,0.017,2.27,23.63,9.1,43.2,15.88,0,MOD-00623,2025-04-19T13:45:31,2025-04-19T06:45:31,https://api.quant-aq.com/v1/devices/MOD-00623/data/raw/367112013
0,651.5,32.0,683.5,1470.8,663.3,1.7000000000000455,665.0,1647.6,0.0,1647.6,1647.7,8.600000000000136,1656.2,,,60.6,10.2,0.0,0.0,0.0,301.0,0.8,2.5,2.5,5.1968,1.2469,0.0,0.0,0.0,0.0,0.0,0.0,0.0,0.0,0.0,0.0,0.798,0.0,0.0,0.0,0.0,0.34,0.4121,0.2641,0.0684,0.0233,0.0039,0.0048,2.31,13.86,8.41,43.28,15.87,0,MOD-00623,2025-04-19T13:44:31,2025-04-19T06:44:31,https://api.quant-aq.com/v1/devices/MOD-00623/data/raw/367112012
0,652.8,29.90000000000009,682.7,1473.5,664.5,2.0,666.5,1647.6,0.20000000000004547,1647.8,1647.6,8.400000000000091,1656.2,,,61.1,10.2,0.0,0.0,0.0,324.25,0.8,3.8,2.8,5.1425,1.3578,0.0,0.0,0.0,0.0,0.0,0.0,0.0,0.0,0.0,0.0,0.7412,0.0,0.0,0.0,0.0,0.3219,0.4398,0.3135,0.1123,0.0395,0.0181,0.0084,2.34,20.04,9.91,43.56,15.88,0,MOD-00623,2025-04-19T13:43:31,2025-04-19T06:43:31,https://api.quant-aq.com/v1/devices/MOD-00623/data/raw/367109654
0,652.2,31.299999999999955,683.5,1473.2,664.2,1.3999999999999773,665.6,1647.4,0.5,1647.9,1647.6,8.399999999999864,1656.3,,,61.4,10.2,0.0,0.0,0.0,286.75,0.9,2.3,2.3,5.2579,1.2273,0.0,0.0,0.0,0.0,0.0,0.0,0.0,0.0,0.0,0.0,0.7761,0.0,0.0,0.0,0.0,0.3382,0.4914,0.3192,0.1091,0.0375,0.0418,0.0083,2.4,23.64,10.43,43.71,15.84,0,MOD-00623,2025-04-19T13:42:31,2025-04-19T06:42:31,https://api.quant-aq.com/v1/devices/MOD-00623/data/raw/367109651
0,652.9,30.300000000000068,683.2,1472.1,664.0,1.6000000000000227,665.6,1647.5,0.2999999999999545,1647.8,1647.5,8.5,1656.3,,,61.4,10.1,0.0,0.0,0.0,425.0,1.2,5.3,4.2,5.1126,1.2764,0.0,0.0,0.0,0.0,0.0,0.0,0.0,0.0,0.0,0.0,0.8338,0.0,0.0,0.0,0.0,0.2719,0.4656,0.2777,0.1381,0.0571,0.0344,0.0,2.34,21.71,10.34,43.72,15.83,0,MOD-00623,2025-04-19T13:41:31,2025-04-19T06:41:31,https://api.quant-aq.com/v1/devices/MOD-00623/data/raw/367109652
0,652.2,31.899999999999977,684.1,1471.9,664.4,1.3999999999999773,665.8,1647.5,0.20000000000004547,1647.7,1647.4,8.599999999999909,1656.3,,,61.5,10.1,0.0,0.0,0.0,303.0,1.1,3.1,3.0,4.942,1.138,0.0,0.0,0.0,0.0,0.0,0.0,0.0,0.0,0.0,0.0,0.9548,0.0,0.0,0.0,0.0,0.331,0.4992,0.3212,0.1038,0.048,0.0262,0.0122,2.46,23.14,10.52,43.76,15.77,0,MOD-00623,2025-04-19T13:40:31,2025-04-19T06:40:31,https://api.quant-aq.com/v1/devices/MOD-00623/data/raw/367109653
0,652.8,31.200000000000045,684.0,1471.6,663.9,1.7000000000000455,665.6,1647.4,0.2999999999999545,1647.7,1647.6,8.700000000000045,1656.4,,,61.7,10.1,0.0,0.0,0.0,400.25,1.3,4.1,4.1,5.2069,1.1647,0.0,0.0,0.0,0.0,0.0,0.0,0.0,0.0,0.0,0.0,0.945,0.0,0.0,0.0,0.0,0.3521,0.5429,0.358,0.1563,0.0356,0.0252,0.0132,2.58,24.81,11.69,43.86,15.77,0,MOD-00623,2025-04-19T13:39:31,2025-04-19T06:39:31,https://api.quant-aq.com/v1/devices/MOD-00623/data/raw/367107287
0,651.4,31.399999999999977,682.8,1472.4,663.8,1.6000000000000227,665.4,1647.5,0.40000000000009095,1647.9,1647.5,8.599999999999909,1656.5,,,61.8,10.1,0.0,0.0,0.0,338.25,0.9,2.8,2.8,5.4791,1.3012,0.0047,0.0,0.0043,0.0,0.0,0.004,0.0,0.0,0.0,0.0,0.8748,0.0,0.0,0.0,0.0,0.293,0.4284,0.3381,0.083,0.0461,0.0221,0.0086,2.42,27.87,9.91,43.91,15.76,0,MOD-00623,2025-04-19T13:38:31,2025-04-19T06:38:31,https://api.quant-aq.com/v1/devices/MOD-00623/data/raw/367107286
0,653.4,30.0,683.4,1470.9,664.4,1.3999999999999773,665.8,1647.2,0.599999999999909,1647.8,1647.5,8.600000000000136,1656.4,,,61.7,10.1,0.0,0.0,0.0,318.75,1.0,4.5,3.2,5.1303,1.3119,0.0083,0.0,0.0,0.0,0.0,0.0,0.0,0.0,0.0,0.0,0.8771,0.0,0.0,0.0,0.0,0.2892,0.385,0.2692,0.127,0.0553,0.0297,0.0123,2.31,27.0,9.82,43.95,15.74,0,MOD-00623,2025-04-19T13:37:31,2025-04-19T06:37:31,https://api.quant-aq.com/v1/devices/MOD-00623/data/raw/367107288
0,652.7,30.399999999999977,683.1,1472.7,663.9,1.6000000000000227,665.5,1647.4,0.3999999999998636,1647.8,1647.3,8.600000000000136,1656.4,,,61.7,10.0,0.0,0.0,0.0,303.0,0.7,2.7,2.2,5.126,1.2534,0.0,0.0,0.0,0.0,0.0,0.0,0.0,0.0,0.0,0.0,0.7596,0.0,0.0,0.0,0.0,0.2785,0.4109,0.3336,0.0867,0.0462,0.0494,0.0169,2.26,26.52,9.93,43.88,15.73,0,MOD-00623,2025-04-19T13:36:31,2025-04-19T06:36:31,https://api.quant-aq.com/v1/devices/MOD-00623/data/raw/367107284
0,652.7,30.5,683.2,1471.6,663.5,1.2000000000000455,664.7,1647.3,0.40000000000009095,1647.7,1647.4,8.599999999999909,1656.3,,,61.6,10.0,0.0,0.0,0.0,355.0,1.1,3.6,3.0,5.0033,1.2897,0.0,0.0,0.0,0.0,0.0,0.0,0.0,0.0,0.0,0.0,0.8357,0.0,0.0,0.0,0.0,0.3279,0.5304,0.3338,0.1178,0.0349,0.0224,0.0,2.47,19.1,10.63,43.91,15.73,0,MOD-00623,2025-04-19T13:35:31,2025-04-19T06:35:31,https://api.quant-aq.com/v1/devices/MOD-00623/data/raw/367104924
0,652.0,30.700000000000045,682.7,1473.4,664.3,1.400000000000091,665.7,1647.4,0.2999999999999545,1647.7,1647.4,8.399999999999864,1656.1,,,61.8,10.0,0.0,0.0,0.0,312.5,0.6,2.6,2.4,5.4549,1.299,0.0043,0.0,0.0,0.0,0.0,0.0,0.0,0.0,0.0,0.0,0.8585,0.0,0.0,0.0,0.0,0.2732,0.4384,0.2393,0.1285,0.03,0.0261,0.0043,2.35,20.84,9.37,43.91,15.71,0,MOD-00623,2025-04-19T13:34:31,2025-04-19T06:34:31,https://api.quant-aq.com/v1/devices/MOD-00623/data/raw/367104922
0,652.9,30.0,682.9,1471.9,663.4,1.5,664.9,1647.2,0.3999999999998636,1647.6,1647.5,8.5,1656.1,,,61.7,10.0,0.0,0.0,0.0,301.25,0.6,2.7,2.7,5.0435,1.0846,0.0,0.0041,0.0,0.0,0.0,0.0,0.0,0.0,0.0,0.0,0.8475,0.0,0.0,0.0,0.0,0.3085,0.4147,0.3768,0.1334,0.0174,0.0134,0.0083,2.33,21.64,10.27,43.95,15.7,0,MOD-00623,2025-04-19T13:33:31,2025-04-19T06:33:31,https://api.quant-aq.com/v1/devices/MOD-00623/data/raw/367104921
0,652.5,30.799999999999955,683.3,1473.3,663.3,1.8000000000000682,665.1,1647.4,0.1999999999998181,1647.6,1647.5,8.5,1656.1,,,61.9,10.0,0.0,0.0,0.0,311.0,0.6,2.2,2.2,5.2881,1.2698,0.0,0.0,0.0,0.0,0.0,0.0,0.0,0.0,0.0,0.0,0.9055,0.0,0.0,0.0,0.0,0.332,0.442,0.3657,0.1045,0.05,0.0314,0.0046,2.48,22.29,10.73,44.04,15.68,0,MOD-00623,2025-04-19T13:32:31,2025-04-19T06:32:31,https://api.quant-aq.com/v1/devices/MOD-00623/data/raw/367104923
0,653.1,29.899999999999977,683.0,1474.6,663.8,1.3000000000000682,665.1,1647.3,0.40000000000009095,1647.7,1647.4,8.5,1656.2,,,62.2,10.0,0.0,0.0,0.0,307.25,0.9,2.2,2.2,4.9113,1.224,0.0,0.0,0.0,0.0,0.0,0.0,0.0,0.0,0.0,0.0,0.9328,0.0,0.0,0.0,0.0,0.317,0.4803,0.31,0.1228,0.0296,0.0428,0.013,2.43,24.8,10.45,44.13,15.68,0,MOD-00623,2025-04-19T13:31:31,2025-04-19T06:31:31,https://api.quant-aq.com/v1/devices/MOD-00623/data/raw/367102573
0,653.0,30.700000000000045,683.7,1470.6,663.5,1.2999999999999545,664.8,1647.3,0.40000000000009095,1647.7,1647.4,8.5,1656.2,,,62.3,10.0,0.0,0.0,0.0,304.0,0.7,2.8,2.8,5.7551,1.2659,0.0,0.0,0.0,0.0,0.0,0.0,0.0,0.0,0.0,0.0,0.8005,0.0,0.0,0.0,0.0,0.3718,0.4775,0.3049,0.1619,0.0351,0.0173,0.0,2.51,19.19,10.79,44.23,15.7,0,MOD-00623,2025-04-19T13:30:31,2025-04-19T06:30:31,https://api.quant-aq.com/v1/devices/MOD-00623/data/raw/367102572
0,652.5,30.700000000000045,683.2,1472.4,664.5,1.5,666.0,1647.3,0.5,1647.8,1647.3,8.600000000000136,1656.4,,,62.4,10.0,0.0,0.0,0.0,374.0,1.2,3.8,3.8,5.2508,1.2551,0.0,0.0,0.0,0.0,0.0,0.0,0.0,0.0,0.0,0.0,0.8199,0.0,0.0,0.0,0.0,0.3332,0.5075,0.4104,0.1179,0.0219,0.0303,0.0134,2.5,23.87,11.21,44.26,15.67,0,MOD-00623,2025-04-19T13:29:31,2025-04-19T06:29:31,https://api.quant-aq.com/v1/devices/MOD-00623/data/raw/367102571
0,651.1,31.899999999999977,683.0,1474.8,663.8,1.400000000000091,665.2,1647.2,0.3999999999998636,1647.6,1647.3,8.700000000000045,1656.3,,,62.4,10.0,0.0,0.0,0.0,401.75,1.2,3.1,2.9,5.2761,1.2895,0.009,0.0,0.0,0.0,0.0,0.0,0.0,0.0,0.0,0.0,0.8469,0.0,0.0,0.0,0.0,0.3568,0.586,0.3957,0.1109,0.0538,0.018,0.0045,2.61,25.83,11.76,44.25,15.67,0,MOD-00623,2025-04-19T13:28:31,2025-04-19T06:28:31,https://api.quant-aq.com/v1/devices/MOD-00623/data/raw/367102570
0,652.0,31.600000000000023,683.6,1474.0,664.0,1.3999999999999773,665.4,1647.4,0.5,1647.9,1647.3,8.399999999999864,1656.3,,,62.6,10.0,0.0,0.0,0.0,348.5,1.3,3.8,3.2,5.4412,1.2491,0.0048,0.0,0.0,0.0,0.0,0.0,0.0,0.0,0.0,0.0,0.9356,0.0,0.0,0.0,0.0,0.4963,0.5198,0.3749,0.1057,0.0274,0.0334,0.0088,2.74,25.33,11.41,44.28,15.66,0,MOD-00623,2025-04-19T13:27:31,2025-04-19T06:27:31,https://api.quant-aq.com/v1/devices/MOD-00623/data/raw/367100215
0,653.2,30.09999999999991,683.3,1475.4,663.4,1.3999999999999773,664.8,1647.3,0.5,1647.8,1647.5,8.700000000000045,1656.5,,,62.6,10.0,0.0,0.0,0.0,326.75,0.9,3.2,3.1,5.4998,1.4559,0.009,0.0,0.0,0.0046,0.0,0.0,0.0,0.0,0.0,0.0,0.913,0.0,0.0,0.0,0.0,0.2951,0.393,0.322,0.1795,0.048,0.0303,0.0,2.47,29.29,11.02,44.28,15.66,0,MOD-00623,2025-04-19T13:26:31,2025-04-19T06:26:31,https://api.quant-aq.com/v1/devices/MOD-00623/data/raw/367100214
0,653.7,29.399999999999977,683.1,1473.7,663.8,1.1000000000000227,664.9,1647.2,0.599999999999909,1647.8,1647.3,8.700000000000045,1656.5,,,62.6,10.0,0.0,0.0,0.0,327.25,0.9,3.7,3.1,5.1588,1.4263,0.0,0.0,0.0,0.0,0.0,0.0044,0.0,0.0,0.0,0.0,0.9363,0.0,0.0,0.0,0.0,0.377,0.5064,0.3065,0.1156,0.0486,0.0314,0.0043,2.6,24.64,10.8,44.21,15.66,0,MOD-00623,2025-04-19T13:25:31,2025-04-19T06:25:31,https://api.quant-aq.com/v1/devices/MOD-00623/data/raw/367100216
0,652.0,31.0,683.0,1473.6,663.3,1.2000000000000455,664.5,1647.3,0.5,1647.8,1647.4,8.700000000000045,1656.5,,,62.3,10.0,0.0,0.0,0.0,275.25,0.7,3.0,2.0,5.2284,1.3679,0.0043,0.0,0.0,0.0,0.0,0.0,0.0045,0.0,0.0,0.0,0.8357,0.0,0.0,0.0,0.0,0.3426,0.4712,0.3506,0.1386,0.0599,0.0385,0.0,2.49,27.54,11.36,44.01,15.64,0,MOD-00623,2025-04-19T13:24:31,2025-04-19T06:24:31,https://api.quant-aq.com/v1/devices/MOD-00623/data/raw/367100217
0,653.1,30.100000000000023,683.2,1470.0,663.7,1.3999999999999773,665.1,1647.1,0.40000000000009095,1647.5,1647.2,8.900000000000091,1656.4,,,62.1,9.9,0.0,0.0,0.0,376.25,1.2,3.6,2.8,5.2409,1.426,0.0,0.0,0.0,0.0043,0.0,0.0,0.0,0.0,0.0,0.0,0.9731,0.0,0.0,0.0,0.0,0.3091,0.4759,0.2855,0.1299,0.0434,0.0309,0.0043,2.53,24.74,10.44,43.93,15.66,0,MOD-00623,2025-04-19T13:23:31,2025-04-19T06:23:31,https://api.quant-aq.com/v1/devices/MOD-00623/data/raw/367097848
0,652.1,31.399999999999977,683.5,1471.4,664.4,1.2000000000000455,665.6,1647.5,0.20000000000004547,1647.7,1647.3,8.700000000000045,1656.4,,,61.8,10.0,0.0,0.0,0.0,334.25,0.9,3.2,3.0,5.197,1.2122,0.004,0.0,0.0,0.0,0.0,0.0,0.0,0.0,0.0,0.0,0.8711,0.0,0.0,0.0,0.0,0.2852,0.4006,0.4111,0.1228,0.0372,0.0405,0.0208,2.38,29.58,11.01,43.78,15.67,0,MOD-00623,2025-04-19T13:22:31,2025-04-19T06:22:31,https://api.quant-aq.com/v1/devices/MOD-00623/data/raw/367097849
0,652.8,31.300000000000068,684.1,1472.9,663.7,1.2999999999999545,665.0,1647.0,0.7000000000000455,1647.7,1647.4,8.5,1656.2,,,61.7,9.9,0.0,0.0,0.0,301.25,0.8,4.2,3.3,5.187,1.2299,0.0043,0.0,0.0,0.0,0.0,0.0,0.0,0.0,0.0,0.0,0.8139,0.0,0.0,0.0,0.0,0.2466,0.4229,0.3638,0.172,0.0394,0.0166,0.0086,2.31,23.93,10.92,43.65,15.64,0,MOD-00623,2025-04-19T13:21:31,2025-04-19T06:21:31,https://api.quant-aq.com/v1/devices/MOD-00623/data/raw/367097847
0,652.1,31.899999999999977,684.0,1469.8,664.0,1.3999999999999773,665.4,1647.1,0.40000000000009095,1647.5,1647.3,8.799999999999955,1656.3,,,61.5,9.9,0.0,0.0,0.0,253.5,0.6,2.2,1.7,5.2766,1.2456,0.0047,0.0,0.0,0.0,0.0,0.0,0.0,0.0,0.0,0.0,0.8946,0.0,0.0,0.0,0.0,0.2444,0.4379,0.2457,0.1087,0.0365,0.0309,0.0046,2.31,21.63,9.23,43.55,15.64,0,MOD-00623,2025-04-19T13:20:31,2025-04-19T06:20:31,https://api.quant-aq.com/v1/devices/MOD-00623/data/raw/367097850
0,652.0,30.700000000000045,682.7,1471.5,662.8,1.6000000000000227,664.4,1647.3,0.20000000000004547,1647.5,1647.3,8.700000000000045,1656.2,,,61.3,9.9,0.0,0.0,0.0,333.25,1.0,4.0,2.8,5.2764,1.2214,0.0,0.0042,0.0,0.0,0.0,0.0,0.0,0.0,0.0,0.0,0.8728,0.0,0.0,0.0,0.0,0.3163,0.4676,0.3458,0.0907,0.0601,0.0298,0.013,2.44,26.9,10.57,43.5,15.67,0,MOD-00623,2025-04-19T13:19:31,2025-04-19T06:19:31,https://api.quant-aq.com/v1/devices/MOD-00623/data/raw/367095515
0,650.7,32.39999999999998,683.1,1471.6,664.4,1.5,665.9,1647.1,0.3000000000001819,1647.4,1647.3,8.799999999999955,1656.2,,,61.2,9.9,0.0,0.0,0.0,312.75,0.8,3.7,3.7,5.4682,1.2763,0.0044,0.0044,0.0043,0.0,0.0,0.0,0.0,0.0,0.0,0.0,0.8085,0.0,0.0,0.0,0.0,0.315,0.3932,0.315,0.0657,0.0348,0.0218,0.026,2.34,31.1,9.2,43.43,15.67,0,MOD-00623,2025-04-19T13:18:31,2025-04-19T06:18:31,https://api.quant-aq.com/v1/devices/MOD-00623/data/raw/367095514
0,652.2,30.799999999999955,683.0,1472.3,663.8,1.5,665.3,1647.0,0.40000000000009095,1647.4,1647.2,8.799999999999955,1656.2,,,61.1,9.9,0.0,0.0,0.0,306.5,0.9,2.8,2.8,5.1091,1.1316,0.0,0.0,0.0,0.0,0.0,0.0,0.0,0.0,0.0,0.0,0.876,0.0,0.0,0.0,0.0,0.3683,0.4659,0.3479,0.1146,0.0397,0.0182,0.0131,2.45,22.18,10.59,43.36,15.64,0,MOD-00623,2025-04-19T13:17:31,2025-04-19T06:17:31,https://api.quant-aq.com/v1/devices/MOD-00623/data/raw/367095513
0,654.0,30.0,684.0,1471.2,663.5,1.3999999999999773,664.9,1647.3,0.20000000000004547,1647.5,1647.1,8.299999999999955,1655.8,,,61.0,9.9,0.0,0.0,0.0,327.75,1.0,2.2,2.2,4.8816,1.1532,0.0,0.0,0.0,0.0,0.0,0.0,0.0,0.0,0.0,0.0,0.7361,0.0,0.0,0.0,0.0,0.2317,0.4946,0.3447,0.1209,0.0273,0.0367,0.0228,2.23,26.44,10.36,43.32,15.64,0,MOD-00623,2025-04-19T13:16:31,2025-04-19T06:16:31,https://api.quant-aq.com/v1/devices/MOD-00623/data/raw/367095512
0,651.8,31.300000000000068,683.1,1470.5,663.7,1.5,665.2,1647.1,0.20000000000004547,1647.3,1647.3,8.900000000000091,1656.2,,,60.9,9.9,0.0,0.0,0.0,313.75,0.8,2.2,2.2,5.3996,1.3561,0.0045,0.0,0.0,0.0,0.0,0.0,0.0,0.0,0.0,0.0,0.8732,0.0,0.0,0.0,0.0,0.3848,0.5144,0.3805,0.1293,0.0221,0.0226,0.0044,2.62,22.5,11.24,43.27,15.64,0,MOD-00623,2025-04-19T13:15:31,2025-04-19T06:15:31,https://api.quant-aq.com/v1/devices/MOD-00623/data/raw/367093119
0,652.9,30.300000000000068,683.2,1467.8,663.8,1.5,665.3,1647.2,0.20000000000004547,1647.4,1647.3,8.799999999999955,1656.2,,,60.8,9.9,0.0,0.0,0.0,393.0,1.1,4.0,3.9,5.5015,1.2453,0.0,0.0,0.0,0.0,0.0,0.0,0.0,0.0,0.0,0.0,0.8693,0.0,0.0,0.0,0.0,0.276,0.4728,0.3085,0.1508,0.0349,0.0126,0.0126,2.43,21.35,10.46,43.3,15.66,0,MOD-00623,2025-04-19T13:14:31,2025-04-19T06:14:31,https://api.quant-aq.com/v1/devices/MOD-00623/data/raw/367093120
0,652.4,30.700000000000045,683.1,1468.9,663.3,1.900000000000091,665.2,1647.2,0.0,1647.2,1647.1,8.899999999999864,1656.1,,,60.9,9.9,0.0,0.0,0.0,434.75,1.8,4.7,3.8,5.0589,1.2118,0.0043,0.0,0.0,0.0,0.0,0.0,0.0,0.0,0.0,0.0,0.7476,0.0,0.0,0.0,0.0,0.3217,0.4281,0.3858,0.0942,0.047,0.0131,0.0087,2.32,22.05,10.3,43.35,15.67,0,MOD-00623,2025-04-19T13:13:31,2025-04-19T06:13:31,https://api.quant-aq.com/v1/devices/MOD-00623/data/raw/367093118
0,652.7,30.09999999999991,682.8,1470.1,663.7,2.0,665.7,1647.0,0.2999999999999545,1647.3,1647.3,8.799999999999955,1656.1,,,61.3,9.9,0.0,0.0,0.0,377.75,1.3,3.6,3.5,4.8452,1.1596,0.0043,0.0,0.0043,0.0,0.0,0.0,0.0,0.0,0.0,0.0,0.8073,0.0,0.0,0.0,0.0,0.247,0.3902,0.3048,0.0929,0.0328,0.0246,0.0,2.17,22.02,9.04,43.56,15.67,0,MOD-00623,2025-04-19T13:12:31,2025-04-19T06:12:31,https://api.quant-aq.com/v1/devices/MOD-00623/data/raw/367093117
0,652.3,30.600000000000023,682.9,1468.5,664.0,1.6000000000000227,665.6,1647.2,0.20000000000004547,1647.4,1647.3,8.599999999999909,1656.0,,,61.7,9.9,0.0,0.0,0.0,332.5,1.0,3.0,3.0,5.2287,1.2752,0.0047,0.0,0.0,0.0,0.0,0.0,0.0,0.0,0.0,0.0,0.9039,0.0,0.0,0.0,0.0,0.3332,0.4764,0.333,0.091,0.058,0.0497,0.0138,2.48,29.32,10.76,43.83,15.68,0,MOD-00623,2025-04-19T13:11:31,2025-04-19T06:11:31,https://api.quant-aq.com/v1/devices/MOD-00623/data/raw/367090768
0,652.2,31.299999999999955,683.5,1469.0,664.0,1.6000000000000227,665.6,1647.2,0.20000000000004547,1647.4,1647.2,8.799999999999955,1656.2,,,61.8,10.0,0.0,0.0,0.0,336.0,0.8,3.5,3.1,5.1822,1.2482,0.0043,0.0,0.0,0.0,0.0,0.0,0.0,0.0,0.0,0.0,0.9506,0.0,0.0,0.0,0.0,0.37,0.4066,0.3388,0.0939,0.0587,0.0255,0.0042,2.48,23.02,10.35,43.87,15.66,0,MOD-00623,2025-04-19T13:10:31,2025-04-19T06:10:31,https://api.quant-aq.com/v1/devices/MOD-00623/data/raw/367090767
0,653.0,30.600000000000023,683.6,1469.3,663.4,1.6000000000000227,665.0,1647.2,0.2999999999999545,1647.5,1647.4,8.700000000000045,1656.2,,,61.8,10.0,0.0,0.0,0.0,395.5,1.2,5.0,4.6,5.0288,1.2296,0.0036,0.0,0.0,0.0,0.0,0.0,0.0,0.0,0.0,0.0,0.8409,0.0,0.0,0.0,0.0,0.3026,0.3685,0.2972,0.0988,0.0245,0.0296,0.0042,2.26,20.08,9.1,43.98,15.67,0,MOD-00623,2025-04-19T13:09:31,2025-04-19T06:09:31,https://api.quant-aq.com/v1/devices/MOD-00623/data/raw/367090765
0,652.0,31.5,683.5,1471.2,663.8,1.5,665.3,1647.0,0.20000000000004547,1647.2,1647.2,9.099999999999909,1656.3,,,62.1,10.0,0.0,0.0,0.0,434.0,1.8,3.1,3.1,5.2002,1.2678,0.0,0.0,0.0,0.0,0.0,0.0,0.0,0.0,0.0,0.0,0.9286,0.0,0.0,0.0,0.0,0.2981,0.4342,0.3029,0.0697,0.0256,0.0375,0.0085,2.4,20.59,9.31,44.15,15.67,0,MOD-00623,2025-04-19T13:08:31,2025-04-19T06:08:31,https://api.quant-aq.com/v1/devices/MOD-00623/data/raw/367090766
0,651.9,31.0,682.9,1475.1,664.0,1.7999999999999545,665.8,1647.4,0.1999999999998181,1647.6,1647.2,8.700000000000045,1656.3,,,62.6,10.0,0.0,0.0,0.0,366.75,1.4,4.2,2.7,5.0373,1.3357,0.0,0.0045,0.0,0.0,0.0,0.0,0.0,0.0,0.0,0.0,0.8849,0.0,0.0,0.0,0.0,0.3167,0.4489,0.4091,0.1429,0.0295,0.0292,0.0,2.48,23.77,11.28,44.37,15.68,0,MOD-00623,2025-04-19T13:07:31,2025-04-19T06:07:31,https://api.quant-aq.com/v1/devices/MOD-00623/data/raw/367088377
0,651.3,31.40000000000009,682.7,1472.3,663.5,1.2999999999999545,664.8,1647.2,0.5,1647.7,1647.3,8.700000000000045,1656.4,,,62.7,10.0,0.0,0.0,0.0,334.5,1.2,3.6,3.2,5.8655,1.3158,0.0,0.0044,0.0,0.0,0.0,0.0,0.0,0.0,0.0,0.0,0.8392,0.0,0.0,0.0,0.0,0.3906,0.4909,0.4449,0.1418,0.0225,0.0804,0.0135,2.67,35.22,12.52,44.43,15.64,0,MOD-00623,2025-04-19T13:06:31,2025-04-19T06:06:31,https://api.quant-aq.com/v1/devices/MOD-00623/data/raw/367088378
0,653.2,30.199999999999932,683.4,1470.9,663.6,1.2999999999999545,664.9,1647.2,0.3999999999998636,1647.6,1647.3,8.900000000000091,1656.5,,,62.6,10.0,0.0,0.0,0.0,370.25,1.2,3.8,3.8,5.6396,1.4872,0.0044,0.0,0.0045,0.0,0.0,0.0,0.0,0.0,0.0,0.0,0.9256,0.0,0.0,0.0,0.0,0.3115,0.604,0.3789,0.0877,0.0216,0.0176,0.0041,2.72,24.0,11.0,44.35,15.68,0,MOD-00623,2025-04-19T13:05:31,2025-04-19T06:05:31,https://api.quant-aq.com/v1/devices/MOD-00623/data/raw/367088376
0,651.7,31.59999999999991,683.3,1469.4,664.4,1.6000000000000227,666.0,1647.0,0.40000000000009095,1647.4,1647.2,9.0,1656.4,,,62.4,10.0,0.0,0.0,0.0,395.0,1.3,4.3,3.3,5.5529,1.2696,0.0,0.0,0.0,0.0,0.0,0.0,0.0,0.0,0.0,0.0,0.9323,0.0,0.0,0.0,0.0,0.3195,0.3936,0.331,0.1124,0.0223,0.0186,0.0128,2.45,20.31,9.83,44.28,15.68,0,MOD-00623,2025-04-19T13:04:31,2025-04-19T06:04:31,https://api.quant-aq.com/v1/devices/MOD-00623/data/raw/367088379
0,651.7,31.0,682.7,1474.6,663.4,1.5,664.9,1647.1,0.40000000000009095,1647.5,1647.3,8.700000000000045,1656.2,,,62.7,10.0,0.0,0.0,0.0,234.25,0.2,1.4,1.4,5.6214,1.2927,0.0,0.0,0.0,0.0,0.0,0.0,0.0,0.0,0.0,0.0,0.8869,0.0,0.0,0.0,0.0,0.2931,0.4078,0.3612,0.1004,0.0268,0.0221,0.0137,2.44,21.38,10.03,44.52,15.66,0,MOD-00623,2025-04-19T13:03:31,2025-04-19T06:03:31,https://api.quant-aq.com/v1/devices/MOD-00623/data/raw/367086045
0,650.4,32.5,682.9,1470.3,664.2,1.1999999999999318,665.4,1647.1,0.5,1647.6,1647.1,8.600000000000136,1656.2,,,62.9,10.0,0.0,0.0,0.0,361.0,1.2,2.8,2.8,4.8473,1.308,0.0,0.0087,0.0,0.0,0.0,0.0,0.0,0.0,0.0,0.0,0.9452,0.0,0.0,0.0,0.0,0.4105,0.3975,0.3106,0.1096,0.0396,0.0243,0.0,2.47,23.96,10.02,44.55,15.68,0,MOD-00623,2025-04-19T13:02:31,2025-04-19T06:02:31,https://api.quant-aq.com/v1/devices/MOD-00623/data/raw/367086043
0,652.6,30.199999999999932,682.8,1469.8,664.2,1.1999999999999318,665.4,1647.3,0.20000000000004547,1647.5,1647.2,9.0,1656.5,,,63.1,9.9,0.0,0.0,0.0,281.0,0.7,2.6,2.6,5.4375,1.3832,0.0044,0.0,0.0,0.0,0.0,0.0,0.0,0.0,0.0,0.0,0.9431,0.0,0.0,0.0,0.0,0.3577,0.5244,0.3696,0.1696,0.0136,0.0492,0.0047,2.67,26.95,11.88,44.69,15.67,0,MOD-00623,2025-04-19T13:01:31,2025-04-19T06:01:31,https://api.quant-aq.com/v1/devices/MOD-00623/data/raw/367086044
0,653.2,30.399999999999977,683.6,1469.8,664.0,1.2999999999999545,665.3,1647.0,0.599999999999909,1647.6,1647.0,8.800000000000182,1656.4,,,63.2,9.9,0.0,0.0,0.0,335.5,1.2,3.1,2.2,5.8134,1.4238,0.0088,0.0,0.0,0.0,0.0,0.0,0.0,0.0,0.0,0.0,0.9403,0.0,0.0,0.0,0.0,0.3379,0.5424,0.3782,0.1384,0.0586,0.0363,0.0268,2.71,35.24,12.26,44.67,15.67,0,MOD-00623,2025-04-19T13:00:31,2025-04-19T06:00:31,https://api.quant-aq.com/v1/devices/MOD-00623/data/raw/367086046
0,653.8,30.300000000000068,684.1,1466.2,664.6,1.2999999999999545,665.9,1647.0,0.599999999999909,1647.6,1647.2,9.0,1656.6,,,63.1,9.9,0.0,0.0,0.0,383.75,1.3,4.9,3.2,5.0619,1.2376,0.0036,0.0,0.0036,0.0,0.0,0.0,0.0,0.0,0.0,0.0,0.8719,0.0,0.0,0.0,0.0,0.341,0.4366,0.4073,0.1373,0.0654,0.0314,0.0079,2.46,29.81,11.71,44.59,15.68,0,MOD-00623,2025-04-19T12:59:31,2025-04-19T05:59:31,https://api.quant-aq.com/v1/devices/MOD-00623/data/raw/367083720
0,653.7,29.799999999999955,683.5,1467.4,664.8,1.5,666.3,1647.1,0.6000000000001364,1647.7,1647.3,8.799999999999955,1656.5,,,62.9,9.9,0.0,0.0,0.0,418.0,1.6,4.1,4.1,5.2354,1.1993,0.0,0.0,0.0,0.0,0.0,0.0,0.0,0.0,0.0,0.0,0.8356,0.0,0.0,0.0,0.0,0.2819,0.4908,0.3182,0.1131,0.044,0.0288,0.0045,2.38,21.16,10.32,44.55,15.68,0,MOD-00623,2025-04-19T12:58:31,2025-04-19T05:58:31,https://api.quant-aq.com/v1/devices/MOD-00623/data/raw/367083719
0,650.5,32.60000000000002,683.1,1464.3,663.2,1.1999999999999318,664.4,1647.2,0.5,1647.7,1647.1,9.0,1656.7,,,62.7,10.0,0.0,0.0,0.0,394.25,1.3,2.7,2.7,4.6364,1.1409,0.0,0.0,0.0,0.0,0.0,0.0,0.0,0.0,0.0,0.0,0.8333,0.0,0.0,0.0,0.0,0.3365,0.3929,0.378,0.101,0.0394,0.0145,0.0091,2.29,19.95,10.09,44.42,15.7,0,MOD-00623,2025-04-19T12:57:31,2025-04-19T05:57:31,https://api.quant-aq.com/v1/devices/MOD-00623/data/raw/367083718
0,652.7,30.799999999999955,683.5,1468.0,663.6,1.3999999999999773,665.0,1647.3,0.40000000000009095,1647.7,1647.3,8.899999999999864,1656.6,,,62.7,10.0,0.0,0.0,0.0,325.0,0.9,2.6,2.6,4.9274,1.1477,0.0,0.0042,0.0,0.0,0.0,0.0,0.0,0.0,0.0,0.0,0.8543,0.0,0.0,0.0,0.0,0.2833,0.3639,0.3068,0.0941,0.0509,0.0204,0.008,2.22,22.42,9.32,44.35,15.7,0,MOD-00623,2025-04-19T12:56:31,2025-04-19T05:56:31,https://api.quant-aq.com/v1/devices/MOD-00623/data/raw/367083717
0,652.0,31.200000000000045,683.2,1470.6,663.8,1.2000000000000455,665.0,1647.0,0.5,1647.5,1647.3,9.0,1656.5,,,62.5,10.0,0.0,0.0,0.0,349.25,1.0,3.4,3.4,5.2938,1.2924,0.0041,0.0,0.0,0.0,0.0,0.0,0.0,0.0,0.0,0.0,0.8941,0.0,0.0,0.0,0.0,0.3087,0.4429,0.3397,0.0896,0.0297,0.0214,0.0081,2.44,21.34,9.88,44.28,15.7,0,MOD-00623,2025-04-19T12:55:31,2025-04-19T05:55:31,https://api.quant-aq.com/v1/devices/MOD-00623/data/raw/367081373
0,652.5,31.0,683.5,1467.9,663.8,1.2000000000000455,665.0,1647.2,0.5,1647.7,1647.5,8.700000000000045,1656.4,,,62.4,10.0,0.0,0.0,0.0,371.75,0.9,3.8,3.8,5.4198,1.2983,0.0,0.0,0.0,0.0,0.0,0.0,0.0,0.0,0.0,0.0,0.789,0.0,0.0,0.0,0.0,0.2545,0.3689,0.259,0.1023,0.0385,0.0086,0.0043,2.23,15.96,8.67,44.25,15.7,0,MOD-00623,2025-04-19T12:54:31,2025-04-19T05:54:31,https://api.quant-aq.com/v1/devices/MOD-00623/data/raw/367081369
0,652.4,30.600000000000023,683.0,1468.6,663.4,1.3999999999999773,664.8,1647.2,0.3999999999998636,1647.6,1647.4,8.900000000000091,1656.5,,,62.4,10.0,0.0,0.0,0.0,421.5,1.5,3.6,3.6,5.547,1.2259,0.0,0.0,0.0,0.0,0.0,0.0,0.0,0.0,0.0,0.0,0.9072,0.0,0.0,0.0,0.0,0.3649,0.4887,0.4252,0.109,0.0632,0.0182,0.0045,2.6,22.51,11.73,44.23,15.7,0,MOD-00623,2025-04-19T12:53:31,2025-04-19T05:53:31,https://api.quant-aq.com/v1/devices/MOD-00623/data/raw/367081371
0,650.9,32.0,682.9,1469.6,663.8,1.3000000000000682,665.1,1647.1,0.40000000000009095,1647.5,1647.2,9.0,1656.5,,,62.3,10.0,0.0,0.0,0.0,332.5,1.0,3.2,3.2,4.9945,1.2356,0.0,0.0,0.0,0.0,0.0,0.0,0.0,0.0,0.0,0.0,0.8207,0.0,0.0,0.0,0.0,0.267,0.4177,0.3746,0.1382,0.0419,0.0386,0.0077,2.31,24.32,10.82,44.25,15.71,0,MOD-00623,2025-04-19T12:52:31,2025-04-19T05:52:31,https://api.quant-aq.com/v1/devices/MOD-00623/data/raw/367081367
0,652.5,30.5,683.0,1472.0,663.8,1.2000000000000455,665.0,1647.3,0.2999999999999545,1647.6,1647.2,8.600000000000136,1656.2,,,62.4,10.0,0.0,0.0,0.0,317.5,0.8,2.5,2.5,5.0994,1.1594,0.0,0.0,0.0,0.0,0.0,0.0,0.0,0.0,0.0,0.0,0.7662,0.0,0.0,0.0,0.0,0.2977,0.4089,0.3312,0.0833,0.0457,0.0243,0.0043,2.25,19.34,9.55,44.23,15.7,0,MOD-00623,2025-04-19T12:51:31,2025-04-19T05:51:31,https://api.quant-aq.com/v1/devices/MOD-00623/data/raw/367079047
0,651.5,32.39999999999998,683.9,1471.0,663.4,1.3000000000000682,664.7,1647.1,0.5,1647.6,1647.2,8.900000000000091,1656.5,,,62.5,10.0,0.0,0.0,0.0,321.0,0.8,2.7,2.2,5.2373,1.3276,0.013,0.0041,0.0,0.0,0.0,0.0,0.0,0.0,0.0,0.0,0.7621,0.0,0.0,0.0,0.0,0.3354,0.5011,0.308,0.1046,0.0523,0.0395,0.013,2.42,33.36,10.55,44.3,15.67,0,MOD-00623,2025-04-19T12:50:31,2025-04-19T05:50:31,https://api.quant-aq.com/v1/devices/MOD-00623/data/raw/367079044
0,651.8,32.60000000000002,684.4,1465.6,663.6,1.5,665.1,1647.2,0.2999999999999545,1647.5,1647.3,8.700000000000045,1656.2,,,62.4,10.0,0.0,0.0,0.0,374.0,1.0,3.8,3.0,4.7959,1.0755,0.0042,0.0,0.0,0.0,0.0,0.0,0.0,0.0,0.0,0.0,0.8258,0.0,0.0,0.0,0.0,0.2756,0.4282,0.3234,0.1088,0.0455,0.0418,0.0,2.23,23.23,10.01,44.28,15.71,0,MOD-00623,2025-04-19T12:49:31,2025-04-19T05:49:31,https://api.quant-aq.com/v1/devices/MOD-00623/data/raw/367079045
0,651.8,32.700000000000045,684.5,1469.1,664.0,1.5,665.5,1647.1,0.5,1647.6,1647.1,8.700000000000045,1656.3,,,62.6,10.0,0.0,0.0,0.0,398.5,1.4,4.8,4.7,5.0767,1.2254,0.004,0.0,0.0,0.0,0.0,0.0,0.0,0.0,0.0,0.0,0.7925,0.0,0.0,0.0,0.0,0.2988,0.4112,0.3208,0.1035,0.0223,0.02,0.0045,2.28,19.45,9.43,44.34,15.71,0,MOD-00623,2025-04-19T12:48:31,2025-04-19T05:48:31,https://api.quant-aq.com/v1/devices/MOD-00623/data/raw/367079046
0,653.2,30.699999999999932,683.9,1470.1,663.6,1.3999999999999773,665.0,1647.2,0.2999999999999545,1647.5,1647.2,8.700000000000045,1656.2,,,62.7,10.0,0.0,0.0,0.0,357.0,0.9,3.5,3.4,5.1521,1.1796,0.0084,0.0,0.0,0.0,0.0,0.0,0.0,0.0,0.0,0.0,0.7845,0.0,0.0,0.0,0.0,0.3277,0.5554,0.397,0.0982,0.0387,0.0171,0.0039,2.47,23.56,11.05,44.51,15.73,0,MOD-00623,2025-04-19T12:47:31,2025-04-19T05:47:31,https://api.quant-aq.com/v1/devices/MOD-00623/data/raw/367076700
0,652.0,31.5,683.5,1469.5,664.5,1.3999999999999773,665.9,1647.1,0.40000000000009095,1647.5,1647.3,8.900000000000091,1656.4,,,62.9,10.0,0.0,0.0,0.0,311.5,0.9,5.2,1.9,5.136,1.2259,0.0,0.0044,0.0,0.0,0.0,0.0,0.0,0.0,0.0,0.0,0.8206,0.0,0.0,0.0,0.0,0.3287,0.4884,0.3221,0.0771,0.04,0.0326,0.0043,2.4,23.13,9.94,44.57,15.68,0,MOD-00623,2025-04-19T12:46:31,2025-04-19T05:46:31,https://api.quant-aq.com/v1/devices/MOD-00623/data/raw/367076702
0,651.9,31.5,683.4,1468.9,664.1,1.5,665.6,1647.3,0.2999999999999545,1647.6,1647.3,8.800000000000182,1656.4,,,63.1,10.0,0.0,0.0,0.0,419.0,1.5,3.4,3.4,4.5526,1.3368,0.0042,0.0,0.0,0.0,0.0,0.0,0.0,0.0,0.0,0.0,0.9149,0.0,0.0,0.0,0.0,0.3041,0.486,0.3396,0.0738,0.0164,0.0286,0.0078,2.41,21.13,9.71,44.63,15.74,0,MOD-00623,2025-04-19T12:45:31,2025-04-19T05:45:31,https://api.quant-aq.com/v1/devices/MOD-00623/data/raw/367076701
0,651.5,31.399999999999977,682.9,1471.2,664.3,1.5,665.8,1647.2,0.599999999999909,1647.8,1647.3,8.799999999999955,1656.6,,,63.4,10.0,0.0,0.0,0.0,325.75,1.0,3.4,2.4,4.8587,1.2565,0.0,0.0,0.0,0.0,0.0,0.0,0.0,0.0,0.0,0.0,0.8454,0.0,0.0,0.0,0.0,0.3011,0.3197,0.3528,0.0901,0.0524,0.016,0.0079,2.24,19.64,9.51,44.82,15.73,0,MOD-00623,2025-04-19T12:44:31,2025-04-19T05:44:31,https://api.quant-aq.com/v1/devices/MOD-00623/data/raw/367076703
0,653.3,30.0,683.3,1468.6,663.7,1.0,664.7,1647.1,0.7000000000000455,1647.8,1647.3,8.600000000000136,1656.4,,,63.3,10.0,0.0,0.0,0.0,424.75,1.7,4.8,3.7,5.74,1.2696,0.0087,0.0,0.0,0.0,0.0,0.0,0.0,0.0,0.0,0.0,1.0301,0.0,0.0,0.0,0.0,0.3493,0.527,0.3102,0.1353,0.0368,0.0134,0.018,2.68,27.02,10.99,44.78,15.71,0,MOD-00623,2025-04-19T12:43:31,2025-04-19T05:43:31,https://api.quant-aq.com/v1/devices/MOD-00623/data/raw/367074341
0,651.9,31.0,682.9,1468.6,663.3,1.400000000000091,664.7,1647.2,0.5,1647.7,1647.2,8.899999999999864,1656.6,,,63.3,10.0,0.0,0.0,0.0,363.0,1.1,3.2,3.0,5.3785,1.3092,0.0092,0.0,0.0,0.0,0.0,0.0,0.0,0.0,0.0,0.0,0.798,0.0,0.0,0.0,0.0,0.3416,0.4662,0.3739,0.1542,0.0258,0.0359,0.004,2.48,26.81,11.26,44.86,15.71,0,MOD-00623,2025-04-19T12:42:31,2025-04-19T05:42:31,https://api.quant-aq.com/v1/devices/MOD-00623/data/raw/367074342
0,651.8,30.800000000000068,682.6,1471.2,663.8,1.400000000000091,665.2,1647.3,0.2999999999999545,1647.6,1647.4,8.900000000000091,1656.5,,,63.5,10.0,0.0,0.0,0.0,362.5,1.1,3.4,3.0,5.2531,1.2468,0.0045,0.0,0.0,0.0,0.0,0.0,0.0,0.0,0.0,0.0,0.9503,0.0,0.0,0.0,0.0,0.3303,0.4978,0.3744,0.1049,0.0581,0.0319,0.009,2.55,26.49,11.27,44.9,15.73,0,MOD-00623,2025-04-19T12:41:31,2025-04-19T05:41:31,https://api.quant-aq.com/v1/devices/MOD-00623/data/raw/367074339
0,652.1,30.399999999999977,682.5,1470.8,663.5,1.2999999999999545,664.8,1647.2,0.599999999999909,1647.8,1647.2,8.600000000000136,1656.4,,,63.6,10.0,0.0,0.0,0.0,260.0,0.4,3.1,2.7,5.4659,1.2908,0.0,0.0,0.0,0.0,0.0,0.0,0.0,0.0,0.0,0.0,0.9515,0.0,0.0,0.0,0.0,0.3657,0.4712,0.3799,0.0799,0.0442,0.0224,0.0044,2.6,20.33,10.67,44.93,15.73,0,MOD-00623,2025-04-19T12:40:31,2025-04-19T05:40:31,https://api.quant-aq.com/v1/devices/MOD-00623/data/raw/367074340
0,652.1,31.100000000000023,683.2,1467.1,664.2,1.0,665.2,1647.2,0.599999999999909,1647.8,1647.2,8.799999999999955,1656.6,,,63.5,10.0,0.0,0.0,0.0,394.5,1.0,5.6,3.8,4.9461,1.3873,0.0,0.0,0.0,0.0,0.0,0.0,0.0,0.0,0.0,0.0,0.913,0.0,0.0,0.0,0.0,0.329,0.4325,0.2976,0.1229,0.0376,0.0283,0.0251,2.43,26.12,10.19,44.87,15.74,0,MOD-00623,2025-04-19T12:39:31,2025-04-19T05:39:31,https://api.quant-aq.com/v1/devices/MOD-00623/data/raw/367071955
0,651.2,31.5,682.7,1467.4,664.3,1.1000000000000227,665.4,1647.1,0.7000000000000455,1647.8,1647.4,8.900000000000091,1656.7,,,63.4,10.0,0.0,0.0,0.0,323.75,1.2,2.3,1.8,5.1757,1.26,0.0,0.0,0.0,0.0,0.0,0.0,0.0,0.0,0.0,0.0,0.9144,0.0,0.0,0.0,0.0,0.3342,0.4162,0.3716,0.0858,0.0204,0.0329,0.004,2.45,19.73,10.01,44.81,15.73,0,MOD-00623,2025-04-19T12:38:31,2025-04-19T05:38:31,https://api.quant-aq.com/v1/devices/MOD-00623/data/raw/367071954
0,652.6,30.199999999999932,682.8,1467.4,663.6,1.2999999999999545,664.9,1647.1,0.7000000000000455,1647.8,1647.3,8.799999999999955,1656.6,,,63.2,10.0,0.0,0.0,0.0,435.75,1.2,5.6,4.9,5.099,1.1899,0.0,0.0,0.0,0.0,0.0,0.0,0.0,0.0,0.0,0.0,0.9391,0.0,0.0,0.0,0.0,0.274,0.4948,0.3557,0.14,0.0135,0.0272,0.0086,2.45,21.37,10.69,44.76,15.74,0,MOD-00623,2025-04-19T12:37:31,2025-04-19T05:37:31,https://api.quant-aq.com/v1/devices/MOD-00623/data/raw/367071956
0,650.9,31.700000000000045,682.6,1468.4,663.7,1.3999999999999773,665.1,1647.1,0.7000000000000455,1647.8,1647.2,8.700000000000045,1656.5,,,63.1,10.0,0.0,0.0,0.0,395.75,1.2,3.9,2.9,5.3333,1.405,0.0131,0.0,0.0,0.0,0.0,0.0,0.0,0.0,0.0,0.0,0.9075,0.0,0.0,0.0,0.0,0.3323,0.4801,0.3912,0.1353,0.0431,0.0441,0.0,2.58,29.56,11.65,44.62,15.7,0,MOD-00623,2025-04-19T12:36:31,2025-04-19T05:36:31,https://api.quant-aq.com/v1/devices/MOD-00623/data/raw/367071953
0,649.4,33.0,682.4,1468.6,663.9,1.3000000000000682,665.2,1647.1,0.6000000000001364,1647.7,1647.2,8.700000000000045,1656.4,,,63.0,10.0,0.0,0.0,0.0,302.5,0.7,3.4,3.0,4.8945,1.3613,0.0045,0.0,0.0,0.0,0.0,0.0,0.0,0.0,0.0,0.0,0.8058,0.0,0.0,0.0,0.0,0.3357,0.4028,0.4283,0.0851,0.0463,0.0292,0.0,2.39,22.31,10.66,44.56,15.74,0,MOD-00623,2025-04-19T12:35:31,2025-04-19T05:35:31,https://api.quant-aq.com/v1/devices/MOD-00623/data/raw/367069606
0,653.1,29.600000000000023,682.7,1467.4,663.5,1.2999999999999545,664.8,1646.9,0.7999999999999545,1647.7,1647.3,8.799999999999955,1656.5,,,62.9,10.0,0.0,0.0,0.0,358.5,1.1,2.8,2.8,5.1245,1.2285,0.0,0.004,0.0,0.0,0.0,0.0,0.0,0.0,0.0,0.0,0.7917,0.0,0.0,0.0,0.0,0.2809,0.441,0.2834,0.1055,0.0158,0.0204,0.004,2.28,19.33,9.12,44.54,15.71,0,MOD-00623,2025-04-19T12:34:31,2025-04-19T05:34:31,https://api.quant-aq.com/v1/devices/MOD-00623/data/raw/367069608
0,653.4,29.700000000000045,683.1,1465.2,663.8,1.2000000000000455,665.0,1647.2,0.2999999999999545,1647.5,1647.3,9.0,1656.5,,,62.8,10.0,0.0,0.0,0.0,382.5,1.4,4.0,3.5,4.8476,1.128,0.0043,0.0,0.0,0.0,0.0,0.0,0.0,0.0,0.0,0.0,0.7945,0.0,0.0,0.0,0.0,0.2959,0.4723,0.3677,0.1055,0.0451,0.0378,0.0045,2.31,24.66,10.63,44.47,15.73,0,MOD-00623,2025-04-19T12:33:31,2025-04-19T05:33:31,https://api.quant-aq.com/v1/devices/MOD-00623/data/raw/367069605
0,651.4,31.5,682.9,1463.3,663.2,1.5,664.7,1647.1,0.5,1647.6,1647.1,8.800000000000182,1656.4,,,62.7,10.0,0.0,0.0,0.0,364.0,1.2,4.1,3.7,5.1652,1.266,0.0042,0.0,0.0,0.0,0.0,0.0,0.0,0.0,0.0,0.0,0.8313,0.0,0.0,0.0,0.0,0.2524,0.397,0.3362,0.0832,0.0324,0.0538,0.0,2.28,23.33,9.62,44.39,15.71,0,MOD-00623,2025-04-19T12:32:31,2025-04-19T05:32:31,https://api.quant-aq.com/v1/devices/MOD-00623/data/raw/367069604
0,652.8,30.600000000000023,683.4,1464.2,663.8,1.2000000000000455,665.0,1647.1,0.5,1647.6,1647.2,9.0,1656.6,,,62.7,10.0,0.0,0.0,0.0,342.5,1.0,3.2,3.2,4.7207,1.0947,0.0,0.0,0.0,0.0,0.0,0.0,0.0,0.0,0.0,0.0,0.6518,0.0,0.0,0.0,0.0,0.3015,0.445,0.318,0.1077,0.0362,0.0442,0.0,2.15,21.03,9.81,44.32,15.74,0,MOD-00623,2025-04-19T12:31:31,2025-04-19T05:31:31,https://api.quant-aq.com/v1/devices/MOD-00623/data/raw/367067324
0,652.1,30.399999999999977,682.5,1465.9,663.9,1.5,665.4,1646.9,0.6999999999998181,1647.6,1647.3,9.200000000000045,1656.8,,,62.5,10.0,0.0,0.0,0.0,345.75,1.1,3.1,3.1,5.2302,1.0965,0.0,0.0,0.0,0.0,0.0,0.0,0.0,0.0,0.0,0.0,0.9552,0.0,0.0,0.0,0.0,0.3238,0.385,0.3516,0.1005,0.0366,0.0288,0.004,2.39,20.19,10.01,44.26,15.74,0,MOD-00623,2025-04-19T12:30:31,2025-04-19T05:30:31,https://api.quant-aq.com/v1/devices/MOD-00623/data/raw/367067322
0,651.3,31.40000000000009,682.7,1469.3,663.9,1.3000000000000682,665.2,1647.1,0.40000000000009095,1647.5,1647.1,8.799999999999955,1656.3,,,62.4,10.0,0.0,0.0,0.0,372.75,1.2,3.5,2.8,4.9278,1.3675,0.0,0.0,0.0,0.0,0.0,0.0,0.0,0.0,0.0,0.0,0.8578,0.0,0.0,0.0,0.0,0.3396,0.4831,0.3452,0.1144,0.0366,0.022,0.0087,2.47,21.35,10.58,44.14,15.76,0,MOD-00623,2025-04-19T12:29:31,2025-04-19T05:29:31,https://api.quant-aq.com/v1/devices/MOD-00623/data/raw/367067325
0,651.6,31.299999999999955,682.9,1469.3,663.5,1.2000000000000455,664.7,1647.1,0.3000000000001819,1647.4,1647.3,8.799999999999955,1656.2,,,62.0,10.0,0.0,0.0,0.0,412.75,1.1,5.0,4.3,4.7285,1.1119,0.0041,0.0,0.0041,0.0,0.0,0.0,0.0,0.0,0.0,0.0,0.6996,0.0,0.0,0.0,0.0,0.2713,0.3581,0.3162,0.111,0.0327,0.0282,0.0241,2.08,29.27,9.31,43.98,15.71,0,MOD-00623,2025-04-19T12:28:31,2025-04-19T05:28:31,https://api.quant-aq.com/v1/devices/MOD-00623/data/raw/367067323
0,652.6,30.0,682.6,1469.2,663.4,1.6000000000000227,665.0,1647.1,0.3000000000001819,1647.4,1647.2,8.799999999999955,1656.2,,,61.9,10.0,0.0,0.0,0.0,350.25,1.2,3.6,3.3,4.6552,1.0476,0.0041,0.0041,0.0,0.0,0.0,0.0,0.0,0.0,0.0,0.0,0.7364,0.0,0.0,0.0,0.0,0.2882,0.3802,0.3115,0.1254,0.0429,0.0087,0.0128,2.11,24.14,9.51,43.99,15.73,0,MOD-00623,2025-04-19T12:27:31,2025-04-19T05:27:31,https://api.quant-aq.com/v1/devices/MOD-00623/data/raw/367064913
0,651.9,30.200000000000045,682.1,1467.0,664.0,1.6000000000000227,665.6,1647.1,0.3000000000001819,1647.4,1647.2,8.699999999999818,1656.1,,,61.9,10.0,0.0,0.0,0.0,277.75,0.7,2.9,2.2,4.8468,1.1173,0.0,0.0,0.0,0.0,0.0,0.0,0.0,0.0,0.0,0.0,0.7254,0.0,0.0,0.0,0.0,0.2721,0.4496,0.3236,0.0686,0.0238,0.024,0.0122,2.19,19.49,9.08,43.92,15.73,0,MOD-00623,2025-04-19T12:26:31,2025-04-19T05:26:31,https://api.quant-aq.com/v1/devices/MOD-00623/data/raw/367064912
0,651.2,31.199999999999932,682.4,1465.9,663.8,1.1000000000000227,664.9,1646.9,0.5,1647.4,1647.1,9.099999999999909,1656.5,,,61.8,10.0,0.0,0.0,0.0,338.5,1.0,2.6,2.6,4.7749,1.2854,0.0,0.0,0.0,0.0,0.0,0.0,0.0,0.0,0.0,0.0,0.7838,0.0,0.0,0.0,0.0,0.3668,0.4612,0.2445,0.1049,0.025,0.0375,0.0,2.33,18.7,9.31,43.85,15.74,0,MOD-00623,2025-04-19T12:25:31,2025-04-19T05:25:31,https://api.quant-aq.com/v1/devices/MOD-00623/data/raw/367064911
0,653.4,29.600000000000023,683.0,1469.0,663.6,1.5,665.1,1647.0,0.2999999999999545,1647.3,1647.0,8.700000000000045,1656.0,,,61.6,10.0,0.0,0.0,0.0,296.75,0.8,1.9,1.9,5.0221,1.1468,0.0,0.0,0.0,0.0,0.0,0.0,0.0,0.0,0.0,0.0,0.747,0.0,0.0,0.0,0.0,0.3406,0.4237,0.249,0.096,0.0613,0.009,0.0044,2.23,17.67,9.17,43.73,15.74,0,MOD-00623,2025-04-19T12:24:31,2025-04-19T05:24:31,https://api.quant-aq.com/v1/devices/MOD-00623/data/raw/367064910
0,652.7,30.5,683.2,1469.3,663.9,1.6000000000000227,665.5,1647.1,0.10000000000013642,1647.2,1647.1,8.799999999999955,1656.0,,,61.6,10.0,0.0,0.0,0.0,312.0,0.8,3.2,2.4,4.9943,1.0846,0.0,0.0,0.0,0.0,0.0,0.0,0.0,0.0,0.0,0.0,0.7576,0.0,0.0,0.0,0.0,0.2669,0.4274,0.2478,0.0681,0.034,0.0129,0.0,2.15,14.16,8.25,43.86,15.76,0,MOD-00623,2025-04-19T12:23:31,2025-04-19T05:23:31,https://api.quant-aq.com/v1/devices/MOD-00623/data/raw/367062571
0,652.5,30.5,683.0,1468.2,663.7,1.599999999999909,665.3,1647.2,0.09999999999990905,1647.3,1647.3,8.799999999999955,1656.1,,,61.9,10.0,0.0,0.0,0.0,394.0,1.2,3.3,3.0,5.2615,1.085,0.0041,0.0,0.0,0.0,0.0,0.0,0.0,0.0,0.0,0.0,0.7471,0.0,0.0,0.0,0.0,0.2495,0.323,0.2497,0.0819,0.0328,0.0165,0.0042,2.07,17.32,7.95,43.96,15.73,0,MOD-00623,2025-04-19T12:22:31,2025-04-19T05:22:31,https://api.quant-aq.com/v1/devices/MOD-00623/data/raw/367062570
0,650.9,32.200000000000045,683.1,1466.2,663.7,1.5,665.2,1646.9,0.599999999999909,1647.5,1647.2,8.700000000000045,1656.2,,,62.2,10.0,0.0,0.0,0.0,364.25,1.2,3.3,3.0,4.659,1.1683,0.0043,0.0,0.0,0.0,0.0,0.0,0.0,0.0,0.0,0.0,0.6708,0.0,0.0,0.0,0.0,0.3108,0.4086,0.3209,0.1245,0.0411,0.0244,0.0084,2.16,22.95,9.86,44.16,15.73,0,MOD-00623,2025-04-19T12:21:31,2025-04-19T05:21:31,https://api.quant-aq.com/v1/devices/MOD-00623/data/raw/367062568
0,651.6,30.899999999999977,682.5,1469.2,663.6,1.5,665.1,1647.0,0.5,1647.5,1647.1,8.799999999999955,1656.3,,,62.3,10.0,0.0,0.0,0.0,332.75,0.9,2.5,2.5,5.0719,1.1692,0.0041,0.0,0.0,0.0,0.0,0.0,0.0,0.0,0.0,0.0,0.847,0.0,0.0,0.0,0.0,0.334,0.4621,0.3695,0.1039,0.0382,0.0082,0.0083,2.41,20.93,10.39,44.21,15.77,0,MOD-00623,2025-04-19T12:20:31,2025-04-19T05:20:31,https://api.quant-aq.com/v1/devices/MOD-00623/data/raw/367062569
0,650.8,31.300000000000068,682.1,1470.3,664.4,1.1000000000000227,665.5,1647.0,0.5,1647.5,1647.2,8.700000000000045,1656.2,,,62.6,10.0,0.0,0.0,0.0,294.75,0.7,3.5,3.0,4.9104,1.1552,0.0,0.0,0.0,0.0,0.0,0.0,0.0,0.0,0.0,0.0,0.744,0.0,0.0,0.0,0.0,0.3317,0.4933,0.3273,0.0934,0.0337,0.0252,0.0085,2.32,20.57,9.98,44.31,15.74,0,MOD-00623,2025-04-19T12:19:31,2025-04-19T05:19:31,https://api.quant-aq.com/v1/devices/MOD-00623/data/raw/367060222
0,651.9,31.0,682.9,1466.9,663.7,1.3999999999999773,665.1,1647.2,0.2999999999999545,1647.5,1647.2,8.799999999999955,1656.3,,,62.5,10.0,0.0,0.0,0.0,372.5,1.0,3.7,3.4,4.8001,1.1676,0.0087,0.0,0.0,0.0,0.0,0.0,0.0,0.0,0.0,0.0,0.7888,0.0,0.0,0.0,0.0,0.3411,0.4176,0.2782,0.0762,0.0161,0.0335,0.0155,2.25,24.64,8.87,44.26,15.76,0,MOD-00623,2025-04-19T12:18:31,2025-04-19T05:18:31,https://api.quant-aq.com/v1/devices/MOD-00623/data/raw/367060220
0,650.7,31.199999999999932,681.9,1467.6,664.0,1.2999999999999545,665.3,1647.0,0.40000000000009095,1647.4,1647.4,8.899999999999864,1656.3,,,62.3,10.0,0.0,0.0,0.0,300.25,0.7,3.2,2.6,4.8591,1.1697,0.0,0.0,0.0,0.0,0.0,0.0,0.0,0.0,0.0,0.0,0.7616,0.0,0.0,0.0,0.0,0.2809,0.4509,0.2819,0.143,0.0559,0.0417,0.0089,2.23,25.09,10.36,44.19,15.76,0,MOD-00623,2025-04-19T12:17:31,2025-04-19T05:17:31,https://api.quant-aq.com/v1/devices/MOD-00623/data/raw/367060221
0,651.1,31.5,682.6,1468.2,663.9,1.2000000000000455,665.1,1647.0,0.40000000000009095,1647.4,1647.0,8.799999999999955,1656.2,,,62.2,10.0,0.0,0.0,0.0,336.5,1.1,3.9,3.2,4.7882,1.1809,0.0044,0.0,0.0044,0.0,0.0,0.0,0.0,0.0,0.0,0.0,0.8734,0.0,0.0,0.0,0.0,0.307,0.3463,0.3594,0.0926,0.0376,0.0299,0.0044,2.26,25.08,9.67,44.11,15.73,0,MOD-00623,2025-04-19T12:16:31,2025-04-19T05:16:31,https://api.quant-aq.com/v1/devices/MOD-00623/data/raw/367060218
0,651.2,30.899999999999977,682.1,1468.9,664.3,1.5,665.8,1647.0,0.5,1647.5,1647.1,8.700000000000045,1656.2,,,62.2,10.1,0.0,0.0,0.0,312.75,1.0,3.1,2.9,5.0103,1.1637,0.0,0.0,0.0,0.0,0.0,0.0,0.0,0.0,0.0,0.0,0.7387,0.0,0.0,0.0,0.0,0.3153,0.3355,0.3365,0.0962,0.0276,0.0359,0.0039,2.18,19.74,9.27,44.09,15.77,0,MOD-00623,2025-04-19T12:15:31,2025-04-19T05:15:31,https://api.quant-aq.com/v1/devices/MOD-00623/data/raw/367057891
0,652.1,29.699999999999932,681.8,1468.8,663.2,1.5,664.7,1646.9,0.599999999999909,1647.5,1647.1,8.599999999999909,1656.1,,,62.1,10.1,0.0,0.0,0.0,300.25,0.8,2.4,2.4,5.5393,1.3722,0.0048,0.0048,0.0,0.0,0.0,0.0,0.0,0.0,0.0,0.0,0.9167,0.0,0.0,0.0,0.0,0.3448,0.6141,0.3658,0.0893,0.0447,0.0265,0.009,2.7,27.99,11.41,43.99,15.76,0,MOD-00623,2025-04-19T12:14:31,2025-04-19T05:14:31,https://api.quant-aq.com/v1/devices/MOD-00623/data/raw/367057890
0,652.2,30.5,682.7,1467.9,663.5,1.1000000000000227,664.6,1647.0,0.40000000000009095,1647.4,1647.0,8.699999999999818,1656.1,,,61.9,10.1,0.0,0.0,0.0,342.5,0.8,3.0,3.0,4.9185,1.1488,0.0,0.0,0.0,0.0,0.0,0.0,0.0,0.0,0.0,0.0,0.7347,0.0,0.0,0.0,0.0,0.3163,0.399,0.2974,0.1222,0.0434,0.039,0.0,2.2,20.82,9.79,43.89,15.77,0,MOD-00623,2025-04-19T12:13:31,2025-04-19T05:13:31,https://api.quant-aq.com/v1/devices/MOD-00623/data/raw/367057892
0,652.1,30.399999999999977,682.5,1465.8,664.1,1.1999999999999318,665.3,1647.0,0.40000000000009095,1647.4,1647.2,8.799999999999955,1656.2,,,61.6,10.0,0.0,0.0,0.0,336.75,1.0,4.0,3.7,4.9378,1.0419,0.0046,0.0047,0.0,0.0,0.0,0.0,0.0,0.0,0.0,0.0,0.726,0.0,0.0,0.0,0.0,0.2799,0.4128,0.2631,0.0864,0.0211,0.0299,0.0,2.12,21.27,8.55,43.77,15.76,0,MOD-00623,2025-04-19T12:12:31,2025-04-19T05:12:31,https://api.quant-aq.com/v1/devices/MOD-00623/data/raw/367057889
0,652.7,30.899999999999977,683.6,1461.5,664.0,1.2999999999999545,665.3,1647.0,0.2999999999999545,1647.3,1647.0,9.0,1656.3,,,61.4,10.1,0.0,0.0,0.0,429.5,1.4,3.7,3.6,4.3563,1.2482,0.0035,0.0,0.0,0.0,0.0,0.0,0.0,0.0,0.0,0.0,0.6509,0.0,0.0,0.0,0.0,0.2814,0.403,0.2578,0.1065,0.031,0.0525,0.0037,2.06,23.27,9.02,43.61,15.78,0,MOD-00623,2025-04-19T12:11:31,2025-04-19T05:11:31,https://api.quant-aq.com/v1/devices/MOD-00623/data/raw/367055561
0,652.4,30.200000000000045,682.6,1464.6,663.5,1.3999999999999773,664.9,1647.2,0.09999999999990905,1647.3,1647.1,9.0,1656.3,,,61.5,10.1,0.0,0.0,0.0,333.5,0.8,3.2,2.9,5.0085,1.1599,0.0,0.0,0.0039,0.0,0.0,0.0,0.0,0.0,0.0,0.0,0.8037,0.0,0.0,0.0,0.0,0.2702,0.347,0.2403,0.067,0.0233,0.0271,0.0,2.13,17.8,7.83,43.72,15.83,0,MOD-00623,2025-04-19T12:10:31,2025-04-19T05:10:31,https://api.quant-aq.com/v1/devices/MOD-00623/data/raw/367055562
0,651.2,31.199999999999932,682.4,1469.0,664.6,1.3999999999999773,666.0,1647.0,0.40000000000009095,1647.4,1647.1,8.5,1655.9,,,61.6,10.1,0.0,0.0,0.0,312.5,0.6,3.8,3.2,4.8575,1.095,0.0046,0.0047,0.0,0.0,0.0,0.0,0.0,0.0,0.0,0.0,0.7801,0.0,0.0,0.0,0.0,0.2821,0.3694,0.2606,0.0695,0.0257,0.0222,0.0089,2.12,22.09,8.18,43.76,15.77,0,MOD-00623,2025-04-19T12:09:31,2025-04-19T05:09:31,https://api.quant-aq.com/v1/devices/MOD-00623/data/raw/367055559
0,652.1,30.0,682.1,1468.5,663.6,1.3999999999999773,665.0,1646.8,0.6000000000001364,1647.4,1647.1,8.599999999999909,1656.0,,,61.8,10.1,0.0,0.0,0.0,244.0,0.4,1.7,1.7,5.1186,1.1928,0.0044,0.0,0.0,0.0,0.0,0.0,0.0,0.0,0.0,0.0,0.7156,0.0,0.0,0.0,0.0,0.3049,0.3983,0.288,0.115,0.076,0.0258,0.0045,2.21,23.83,9.94,43.84,15.8,0,MOD-00623,2025-04-19T12:08:31,2025-04-19T05:08:31,https://api.quant-aq.com/v1/devices/MOD-00623/data/raw/367055560
0,650.9,30.800000000000068,681.7,1470.3,664.2,1.3999999999999773,665.6,1647.1,0.3000000000001819,1647.4,1647.3,8.699999999999818,1656.1,,,61.8,10.1,0.0,0.0,0.0,277.5,0.6,2.5,2.0,5.0198,1.1838,0.0,0.0044,0.0,0.0,0.0,0.0,0.0,0.0,0.0,0.0,0.8909,0.0,0.0,0.0,0.0,0.3109,0.3346,0.344,0.115,0.0223,0.0268,0.0134,2.29,24.09,9.62,43.87,15.8,0,MOD-00623,2025-04-19T12:07:31,2025-04-19T05:07:31,https://api.quant-aq.com/v1/devices/MOD-00623/data/raw/367053206
0,651.7,30.5,682.2,1467.1,664.2,1.2999999999999545,665.5,1647.0,0.2999999999999545,1647.3,1647.0,8.700000000000045,1656.0,,,61.7,10.1,0.0,0.0,0.0,315.5,0.6,3.2,2.9,5.2414,1.0562,0.0084,0.0,0.0,0.0,0.0,0.0,0.0,0.0,0.0,0.0,0.6734,0.0,0.0,0.0,0.0,0.3203,0.3566,0.2938,0.111,0.0305,0.0173,0.0044,2.14,20.91,9.0,43.78,15.81,0,MOD-00623,2025-04-19T12:06:31,2025-04-19T05:06:31,https://api.quant-aq.com/v1/devices/MOD-00623/data/raw/367053208
0,651.5,30.899999999999977,682.4,1466.2,663.8,1.2000000000000455,665.0,1647.1,0.10000000000013642,1647.2,1647.2,8.899999999999864,1656.1,,,61.6,10.1,0.0,0.0,0.0,422.25,1.4,5.6,4.2,4.9159,1.1853,0.0088,0.0044,0.0,0.0,0.0,0.0,0.0,0.0,0.0,0.0,0.845,0.0,0.0,0.0,0.0,0.3606,0.3379,0.3024,0.0832,0.0256,0.0166,0.0043,2.27,22.74,8.81,43.78,15.81,0,MOD-00623,2025-04-19T12:05:31,2025-04-19T05:05:31,https://api.quant-aq.com/v1/devices/MOD-00623/data/raw/367053204
0,652.4,30.0,682.4,1467.1,663.4,1.3000000000000682,664.7,1647.0,0.2999999999999545,1647.3,1647.0,8.799999999999955,1656.1,,,61.6,10.1,0.0,0.0,0.0,386.0,1.2,2.9,2.9,4.6501,1.0452,0.0079,0.0,0.0,0.0,0.0,0.0,0.0,0.0,0.0,0.0,0.7029,0.0,0.0,0.0,0.0,0.2799,0.3848,0.2796,0.0762,0.0248,0.0368,0.0044,2.06,21.93,8.52,43.73,15.81,0,MOD-00623,2025-04-19T12:04:31,2025-04-19T05:04:31,https://api.quant-aq.com/v1/devices/MOD-00623/data/raw/367053203
0,651.6,30.799999999999955,682.4,1465.6,663.9,1.6000000000000227,665.5,1647.0,0.40000000000009095,1647.4,1647.2,8.699999999999818,1656.1,,,61.4,10.1,0.0,0.0,0.0,340.0,1.2,2.8,2.8,4.5952,1.0785,0.0,0.0,0.0,0.0,0.0,0.0,0.0,0.0,0.0,0.0,0.8578,0.0,0.0,0.0,0.0,0.2437,0.3783,0.2889,0.1041,0.0497,0.0418,0.0043,2.13,21.92,9.38,43.66,15.84,0,MOD-00623,2025-04-19T12:03:31,2025-04-19T05:03:31,https://api.quant-aq.com/v1/devices/MOD-00623/data/raw/367050845
0,651.9,30.200000000000045,682.1,1468.0,664.0,1.3999999999999773,665.4,1646.9,0.2999999999999545,1647.2,1647.0,8.899999999999864,1656.1,,,61.4,10.1,0.0,0.0,0.0,407.75,0.8,4.2,3.8,5.1943,1.1254,0.0041,0.0,0.0,0.0,0.0,0.0,0.0,0.0,0.0,0.0,0.8321,0.0,0.0,0.0,0.0,0.296,0.45,0.27,0.1111,0.0357,0.0134,0.0044,2.3,19.18,9.38,43.67,15.86,0,MOD-00623,2025-04-19T12:02:31,2025-04-19T05:02:31,https://api.quant-aq.com/v1/devices/MOD-00623/data/raw/367050844
0,651.3,31.200000000000045,682.5,1465.8,663.9,1.5,665.4,1646.8,0.2999999999999545,1647.1,1647.1,8.800000000000182,1655.9,,,61.4,10.1,0.0,0.0,0.0,306.0,0.8,1.9,1.9,4.7441,0.9754,0.0042,0.0044,0.0,0.0,0.0,0.0,0.0,0.0,0.0,0.0,0.6913,0.0,0.0,0.0,0.0,0.2348,0.3712,0.2994,0.1041,0.0391,0.0355,0.0044,2.0,24.65,9.05,43.64,15.81,0,MOD-00623,2025-04-19T12:01:31,2025-04-19T05:01:31,https://api.quant-aq.com/v1/devices/MOD-00623/data/raw/367050842
0,652.2,29.899999999999977,682.1,1467.6,664.0,1.5,665.5,1647.1,0.10000000000013642,1647.2,1647.1,8.799999999999955,1656.0,,,61.5,10.1,0.0,0.0,0.0,323.25,0.8,2.9,2.0,4.8332,1.0429,0.0043,0.0,0.0,0.0,0.0,0.0,0.0,0.0,0.0,0.0,0.7985,0.0,0.0,0.0,0.0,0.2693,0.4093,0.2678,0.109,0.0246,0.024,0.0129,2.15,21.88,8.96,43.77,15.84,0,MOD-00623,2025-04-19T12:00:31,2025-04-19T05:00:31,https://api.quant-aq.com/v1/devices/MOD-00623/data/raw/367050843
0,651.6,30.5,682.1,1468.7,663.9,1.7000000000000455,665.6,1646.9,0.2999999999999545,1647.2,1647.0,8.700000000000045,1655.9,,,61.8,10.1,0.0,0.0,0.0,261.0,0.3,2.2,2.0,4.9499,1.125,0.0,0.004,0.0,0.0,0.0,0.0,0.0,0.0,0.0,0.0,0.6154,0.0,0.0,0.0,0.0,0.2897,0.4323,0.366,0.1546,0.0417,0.0343,0.0044,2.17,25.54,10.79,43.78,15.87,0,MOD-00623,2025-04-19T11:59:31,2025-04-19T04:59:31,https://api.quant-aq.com/v1/devices/MOD-00623/data/raw/367048439
0,652.0,30.399999999999977,682.4,1470.1,663.5,1.6000000000000227,665.1,1646.8,0.40000000000009095,1647.2,1647.1,8.799999999999955,1656.0,,,61.9,10.1,0.0,0.0,0.0,350.25,1.0,3.2,2.8,5.5986,1.259,0.0046,0.0,0.0,0.0,0.0,0.0,0.0,0.0,0.0,0.0,0.953,0.0,0.0,0.0,0.0,0.3622,0.4164,0.2427,0.0693,0.0274,0.0603,0.0045,2.47,24.24,9.12,43.88,15.86,0,MOD-00623,2025-04-19T11:58:31,2025-04-19T04:58:31,https://api.quant-aq.com/v1/devices/MOD-00623/data/raw/367048440
0,650.6,31.299999999999955,681.9,1464.8,663.7,1.1999999999999318,664.9,1647.1,0.20000000000004547,1647.3,1647.0,8.700000000000045,1656.0,,,61.8,10.2,0.0,0.0,0.0,336.5,1.0,3.8,3.8,4.9123,1.0439,0.0038,0.0,0.0,0.0,0.0,0.0,0.0,0.0,0.0,0.0,0.7137,0.0,0.0,0.0,0.0,0.33,0.3581,0.2843,0.087,0.0206,0.0371,0.0043,2.12,20.32,8.67,43.87,15.87,0,MOD-00623,2025-04-19T11:57:31,2025-04-19T04:57:31,https://api.quant-aq.com/v1/devices/MOD-00623/data/raw/367048442
0,651.9,30.600000000000023,682.5,1469.4,664.1,1.1999999999999318,665.3,1647.0,0.2999999999999545,1647.3,1647.1,8.700000000000045,1656.0,,,61.9,10.2,0.0,0.0,0.0,251.75,0.9,2.2,2.2,5.3487,1.1901,0.0044,0.0,0.0,0.0,0.0,0.0,0.0,0.0,0.0,0.0,0.8687,0.0,0.0,0.0,0.0,0.24,0.4336,0.378,0.1366,0.057,0.0402,0.0131,2.36,28.98,11.18,43.86,15.87,0,MOD-00623,2025-04-19T11:56:31,2025-04-19T04:56:31,https://api.quant-aq.com/v1/devices/MOD-00623/data/raw/367048441
0,651.8,31.300000000000068,683.1,1468.0,664.5,1.5,666.0,1647.0,0.2999999999999545,1647.3,1647.0,8.600000000000136,1655.9,,,61.8,10.2,0.0,0.0,0.0,414.25,1.2,4.2,3.7,4.6063,0.9798,0.0,0.0,0.0,0.0,0.0,0.0,0.0,0.0,0.0,0.0,0.8432,0.0,0.0,0.0,0.0,0.2683,0.3508,0.268,0.1261,0.0206,0.0556,0.0038,2.09,22.08,9.09,43.76,15.91,0,MOD-00623,2025-04-19T11:55:31,2025-04-19T04:55:31,https://api.quant-aq.com/v1/devices/MOD-00623/data/raw/367046121
0,652.6,29.600000000000023,682.2,1471.2,664.0,1.5,665.5,1646.9,0.3999999999998636,1647.3,1647.1,8.799999999999955,1656.1,,,61.9,10.2,0.0,0.0,0.0,278.25,0.7,3.2,2.6,5.1503,1.1665,0.0,0.0,0.0,0.0,0.0,0.0,0.0,0.0,0.0,0.0,0.8162,0.0,0.0,0.0,0.0,0.3629,0.4373,0.2457,0.1204,0.0258,0.0218,0.0214,2.34,22.62,9.4,43.76,15.9,0,MOD-00623,2025-04-19T11:54:31,2025-04-19T04:54:31,https://api.quant-aq.com/v1/devices/MOD-00623/data/raw/367046122
0,651.5,30.5,682.0,1469.4,665.0,1.3999999999999773,666.4,1647.1,0.20000000000004547,1647.3,1647.2,8.600000000000136,1655.9,,,61.7,10.2,0.0,0.0,0.0,264.25,0.8,1.9,1.9,4.8942,1.021,0.0,0.0,0.0,0.0,0.0,0.0,0.0,0.0,0.0,0.0,0.7521,0.0,0.0,0.0,0.0,0.3291,0.3576,0.2791,0.0908,0.03,0.0514,0.0169,2.13,24.87,9.03,43.67,15.88,0,MOD-00623,2025-04-19T11:53:31,2025-04-19T04:53:31,https://api.quant-aq.com/v1/devices/MOD-00623/data/raw/367046120
0,651.8,30.200000000000045,682.0,1466.1,663.3,1.400000000000091,664.7,1647.1,0.20000000000004547,1647.3,1647.3,8.900000000000091,1656.2,,,61.4,10.2,0.0,0.0,0.0,323.5,1.0,3.7,3.2,4.583,1.0677,0.0,0.0,0.0,0.0,0.0,0.0,0.0,0.0,0.0,0.0,0.8009,0.0,0.0,0.0,0.0,0.307,0.321,0.3836,0.088,0.0244,0.0039,0.0124,2.15,17.44,9.18,43.57,15.93,0,MOD-00623,2025-04-19T11:52:31,2025-04-19T04:52:31,https://api.quant-aq.com/v1/devices/MOD-00623/data/raw/367046119
0,651.9,30.5,682.4,1470.3,664.0,1.2999999999999545,665.3,1646.9,0.3999999999998636,1647.3,1647.0,8.700000000000045,1656.0,,,61.4,10.2,0.0,0.0,0.0,245.0,0.5,2.4,2.4,4.8925,1.1723,0.0047,0.0,0.0,0.0,0.0,0.0,0.0,0.0,0.0,0.0,0.921,0.0,0.0,0.0,0.0,0.3624,0.378,0.3167,0.0912,0.0322,0.0467,0.0185,2.36,27.7,9.78,43.55,15.93,0,MOD-00623,2025-04-19T11:51:31,2025-04-19T04:51:31,https://api.quant-aq.com/v1/devices/MOD-00623/data/raw/367043750
0,652.5,29.899999999999977,682.4,1465.8,663.4,1.3000000000000682,664.7,1647.2,0.20000000000004547,1647.4,1647.0,8.599999999999909,1656.0,,,61.2,10.2,0.0,0.0,0.0,274.5,0.9,1.9,1.9,5.1178,1.1362,0.0,0.0,0.0,0.0,0.0,0.0,0.0,0.0,0.0,0.0,0.8534,0.0,0.0,0.0,0.0,0.2551,0.5493,0.2412,0.0793,0.0437,0.0354,0.0044,2.34,20.28,9.42,43.44,15.96,0,MOD-00623,2025-04-19T11:50:31,2025-04-19T04:50:31,https://api.quant-aq.com/v1/devices/MOD-00623/data/raw/367043753
0,649.8,32.200000000000045,682.0,1468.6,664.0,1.3999999999999773,665.4,1647.0,0.20000000000004547,1647.2,1647.1,8.700000000000045,1655.9,,,61.0,10.2,0.0,0.0,0.0,356.75,1.2,2.6,2.6,4.8102,1.1495,0.0,0.0,0.0,0.0,0.0,0.0,0.0,0.0,0.0,0.0,0.7394,0.0,0.0,0.0,0.0,0.2347,0.4176,0.3152,0.0623,0.0182,0.0317,0.0176,2.13,21.11,8.71,43.38,15.96,0,MOD-00623,2025-04-19T11:49:31,2025-04-19T04:49:31,https://api.quant-aq.com/v1/devices/MOD-00623/data/raw/367043752
0,652.7,30.09999999999991,682.8,1469.6,664.5,1.5,666.0,1647.0,0.20000000000004547,1647.2,1647.2,8.799999999999955,1656.0,,,60.9,10.2,0.0,0.0,0.0,363.75,1.2,3.3,2.8,5.0993,1.1066,0.0045,0.0,0.0,0.0,0.0,0.0,0.0,0.0,0.0,0.0,0.7491,0.0,0.0,0.0,0.0,0.2222,0.4283,0.3598,0.1157,0.0309,0.0313,0.0,2.19,21.37,9.98,43.33,15.97,0,MOD-00623,2025-04-19T11:48:31,2025-04-19T04:48:31,https://api.quant-aq.com/v1/devices/MOD-00623/data/raw/367043751
0,651.8,30.800000000000068,682.6,1469.4,663.5,1.3999999999999773,664.9,1646.8,0.2999999999999545,1647.1,1647.0,8.700000000000045,1655.8,,,61.0,10.3,0.0,0.0,0.0,239.25,0.7,2.9,2.2,4.7257,1.0704,0.0,0.0,0.0,0.0,0.0,0.0,0.0,0.0,0.0,0.0,0.7473,0.0,0.0,0.0,0.0,0.2741,0.377,0.3575,0.112,0.0305,0.0167,0.0,2.14,16.94,9.57,43.38,15.97,0,MOD-00623,2025-04-19T11:47:31,2025-04-19T04:47:31,https://api.quant-aq.com/v1/devices/MOD-00623/data/raw/367041402
0,651.6,30.699999999999932,682.3,1465.9,663.7,1.5,665.2,1646.8,0.2999999999999545,1647.1,1647.1,8.900000000000091,1656.0,,,61.0,10.3,0.0,0.0,0.0,343.5,1.0,4.3,3.4,5.1607,1.3106,0.0044,0.0,0.0,0.0,0.0,0.0,0.0,0.0,0.0,0.0,0.7948,0.0,0.0,0.0,0.0,0.3107,0.3963,0.315,0.0916,0.0253,0.0215,0.0173,2.31,23.04,9.33,43.39,15.97,0,MOD-00623,2025-04-19T11:46:31,2025-04-19T04:46:31,https://api.quant-aq.com/v1/devices/MOD-00623/data/raw/367041400
0,649.1,32.89999999999998,682.0,1469.2,664.2,1.3999999999999773,665.6,1647.0,0.40000000000009095,1647.4,1647.2,8.5,1655.9,,,61.2,10.3,0.0,0.0,0.0,273.75,1.0,1.8,1.5,5.0014,1.2562,0.0,0.0,0.0,0.0,0.0,0.0,0.0,0.0,0.0,0.0,0.8296,0.0,0.0,0.0,0.0,0.3037,0.3858,0.3529,0.1681,0.0365,0.0365,0.0092,2.32,24.6,10.88,43.44,15.96,0,MOD-00623,2025-04-19T11:45:31,2025-04-19T04:45:31,https://api.quant-aq.com/v1/devices/MOD-00623/data/raw/367041401
0,649.7,31.699999999999932,681.4,1468.4,663.7,1.3999999999999773,665.1,1646.9,0.2999999999999545,1647.2,1647.1,8.599999999999909,1655.8,,,61.3,10.3,0.0,0.0,0.0,222.75,0.2,2.0,1.5,5.0761,1.1235,0.0093,0.0,0.0,0.0,0.0,0.0,0.0,0.0,0.0,0.0,0.5986,0.0,0.0,0.0,0.0,0.2683,0.3452,0.309,0.0819,0.036,0.0584,0.013,2.03,29.03,9.02,43.47,15.98,0,MOD-00623,2025-04-19T11:44:31,2025-04-19T04:44:31,https://api.quant-aq.com/v1/devices/MOD-00623/data/raw/367041399
0,651.3,30.300000000000068,681.6,1467.7,664.2,1.599999999999909,665.8,1646.8,0.40000000000009095,1647.2,1647.0,8.5,1655.7,,,61.2,10.3,0.0,0.0,0.0,281.75,0.8,2.3,1.9,5.1843,1.0468,0.0086,0.0,0.0,0.0,0.0,0.0,0.0,0.0,0.0,0.0,0.7135,0.0,0.0,0.0,0.0,0.3236,0.3445,0.3019,0.0823,0.0343,0.0176,0.0,2.14,19.36,8.7,43.37,15.97,0,MOD-00623,2025-04-19T11:43:31,2025-04-19T04:43:31,https://api.quant-aq.com/v1/devices/MOD-00623/data/raw/367039036
0,652.5,29.899999999999977,682.4,1466.6,663.2,1.3999999999999773,664.6,1646.7,0.3999999999998636,1647.1,1647.1,8.700000000000045,1655.8,,,61.1,10.3,0.0,0.0,0.0,289.0,0.4,4.5,2.9,5.217,1.051,0.0045,0.0046,0.0,0.0,0.0,0.0,0.0,0.0,0.0,0.0,0.8865,0.0,0.0,0.0,0.0,0.336,0.3224,0.3265,0.0956,0.0272,0.0274,0.0091,2.27,24.57,9.24,43.34,15.97,0,MOD-00623,2025-04-19T11:42:31,2025-04-19T04:42:31,https://api.quant-aq.com/v1/devices/MOD-00623/data/raw/367039035
0,651.9,30.399999999999977,682.3,1466.1,663.4,1.1000000000000227,664.5,1646.9,0.2999999999999545,1647.2,1647.0,8.5,1655.7,,,60.9,10.3,0.0,0.0,0.0,271.0,0.2,3.2,2.7,5.1238,1.1041,0.0092,0.0041,0.0,0.0,0.0,0.0,0.0,0.0,0.0,0.0,0.7495,0.0,0.0,0.0,0.0,0.3243,0.411,0.2801,0.1035,0.043,0.013,0.0041,2.23,23.89,9.26,43.29,16.03,0,MOD-00623,2025-04-19T11:41:31,2025-04-19T04:41:31,https://api.quant-aq.com/v1/devices/MOD-00623/data/raw/367039033
0,651.8,31.800000000000068,683.6,1465.3,664.1,1.5,665.6,1646.8,0.2999999999999545,1647.1,1647.0,8.600000000000136,1655.7,,,60.9,10.3,0.0,0.0,0.0,262.5,0.9,1.8,1.8,4.3593,1.0438,0.0,0.0042,0.0042,0.0,0.0,0.0,0.0,0.0,0.0,0.0,0.6994,0.0,0.0,0.0,0.0,0.2677,0.4011,0.316,0.1049,0.0212,0.0206,0.0,2.05,21.63,9.01,43.26,16.03,0,MOD-00623,2025-04-19T11:40:31,2025-04-19T04:40:31,https://api.quant-aq.com/v1/devices/MOD-00623/data/raw/367039034
0,650.6,37.60000000000002,688.2,1464.3,663.9,1.3000000000000682,665.2,1646.7,0.3999999999998636,1647.1,1647.0,8.800000000000182,1655.9,,,60.8,10.3,0.0,0.0,0.0,359.5,1.0,3.5,3.0,4.5277,1.1148,0.0,0.0,0.0,0.0,0.0,0.0,0.0,0.0,0.0,0.0,0.7136,0.0,0.0,0.0,0.0,0.2692,0.3997,0.2282,0.0763,0.028,0.0205,0.0118,2.04,17.8,8.01,43.19,16.05,0,MOD-00623,2025-04-19T11:39:31,2025-04-19T04:39:31,https://api.quant-aq.com/v1/devices/MOD-00623/data/raw/367036680
0,652.2,32.799999999999955,685.0,1464.9,663.8,1.6000000000000227,665.4,1647.0,0.09999999999990905,1647.1,1647.1,8.800000000000182,1655.9,,,60.6,10.3,0.0,0.0,0.0,330.0,1.0,2.9,2.9,4.5031,0.9669,0.0036,0.0,0.0,0.0,0.0,0.0,0.0,0.0,0.0,0.0,0.7622,0.0,0.0,0.0,0.0,0.2553,0.4044,0.2537,0.1007,0.0276,0.028,0.0118,2.04,21.49,8.64,43.14,16.04,0,MOD-00623,2025-04-19T11:38:31,2025-04-19T04:38:31,https://api.quant-aq.com/v1/devices/MOD-00623/data/raw/367036678
0,651.4,31.100000000000023,682.5,1464.8,664.4,2.0,666.4,1646.9,0.2999999999999545,1647.2,1646.9,8.5,1655.7,,,60.5,10.3,0.0,0.0,0.0,370.75,1.1,3.9,3.4,4.6692,1.0322,0.0041,0.0,0.0,0.0,0.0,0.0,0.0,0.0,0.0,0.0,0.719,0.0,0.0,0.0,0.0,0.2703,0.3574,0.2501,0.0495,0.0407,0.025,0.0042,2.01,18.24,7.83,43.09,16.01,0,MOD-00623,2025-04-19T11:37:31,2025-04-19T04:37:31,https://api.quant-aq.com/v1/devices/MOD-00623/data/raw/367036679
0,649.9,31.5,681.4,1465.5,664.0,1.6000000000000227,665.6,1646.9,0.1999999999998181,1647.1,1647.0,8.5,1655.6,,,60.7,10.3,0.0,0.0,0.0,264.25,0.8,2.8,2.8,4.827,1.0473,0.0126,0.0,0.0,0.0,0.0,0.0,0.0,0.0,0.0,0.0,0.711,0.0,0.0,0.0,0.0,0.2386,0.4014,0.2464,0.0927,0.0417,0.0332,0.0084,2.04,25.71,8.66,43.19,16.07,0,MOD-00623,2025-04-19T11:36:31,2025-04-19T04:36:31,https://api.quant-aq.com/v1/devices/MOD-00623/data/raw/367036677
0,650.9,30.899999999999977,681.8,1466.2,664.2,1.5,665.7,1646.7,0.2999999999999545,1647.0,1647.1,8.599999999999909,1655.6,,,60.7,10.3,0.0,0.0,0.0,294.5,0.8,1.9,1.9,4.4082,0.955,0.0,0.0,0.0,0.0,0.0,0.0,0.0,0.0,0.0,0.0,0.6039,0.0,0.0,0.0,0.0,0.2351,0.3263,0.2701,0.0797,0.0122,0.029,0.0041,1.84,15.88,7.65,43.27,16.07,0,MOD-00623,2025-04-19T11:35:31,2025-04-19T04:35:31,https://api.quant-aq.com/v1/devices/MOD-00623/data/raw/367034344
0,652.0,30.5,682.5,1464.8,664.2,1.6999999999999318,665.9,1646.8,0.20000000000004547,1647.0,1646.9,8.700000000000045,1655.7,,,60.8,10.4,0.0,0.0,0.0,312.75,0.9,3.2,2.9,4.6142,1.0191,0.0,0.0,0.0,0.0,0.0,0.0,0.0,0.0,0.0,0.0,0.5947,0.0,0.0,0.0,0.0,0.2572,0.3224,0.2553,0.1058,0.0321,0.0162,0.0081,1.89,17.1,8.1,43.23,16.09,0,MOD-00623,2025-04-19T11:34:31,2025-04-19T04:34:31,https://api.quant-aq.com/v1/devices/MOD-00623/data/raw/367034345
0,651.8,30.5,682.3,1464.8,663.5,1.2999999999999545,664.8,1646.9,0.1999999999998181,1647.1,1647.2,8.700000000000045,1655.8,,,61.0,10.4,0.0,0.0,0.0,361.0,1.2,2.8,2.5,4.7357,1.1321,0.0041,0.0,0.0,0.0,0.0,0.0,0.0,0.0,0.0,0.0,0.7889,0.0,0.0,0.0,0.0,0.2682,0.4974,0.2771,0.0777,0.0218,0.0217,0.0083,2.23,19.73,8.99,43.44,16.08,0,MOD-00623,2025-04-19T11:33:31,2025-04-19T04:33:31,https://api.quant-aq.com/v1/devices/MOD-00623/data/raw/367034343
0,652.8,30.5,683.3,1464.8,663.5,1.5,665.0,1647.1,0.10000000000013642,1647.2,1646.9,8.5,1655.7,,,61.0,10.4,0.0,0.0,0.0,352.75,1.2,3.1,2.7,4.251,1.0338,0.0,0.0,0.0,0.0,0.0,0.0,0.0,0.0,0.0,0.0,0.602,0.0,0.0,0.0,0.0,0.3261,0.3599,0.242,0.0631,0.0153,0.0238,0.0,1.94,13.79,7.54,43.42,16.11,0,MOD-00623,2025-04-19T11:32:31,2025-04-19T04:32:31,https://api.quant-aq.com/v1/devices/MOD-00623/data/raw/367034342
0,652.4,30.300000000000068,682.7,1464.8,663.6,1.2999999999999545,664.9,1646.7,0.2999999999999545,1647.0,1647.1,8.700000000000045,1655.7,,,61.0,10.4,0.0,0.0,0.0,255.5,0.5,2.4,1.7,4.2921,0.9258,0.0,0.0,0.0,0.0,0.0,0.0,0.0,0.0,0.0,0.0,0.608,0.0,0.0,0.0,0.0,0.2554,0.4027,0.2739,0.086,0.0532,0.0236,0.0037,1.91,18.45,8.7,43.55,16.12,0,MOD-00623,2025-04-19T11:31:31,2025-04-19T04:31:31,https://api.quant-aq.com/v1/devices/MOD-00623/data/raw/367032010
0,651.9,32.5,684.4,1463.1,664.2,1.6999999999999318,665.9,1646.9,0.09999999999990905,1647.0,1646.8,8.599999999999909,1655.6,,,61.1,10.4,0.0,0.0,0.0,345.75,1.0,2.6,2.3,4.6719,0.9829,0.0,0.0078,0.0,0.0,0.0,0.0,0.0,0.0,0.0,0.0,0.667,0.0,0.0,0.0,0.0,0.2448,0.3309,0.2214,0.0846,0.032,0.0405,0.004,1.91,23.25,7.79,43.64,16.14,0,MOD-00623,2025-04-19T11:30:31,2025-04-19T04:30:31,https://api.quant-aq.com/v1/devices/MOD-00623/data/raw/367032009
0,650.9,33.30000000000007,684.2,1466.8,664.3,1.7000000000000455,666.0,1646.8,0.2999999999999545,1647.1,1646.9,8.400000000000091,1655.5,,,61.4,10.4,0.0,0.0,0.0,295.25,0.8,2.3,2.3,5.1047,1.0723,0.005,0.0,0.0,0.0,0.0,0.0,0.0,0.0,0.0,0.0,0.8871,0.0,0.0,0.0,0.0,0.3964,0.4531,0.3083,0.0665,0.0221,0.0224,0.0092,2.42,20.72,9.37,43.9,16.12,0,MOD-00623,2025-04-19T11:29:31,2025-04-19T04:29:31,https://api.quant-aq.com/v1/devices/MOD-00623/data/raw/367032008
0,650.0,32.60000000000002,682.6,1467.3,664.0,1.5,665.5,1646.8,0.40000000000009095,1647.2,1647.0,8.299999999999955,1655.5,,,62.0,10.4,0.0,0.0,0.0,246.5,0.7,1.8,1.8,4.4035,1.0169,0.0038,0.0,0.0,0.0,0.0,0.0,0.0,0.0,0.0,0.0,0.8008,0.0,0.0,0.0,0.0,0.3196,0.3991,0.2464,0.0929,0.0361,0.0352,0.0123,2.12,23.16,8.83,44.16,16.17,0,MOD-00623,2025-04-19T11:28:31,2025-04-19T04:28:31,https://api.quant-aq.com/v1/devices/MOD-00623/data/raw/367032007
0,652.0,30.700000000000045,682.7,1466.4,664.3,1.7000000000000455,666.0,1646.9,0.2999999999999545,1647.2,1647.2,8.700000000000045,1655.9,,,62.2,10.5,0.0,0.0,0.0,296.5,1.2,3.0,2.5,4.4888,1.0476,0.0,0.0,0.0,0.0,0.0,0.0,0.0,0.0,0.0,0.0,0.7453,0.0,0.0,0.0,0.0,0.2899,0.4879,0.26,0.0803,0.0128,0.0374,0.0044,2.16,18.34,8.78,44.3,16.18,0,MOD-00623,2025-04-19T11:27:31,2025-04-19T04:27:31,https://api.quant-aq.com/v1/devices/MOD-00623/data/raw/367029631
0,649.3,32.700000000000045,682.0,1462.7,663.7,1.3999999999999773,665.1,1646.8,0.40000000000009095,1647.2,1646.9,8.799999999999955,1656.0,,,62.5,10.5,0.0,0.0,0.0,332.25,1.0,3.5,2.9,4.8322,1.3116,0.0,0.0,0.0,0.0,0.0,0.0,0.0,0.0,0.0,0.0,0.806,0.0,0.0,0.0,0.0,0.286,0.4139,0.2832,0.0917,0.0356,0.0296,0.004,2.26,19.03,9.18,44.41,16.17,0,MOD-00623,2025-04-19T11:26:31,2025-04-19T04:26:31,https://api.quant-aq.com/v1/devices/MOD-00623/data/raw/367029632
0,652.3,30.600000000000023,682.9,1466.3,664.0,1.2999999999999545,665.3,1646.9,0.3999999999998636,1647.3,1647.0,8.600000000000136,1655.9,,,62.9,10.5,0.0,0.0,0.0,314.0,1.0,2.8,2.5,4.8458,1.2684,0.0045,0.0,0.0,0.0,0.0,0.0,0.0,0.0,0.0,0.0,0.885,0.0,0.0,0.0,0.0,0.3543,0.4298,0.3224,0.122,0.0389,0.0251,0.0135,2.4,24.84,10.32,44.6,16.17,0,MOD-00623,2025-04-19T11:25:31,2025-04-19T04:25:31,https://api.quant-aq.com/v1/devices/MOD-00623/data/raw/367029633
0,649.7,32.5,682.2,1467.6,664.2,1.2999999999999545,665.5,1647.1,0.40000000000009095,1647.5,1647.2,8.599999999999909,1656.1,,,63.0,10.5,0.0,0.0,0.0,336.75,0.7,2.8,2.2,4.7723,1.2288,0.0045,0.0,0.0,0.0,0.0,0.0,0.0,0.0,0.0,0.0,0.8849,0.0,0.0,0.0,0.0,0.3099,0.4575,0.3179,0.1275,0.0421,0.039,0.0213,2.37,29.27,10.58,44.67,16.18,0,MOD-00623,2025-04-19T11:24:31,2025-04-19T04:24:31,https://api.quant-aq.com/v1/devices/MOD-00623/data/raw/367029630
0,651.7,30.699999999999932,682.4,1465.1,663.8,1.2000000000000455,665.0,1646.9,0.5,1647.4,1647.0,8.799999999999955,1656.2,,,63.0,10.5,0.0,0.0,0.0,272.5,0.8,2.0,1.4,5.1387,1.3711,0.0044,0.0,0.0,0.0,0.0,0.0,0.0,0.0,0.0,0.0,0.8635,0.0,0.0,0.0,0.0,0.377,0.4628,0.4184,0.1079,0.0265,0.0561,0.0043,2.55,27.11,11.38,44.62,16.19,0,MOD-00623,2025-04-19T11:23:31,2025-04-19T04:23:31,https://api.quant-aq.com/v1/devices/MOD-00623/data/raw/367027261
0,650.5,31.5,682.0,1466.2,664.3,1.3000000000000682,665.6,1646.8,0.6000000000001364,1647.4,1647.1,8.699999999999818,1656.1,,,62.9,10.5,0.0,0.0,0.0,376.75,1.0,2.8,2.4,5.5067,1.4947,0.0136,0.0,0.0,0.0,0.0,0.0,0.0,0.0,0.0,0.0,0.8885,0.0,0.0,0.0,0.0,0.3755,0.4182,0.3374,0.1022,0.0585,0.0307,0.0134,2.56,30.58,10.68,44.56,16.22,0,MOD-00623,2025-04-19T11:22:31,2025-04-19T04:22:31,https://api.quant-aq.com/v1/devices/MOD-00623/data/raw/367027260
0,651.6,31.0,682.6,1465.1,664.0,1.0,665.0,1646.9,0.599999999999909,1647.5,1647.0,8.5,1656.0,,,62.9,10.5,0.0,0.0,0.0,295.5,0.5,3.2,2.2,5.0199,1.2106,0.0178,0.0,0.0,0.0,0.0,0.0,0.0,0.0,0.0,0.0,0.892,0.0,0.0,0.0,0.0,0.3853,0.4918,0.3343,0.1438,0.0313,0.0444,0.0134,2.51,34.07,11.23,44.51,16.24,0,MOD-00623,2025-04-19T11:21:31,2025-04-19T04:21:31,https://api.quant-aq.com/v1/devices/MOD-00623/data/raw/367027259
0,651.9,30.700000000000045,682.6,1467.4,663.6,1.3999999999999773,665.0,1647.0,0.5,1647.5,1646.9,8.400000000000091,1655.9,,,62.7,10.5,0.0,0.0,0.0,295.0,0.8,3.0,3.0,4.6947,1.3497,0.0044,0.0,0.0,0.0,0.0,0.0,0.0,0.0,0.0,0.0,0.8042,0.0,0.0,0.0,0.0,0.3607,0.525,0.2788,0.1265,0.0561,0.0509,0.0169,2.42,30.64,10.91,44.45,16.22,0,MOD-00623,2025-04-19T11:20:31,2025-04-19T04:20:31,https://api.quant-aq.com/v1/devices/MOD-00623/data/raw/367027258
0,650.2,32.299999999999955,682.5,1463.5,663.8,1.3000000000000682,665.1,1646.8,0.6000000000001364,1647.4,1647.1,8.599999999999909,1656.0,,,62.5,10.5,0.0,0.0,0.0,325.25,0.8,2.4,2.4,4.8834,1.2821,0.0,0.0,0.0,0.0,0.0,0.0,0.0,0.0,0.0,0.0,1.0254,0.0,0.0,0.0,0.0,0.3896,0.422,0.3201,0.1348,0.0299,0.0253,0.0175,2.53,23.94,10.55,44.32,16.27,0,MOD-00623,2025-04-19T11:19:31,2025-04-19T04:19:31,https://api.quant-aq.com/v1/devices/MOD-00623/data/raw/367024970
0,650.1,31.799999999999955,681.9,1458.1,664.1,1.5,665.6,1646.7,0.7000000000000455,1647.4,1646.9,8.799999999999955,1656.2,,,62.3,10.5,0.0,0.0,0.0,394.0,1.0,4.1,4.1,4.7443,1.165,0.0,0.0,0.0,0.0,0.0,0.0,0.0,0.0,0.0,0.0,0.8929,0.0,0.0,0.0,0.0,0.3216,0.4234,0.2907,0.1071,0.0439,0.0081,0.004,2.31,17.2,9.52,44.26,16.25,0,MOD-00623,2025-04-19T11:18:31,2025-04-19T04:18:31,https://api.quant-aq.com/v1/devices/MOD-00623/data/raw/367024969
0,651.3,30.700000000000045,682.0,1466.6,663.9,1.1000000000000227,665.0,1646.8,0.7000000000000455,1647.5,1647.0,8.700000000000045,1656.2,,,62.3,10.5,0.0,0.0,0.0,245.25,0.5,2.7,2.1,4.7034,1.2986,0.0039,0.0,0.0041,0.0,0.0,0.0,0.0,0.0,0.0,0.0,0.8799,0.0,0.0,0.0,0.0,0.2908,0.4478,0.3543,0.1273,0.0387,0.0126,0.0,2.37,22.55,10.41,44.27,16.25,0,MOD-00623,2025-04-19T11:17:31,2025-04-19T04:17:31,https://api.quant-aq.com/v1/devices/MOD-00623/data/raw/367024968
0,650.8,31.200000000000045,682.0,1468.5,664.0,1.2999999999999545,665.3,1646.9,0.6999999999998181,1647.6,1647.0,8.200000000000045,1655.8,,,62.3,10.5,0.0,0.0,0.0,232.75,0.6,2.2,1.5,5.1488,1.2595,0.0,0.0,0.0,0.0,0.0,0.0,0.0,0.0,0.0,0.0,0.85,0.0,0.0,0.0,0.0,0.3522,0.5021,0.2965,0.1054,0.0645,0.0414,0.0047,2.46,24.17,10.67,44.24,16.28,0,MOD-00623,2025-04-19T11:16:31,2025-04-19T04:16:31,https://api.quant-aq.com/v1/devices/MOD-00623/data/raw/367024967
0,651.8,30.800000000000068,682.6,1465.9,664.3,1.5,665.8,1646.7,1.099999999999909,1647.8,1647.0,8.100000000000136,1655.9,,,62.3,10.6,0.0,0.0,0.0,367.75,1.2,4.3,3.8,4.765,1.4007,0.0091,0.0,0.0,0.0,0.0,0.0,0.0,0.0,0.0,0.0,0.8305,0.0,0.0,0.0,0.0,0.4251,0.5582,0.2891,0.1117,0.0211,0.0349,0.0043,2.55,24.69,10.49,44.16,16.28,0,MOD-00623,2025-04-19T11:15:31,2025-04-19T04:15:31,https://api.quant-aq.com/v1/devices/MOD-00623/data/raw/367022599
0,652.0,30.5,682.5,1463.7,664.1,1.2999999999999545,665.4,1646.6,1.6000000000001364,1648.2,1647.0,7.7999999999999545,1656.0,,,62.5,10.6,0.0,0.0,0.0,261.25,1.0,2.2,2.2,5.1938,1.3574,0.0,0.0,0.0,0.0,0.0,0.0,0.0,0.0,0.0,0.0,0.8585,0.0,0.0,0.0,0.0,0.3566,0.45,0.3336,0.113,0.0465,0.0265,0.0088,2.48,22.41,10.54,44.26,16.32,0,MOD-00623,2025-04-19T11:14:31,2025-04-19T04:14:31,https://api.quant-aq.com/v1/devices/MOD-00623/data/raw/367022598
0,651.2,31.5,682.7,1461.8,664.1,1.3999999999999773,665.5,1646.9,1.3999999999998636,1648.3,1647.0,7.7999999999999545,1656.1,,,62.3,10.6,0.0,0.0,0.0,344.25,1.2,2.7,2.7,5.0249,1.2769,0.0045,0.0,0.0,0.0,0.0,0.0,0.0,0.0,0.0,0.0,1.0001,0.0,0.0,0.0,0.0,0.3033,0.4952,0.3265,0.1438,0.0288,0.0667,0.0041,2.52,28.7,11.21,44.22,16.33,0,MOD-00623,2025-04-19T11:13:31,2025-04-19T04:13:31,https://api.quant-aq.com/v1/devices/MOD-00623/data/raw/367022596
0,651.5,31.899999999999977,683.4,1460.3,663.4,1.3999999999999773,664.8,1647.1,1.300000000000182,1648.4,1647.1,7.7999999999999545,1656.2,,,62.2,10.6,0.0,0.0,0.0,456.25,1.4,4.9,4.2,4.674,1.2968,0.0043,0.0,0.0,0.0,0.0,0.0,0.0,0.0,0.0,0.0,0.8896,0.0,0.0,0.0,0.0,0.3355,0.496,0.4122,0.0915,0.0357,0.0216,0.0116,2.48,24.07,10.94,44.11,16.35,0,MOD-00623,2025-04-19T11:12:31,2025-04-19T04:12:31,https://api.quant-aq.com/v1/devices/MOD-00623/data/raw/367022597
0,650.9,31.600000000000023,682.5,1463.9,664.3,1.2000000000000455,665.5,1646.8,1.2000000000000455,1648.0,1647.2,8.0,1656.0,,,62.1,10.6,0.0,0.0,0.0,305.25,0.5,4.6,2.9,5.1987,1.4325,0.0045,0.0,0.0,0.0,0.0,0.0,0.0,0.0,0.0,0.0,0.9245,0.0,0.0,0.0,0.0,0.377,0.4709,0.3995,0.1144,0.0474,0.0561,0.0,2.62,27.48,11.68,44.12,16.35,0,MOD-00623,2025-04-19T11:11:31,2025-04-19T04:11:31,https://api.quant-aq.com/v1/devices/MOD-00623/data/raw/367020275
0,651.5,31.0,682.5,1465.9,664.1,1.5,665.6,1647.1,0.8000000000001819,1647.9,1646.8,8.099999999999909,1656.0,,,62.1,10.6,0.0,0.0,0.0,260.5,0.9,3.0,2.2,5.0775,1.313,0.0,0.004,0.0,0.0,0.0,0.0,0.0,0.0,0.0,0.0,0.9942,0.0,0.0,0.0,0.0,0.3536,0.4244,0.3128,0.079,0.056,0.013,0.0044,2.49,20.96,9.84,44.12,16.36,0,MOD-00623,2025-04-19T11:10:31,2025-04-19T04:10:31,https://api.quant-aq.com/v1/devices/MOD-00623/data/raw/367020274
0,650.1,31.399999999999977,681.5,1466.7,663.1,1.1999999999999318,664.3,1646.9,0.599999999999909,1647.5,1647.1,8.400000000000091,1655.9,,,62.3,10.7,0.0,0.0,0.0,324.0,1.0,2.9,2.4,5.1301,1.2294,0.0,0.0,0.0,0.0,0.0,0.0,0.0,0.0,0.0,0.0,0.8921,0.0,0.0,0.0,0.0,0.3499,0.5419,0.3532,0.1428,0.0839,0.0311,0.0045,2.55,26.06,12.09,44.21,16.39,0,MOD-00623,2025-04-19T11:09:31,2025-04-19T04:09:31,https://api.quant-aq.com/v1/devices/MOD-00623/data/raw/367020273
0,649.7,32.299999999999955,682.0,1466.3,664.1,1.0,665.1,1646.8,0.7999999999999545,1647.6,1646.9,8.300000000000182,1655.9,,,62.2,10.7,0.0,0.0,0.0,352.75,1.2,3.0,2.8,5.1285,1.0603,0.0,0.0,0.0,0.0,0.0,0.0,0.0,0.0,0.0,0.0,0.9099,0.0,0.0,0.0,0.0,0.3635,0.5722,0.445,0.1435,0.0404,0.0319,0.0048,2.6,24.71,12.51,44.11,16.42,0,MOD-00623,2025-04-19T11:08:31,2025-04-19T04:08:31,https://api.quant-aq.com/v1/devices/MOD-00623/data/raw/367020272
0,650.0,31.899999999999977,681.9,1466.0,664.1,1.3999999999999773,665.5,1646.6,0.8000000000001819,1647.4,1646.9,8.399999999999864,1655.8,,,62.2,10.7,0.0,0.0,0.0,327.5,0.9,3.5,2.4,5.0562,1.3172,0.0046,0.0,0.0,0.0,0.0,0.0,0.0,0.0,0.0,0.0,0.8716,0.0,0.0,0.0,0.0,0.3282,0.5609,0.4103,0.1044,0.0391,0.035,0.0176,2.57,28.75,11.65,44.14,16.39,0,MOD-00623,2025-04-19T11:07:31,2025-04-19T04:07:31,https://api.quant-aq.com/v1/devices/MOD-00623/data/raw/367017926
0,651.7,30.799999999999955,682.5,1468.3,664.6,1.5,666.1,1646.8,0.6000000000001364,1647.4,1646.9,8.599999999999909,1656.0,,,62.3,10.7,0.0,0.0,0.0,289.0,0.9,3.1,2.2,4.9045,1.3685,0.0,0.0,0.0,0.0,0.0,0.0,0.0,0.0,0.0,0.0,0.8533,0.0,0.0,0.0,0.0,0.3538,0.4331,0.3957,0.0925,0.0634,0.0213,0.0086,2.46,22.77,10.9,44.15,16.41,0,MOD-00623,2025-04-19T11:06:31,2025-04-19T04:06:31,https://api.quant-aq.com/v1/devices/MOD-00623/data/raw/367017925
0,652.5,30.299999999999955,682.8,1461.9,663.9,1.2000000000000455,665.1,1646.9,0.599999999999909,1647.5,1647.0,8.5,1656.0,,,62.1,10.7,0.0,0.0,0.0,332.25,1.0,3.8,3.6,4.9426,1.3263,0.004,0.0,0.0,0.0,0.0,0.0,0.0,0.0,0.0,0.0,0.8824,0.0,0.0,0.0,0.0,0.3713,0.4159,0.4236,0.1498,0.0499,0.0541,0.0084,2.5,30.32,12.04,44.08,16.44,0,MOD-00623,2025-04-19T11:05:31,2025-04-19T04:05:31,https://api.quant-aq.com/v1/devices/MOD-00623/data/raw/367017927
0,650.8,31.5,682.3,1462.7,664.7,1.3999999999999773,666.1,1646.8,0.40000000000009095,1647.2,1646.9,8.700000000000045,1655.9,,,62.2,10.7,0.0,0.0,0.0,293.0,0.8,2.7,2.7,4.9616,1.4022,0.0,0.0,0.0,0.0,0.0,0.0,0.0,0.0,0.0,0.0,0.9323,0.0,0.0,0.0,0.0,0.3878,0.5237,0.3815,0.1308,0.0451,0.0451,0.0134,2.64,27.96,11.92,44.1,16.46,0,MOD-00623,2025-04-19T11:04:31,2025-04-19T04:04:31,https://api.quant-aq.com/v1/devices/MOD-00623/data/raw/367017924
0,651.0,31.299999999999955,682.3,1455.0,664.1,1.5,665.6,1646.9,0.3999999999998636,1647.3,1646.9,8.900000000000091,1656.2,,,62.0,10.7,0.0,0.0,0.0,397.25,1.6,4.3,3.6,4.3861,1.2641,0.0,0.0,0.0,0.0,0.0,0.0,0.0,0.0,0.0,0.0,0.8795,0.0,0.0,0.0,0.0,0.3334,0.4766,0.3437,0.0954,0.0339,0.0303,0.0152,2.38,23.41,10.27,44.03,16.46,0,MOD-00623,2025-04-19T11:03:31,2025-04-19T04:03:31,https://api.quant-aq.com/v1/devices/MOD-00623/data/raw/367015491
0,651.2,31.0,682.2,1463.9,663.8,1.400000000000091,665.2,1646.8,0.5,1647.3,1646.9,8.700000000000045,1656.0,,,62.2,10.8,0.0,0.0,0.0,436.75,1.1,4.5,4.2,5.1561,1.4248,0.0043,0.0,0.0,0.0,0.0,0.0,0.0,0.0,0.0,0.0,0.9798,0.0,0.0,0.0,0.0,0.3858,0.5093,0.3481,0.1095,0.0527,0.0302,0.0125,2.66,26.81,11.28,44.16,16.49,0,MOD-00623,2025-04-19T11:02:31,2025-04-19T04:02:31,https://api.quant-aq.com/v1/devices/MOD-00623/data/raw/367015490
0,649.7,32.19999999999993,681.9,1464.8,664.0,1.1000000000000227,665.1,1646.9,0.3999999999998636,1647.3,1647.1,8.900000000000091,1656.2,,,62.4,10.8,0.0,0.0,0.0,334.0,0.7,3.5,2.8,5.1737,1.3275,0.0,0.0,0.0,0.0,0.0,0.0,0.0,0.0,0.0,0.0,0.8006,0.0,0.0,0.0,0.0,0.3415,0.5137,0.4198,0.1326,0.0344,0.0383,0.0171,2.52,27.48,11.81,44.29,16.51,0,MOD-00623,2025-04-19T11:01:31,2025-04-19T04:01:31,https://api.quant-aq.com/v1/devices/MOD-00623/data/raw/367015489
0,651.2,31.09999999999991,682.3,1462.7,663.6,1.6000000000000227,665.2,1646.8,0.5,1647.3,1647.0,8.900000000000091,1656.2,,,62.3,10.8,0.0,0.0,0.0,427.75,1.2,5.8,4.8,5.4334,1.3617,0.0043,0.0,0.004,0.0,0.0,0.0,0.0,0.0,0.0,0.0,0.9216,0.0,0.0,0.0,0.0,0.2858,0.5972,0.4194,0.1282,0.0343,0.021,0.0217,2.66,31.23,12.05,44.19,16.54,0,MOD-00623,2025-04-19T11:00:31,2025-04-19T04:00:31,https://api.quant-aq.com/v1/devices/MOD-00623/data/raw/367015488
0,650.5,31.700000000000045,682.2,1463.4,664.2,1.1999999999999318,665.4,1646.7,0.599999999999909,1647.3,1646.9,8.700000000000045,1656.0,,,62.4,10.8,0.0,0.0,0.0,373.5,1.6,3.8,3.0,4.9205,1.4411,0.0044,0.0,0.0,0.0,0.0,0.0,0.0,0.0,0.0,0.0,0.9187,0.0,0.0,0.0,0.0,0.3476,0.4978,0.386,0.0883,0.0592,0.0363,0.0043,2.57,25.6,11.23,44.2,16.56,0,MOD-00623,2025-04-19T10:59:31,2025-04-19T03:59:31,https://api.quant-aq.com/v1/devices/MOD-00623/data/raw/367013148
0,650.9,31.700000000000045,682.6,1465.8,664.0,1.3999999999999773,665.4,1646.9,0.599999999999909,1647.5,1647.0,8.599999999999909,1656.1,,,62.5,10.8,0.0,0.0,0.0,320.25,0.8,3.0,3.0,5.2905,1.3065,0.0045,0.0041,0.0,0.0,0.0,0.0,0.0,0.0,0.0,0.0,1.0828,0.0,0.0,0.0,0.0,0.3384,0.4958,0.3705,0.1177,0.0581,0.0489,0.0174,2.67,34.19,11.78,44.24,16.56,0,MOD-00623,2025-04-19T10:58:31,2025-04-19T03:58:31,https://api.quant-aq.com/v1/devices/MOD-00623/data/raw/367013145
0,650.9,31.200000000000045,682.1,1462.2,664.3,1.3000000000000682,665.6,1646.8,0.7000000000000455,1647.5,1646.8,8.799999999999955,1656.3,,,62.4,10.8,0.0,0.0,0.0,379.0,1.0,2.7,2.7,4.9003,1.4802,0.0123,0.0,0.0,0.0,0.0,0.0,0.0,0.0,0.0,0.0,0.8038,0.0,0.0,0.0,0.0,0.3335,0.4711,0.4518,0.131,0.0373,0.0366,0.004,2.51,29.35,11.85,44.21,16.58,0,MOD-00623,2025-04-19T10:57:31,2025-04-19T03:57:31,https://api.quant-aq.com/v1/devices/MOD-00623/data/raw/367013147
0,649.7,32.39999999999998,682.1,1463.1,664.3,1.400000000000091,665.7,1646.6,1.0,1647.6,1646.8,8.600000000000136,1656.2,,,62.3,10.8,0.0,0.0,0.0,301.0,1.0,3.8,3.4,4.6414,1.2846,0.0043,0.0,0.0041,0.0,0.0,0.0,0.0,0.0,0.0,0.0,0.9617,0.0,0.0,0.0,0.0,0.327,0.5237,0.4776,0.096,0.0289,0.0499,0.008,2.58,30.86,11.96,44.14,16.62,0,MOD-00623,2025-04-19T10:56:31,2025-04-19T03:56:31,https://api.quant-aq.com/v1/devices/MOD-00623/data/raw/367013146
0,650.0,31.899999999999977,681.9,1463.4,664.2,1.3999999999999773,665.6,1647.0,0.599999999999909,1647.6,1646.9,8.5,1656.1,,,62.2,10.9,0.0,0.0,0.0,309.0,1.0,2.2,2.2,5.0295,1.3702,0.0,0.0,0.0,0.0,0.0,0.0,0.0,0.0,0.0,0.0,0.8884,0.0,0.0,0.0,0.0,0.3739,0.4346,0.3856,0.1462,0.0335,0.0254,0.0041,2.52,21.74,11.23,44.12,16.59,0,MOD-00623,2025-04-19T10:55:31,2025-04-19T03:55:31,https://api.quant-aq.com/v1/devices/MOD-00623/data/raw/367010803
0,652.4,30.100000000000023,682.5,1463.3,664.4,1.3000000000000682,665.7,1646.8,0.5,1647.3,1647.0,8.799999999999955,1656.1,,,62.1,10.9,0.0,0.0,0.0,300.75,0.7,2.7,2.1,5.3825,1.3414,0.0,0.0043,0.0,0.0,0.0,0.0,0.0,0.0,0.0,0.0,1.022,0.0,0.0,0.0,0.0,0.2805,0.4995,0.4393,0.1042,0.0413,0.0273,0.0089,2.63,26.16,11.58,44.16,16.6,0,MOD-00623,2025-04-19T10:54:31,2025-04-19T03:54:31,https://api.quant-aq.com/v1/devices/MOD-00623/data/raw/367010802
0,650.6,31.699999999999932,682.3,1463.5,664.7,1.1999999999999318,665.9,1646.7,0.5,1647.2,1647.0,9.0,1656.2,,,62.3,10.9,0.0,0.0,0.0,271.0,0.4,4.0,3.1,5.7285,1.4629,0.0,0.0,0.0,0.0,0.0,0.0,0.0,0.0,0.0,0.0,0.8995,0.0,0.0,0.0,0.0,0.4293,0.5621,0.4201,0.1441,0.0402,0.0316,0.0084,2.82,25.63,12.6,44.17,16.63,0,MOD-00623,2025-04-19T10:53:31,2025-04-19T03:53:31,https://api.quant-aq.com/v1/devices/MOD-00623/data/raw/367010804
0,651.2,31.299999999999955,682.5,1461.0,664.3,1.6000000000000227,665.9,1646.8,0.40000000000009095,1647.2,1646.9,8.899999999999864,1656.1,,,62.2,10.9,0.0,0.0,0.0,443.5,1.5,5.0,4.3,4.7148,1.382,0.0,0.0,0.0,0.0,0.0,0.0,0.0,0.0,0.0,0.0,0.8324,0.0,0.0,0.0,0.0,0.2739,0.4911,0.357,0.1141,0.04,0.0363,0.0118,2.38,24.47,10.72,44.1,16.63,0,MOD-00623,2025-04-19T10:52:31,2025-04-19T03:52:31,https://api.quant-aq.com/v1/devices/MOD-00623/data/raw/367010801
0,651.2,31.199999999999932,682.4,1460.9,664.3,1.3000000000000682,665.6,1646.7,0.5,1647.2,1647.0,9.099999999999909,1656.3,,,62.4,10.9,0.0,0.0,0.0,334.0,1.2,2.8,2.5,4.8399,1.4459,0.0093,0.0,0.0,0.0,0.0,0.0,0.0,0.0,0.0,0.0,0.9082,0.0,0.0,0.0,0.0,0.3368,0.4548,0.3823,0.1286,0.0353,0.0084,0.0092,2.51,24.21,10.9,44.21,16.65,0,MOD-00623,2025-04-19T10:51:31,2025-04-19T03:51:31,https://api.quant-aq.com/v1/devices/MOD-00623/data/raw/367008470
0,651.0,31.200000000000045,682.2,1461.7,664.7,1.1999999999999318,665.9,1646.7,0.5,1647.2,1646.9,9.200000000000045,1656.4,,,62.3,10.9,0.0,0.0,0.0,407.75,1.3,4.6,4.1,4.7868,1.4507,0.0,0.004,0.004,0.0,0.0,0.0,0.0,0.0,0.0,0.0,0.9666,0.0,0.0,0.0,0.0,0.4526,0.4721,0.3449,0.1262,0.0359,0.028,0.0281,2.65,33.34,11.23,44.08,16.69,0,MOD-00623,2025-04-19T10:50:31,2025-04-19T03:50:31,https://api.quant-aq.com/v1/devices/MOD-00623/data/raw/367008469
0,650.6,31.5,682.1,1462.6,664.4,1.1000000000000227,665.5,1646.9,0.2999999999999545,1647.2,1647.1,9.200000000000045,1656.4,,,62.1,10.9,0.0,0.0,0.0,302.75,1.0,3.2,2.8,4.9817,1.3597,0.0,0.0045,0.0,0.0,0.0,0.0,0.0,0.0,0.0,0.0,0.8537,0.0,0.0,0.0,0.0,0.3411,0.4924,0.4109,0.1207,0.0167,0.0424,0.0084,2.52,26.74,11.25,44.04,16.69,0,MOD-00623,2025-04-19T10:49:31,2025-04-19T03:49:31,https://api.quant-aq.com/v1/devices/MOD-00623/data/raw/367008468
0,651.5,30.5,682.0,1462.1,664.1,1.1999999999999318,665.3,1647.0,0.20000000000004547,1647.2,1646.9,9.200000000000045,1656.4,,,61.9,11.0,0.0,0.0,0.0,364.5,0.9,3.8,3.4,4.8524,1.4035,0.0,0.0,0.0,0.0,0.0,0.0,0.0,0.0,0.0,0.0,0.8075,0.0,0.0,0.0,0.0,0.4043,0.4548,0.3811,0.1297,0.0246,0.038,0.0043,2.5,22.58,11.06,43.89,16.73,0,MOD-00623,2025-04-19T10:48:31,2025-04-19T03:48:31,https://api.quant-aq.com/v1/devices/MOD-00623/data/raw/367008467
0,650.1,32.19999999999993,682.3,1461.0,664.3,1.3000000000000682,665.6,1646.8,0.40000000000009095,1647.2,1647.0,9.200000000000045,1656.4,,,61.7,11.0,0.0,0.0,0.0,393.75,1.4,3.6,3.4,4.7342,1.3613,0.0038,0.0041,0.0041,0.0,0.0,0.0,0.0,0.0,0.0,0.0,0.9527,0.0,0.0,0.0,0.0,0.3426,0.5837,0.3791,0.0989,0.0335,0.0338,0.0041,2.61,29.29,11.33,43.72,16.75,0,MOD-00623,2025-04-19T10:47:31,2025-04-19T03:47:31,https://api.quant-aq.com/v1/devices/MOD-00623/data/raw/367006099
0,649.8,32.10000000000002,681.9,1462.8,664.3,1.1000000000000227,665.4,1646.7,0.5,1647.2,1647.0,9.099999999999909,1656.3,,,61.6,11.0,0.0,0.0,0.0,316.5,1.0,3.3,3.0,4.9099,1.2969,0.0045,0.0,0.0,0.0,0.0,0.0,0.0,0.0,0.0,0.0,0.954,0.0,0.0,0.0,0.0,0.3771,0.4017,0.299,0.127,0.0722,0.0347,0.0041,2.45,25.76,10.67,43.71,16.73,0,MOD-00623,2025-04-19T10:46:31,2025-04-19T03:46:31,https://api.quant-aq.com/v1/devices/MOD-00623/data/raw/367006101
0,650.9,30.700000000000045,681.6,1462.6,664.2,1.1999999999999318,665.4,1646.7,0.3999999999998636,1647.1,1646.9,9.0,1656.1,,,61.4,11.0,0.0,0.0,0.0,356.5,1.0,4.2,3.8,4.7777,1.2261,0.008,0.0039,0.0,0.0,0.0,0.0,0.0,0.0,0.0,0.0,0.8577,0.0,0.0,0.0,0.0,0.3114,0.4627,0.3215,0.1081,0.0411,0.029,0.0164,2.35,29.82,10.23,43.56,16.75,0,MOD-00623,2025-04-19T10:45:31,2025-04-19T03:45:31,https://api.quant-aq.com/v1/devices/MOD-00623/data/raw/367006098
0,651.4,30.300000000000068,681.7,1462.6,664.0,1.1000000000000227,665.1,1646.9,0.2999999999999545,1647.2,1647.0,9.0,1656.2,,,61.3,11.0,0.0,0.0,0.0,331.5,1.1,5.6,3.4,4.6947,1.4535,0.0088,0.0,0.0,0.0,0.0,0.0,0.0,0.0,0.0,0.0,0.9238,0.0,0.0,0.0,0.0,0.3659,0.4147,0.3098,0.0942,0.0382,0.0177,0.004,2.45,22.04,9.74,43.43,16.76,0,MOD-00623,2025-04-19T10:44:31,2025-04-19T03:44:31,https://api.quant-aq.com/v1/devices/MOD-00623/data/raw/367006100
0,651.3,30.800000000000068,682.1,1460.6,664.0,1.3999999999999773,665.4,1646.9,0.2999999999999545,1647.2,1646.9,9.0,1656.2,,,61.0,11.0,0.0,0.0,0.0,334.25,0.9,3.3,2.5,4.5988,1.2587,0.0042,0.0,0.004,0.0,0.004,0.0,0.0,0.0,0.0,0.0,0.8925,0.0,0.0,0.0,0.0,0.306,0.4646,0.3351,0.129,0.041,0.041,0.0,2.37,29.44,10.68,43.27,16.79,0,MOD-00623,2025-04-19T10:43:31,2025-04-19T03:43:31,https://api.quant-aq.com/v1/devices/MOD-00623/data/raw/367003761
0,650.3,31.700000000000045,682.0,1458.6,663.9,1.3999999999999773,665.3,1646.9,0.09999999999990905,1647.0,1646.9,9.299999999999955,1656.3,,,60.7,11.1,0.0,0.0,0.0,432.5,1.4,4.0,3.7,4.7573,1.2634,0.0082,0.0,0.0,0.0,0.0,0.0,0.0,0.0,0.0,0.0,0.85,0.0,0.0,0.0,0.0,0.2903,0.4154,0.3215,0.0553,0.0277,0.0038,0.0,2.28,16.62,8.72,43.11,16.82,0,MOD-00623,2025-04-19T10:42:31,2025-04-19T03:42:31,https://api.quant-aq.com/v1/devices/MOD-00623/data/raw/367003759
0,651.1,30.899999999999977,682.0,1460.6,664.3,1.3000000000000682,665.6,1646.7,0.2999999999999545,1647.0,1647.0,9.099999999999909,1656.1,,,60.4,11.1,0.0,0.0,0.0,370.75,1.1,4.2,4.2,4.9143,1.2949,0.0,0.0,0.0,0.0,0.0,0.0,0.0,0.0,0.0,0.0,0.8637,0.0,0.0,0.0,0.0,0.3623,0.4175,0.256,0.0888,0.0521,0.0404,0.0077,2.36,22.51,9.51,43.0,16.82,0,MOD-00623,2025-04-19T10:41:31,2025-04-19T03:41:31,https://api.quant-aq.com/v1/devices/MOD-00623/data/raw/367003758
0,652.1,30.799999999999955,682.9,1458.6,664.1,1.7999999999999545,665.9,1646.8,0.10000000000013642,1646.9,1647.0,9.199999999999818,1656.1,,,60.2,11.1,0.0,0.0,0.0,366.0,1.3,4.0,4.0,4.8504,1.1487,0.0,0.0,0.0,0.0,0.0,0.0,0.0,0.0,0.0,0.0,0.778,0.0,0.0,0.0,0.0,0.2644,0.4433,0.2599,0.0852,0.0323,0.0286,0.0165,2.19,21.56,8.91,42.84,16.86,0,MOD-00623,2025-04-19T10:40:31,2025-04-19T03:40:31,https://api.quant-aq.com/v1/devices/MOD-00623/data/raw/367003757
0,650.3,31.40000000000009,681.7,1463.0,663.9,1.3999999999999773,665.3,1646.6,0.40000000000009095,1647.0,1647.0,8.900000000000091,1655.9,,,60.1,11.1,0.0,0.0,0.0,277.75,0.8,2.2,2.2,4.7037,1.1439,0.0,0.0,0.0,0.0,0.0,0.0,0.0,0.0,0.0,0.0,0.8646,0.0,0.0,0.0,0.0,0.3205,0.449,0.3001,0.1247,0.0207,0.0412,0.0207,2.31,25.69,10.03,42.82,16.87,0,MOD-00623,2025-04-19T10:39:31,2025-04-19T03:39:31,https://api.quant-aq.com/v1/devices/MOD-00623/data/raw/367001419
0,650.5,31.399999999999977,681.9,1462.0,663.8,1.6000000000000227,665.4,1646.8,0.10000000000013642,1646.9,1647.1,9.099999999999909,1656.0,,,59.9,11.1,0.0,0.0,0.0,367.75,1.1,2.9,2.9,4.9531,1.3353,0.004,0.0,0.0,0.0,0.0,0.0,0.0,0.0,0.0,0.0,0.8842,0.0,0.0,0.0,0.0,0.2834,0.4193,0.2999,0.075,0.0285,0.0249,0.0,2.34,18.34,9.07,42.78,16.88,0,MOD-00623,2025-04-19T10:38:31,2025-04-19T03:38:31,https://api.quant-aq.com/v1/devices/MOD-00623/data/raw/367001418
0,650.5,31.5,682.0,1459.1,664.8,1.8000000000000682,666.6,1646.9,0.09999999999990905,1647.0,1646.8,8.900000000000091,1655.9,,,60.1,11.2,0.0,0.0,0.0,295.75,0.7,2.5,2.5,5.1804,1.2254,0.0044,0.0,0.0,0.0,0.0,0.0,0.0,0.0,0.0,0.0,0.8364,0.0,0.0,0.0,0.0,0.3238,0.4286,0.3272,0.0959,0.0322,0.019,0.0134,2.37,22.6,9.76,42.92,16.87,0,MOD-00623,2025-04-19T10:37:31,2025-04-19T03:37:31,https://api.quant-aq.com/v1/devices/MOD-00623/data/raw/367001417
0,650.1,31.5,681.6,1462.9,664.9,2.1000000000000227,667.0,1647.0,-0.09999999999990905,1646.9,1647.0,9.0,1655.9,,,60.4,11.2,0.0,0.0,0.0,371.5,1.2,3.2,3.2,4.6721,1.2842,0.004,0.0,0.0,0.0,0.0,0.0,0.0,0.0,0.0,0.0,0.8145,0.0,0.0,0.0,0.0,0.3053,0.4024,0.3731,0.1012,0.0461,0.0168,0.004,2.3,21.0,10.14,42.98,16.91,0,MOD-00623,2025-04-19T10:36:31,2025-04-19T03:36:31,https://api.quant-aq.com/v1/devices/MOD-00623/data/raw/367001416
0,650.1,31.799999999999955,681.9,1461.2,664.8,1.7000000000000455,666.5,1646.8,0.2999999999999545,1647.1,1647.0,8.900000000000091,1656.0,,,60.6,11.2,0.0,0.0,0.0,252.5,0.7,1.7,1.7,4.605,1.2163,0.0,0.0,0.0,0.0,0.0,0.0,0.0,0.0,0.0,0.0,0.9331,0.0,0.0,0.0,0.0,0.2914,0.4445,0.3252,0.0978,0.0405,0.0246,0.0122,2.34,21.81,9.95,43.11,16.91,0,MOD-00623,2025-04-19T10:35:31,2025-04-19T03:35:31,https://api.quant-aq.com/v1/devices/MOD-00623/data/raw/366999050
0,651.2,31.0,682.2,1462.3,663.7,1.5,665.2,1646.9,0.1999999999998181,1647.1,1647.1,9.0,1656.1,,,60.5,11.2,0.0,0.0,0.0,326.25,1.0,3.7,3.7,5.1838,1.3737,0.0,0.0,0.0,0.0,0.0,0.0,0.0,0.0,0.0,0.0,0.8765,0.0,0.0,0.0,0.0,0.3363,0.4409,0.3548,0.131,0.0374,0.0207,0.0171,2.48,23.92,10.76,43.06,16.96,0,MOD-00623,2025-04-19T10:34:31,2025-04-19T03:34:31,https://api.quant-aq.com/v1/devices/MOD-00623/data/raw/366999052
0,649.8,32.0,681.8,1461.0,664.1,1.5,665.6,1646.8,0.20000000000004547,1647.0,1647.0,9.099999999999909,1656.1,,,60.5,11.2,0.0,0.0,0.0,346.25,1.0,2.8,2.8,4.9634,1.4061,0.0042,0.0045,0.0,0.0,0.0,0.0,0.0,0.0,0.0,0.0,0.9332,0.0,0.0,0.0,0.0,0.3504,0.4418,0.3528,0.0869,0.0263,0.0263,0.0268,2.5,29.84,10.2,43.06,16.94,0,MOD-00623,2025-04-19T10:33:31,2025-04-19T03:33:31,https://api.quant-aq.com/v1/devices/MOD-00623/data/raw/366999051
0,651.5,30.399999999999977,681.9,1462.5,664.2,1.6999999999999318,665.9,1646.7,0.2999999999999545,1647.0,1646.9,9.099999999999909,1656.1,,,60.5,11.2,0.0,0.0,0.0,320.5,1.0,3.9,2.5,4.7419,1.2193,0.0165,0.0,0.0,0.0,0.0,0.0,0.0,0.0,0.0,0.0,0.7916,0.0,0.0,0.0,0.0,0.3396,0.5001,0.3475,0.0779,0.0337,0.0133,0.0087,2.37,25.88,9.98,43.05,16.96,0,MOD-00623,2025-04-19T10:32:31,2025-04-19T03:32:31,https://api.quant-aq.com/v1/devices/MOD-00623/data/raw/366999049
0,650.4,31.300000000000068,681.7,1463.1,664.2,1.5,665.7,1646.8,0.20000000000004547,1647.0,1646.8,8.900000000000091,1655.9,,,60.5,11.2,0.0,0.0,0.0,351.75,1.4,2.8,2.8,5.3676,1.3981,0.0047,0.0045,0.0,0.0047,0.0,0.0,0.0,0.0,0.0,0.0,1.0125,0.0,0.0,0.0,0.0,0.421,0.4654,0.3794,0.1438,0.0405,0.032,0.0188,2.71,35.55,11.83,43.03,16.97,0,MOD-00623,2025-04-19T10:31:31,2025-04-19T03:31:31,https://api.quant-aq.com/v1/devices/MOD-00623/data/raw/366996736
0,651.2,30.799999999999955,682.0,1461.4,664.1,1.6999999999999318,665.8,1646.8,0.10000000000013642,1646.9,1647.0,9.0,1655.9,,,60.4,11.2,0.0,0.0,0.0,417.25,1.6,4.9,4.3,5.0862,1.4996,0.0081,0.0,0.0,0.0,0.0,0.0,0.0,0.0,0.0,0.0,0.9742,0.0,0.0,0.0,0.0,0.3379,0.4757,0.3385,0.1114,0.0407,0.0281,0.0087,2.59,25.93,10.74,42.98,17.0,0,MOD-00623,2025-04-19T10:30:31,2025-04-19T03:30:31,https://api.quant-aq.com/v1/devices/MOD-00623/data/raw/366996735
0,651.6,30.5,682.1,1459.2,664.1,1.6000000000000227,665.7,1646.7,0.2999999999999545,1647.0,1647.1,9.200000000000045,1656.2,,,60.4,11.3,0.0,0.0,0.0,437.5,1.6,4.8,3.8,4.7885,1.3024,0.012,0.0075,0.0,0.0,0.0,0.0,0.0,0.0,0.0,0.0,0.8491,0.0,0.0,0.0,0.0,0.3531,0.4452,0.3499,0.1232,0.0434,0.036,0.0,2.41,31.32,10.75,43.02,17.03,0,MOD-00623,2025-04-19T10:29:31,2025-04-19T03:29:31,https://api.quant-aq.com/v1/devices/MOD-00623/data/raw/366996734
0,650.3,31.800000000000068,682.1,1459.5,664.7,1.8999999999999773,666.6,1646.8,0.10000000000013642,1646.9,1646.9,9.0,1655.9,,,60.5,11.3,0.0,0.0,0.0,373.0,1.1,3.3,3.3,4.9323,1.4401,0.013,0.0041,0.0,0.0,0.0,0.0,0.0,0.0,0.0,0.0,0.8983,0.0,0.0,0.0,0.0,0.3629,0.4676,0.4434,0.1042,0.0432,0.0436,0.0,2.58,31.65,11.68,43.01,17.04,0,MOD-00623,2025-04-19T10:28:31,2025-04-19T03:28:31,https://api.quant-aq.com/v1/devices/MOD-00623/data/raw/366996733
0,650.6,31.5,682.1,1459.7,664.7,1.6999999999999318,666.4,1646.7,0.2999999999999545,1647.0,1647.0,9.200000000000045,1656.2,,,60.6,11.3,0.0,0.0,0.0,440.75,1.8,4.5,4.3,4.5789,1.2144,0.004,0.0041,0.0,0.0,0.0,0.0,0.0,0.0,0.0,0.0,0.9926,0.0,0.0,0.0,0.0,0.3829,0.4399,0.2884,0.131,0.0273,0.019,0.0118,2.45,24.99,10.07,43.08,17.04,0,MOD-00623,2025-04-19T10:27:31,2025-04-19T03:27:31,https://api.quant-aq.com/v1/devices/MOD-00623/data/raw/366994375
0,651.8,30.600000000000023,682.4,1462.2,664.3,1.6000000000000227,665.9,1646.7,0.2999999999999545,1647.0,1646.8,9.099999999999909,1656.1,,,60.5,11.3,0.0,0.0,0.0,395.5,1.3,4.2,3.8,4.8069,1.2734,0.0038,0.0,0.0,0.0,0.0,0.0,0.0,0.0,0.0,0.0,0.8457,0.0,0.0,0.0,0.0,0.4099,0.439,0.3547,0.1141,0.0455,0.0383,0.0039,2.45,24.63,10.83,43.06,17.09,0,MOD-00623,2025-04-19T10:26:31,2025-04-19T03:26:31,https://api.quant-aq.com/v1/devices/MOD-00623/data/raw/366994378
0,650.4,31.5,681.9,1458.8,664.8,1.6000000000000227,666.4,1646.9,0.09999999999990905,1647.0,1646.8,9.099999999999909,1656.1,,,60.4,11.3,0.0,0.0,0.0,453.25,1.3,6.9,5.8,4.8487,1.3592,0.0124,0.004,0.0,0.0,0.0,0.0,0.0,0.0,0.0,0.0,0.9494,0.0,0.0,0.0,0.0,0.3202,0.5238,0.3687,0.0966,0.0451,0.0403,0.0039,2.54,31.05,11.09,43.04,17.11,0,MOD-00623,2025-04-19T10:25:31,2025-04-19T03:25:31,https://api.quant-aq.com/v1/devices/MOD-00623/data/raw/366994376
0,649.7,32.09999999999991,681.8,1460.2,664.7,1.599999999999909,666.3,1646.7,0.2999999999999545,1647.0,1647.1,9.200000000000045,1656.2,,,60.4,11.3,0.0,0.0,0.0,379.75,1.0,4.3,3.6,4.4282,1.405,0.0,0.0121,0.0,0.0,0.0,0.0,0.0,0.0,0.0,0.0,0.9307,0.0,0.0,0.0,0.0,0.2783,0.4243,0.3631,0.1306,0.0531,0.0123,0.0202,2.37,31.72,10.73,42.99,17.1,0,MOD-00623,2025-04-19T10:24:31,2025-04-19T03:24:31,https://api.quant-aq.com/v1/devices/MOD-00623/data/raw/366994377
0,648.8,33.10000000000002,681.9,1460.8,664.3,1.400000000000091,665.7,1646.7,0.2999999999999545,1647.0,1647.0,9.200000000000045,1656.2,,,60.4,11.4,0.0,0.0,0.0,334.75,0.8,3.8,3.2,4.5753,1.4422,0.0,0.0,0.0,0.0,0.0,0.0,0.0,0.0,0.0,0.0,0.9839,0.0,0.0,0.0,0.0,0.3705,0.4427,0.3159,0.0872,0.0237,0.0327,0.0039,2.5,19.51,9.83,42.97,17.14,0,MOD-00623,2025-04-19T10:23:31,2025-04-19T03:23:31,https://api.quant-aq.com/v1/devices/MOD-00623/data/raw/366992017
0,652.1,30.699999999999932,682.8,1457.8,664.6,1.7999999999999545,666.4,1646.9,0.09999999999990905,1647.0,1646.7,9.200000000000045,1656.2,,,60.2,11.4,0.0,0.0,0.0,348.0,1.7,3.2,2.8,5.1805,1.452,0.0,0.0,0.0041,0.0,0.0,0.0,0.0,0.0,0.0,0.0,0.9885,0.0,0.0,0.0,0.0,0.3781,0.4213,0.3159,0.0975,0.0377,0.0255,0.0126,2.57,24.95,10.12,42.89,17.16,0,MOD-00623,2025-04-19T10:22:31,2025-04-19T03:22:31,https://api.quant-aq.com/v1/devices/MOD-00623/data/raw/366992016
0,650.8,31.800000000000068,682.6,1457.4,664.0,1.3999999999999773,665.4,1646.7,0.20000000000004547,1646.9,1647.1,9.299999999999955,1656.2,,,60.1,11.4,0.0,0.0,0.0,335.25,1.1,3.6,2.5,4.5668,1.2633,0.0042,0.004,0.0,0.0038,0.0,0.0,0.0,0.0,0.0,0.0,0.8883,0.0,0.0,0.0,0.0,0.2865,0.5385,0.3179,0.1157,0.0356,0.0407,0.0038,2.4,29.45,10.6,42.79,17.14,0,MOD-00623,2025-04-19T10:21:31,2025-04-19T03:21:31,https://api.quant-aq.com/v1/devices/MOD-00623/data/raw/366992015
0,650.0,32.299999999999955,682.3,1459.9,664.3,1.5,665.8,1646.8,0.10000000000013642,1646.9,1647.0,9.399999999999864,1656.3,,,60.0,11.4,0.0,0.0,0.0,381.0,1.1,3.2,3.2,4.8646,1.4652,0.004,0.0,0.0,0.0,0.0,0.0,0.0,0.0,0.0,0.0,0.9063,0.0,0.0,0.0,0.0,0.342,0.4753,0.2898,0.1246,0.0323,0.0124,0.0119,2.49,21.85,10.11,42.66,17.18,0,MOD-00623,2025-04-19T10:20:31,2025-04-19T03:20:31,https://api.quant-aq.com/v1/devices/MOD-00623/data/raw/366992018
0,649.8,32.40000000000009,682.2,1456.7,664.7,1.6999999999999318,666.4,1646.7,0.20000000000004547,1646.9,1647.1,9.299999999999955,1656.2,,,59.9,11.4,0.0,0.0,0.0,362.75,1.1,3.9,3.4,4.4531,1.3076,0.004,0.0,0.0,0.0,0.0,0.0,0.0,0.0,0.0,0.0,0.85,0.0,0.0,0.0,0.0,0.4262,0.4457,0.3185,0.1235,0.037,0.0446,0.0084,2.43,26.15,10.63,42.66,17.21,0,MOD-00623,2025-04-19T10:19:31,2025-04-19T03:19:31,https://api.quant-aq.com/v1/devices/MOD-00623/data/raw/366989686
0,648.9,32.200000000000045,681.1,1462.7,664.5,1.6000000000000227,666.1,1646.9,0.0,1646.9,1646.8,9.299999999999955,1656.2,,,59.9,11.5,0.0,0.0,0.0,348.75,1.0,3.6,3.0,5.0099,1.4135,0.0042,0.0043,0.0,0.0,0.0,0.0,0.0,0.0,0.0,0.0,0.9028,0.0,0.0,0.0,0.0,0.2491,0.4312,0.3519,0.1152,0.0661,0.0363,0.0214,2.39,32.87,10.86,42.65,17.2,0,MOD-00623,2025-04-19T10:18:31,2025-04-19T03:18:31,https://api.quant-aq.com/v1/devices/MOD-00623/data/raw/366989685
0,652.1,29.699999999999932,681.8,1461.1,664.0,1.6000000000000227,665.6,1646.8,0.10000000000013642,1646.9,1646.9,8.899999999999864,1655.8,,,59.9,11.5,0.0,0.0,0.0,323.75,0.9,2.6,2.6,4.8957,1.317,0.0,0.0,0.0043,0.0,0.0,0.0,0.0,0.0,0.0,0.0,0.8752,0.0,0.0,0.0,0.0,0.2796,0.4835,0.359,0.0849,0.0295,0.0423,0.0082,2.41,25.92,10.27,42.57,17.2,0,MOD-00623,2025-04-19T10:17:31,2025-04-19T03:17:31,https://api.quant-aq.com/v1/devices/MOD-00623/data/raw/366989684
0,649.9,31.0,680.9,1460.5,664.6,1.5,666.1,1646.6,0.3000000000001819,1646.9,1647.0,9.099999999999909,1656.0,,,59.7,11.5,0.0,0.0,0.0,314.5,0.7,3.6,3.1,4.9874,1.3227,0.009,0.0045,0.0,0.0,0.0,0.0,0.0,0.0,0.0,0.0,0.9647,0.0,0.0,0.0,0.0,0.2871,0.5489,0.3419,0.1185,0.0435,0.0307,0.0168,2.54,32.22,11.14,42.5,17.24,0,MOD-00623,2025-04-19T10:16:31,2025-04-19T03:16:31,https://api.quant-aq.com/v1/devices/MOD-00623/data/raw/366989683
0,649.3,32.200000000000045,681.5,1456.2,663.9,1.3000000000000682,665.2,1646.7,0.0,1646.7,1646.7,9.399999999999864,1656.1,,,59.5,11.5,0.0,0.0,0.0,495.0,1.8,4.8,3.7,4.4397,1.3131,0.0041,0.0,0.0,0.0,0.0,0.0,0.0,0.0,0.0,0.0,0.8719,0.0,0.0,0.0,0.0,0.3663,0.5065,0.3181,0.0657,0.0503,0.023,0.012,2.43,23.36,10.03,42.36,17.27,0,MOD-00623,2025-04-19T10:15:31,2025-04-19T03:15:31,https://api.quant-aq.com/v1/devices/MOD-00623/data/raw/366987363
0,650.7,31.399999999999977,682.1,1459.3,664.5,1.8999999999999773,666.4,1646.8,-0.09999999999990905,1646.7,1646.8,9.0,1655.7,,,59.3,11.5,0.0,0.0,0.0,340.0,1.0,3.9,2.6,5.0284,1.1932,0.008,0.0042,0.0,0.0,0.0,0.0,0.0,0.0,0.0,0.0,1.0295,0.0,0.0,0.0,0.0,0.3388,0.4678,0.335,0.1155,0.074,0.0332,0.0455,2.52,41.32,11.38,42.25,17.3,0,MOD-00623,2025-04-19T10:14:31,2025-04-19T03:14:31,https://api.quant-aq.com/v1/devices/MOD-00623/data/raw/366987361
0,650.7,31.699999999999932,682.4,1454.2,665.0,1.7000000000000455,666.7,1646.8,-0.09999999999990905,1646.7,1646.9,9.299999999999955,1656.0,,,59.1,11.5,0.0,0.0,0.0,497.25,1.6,5.0,4.2,4.2765,1.2496,0.0109,0.0038,0.0,0.0,0.0,0.0,0.0,0.0,0.0,0.0,0.7946,0.0,0.0,0.0,0.0,0.2684,0.3678,0.2937,0.1767,0.0773,0.0261,0.0148,2.14,33.48,10.65,42.15,17.33,0,MOD-00623,2025-04-19T10:13:31,2025-04-19T03:13:31,https://api.quant-aq.com/v1/devices/MOD-00623/data/raw/366987360
0,651.2,31.59999999999991,682.8,1457.4,664.3,1.8000000000000682,666.1,1646.6,0.20000000000004547,1646.8,1646.9,9.200000000000045,1656.0,,,59.3,11.6,0.0,0.0,0.0,455.75,1.4,3.7,3.5,4.4869,1.2342,0.0039,0.0,0.0,0.0,0.0,0.0,0.0,0.0,0.0,0.0,0.8127,0.0,0.0,0.0,0.0,0.3114,0.3795,0.3183,0.062,0.0269,0.0314,0.0039,2.21,19.74,8.85,42.24,17.34,0,MOD-00623,2025-04-19T10:12:31,2025-04-19T03:12:31,https://api.quant-aq.com/v1/devices/MOD-00623/data/raw/366987362
0,650.7,31.699999999999932,682.4,1456.1,664.5,1.7000000000000455,666.2,1646.9,-0.3000000000001819,1646.6,1647.0,9.200000000000045,1655.8,,,59.3,11.6,0.0,0.0,0.0,490.75,1.9,3.8,3.5,4.6528,1.2551,0.0,0.0,0.0,0.0,0.0,0.0,0.0,0.0,0.0,0.0,0.8523,0.0,0.0,0.0,0.0,0.2666,0.4162,0.3195,0.107,0.016,0.0193,0.0119,2.26,19.25,9.36,42.31,17.37,0,MOD-00623,2025-04-19T10:11:31,2025-04-19T03:11:31,https://api.quant-aq.com/v1/devices/MOD-00623/data/raw/366985025
0,649.6,32.60000000000002,682.2,1458.1,664.4,1.8000000000000682,666.2,1647.0,-0.09999999999990905,1646.9,1647.0,9.199999999999818,1656.1,,,59.5,11.6,0.0,0.0,0.0,451.75,1.8,3.8,3.8,5.0263,1.2266,0.0,0.0,0.0,0.0,0.0,0.0,0.0,0.0,0.0,0.0,0.8891,0.0,0.0,0.0,0.0,0.3105,0.532,0.3969,0.119,0.0625,0.0332,0.0168,2.51,27.9,11.8,42.51,17.38,0,MOD-00623,2025-04-19T10:10:31,2025-04-19T03:10:31,https://api.quant-aq.com/v1/devices/MOD-00623/data/raw/366985026
0,650.7,32.299999999999955,683.0,1458.7,664.3,1.7000000000000455,666.0,1646.7,0.09999999999990905,1646.8,1647.0,9.200000000000045,1656.0,,,59.7,11.6,0.0,0.0,0.0,396.75,1.3,4.6,3.2,5.0108,1.2936,0.0042,0.0,0.0,0.0,0.0,0.0,0.0,0.0,0.0,0.0,0.9369,0.0,0.0,0.0,0.0,0.3071,0.4931,0.256,0.0812,0.026,0.0165,0.0043,2.43,18.35,9.13,42.63,17.38,0,MOD-00623,2025-04-19T10:09:31,2025-04-19T03:09:31,https://api.quant-aq.com/v1/devices/MOD-00623/data/raw/366985024
0,651.2,32.0,683.2,1455.0,664.5,1.7999999999999545,666.3,1646.6,0.10000000000013642,1646.7,1647.0,9.299999999999955,1656.0,,,59.8,11.6,0.0,0.0,0.0,486.75,1.5,4.8,4.3,4.5536,1.2421,0.0,0.0,0.0,0.0,0.0,0.0,0.0,0.0,0.0,0.0,0.8783,0.0,0.0,0.0,0.0,0.3506,0.4208,0.289,0.0857,0.0349,0.0147,0.0039,2.32,16.9,9.21,42.74,17.42,0,MOD-00623,2025-04-19T10:08:31,2025-04-19T03:08:31,https://api.quant-aq.com/v1/devices/MOD-00623/data/raw/366985021
0,651.4,31.5,682.9,1455.7,664.5,1.7999999999999545,666.3,1646.8,0.10000000000013642,1646.9,1647.0,9.399999999999864,1656.3,,,60.1,11.7,0.0,0.0,0.0,481.0,1.9,5.5,4.6,4.1763,1.1681,0.0104,0.0,0.0,0.0,0.0,0.0,0.0,0.0,0.0,0.0,0.6919,0.0,0.0,0.0,0.0,0.29,0.4385,0.2893,0.0799,0.0398,0.0216,0.0179,2.09,25.99,9.06,43.0,17.44,0,MOD-00623,2025-04-19T10:07:31,2025-04-19T03:07:31,https://api.quant-aq.com/v1/devices/MOD-00623/data/raw/366982687
0,650.2,32.299999999999955,682.5,1458.1,664.1,1.6000000000000227,665.7,1646.9,0.0,1646.9,1647.0,9.099999999999909,1656.0,,,60.2,11.7,0.0,0.0,0.0,440.0,1.6,4.2,3.8,5.3373,1.3751,0.0041,0.0,0.0,0.0,0.0,0.0,0.0,0.0,0.0,0.0,0.9321,0.0,0.0,0.0,0.0,0.3197,0.3772,0.2926,0.0853,0.0408,0.0448,0.0163,2.42,26.65,9.57,43.15,17.44,0,MOD-00623,2025-04-19T10:06:31,2025-04-19T03:06:31,https://api.quant-aq.com/v1/devices/MOD-00623/data/raw/366982684
0,647.7,34.5,682.2,1460.2,664.5,1.8999999999999773,666.4,1646.7,0.09999999999990905,1646.8,1646.9,9.100000000000136,1655.9,,,60.4,11.7,0.0,0.0,0.0,332.0,0.8,3.0,2.2,4.7229,1.2915,0.0077,0.0,0.0,0.0,0.0,0.0,0.0,0.0,0.0,0.0,0.7928,0.0,0.0,0.0,0.0,0.3017,0.4325,0.235,0.0824,0.0159,0.0352,0.0158,2.23,24.19,8.57,43.34,17.47,0,MOD-00623,2025-04-19T10:05:31,2025-04-19T03:05:31,https://api.quant-aq.com/v1/devices/MOD-00623/data/raw/366982686
0,648.5,33.700000000000045,682.2,1463.3,665.9,1.8999999999999773,667.8,1646.8,0.10000000000013642,1646.9,1647.0,8.799999999999955,1655.7,,,61.2,11.7,0.0,0.0,0.0,375.5,1.2,3.9,3.9,4.7879,1.4032,0.0041,0.0,0.0,0.0,0.0,0.0,0.0,0.0,0.0,0.0,0.8722,0.0,0.0,0.0,0.0,0.3251,0.4287,0.3425,0.1257,0.0528,0.0262,0.014,2.41,26.21,10.71,43.76,17.47,0,MOD-00623,2025-04-19T10:04:31,2025-04-19T03:04:31,https://api.quant-aq.com/v1/devices/MOD-00623/data/raw/366982685
0,649.5,33.0,682.5,1460.1,664.6,1.2999999999999545,665.9,1646.8,0.20000000000004547,1647.0,1647.0,9.299999999999955,1656.3,,,61.8,11.7,0.0,0.0,0.0,347.0,1.1,3.4,3.4,4.7591,1.1733,0.0082,0.0,0.0,0.0,0.0,0.0,0.0,0.0,0.0,0.0,0.911,0.0,0.0,0.0,0.0,0.315,0.3475,0.3412,0.1281,0.0383,0.0351,0.0127,2.29,27.46,10.15,44.15,17.51,0,MOD-00623,2025-04-19T10:03:31,2025-04-19T03:03:31,https://api.quant-aq.com/v1/devices/MOD-00623/data/raw/366980289
0,649.0,33.39999999999998,682.4,1460.2,664.3,1.6000000000000227,665.9,1646.7,0.20000000000004547,1646.9,1647.1,9.199999999999818,1656.1,,,62.3,11.7,0.0,0.0,0.0,452.0,1.5,4.4,4.4,5.103,1.1208,0.0082,0.0,0.0,0.0,0.0,0.0,0.0,0.0,0.0,0.0,0.8175,0.0,0.0,0.0,0.0,0.2728,0.3508,0.3466,0.1156,0.0491,0.012,0.0041,2.21,22.06,9.75,44.32,17.49,0,MOD-00623,2025-04-19T10:02:31,2025-04-19T03:02:31,https://api.quant-aq.com/v1/devices/MOD-00623/data/raw/366980287
0,649.5,33.5,683.0,1458.7,664.8,1.400000000000091,666.2,1647.0,0.2999999999999545,1647.3,1647.0,8.799999999999955,1656.1,,,62.8,11.7,0.0,0.0,0.0,365.75,1.0,3.6,3.6,4.7615,1.2779,0.0042,0.0,0.0,0.0,0.0,0.0,0.0,0.0,0.0,0.0,0.8948,0.0,0.0,0.0,0.0,0.3632,0.4578,0.2846,0.1165,0.0382,0.0508,0.0162,2.41,28.62,10.32,44.64,17.51,0,MOD-00623,2025-04-19T10:01:31,2025-04-19T03:01:31,https://api.quant-aq.com/v1/devices/MOD-00623/data/raw/366980288
0,648.9,33.5,682.4,1461.1,664.6,1.3999999999999773,666.0,1646.9,0.1999999999998181,1647.1,1646.9,9.200000000000045,1656.3,,,62.9,11.8,0.0,0.0,0.0,433.75,1.7,3.5,3.5,4.9462,1.2065,0.0,0.0084,0.0,0.0,0.0,0.0,0.0,0.0,0.0,0.0,0.7764,0.0,0.0,0.0,0.0,0.2738,0.4096,0.3323,0.073,0.0351,0.0163,0.0083,2.23,23.31,9.17,44.62,17.55,0,MOD-00623,2025-04-19T10:00:31,2025-04-19T03:00:31,https://api.quant-aq.com/v1/devices/MOD-00623/data/raw/366980286
0,650.1,32.39999999999998,682.5,1457.3,664.5,1.2000000000000455,665.7,1646.9,0.3999999999998636,1647.3,1647.0,9.0,1656.3,,,63.0,11.8,0.0,0.0,0.0,338.25,1.0,3.4,2.9,4.67,1.2021,0.0,0.0,0.0,0.0,0.0,0.0,0.0,0.0,0.0,0.0,0.7472,0.0,0.0,0.0,0.0,0.323,0.4268,0.2969,0.1157,0.0248,0.0375,0.0083,2.23,21.56,9.63,44.73,17.56,0,MOD-00623,2025-04-19T09:59:31,2025-04-19T02:59:31,https://api.quant-aq.com/v1/devices/MOD-00623/data/raw/366977920
0,650.4,32.30000000000007,682.7,1455.7,664.3,1.400000000000091,665.7,1646.7,0.2999999999999545,1647.0,1647.0,9.400000000000091,1656.4,,,63.1,11.8,0.0,0.0,0.0,442.75,1.3,5.2,5.0,4.5928,1.1854,0.0039,0.0,0.0,0.0,0.0,0.0,0.0,0.0,0.0,0.0,0.8509,0.0,0.0,0.0,0.0,0.3824,0.3642,0.2839,0.088,0.0422,0.026,0.004,2.27,20.46,9.17,44.75,17.58,0,MOD-00623,2025-04-19T09:58:31,2025-04-19T02:58:31,https://api.quant-aq.com/v1/devices/MOD-00623/data/raw/366977919
0,649.2,33.19999999999993,682.4,1457.9,664.1,1.1000000000000227,665.2,1646.7,0.5,1647.2,1646.8,9.0,1656.2,,,63.4,11.8,0.0,0.0,0.0,336.0,1.0,2.4,2.4,4.5763,1.0943,0.0078,0.0,0.0,0.0,0.0,0.0,0.0,0.0,0.0,0.0,0.743,0.0,0.0,0.0,0.0,0.2181,0.3797,0.3243,0.1217,0.0204,0.0087,0.0043,2.06,19.31,9.07,44.91,17.61,0,MOD-00623,2025-04-19T09:57:31,2025-04-19T02:57:31,https://api.quant-aq.com/v1/devices/MOD-00623/data/raw/366977917
0,650.3,32.40000000000009,682.7,1456.5,664.7,1.1999999999999318,665.9,1646.7,0.5,1647.2,1647.0,9.099999999999909,1656.3,,,63.4,11.8,0.0,0.0,0.0,375.75,1.0,4.8,4.1,4.6758,1.2363,0.0,0.0,0.0,0.0,0.0,0.0,0.0,0.0,0.0,0.0,0.8432,0.0,0.0,0.0,0.0,0.3142,0.4153,0.3773,0.0895,0.0243,0.0237,0.004,2.32,18.66,9.88,44.91,17.6,0,MOD-00623,2025-04-19T09:56:31,2025-04-19T02:56:31,https://api.quant-aq.com/v1/devices/MOD-00623/data/raw/366977918
0,650.5,32.200000000000045,682.7,1456.4,665.0,1.3999999999999773,666.4,1646.7,0.599999999999909,1647.3,1646.9,9.0,1656.3,,,63.3,11.8,0.0,0.0,0.0,397.0,1.3,3.8,3.8,4.1759,1.1285,0.0039,0.0,0.0037,0.0039,0.0,0.0,0.0,0.0,0.0,0.0,0.8482,0.0,0.0,0.0,0.0,0.2545,0.4192,0.3591,0.1041,0.026,0.0302,0.0075,2.18,27.76,9.81,44.85,17.64,0,MOD-00623,2025-04-19T09:55:31,2025-04-19T02:55:31,https://api.quant-aq.com/v1/devices/MOD-00623/data/raw/366975638
0,650.4,31.800000000000068,682.2,1454.0,665.1,1.3999999999999773,666.5,1646.7,0.2999999999999545,1647.0,1646.7,9.299999999999955,1656.3,,,63.4,11.8,0.0,0.0,0.0,396.5,1.2,3.8,3.2,4.8486,1.1202,0.0,0.0,0.0,0.0,0.0,0.0,0.0,0.0,0.0,0.0,0.796,0.0,0.0,0.0,0.0,0.2953,0.4555,0.2884,0.0881,0.0243,0.0196,0.0078,2.25,17.97,9.11,44.9,17.66,0,MOD-00623,2025-04-19T09:54:31,2025-04-19T02:54:31,https://api.quant-aq.com/v1/devices/MOD-00623/data/raw/366975636
0,649.6,33.19999999999993,682.8,1455.2,664.0,1.2000000000000455,665.2,1646.7,0.599999999999909,1647.3,1646.7,9.100000000000136,1656.4,,,63.3,11.9,0.0,0.0,0.0,367.25,1.1,2.8,2.8,4.5218,1.3099,0.0034,0.0,0.0,0.0,0.0,0.0,0.0,0.0,0.0,0.0,0.687,0.0,0.0,0.0,0.0,0.2541,0.3329,0.3042,0.0609,0.0262,0.0266,0.0034,2.05,17.94,8.17,44.79,17.68,0,MOD-00623,2025-04-19T09:53:31,2025-04-19T02:53:31,https://api.quant-aq.com/v1/devices/MOD-00623/data/raw/366975637
0,651.0,31.799999999999955,682.8,1457.4,664.5,0.8999999999999773,665.4,1646.7,0.5,1647.2,1646.9,9.200000000000045,1656.4,,,63.2,11.9,0.0,0.0,0.0,334.0,0.6,4.5,3.1,4.1696,1.268,0.0,0.0,0.0,0.0,0.0,0.0,0.0,0.0,0.0,0.0,0.7809,0.0,0.0,0.0,0.0,0.2259,0.4306,0.3275,0.1301,0.0181,0.0193,0.0126,2.15,20.22,9.63,44.71,17.71,0,MOD-00623,2025-04-19T09:52:31,2025-04-19T02:52:31,https://api.quant-aq.com/v1/devices/MOD-00623/data/raw/366975635
0,650.3,32.60000000000002,682.9,1452.0,664.7,1.2999999999999545,666.0,1646.9,0.3999999999998636,1647.3,1647.1,9.5,1656.8,,,63.0,11.9,0.0,0.0,0.0,457.25,1.3,4.5,3.8,3.9347,1.1933,0.0,0.0034,0.0,0.0,0.0,0.0,0.0,0.0,0.0,0.0,0.8121,0.0,0.0,0.0,0.0,0.2789,0.3737,0.3035,0.0713,0.0344,0.0138,0.0071,2.09,18.84,8.59,44.6,17.76,0,MOD-00623,2025-04-19T09:51:31,2025-04-19T02:51:31,https://api.quant-aq.com/v1/devices/MOD-00623/data/raw/366973294
0,650.3,32.30000000000007,682.6,1455.7,664.7,1.3999999999999773,666.1,1646.6,0.5,1647.1,1646.8,9.300000000000182,1656.4,,,62.8,12.0,0.0,0.0,0.0,481.5,1.8,4.9,4.2,4.5027,1.1387,0.0,0.0,0.0,0.0,0.0,0.0,0.0,0.0,0.0,0.0,0.7293,0.0,0.0,0.0,0.0,0.2602,0.4502,0.3088,0.1203,0.0428,0.0188,0.0037,2.15,19.04,9.74,44.52,17.75,0,MOD-00623,2025-04-19T09:50:31,2025-04-19T02:50:31,https://api.quant-aq.com/v1/devices/MOD-00623/data/raw/366973293
0,649.0,33.200000000000045,682.2,1456.9,663.9,1.2000000000000455,665.1,1646.8,0.40000000000009095,1647.2,1646.9,9.099999999999909,1656.3,,,62.8,12.0,0.0,0.0,0.0,458.25,1.5,3.9,3.5,4.9711,1.2955,0.0041,0.0,0.0,0.0,0.0,0.0,0.0,0.0,0.0,0.0,0.9201,0.0,0.0,0.0,0.0,0.3474,0.5128,0.3152,0.0955,0.0457,0.0245,0.017,2.51,25.61,10.47,44.53,17.75,0,MOD-00623,2025-04-19T09:49:31,2025-04-19T02:49:31,https://api.quant-aq.com/v1/devices/MOD-00623/data/raw/366973292
0,649.8,31.90000000000009,681.7,1456.9,665.0,1.2999999999999545,666.3,1646.7,0.3999999999998636,1647.1,1646.9,9.200000000000045,1656.3,,,62.8,12.0,0.0,0.0,0.0,360.0,1.2,2.8,2.7,4.3924,1.2927,0.0041,0.0,0.0,0.0,0.0,0.0,0.0,0.0,0.0,0.0,0.8913,0.0,0.0,0.0,0.0,0.3084,0.5031,0.3212,0.1394,0.0201,0.0447,0.0082,2.39,25.57,10.66,44.41,17.76,0,MOD-00623,2025-04-19T09:48:31,2025-04-19T02:48:31,https://api.quant-aq.com/v1/devices/MOD-00623/data/raw/366973291
0,651.0,31.5,682.5,1458.0,664.7,1.3999999999999773,666.1,1646.6,0.5,1647.1,1646.8,9.200000000000045,1656.3,,,62.7,12.0,0.0,0.0,0.0,325.25,1.0,3.8,3.3,4.6963,1.4771,0.0084,0.0,0.0042,0.0,0.0,0.0,0.0,0.0,0.0,0.0,1.0708,0.0,0.0,0.0,0.0,0.3745,0.468,0.368,0.1624,0.042,0.021,0.0084,2.66,30.11,11.73,44.36,17.79,0,MOD-00623,2025-04-19T09:47:31,2025-04-19T02:47:31,https://api.quant-aq.com/v1/devices/MOD-00623/data/raw/366970926
0,650.0,32.799999999999955,682.8,1451.2,664.7,1.2999999999999545,666.0,1646.7,0.3999999999998636,1647.1,1646.9,9.600000000000136,1656.7,,,62.4,12.0,0.0,0.0,0.0,423.0,1.6,4.4,4.4,4.5206,1.3192,0.0041,0.0126,0.0,0.0,0.0,0.0,0.0,0.0,0.0,0.0,0.9187,0.0,0.0,0.0,0.0,0.3159,0.4382,0.3361,0.0936,0.0273,0.0355,0.0154,2.38,32.84,9.98,44.23,17.81,0,MOD-00623,2025-04-19T09:46:31,2025-04-19T02:46:31,https://api.quant-aq.com/v1/devices/MOD-00623/data/raw/366970924
0,650.9,32.60000000000002,683.5,1452.5,664.9,1.3999999999999773,666.3,1646.6,0.6000000000001364,1647.2,1646.9,9.399999999999864,1656.6,,,62.3,12.0,0.0,0.0,0.0,435.5,1.4,4.4,3.2,4.4279,1.2583,0.0035,0.0,0.0,0.0,0.0,0.0,0.0,0.0,0.0,0.0,0.8144,0.0,0.0,0.0,0.0,0.3142,0.4131,0.2972,0.1342,0.0239,0.0182,0.0077,2.24,20.54,9.64,44.17,17.85,0,MOD-00623,2025-04-19T09:45:31,2025-04-19T02:45:31,https://api.quant-aq.com/v1/devices/MOD-00623/data/raw/366970925
0,650.2,32.89999999999998,683.1,1456.6,664.6,1.2999999999999545,665.9,1646.7,0.599999999999909,1647.3,1647.0,9.299999999999955,1656.6,,,62.1,12.1,0.0,0.0,0.0,441.25,1.9,4.2,3.3,4.0409,1.2553,0.0039,0.0,0.0,0.0,0.0,0.0,0.0,0.0,0.0,0.0,0.8148,0.0,0.0,0.0,0.0,0.3015,0.4353,0.2946,0.1093,0.0339,0.0269,0.0042,2.2,20.99,9.53,44.12,17.88,0,MOD-00623,2025-04-19T09:44:31,2025-04-19T02:44:31,https://api.quant-aq.com/v1/devices/MOD-00623/data/raw/366970923
0,650.0,33.10000000000002,683.1,1453.3,664.5,1.0,665.5,1646.8,0.2999999999999545,1647.1,1647.0,9.400000000000091,1656.5,,,61.9,12.1,0.0,0.0,0.0,369.5,1.2,3.7,3.2,4.2157,1.0823,0.0,0.0,0.0,0.0,0.0,0.0,0.0,0.0,0.0,0.0,0.8769,0.0,0.0,0.0,0.0,0.272,0.3868,0.3028,0.0895,0.0379,0.0375,0.0111,2.14,22.16,9.24,43.96,17.9,0,MOD-00623,2025-04-19T09:43:31,2025-04-19T02:43:31,https://api.quant-aq.com/v1/devices/MOD-00623/data/raw/366968561
0,650.8,31.800000000000068,682.6,1451.2,665.1,1.3999999999999773,666.5,1646.6,0.5,1647.1,1647.0,9.5,1656.6,,,61.7,12.1,0.0,0.0,0.0,445.5,1.3,4.3,3.6,4.5399,1.1678,0.0,0.004,0.0,0.0,0.0,0.0,0.0,0.0,0.0,0.0,0.8963,0.0,0.0,0.0,0.0,0.2418,0.4105,0.3551,0.1444,0.0228,0.0148,0.0115,2.25,22.86,10.15,43.84,17.89,0,MOD-00623,2025-04-19T09:42:31,2025-04-19T02:42:31,https://api.quant-aq.com/v1/devices/MOD-00623/data/raw/366968559
0,649.1,33.0,682.1,1457.7,665.4,1.3000000000000682,666.7,1647.0,0.2999999999999545,1647.3,1646.9,9.0,1656.3,,,61.6,12.2,0.0,0.0,0.0,351.75,1.0,4.0,3.5,4.3275,1.2628,0.0,0.0,0.0,0.0,0.0,0.0,0.0,0.0,0.0,0.0,0.79,0.0,0.0,0.0,0.0,0.2552,0.4604,0.3305,0.1337,0.0458,0.0404,0.0036,2.22,23.14,10.49,43.82,17.92,0,MOD-00623,2025-04-19T09:41:31,2025-04-19T02:41:31,https://api.quant-aq.com/v1/devices/MOD-00623/data/raw/366968562
0,651.1,32.10000000000002,683.2,1460.0,664.3,1.400000000000091,665.7,1647.0,0.5,1647.5,1646.9,8.799999999999955,1656.3,,,61.5,12.2,0.0,0.0,0.0,309.25,1.0,2.8,2.8,4.6979,1.2412,0.0,0.0,0.0,0.0,0.0,0.0,0.0,0.0,0.0,0.0,0.9082,0.0,0.0,0.0,0.0,0.3053,0.4439,0.3363,0.1434,0.053,0.0342,0.0132,2.38,25.86,10.95,43.72,17.93,0,MOD-00623,2025-04-19T09:40:31,2025-04-19T02:40:31,https://api.quant-aq.com/v1/devices/MOD-00623/data/raw/366968560
0,651.3,31.5,682.8,1460.0,664.5,1.6000000000000227,666.1,1646.7,0.5,1647.2,1646.9,9.0,1656.2,,,61.4,12.2,0.0,0.0,0.0,267.5,0.8,2.8,2.5,4.6158,1.3317,0.0174,0.0,0.0,0.0,0.0,0.0,0.0,0.0,0.0,0.0,0.8139,0.0,0.0,0.0,0.0,0.2558,0.4497,0.3447,0.0999,0.0484,0.044,0.0259,2.28,36.5,10.42,43.65,17.97,0,MOD-00623,2025-04-19T09:39:31,2025-04-19T02:39:31,https://api.quant-aq.com/v1/devices/MOD-00623/data/raw/366966224
0,648.7,34.19999999999993,682.9,1455.5,664.6,1.1999999999999318,665.8,1646.9,0.1999999999998181,1647.1,1646.9,9.100000000000136,1656.2,,,61.2,12.2,0.0,0.0,0.0,385.25,0.8,4.1,3.2,4.8264,1.1916,0.0,0.0,0.0,0.0,0.0,0.0,0.0,0.0,0.0,0.0,0.8369,0.0,0.0,0.0,0.0,0.2959,0.4216,0.3366,0.1274,0.037,0.0441,0.0083,2.3,24.2,10.39,43.59,17.96,0,MOD-00623,2025-04-19T09:38:31,2025-04-19T02:38:31,https://api.quant-aq.com/v1/devices/MOD-00623/data/raw/366966223
0,649.5,33.0,682.5,1455.1,665.2,1.599999999999909,666.8,1646.7,0.3999999999998636,1647.1,1646.8,9.100000000000136,1656.2,,,61.1,12.2,0.0,0.0,0.0,344.75,0.7,3.8,3.2,4.1744,1.1336,0.0,0.0036,0.0,0.0,0.0,0.0,0.0,0.0,0.0,0.0,0.7808,0.0,0.0,0.0,0.0,0.2671,0.4498,0.2581,0.0946,0.037,0.0221,0.0117,2.12,22.02,8.95,43.48,17.99,0,MOD-00623,2025-04-19T09:37:31,2025-04-19T02:37:31,https://api.quant-aq.com/v1/devices/MOD-00623/data/raw/366966222
0,649.7,33.0,682.7,1457.8,664.9,1.5,666.4,1646.9,0.1999999999998181,1647.1,1647.1,9.100000000000136,1656.2,,,61.0,12.2,0.0,0.0,0.0,330.75,0.9,3.9,3.0,4.9984,1.1819,0.0042,0.0,0.0,0.0,0.0,0.0,0.0,0.0,0.0,0.0,0.9299,0.0,0.0,0.0,0.0,0.33,0.527,0.3673,0.1474,0.0608,0.0248,0.0042,2.52,25.48,11.79,43.43,17.99,0,MOD-00623,2025-04-19T09:36:31,2025-04-19T02:36:31,https://api.quant-aq.com/v1/devices/MOD-00623/data/raw/366966219
0,649.2,32.799999999999955,682.0,1457.3,664.6,1.5,666.1,1646.7,0.3999999999998636,1647.1,1647.0,9.0,1656.1,,,60.9,12.3,0.0,0.0,0.0,319.5,0.9,3.2,2.8,4.5954,1.3329,0.0,0.0,0.0,0.0,0.0,0.0042,0.0,0.0,0.0,0.0,0.811,0.0,0.0,0.0,0.0,0.3617,0.4142,0.34,0.1087,0.0329,0.0242,0.0131,2.35,24.22,10.07,43.37,18.02,0,MOD-00623,2025-04-19T09:35:31,2025-04-19T02:35:31,https://api.quant-aq.com/v1/devices/MOD-00623/data/raw/366963861
0,649.9,32.700000000000045,682.6,1455.5,665.1,1.7999999999999545,666.9,1646.8,0.2999999999999545,1647.1,1646.9,9.100000000000136,1656.2,,,60.7,12.3,0.0,0.0,0.0,356.5,1.3,3.4,2.9,4.4813,1.146,0.0,0.0,0.0,0.0,0.0,0.0,0.0,0.0,0.0,0.0,0.7309,0.0,0.0,0.0,0.0,0.3233,0.4582,0.3036,0.0812,0.0582,0.0474,0.0078,2.2,24.27,9.89,43.29,18.02,0,MOD-00623,2025-04-19T09:34:31,2025-04-19T02:34:31,https://api.quant-aq.com/v1/devices/MOD-00623/data/raw/366963860
0,649.3,33.40000000000009,682.7,1454.3,664.2,1.5,665.7,1646.8,0.20000000000004547,1647.0,1647.0,9.299999999999955,1656.3,,,60.6,12.3,0.0,0.0,0.0,302.5,0.9,2.7,2.7,4.2966,1.1758,0.0,0.0,0.0,0.0,0.0,0.0,0.0,0.0,0.0,0.0,0.7637,0.0,0.0,0.0,0.0,0.318,0.4192,0.3235,0.1172,0.0208,0.0324,0.0081,2.19,20.78,9.7,43.24,18.06,0,MOD-00623,2025-04-19T09:33:31,2025-04-19T02:33:31,https://api.quant-aq.com/v1/devices/MOD-00623/data/raw/366963859
0,650.3,32.5,682.8,1454.0,664.8,1.5,666.3,1646.8,0.20000000000004547,1647.0,1646.8,9.099999999999909,1656.1,,,60.5,12.3,0.0,0.0,0.0,282.25,0.7,3.4,2.4,4.4313,1.1332,0.0041,0.0,0.0039,0.0,0.0,0.0,0.0,0.0,0.0,0.0,0.726,0.0,0.0,0.0,0.0,0.3251,0.4739,0.2735,0.1174,0.0385,0.046,0.0,2.2,26.0,9.84,43.23,18.07,0,MOD-00623,2025-04-19T09:32:31,2025-04-19T02:32:31,https://api.quant-aq.com/v1/devices/MOD-00623/data/raw/366963858
0,650.1,33.10000000000002,683.2,1456.0,664.5,2.0,666.5,1646.9,0.09999999999990905,1647.0,1647.0,9.0,1656.0,,,60.6,12.3,0.0,0.0,0.0,441.25,1.8,4.3,4.3,3.9949,1.1208,0.0075,0.0,0.0,0.0,0.0,0.0,0.0,0.0,0.0,0.0,0.8202,0.0,0.0,0.0,0.0,0.2553,0.4141,0.3088,0.1006,0.0271,0.0224,0.0,2.11,19.92,9.13,43.18,18.13,0,MOD-00623,2025-04-19T09:31:31,2025-04-19T02:31:31,https://api.quant-aq.com/v1/devices/MOD-00623/data/raw/366961548
0,649.9,33.39999999999998,683.3,1456.2,664.8,1.5,666.3,1646.8,0.2999999999999545,1647.1,1646.9,8.800000000000182,1655.9,,,61.1,12.4,0.0,0.0,0.0,288.75,0.7,2.9,2.3,4.2854,1.2395,0.0,0.0,0.0,0.0,0.0,0.0,0.0,0.0,0.0,0.0,0.6963,0.0,0.0,0.0,0.0,0.2875,0.3945,0.3266,0.107,0.0277,0.0159,0.0158,2.11,20.41,9.32,43.63,18.1,0,MOD-00623,2025-04-19T09:30:31,2025-04-19T02:30:31,https://api.quant-aq.com/v1/devices/MOD-00623/data/raw/366961545
0,649.4,32.39999999999998,681.8,1456.2,664.0,1.2999999999999545,665.3,1647.0,0.40000000000009095,1647.4,1647.0,8.699999999999818,1656.1,,,61.2,12.4,0.0,0.0,0.0,234.5,0.4,3.2,2.3,4.4863,1.2345,0.0,0.0044,0.0,0.0,0.0,0.0,0.0,0.0,0.0,0.0,0.8098,0.0,0.0,0.0,0.0,0.2625,0.4152,0.2867,0.1239,0.0332,0.0331,0.0084,2.19,24.11,9.55,43.66,18.14,0,MOD-00623,2025-04-19T09:29:31,2025-04-19T02:29:31,https://api.quant-aq.com/v1/devices/MOD-00623/data/raw/366961547
0,649.2,33.5,682.7,1456.2,664.5,1.8999999999999773,666.4,1646.5,0.7000000000000455,1647.2,1647.0,8.899999999999864,1656.1,,,61.2,12.4,0.0,0.0,0.0,312.0,1.1,2.7,2.7,4.2281,1.3371,0.0045,0.0042,0.0,0.0,0.0,0.0,0.0,0.0,0.0,0.0,0.7648,0.0,0.0,0.0,0.0,0.3033,0.4015,0.3152,0.099,0.0253,0.0383,0.0081,2.19,25.68,9.43,43.68,18.16,0,MOD-00623,2025-04-19T09:28:31,2025-04-19T02:28:31,https://api.quant-aq.com/v1/devices/MOD-00623/data/raw/366961546
0,648.9,33.30000000000007,682.2,1453.3,664.6,1.3999999999999773,666.0,1646.8,0.40000000000009095,1647.2,1647.0,9.0,1656.2,,,61.5,12.4,0.0,0.0,0.0,303.25,0.7,3.8,3.2,3.794,1.1389,0.0,0.0042,0.0,0.0,0.0,0.0,0.0,0.0,0.0,0.0,0.6826,0.0,0.0,0.0,0.0,0.2989,0.3388,0.2584,0.1132,0.0161,0.0319,0.0112,1.95,22.12,8.39,43.87,18.17,0,MOD-00623,2025-04-19T09:27:31,2025-04-19T02:27:31,https://api.quant-aq.com/v1/devices/MOD-00623/data/raw/366959193
0,648.5,33.700000000000045,682.2,1451.2,665.1,1.7999999999999545,666.9,1646.6,0.5,1647.1,1647.0,9.0,1656.1,,,61.6,12.4,0.0,0.0,0.0,329.75,1.0,2.8,2.8,4.0649,1.116,0.0,0.0035,0.0,0.0,0.0,0.0,0.0,0.0,0.0,0.0,0.8335,0.0,0.0,0.0,0.0,0.3215,0.4265,0.3127,0.0794,0.0395,0.0269,0.0079,2.19,22.12,9.37,43.92,18.17,0,MOD-00623,2025-04-19T09:26:31,2025-04-19T02:26:31,https://api.quant-aq.com/v1/devices/MOD-00623/data/raw/366959192
0,649.3,33.200000000000045,682.5,1455.1,665.3,1.6000000000000227,666.9,1646.6,0.7000000000000455,1647.3,1646.8,8.799999999999955,1656.1,,,61.8,12.4,0.0,0.0,0.0,305.0,0.8,2.4,2.4,4.4253,1.1131,0.0043,0.0,0.0,0.0,0.0,0.0,0.0,0.0,0.0,0.0,0.7996,0.0,0.0,0.0,0.0,0.2763,0.3641,0.3261,0.093,0.0394,0.0362,0.0196,2.12,26.46,9.42,44.03,18.19,0,MOD-00623,2025-04-19T09:25:31,2025-04-19T02:25:31,https://api.quant-aq.com/v1/devices/MOD-00623/data/raw/366959191
0,649.7,32.799999999999955,682.5,1456.6,664.9,1.5,666.4,1647.0,0.20000000000004547,1647.2,1646.7,8.599999999999909,1655.8,,,61.9,12.4,0.0,0.0,0.0,253.25,0.8,2.9,2.2,4.8257,1.0765,0.0132,0.0,0.0043,0.0,0.0,0.0,0.0,0.0,0.0,0.0,0.857,0.0,0.0,0.0,0.0,0.3041,0.4774,0.282,0.1103,0.0618,0.0223,0.0133,2.3,31.89,10.12,44.04,18.19,0,MOD-00623,2025-04-19T09:24:31,2025-04-19T02:24:31,https://api.quant-aq.com/v1/devices/MOD-00623/data/raw/366959190
0,649.7,33.09999999999991,682.8,1454.7,665.2,1.099999999999909,666.3,1646.8,0.40000000000009095,1647.2,1646.9,8.799999999999955,1656.0,,,62.2,12.4,0.0,0.0,0.0,225.0,0.2,2.3,2.2,4.4119,1.1815,0.0,0.0042,0.0,0.0,0.0,0.0,0.0,0.0,0.0,0.0,0.8582,0.0,0.0,0.0,0.0,0.26,0.3644,0.3304,0.0912,0.058,0.0164,0.0166,2.17,24.76,9.51,44.19,18.23,0,MOD-00623,2025-04-19T09:23:31,2025-04-19T02:23:31,https://api.quant-aq.com/v1/devices/MOD-00623/data/raw/366956827
0,651.3,31.800000000000068,683.1,1451.7,664.7,1.099999999999909,665.8,1646.6,0.6000000000001364,1647.2,1646.9,9.200000000000045,1656.4,,,62.0,12.5,0.0,0.0,0.0,422.75,1.8,3.9,3.5,4.2464,1.1737,0.0038,0.0,0.0,0.0,0.0,0.0,0.0,0.0,0.0,0.0,0.7913,0.0,0.0,0.0,0.0,0.2794,0.3982,0.2386,0.1184,0.0315,0.0072,0.0074,2.1,18.04,8.65,44.11,18.26,0,MOD-00623,2025-04-19T09:22:31,2025-04-19T02:22:31,https://api.quant-aq.com/v1/devices/MOD-00623/data/raw/366956826
0,651.1,32.19999999999993,683.3,1452.0,665.1,1.3999999999999773,666.5,1646.9,0.1999999999998181,1647.1,1647.0,9.100000000000136,1656.2,,,61.9,12.5,0.0,0.0,0.0,318.5,1.0,5.2,3.1,4.1643,1.1016,0.0038,0.0,0.0,0.0,0.0,0.0,0.0,0.0,0.0,0.0,0.7386,0.0,0.0,0.0,0.0,0.2599,0.3993,0.2488,0.0699,0.0384,0.042,0.0039,2.02,21.15,8.39,44.03,18.26,0,MOD-00623,2025-04-19T09:21:31,2025-04-19T02:21:31,https://api.quant-aq.com/v1/devices/MOD-00623/data/raw/366956825
0,648.7,35.0,683.7,1454.0,664.9,1.2000000000000455,666.1,1646.9,0.2999999999999545,1647.2,1646.9,9.0,1656.2,,,61.8,12.5,0.0,0.0,0.0,319.75,1.2,3.2,2.8,4.0748,1.0226,0.0,0.0,0.0,0.0,0.0,0.0,0.0,0.0,0.0,0.0,0.733,0.0,0.0,0.0,0.0,0.2241,0.3672,0.3187,0.0984,0.0197,0.0198,0.0115,1.96,18.56,8.69,43.96,18.3,0,MOD-00623,2025-04-19T09:20:31,2025-04-19T02:20:31,https://api.quant-aq.com/v1/devices/MOD-00623/data/raw/366956824
0,650.5,32.89999999999998,683.4,1455.2,665.2,1.2999999999999545,666.5,1646.8,0.2999999999999545,1647.1,1646.9,8.900000000000091,1656.0,,,61.9,12.6,0.0,0.0,0.0,273.0,0.8,2.8,2.3,3.9616,1.0478,0.004,0.0,0.0,0.0,0.0,0.0,0.0,0.0,0.0,0.0,0.8423,0.0,0.0,0.0,0.0,0.3093,0.395,0.3181,0.1305,0.0314,0.0354,0.0117,2.14,24.81,9.89,43.95,18.33,0,MOD-00623,2025-04-19T09:19:31,2025-04-19T02:19:31,https://api.quant-aq.com/v1/devices/MOD-00623/data/raw/366954487
0,651.5,32.39999999999998,683.9,1451.9,664.8,1.3000000000000682,666.1,1646.8,0.5,1647.3,1646.9,8.799999999999955,1656.1,,,61.8,12.6,0.0,0.0,0.0,277.5,0.2,3.1,3.0,3.8232,0.8743,0.0,0.0,0.0,0.0,0.0,0.0,0.0,0.0,0.0,0.0,0.6847,0.0,0.0,0.0,0.0,0.2019,0.4392,0.2095,0.0854,0.011,0.0323,0.0033,1.84,15.96,7.65,43.98,18.36,0,MOD-00623,2025-04-19T09:18:31,2025-04-19T02:18:31,https://api.quant-aq.com/v1/devices/MOD-00623/data/raw/366954484
0,648.9,34.0,682.9,1452.8,665.2,1.5,666.7,1646.8,0.40000000000009095,1647.2,1647.1,9.200000000000045,1656.4,,,61.6,12.6,0.0,0.0,0.0,339.25,0.9,3.6,2.3,4.2347,1.0314,0.0039,0.0,0.0,0.0,0.0,0.0,0.0,0.0,0.0,0.0,0.6602,0.0,0.0,0.0,0.0,0.266,0.3321,0.2765,0.0992,0.0184,0.0157,0.0037,1.92,16.77,8.09,43.92,18.37,0,MOD-00623,2025-04-19T09:17:31,2025-04-19T02:17:31,https://api.quant-aq.com/v1/devices/MOD-00623/data/raw/366954486
0,648.6,34.5,683.1,1456.6,664.7,1.3999999999999773,666.1,1646.8,0.5,1647.3,1647.1,9.0,1656.3,,,61.7,12.6,0.0,0.0,0.0,239.75,0.3,2.7,2.6,3.9865,0.9966,0.0164,0.0,0.0043,0.0,0.0,0.0,0.0,0.0,0.0,0.0,0.7823,0.0,0.0,0.0,0.0,0.3089,0.382,0.2985,0.0887,0.0201,0.0405,0.0121,2.06,31.65,8.93,43.92,18.34,0,MOD-00623,2025-04-19T09:16:31,2025-04-19T02:16:31,https://api.quant-aq.com/v1/devices/MOD-00623/data/raw/366954485
0,650.9,32.30000000000007,683.2,1454.3,665.1,1.5,666.6,1647.1,0.3000000000001819,1647.4,1647.0,8.699999999999818,1656.1,,,61.6,12.6,0.0,0.0,0.0,249.25,0.1,2.8,2.2,3.9024,1.1845,0.0,0.0038,0.0,0.0,0.0,0.0,0.0,0.0,0.0,0.0,0.7275,0.0,0.0,0.0,0.0,0.2745,0.3899,0.3177,0.0755,0.0116,0.0116,0.0038,2.05,16.65,8.41,43.92,18.37,0,MOD-00623,2025-04-19T09:15:31,2025-04-19T02:15:31,https://api.quant-aq.com/v1/devices/MOD-00623/data/raw/366951925
0,649.5,33.700000000000045,683.2,1455.8,664.9,1.2000000000000455,666.1,1646.9,0.3999999999998636,1647.3,1647.2,9.0,1656.3,,,61.7,12.6,0.0,0.0,0.0,254.5,0.4,2.9,2.4,4.2002,1.1198,0.0079,0.0,0.0,0.0,0.0,0.0,0.0,0.0,0.0,0.0,0.8539,0.0,0.0,0.0,0.0,0.2736,0.4329,0.3131,0.0989,0.0439,0.0239,0.0116,2.19,24.79,9.65,43.96,18.4,0,MOD-00623,2025-04-19T09:14:31,2025-04-19T02:14:31,https://api.quant-aq.com/v1/devices/MOD-00623/data/raw/366951926
0,650.1,33.39999999999998,683.5,1453.2,665.6,1.2999999999999545,666.9,1647.0,0.40000000000009095,1647.4,1647.0,8.899999999999864,1656.3,,,61.6,12.7,0.0,0.0,0.0,267.75,0.8,2.7,2.1,4.3322,1.2288,0.0078,0.0,0.0,0.0,0.0,0.0,0.0,0.0,0.0,0.0,0.7694,0.0,0.0,0.0,0.0,0.3484,0.4071,0.3086,0.0947,0.0169,0.0539,0.0166,2.22,28.44,9.52,43.89,18.4,0,MOD-00623,2025-04-19T09:13:31,2025-04-19T02:13:31,https://api.quant-aq.com/v1/devices/MOD-00623/data/raw/366951928
0,651.7,31.799999999999955,683.5,1455.8,665.0,1.5,666.5,1646.9,0.3999999999998636,1647.3,1647.3,9.100000000000136,1656.4,,,61.4,12.7,0.0,0.0,0.0,351.25,1.1,3.5,3.1,3.902,0.9737,0.0119,0.0039,0.0,0.0,0.0,0.0,0.0,0.0,0.0,0.0,0.7733,0.0,0.0,0.0,0.0,0.2904,0.3484,0.3672,0.0859,0.04,0.0239,0.0082,2.03,27.41,9.38,43.77,18.41,0,MOD-00623,2025-04-19T09:12:31,2025-04-19T02:12:31,https://api.quant-aq.com/v1/devices/MOD-00623/data/raw/366951927
0,651.5,32.0,683.5,1457.2,665.5,1.7000000000000455,667.2,1647.0,0.5,1647.5,1647.2,8.900000000000091,1656.4,,,61.4,12.7,0.0,0.0,0.0,263.5,0.7,2.2,1.7,4.005,1.0524,0.0078,0.0,0.0,0.0,0.0,0.0,0.0,0.0,0.0,0.0,0.7112,0.0,0.0,0.0,0.0,0.2501,0.4136,0.2965,0.0904,0.0388,0.0366,0.0077,2.0,24.39,9.08,43.72,18.44,0,MOD-00623,2025-04-19T09:11:31,2025-04-19T02:11:31,https://api.quant-aq.com/v1/devices/MOD-00623/data/raw/366949602
0,650.4,32.5,682.9,1454.5,664.8,1.2000000000000455,666.0,1647.0,0.40000000000009095,1647.4,1647.3,8.899999999999864,1656.3,,,61.2,12.7,0.0,0.0,0.0,302.25,1.0,3.5,2.2,4.3661,1.0477,0.0,0.0,0.0,0.0,0.0,0.0,0.0,0.0,0.0,0.0,0.7781,0.0,0.0,0.0,0.0,0.275,0.4981,0.2328,0.1205,0.0365,0.0086,0.0039,2.15,16.51,9.13,43.65,18.44,0,MOD-00623,2025-04-19T09:10:31,2025-04-19T02:10:31,https://api.quant-aq.com/v1/devices/MOD-00623/data/raw/366949604
0,649.1,33.89999999999998,683.0,1455.3,665.4,1.8000000000000682,667.2,1647.0,0.40000000000009095,1647.4,1647.0,8.899999999999864,1656.3,,,61.1,12.7,0.0,0.0,0.0,360.75,1.0,2.9,2.8,4.183,0.9216,0.0,0.0041,0.0,0.0,0.0,0.0,0.0,0.0,0.0,0.0,0.8052,0.0,0.0,0.0,0.0,0.2882,0.3851,0.3025,0.0933,0.03,0.0382,0.0109,2.06,24.18,9.09,43.55,18.44,0,MOD-00623,2025-04-19T09:09:31,2025-04-19T02:09:31,https://api.quant-aq.com/v1/devices/MOD-00623/data/raw/366949603
0,649.6,33.69999999999993,683.3,1457.1,664.9,1.3999999999999773,666.3,1647.0,0.5,1647.5,1647.2,8.900000000000091,1656.4,,,61.0,12.7,0.0,0.0,0.0,291.25,0.7,2.7,2.3,4.0891,1.1144,0.0042,0.0,0.0,0.0,0.0,0.0,0.0,0.0,0.0,0.0,0.8055,0.0,0.0,0.0,0.0,0.2808,0.4047,0.3028,0.0676,0.0212,0.0257,0.0129,2.11,21.02,8.66,43.52,18.47,0,MOD-00623,2025-04-19T09:08:31,2025-04-19T02:08:31,https://api.quant-aq.com/v1/devices/MOD-00623/data/raw/366949601
0,649.9,33.60000000000002,683.5,1456.5,665.1,1.1000000000000227,666.2,1647.1,0.5,1647.6,1647.2,8.600000000000136,1656.2,,,60.9,12.7,0.0,0.0,0.0,259.0,0.6,2.1,2.1,3.956,1.1334,0.0,0.0,0.0,0.0,0.0,0.0,0.0,0.0,0.0,0.0,0.73,0.0,0.0,0.0,0.0,0.3027,0.4078,0.3483,0.0653,0.0247,0.0162,0.0,2.1,15.11,8.92,43.39,18.48,0,MOD-00623,2025-04-19T09:07:31,2025-04-19T02:07:31,https://api.quant-aq.com/v1/devices/MOD-00623/data/raw/366947250
0,650.8,32.5,683.3,1456.3,664.4,1.3999999999999773,665.8,1646.9,0.599999999999909,1647.5,1647.2,8.900000000000091,1656.4,,,60.7,12.8,0.0,0.0,0.0,278.25,0.5,2.8,2.3,4.458,1.0657,0.0085,0.0042,0.0041,0.0,0.0,0.0,0.0,0.0,0.0,0.0,0.7494,0.0,0.0,0.0,0.0,0.3418,0.3721,0.298,0.0867,0.026,0.0259,0.0131,2.13,29.18,8.9,43.34,18.47,0,MOD-00623,2025-04-19T09:06:31,2025-04-19T02:06:31,https://api.quant-aq.com/v1/devices/MOD-00623/data/raw/366947249
0,649.6,33.39999999999998,683.0,1453.4,665.4,1.6000000000000227,667.0,1647.1,0.40000000000009095,1647.5,1647.1,8.900000000000091,1656.4,,,60.5,12.8,0.0,0.0,0.0,313.5,0.8,3.1,2.1,4.0811,1.0158,0.0,0.0,0.0,0.0,0.0,0.0,0.0,0.0,0.0,0.0,0.5336,0.0,0.0,0.0,0.0,0.2409,0.39,0.2969,0.0903,0.0226,0.0188,0.0078,1.85,17.04,8.35,43.27,18.48,0,MOD-00623,2025-04-19T09:05:31,2025-04-19T02:05:31,https://api.quant-aq.com/v1/devices/MOD-00623/data/raw/366947248
0,649.9,33.0,682.9,1456.4,664.8,1.400000000000091,666.2,1647.2,0.3999999999998636,1647.6,1647.3,8.800000000000182,1656.4,,,60.4,12.8,0.0,0.0,0.0,325.25,1.2,2.7,2.7,4.065,1.0108,0.0,0.0,0.0,0.0,0.0,0.0,0.0,0.0,0.0,0.0,0.7112,0.0,0.0,0.0,0.0,0.1857,0.3161,0.22,0.0469,0.0199,0.0038,0.0118,1.8,13.07,6.55,43.15,18.5,0,MOD-00623,2025-04-19T09:04:31,2025-04-19T02:04:31,https://api.quant-aq.com/v1/devices/MOD-00623/data/raw/366947247
0,648.3,34.5,682.8,1457.5,664.9,1.3999999999999773,666.3,1647.2,0.2999999999999545,1647.5,1647.2,8.900000000000091,1656.4,,,60.2,12.8,0.0,0.0,0.0,243.0,0.6,2.1,2.1,3.8572,0.9886,0.0,0.0,0.0043,0.0,0.0,0.0,0.0,0.0,0.0,0.0,0.6947,0.0,0.0,0.0,0.0,0.3028,0.3542,0.2697,0.0547,0.0424,0.004,0.004,1.93,16.95,7.83,43.07,18.47,0,MOD-00623,2025-04-19T09:03:31,2025-04-19T02:03:31,https://api.quant-aq.com/v1/devices/MOD-00623/data/raw/366944876
0,651.4,31.399999999999977,682.8,1455.0,664.8,1.400000000000091,666.2,1646.9,0.5,1647.4,1647.1,8.699999999999818,1656.1,,,60.1,12.8,0.0,0.0,0.0,254.5,0.0,1.8,1.8,4.2815,0.9192,0.0,0.0041,0.0,0.0,0.0,0.0,0.0,0.0,0.0,0.0,0.612,0.0,0.0,0.0,0.0,0.2572,0.3564,0.2492,0.0703,0.0412,0.0168,0.0125,1.86,20.46,7.84,42.99,18.5,0,MOD-00623,2025-04-19T09:02:31,2025-04-19T02:02:31,https://api.quant-aq.com/v1/devices/MOD-00623/data/raw/366944875
0,647.6,34.69999999999993,682.3,1454.0,665.5,1.3999999999999773,666.9,1647.2,0.20000000000004547,1647.4,1647.1,8.899999999999864,1656.3,,,59.9,12.8,0.0,0.0,0.0,258.5,0.8,1.8,1.8,3.7483,0.8965,0.0,0.0,0.0,0.0,0.0,0.0,0.0,0.0,0.0,0.0,0.6228,0.0,0.0,0.0,0.0,0.1925,0.3017,0.2754,0.0658,0.0224,0.0347,0.0036,1.7,16.6,7.41,42.91,18.5,0,MOD-00623,2025-04-19T09:01:31,2025-04-19T02:01:31,https://api.quant-aq.com/v1/devices/MOD-00623/data/raw/366944874
0,650.4,32.200000000000045,682.6,1454.3,664.6,1.7999999999999545,666.4,1647.0,0.20000000000004547,1647.2,1647.2,8.899999999999864,1656.1,,,59.7,12.8,0.0,0.0,0.0,297.25,0.4,3.3,2.9,4.401,0.9707,0.0041,0.0,0.0,0.0,0.0,0.0,0.0,0.0,0.0,0.0,0.7249,0.0,0.0,0.0,0.0,0.2599,0.2999,0.2059,0.0852,0.0239,0.0123,0.0,1.89,14.25,7.16,42.81,18.51,0,MOD-00623,2025-04-19T09:00:31,2025-04-19T02:00:31,https://api.quant-aq.com/v1/devices/MOD-00623/data/raw/366944873
0,648.9,34.0,682.9,1455.5,665.4,1.3999999999999773,666.8,1646.8,0.40000000000009095,1647.2,1647.1,9.0,1656.2,,,59.8,12.8,0.0,0.0,0.0,329.25,1.1,2.5,1.8,3.8354,0.9519,0.0,0.0,0.0,0.0,0.0,0.0,0.0,0.0,0.0,0.0,0.6137,0.0,0.0,0.0,0.0,0.2631,0.333,0.2144,0.0625,0.0244,0.0286,0.0082,1.78,16.53,7.14,42.73,18.53,0,MOD-00623,2025-04-19T08:59:31,2025-04-19T01:59:31,https://api.quant-aq.com/v1/devices/MOD-00623/data/raw/366942533
0,649.0,33.5,682.5,1453.8,664.6,1.6999999999999318,666.3,1647.0,0.2999999999999545,1647.3,1647.3,8.900000000000091,1656.2,,,59.7,12.8,0.0,0.0,0.0,286.75,0.9,2.3,1.7,3.6693,0.8426,0.0,0.0,0.0,0.0,0.0,0.0,0.0,0.0,0.0,0.0,0.5494,0.0,0.0,0.0,0.0,0.227,0.2931,0.2428,0.073,0.028,0.0283,0.0042,1.64,15.91,7.16,42.74,18.54,0,MOD-00623,2025-04-19T08:58:31,2025-04-19T01:58:31,https://api.quant-aq.com/v1/devices/MOD-00623/data/raw/366942532
0,649.6,32.69999999999993,682.3,1455.9,665.2,1.5,666.7,1647.0,0.20000000000004547,1647.2,1647.2,8.799999999999955,1656.0,,,59.7,12.8,0.0,0.0,0.0,274.5,0.6,2.1,1.5,3.9814,0.9361,0.0,0.0,0.0,0.0,0.0,0.0,0.0,0.0,0.0,0.0,0.6147,0.0,0.0,0.0,0.0,0.2197,0.3385,0.2267,0.0567,0.024,0.0241,0.0074,1.76,15.57,7.05,42.77,18.54,0,MOD-00623,2025-04-19T08:57:31,2025-04-19T01:57:31,https://api.quant-aq.com/v1/devices/MOD-00623/data/raw/366942530
0,649.8,32.80000000000007,682.6,1456.1,665.1,1.6000000000000227,666.7,1646.9,0.3999999999998636,1647.3,1647.2,8.600000000000136,1655.9,,,59.9,12.8,0.0,0.0,0.0,214.25,0.2,1.2,1.2,3.6309,0.9084,0.004,0.004,0.0,0.0,0.0,0.0,0.0,0.0,0.0,0.0,0.5669,0.0,0.0,0.0,0.0,0.1915,0.3106,0.1727,0.0817,0.0283,0.016,0.0084,1.61,18.78,6.57,42.75,18.57,0,MOD-00623,2025-04-19T08:56:31,2025-04-19T01:56:31,https://api.quant-aq.com/v1/devices/MOD-00623/data/raw/366942531
0,649.3,34.0,683.3,1454.7,665.7,1.7999999999999545,667.5,1647.0,0.2999999999999545,1647.3,1646.9,8.700000000000045,1656.0,,,59.6,12.8,0.0,0.0,0.0,309.25,1.0,2.9,2.8,3.4311,0.9333,0.0,0.0,0.0,0.0,0.0,0.0,0.0,0.0,0.0,0.0,0.5835,0.0,0.0,0.0,0.0,0.1921,0.3329,0.2475,0.0811,0.0258,0.0111,0.0109,1.66,15.58,7.3,42.63,18.57,0,MOD-00623,2025-04-19T08:55:31,2025-04-19T01:55:31,https://api.quant-aq.com/v1/devices/MOD-00623/data/raw/366940234
0,649.6,32.89999999999998,682.5,1453.8,665.8,1.8000000000000682,667.6,1647.0,0.2999999999999545,1647.3,1647.2,8.600000000000136,1655.9,,,59.4,12.8,0.0,0.0,0.0,283.0,1.2,2.2,1.5,3.8235,0.8957,0.008,0.0,0.0,0.0,0.0,0.0,0.0,0.0,0.0,0.0,0.5977,0.0,0.0,0.0,0.0,0.2342,0.3139,0.2195,0.0858,0.027,0.0348,0.0079,1.71,21.53,7.4,42.58,18.58,0,MOD-00623,2025-04-19T08:54:31,2025-04-19T01:54:31,https://api.quant-aq.com/v1/devices/MOD-00623/data/raw/366940231
0,649.6,33.299999999999955,682.9,1454.7,664.8,1.8000000000000682,666.6,1647.0,0.20000000000004547,1647.2,1647.1,8.599999999999909,1655.8,,,59.6,12.8,0.0,0.0,0.0,208.0,0.0,2.2,1.8,3.997,0.8862,0.0,0.0,0.0,0.0,0.0,0.0,0.0,0.0,0.0,0.0,0.5475,0.0,0.0,0.0,0.0,0.1768,0.2804,0.2369,0.0807,0.0286,0.0335,0.0081,1.62,17.79,7.15,42.64,18.57,0,MOD-00623,2025-04-19T08:53:31,2025-04-19T01:53:31,https://api.quant-aq.com/v1/devices/MOD-00623/data/raw/366940233
0,650.5,32.200000000000045,682.7,1455.7,665.2,1.3999999999999773,666.6,1647.1,0.10000000000013642,1647.2,1647.2,8.599999999999909,1655.8,,,59.6,12.8,0.0,0.0,0.0,259.25,0.4,1.8,1.4,3.6922,0.9809,0.0,0.0,0.0,0.0,0.0,0.0,0.0,0.0,0.0,0.0,0.5495,0.0,0.0,0.0,0.0,0.2501,0.3685,0.2257,0.0651,0.0212,0.0363,0.0,1.75,15.57,7.34,42.62,18.58,0,MOD-00623,2025-04-19T08:52:31,2025-04-19T01:52:31,https://api.quant-aq.com/v1/devices/MOD-00623/data/raw/366940232
0,651.6,32.299999999999955,683.9,1453.4,665.5,1.7000000000000455,667.2,1647.0,0.20000000000004547,1647.2,1647.0,8.599999999999909,1655.8,,,59.4,12.9,0.0,0.0,0.0,224.0,0.2,2.4,1.2,3.6526,0.8332,0.004,0.0,0.0,0.0,0.0,0.0,0.0,0.0,0.0,0.0,0.5481,0.0,0.0,0.0,0.0,0.2017,0.2217,0.2175,0.1192,0.0194,0.0161,0.0,1.54,14.74,6.86,42.51,18.58,0,MOD-00623,2025-04-19T08:51:31,2025-04-19T01:51:31,https://api.quant-aq.com/v1/devices/MOD-00623/data/raw/366937903
0,650.3,33.5,683.8,1449.0,665.0,1.7999999999999545,666.8,1646.9,0.09999999999990905,1647.0,1647.2,9.0,1656.0,,,59.2,12.9,0.0,0.0,0.0,258.5,0.5,3.4,2.4,3.8072,0.8445,0.0,0.0,0.0,0.0,0.0,0.0,0.0,0.0,0.0,0.0,0.5755,0.0,0.0,0.0,0.0,0.1771,0.2605,0.2112,0.0551,0.011,0.019,0.0042,1.57,12.2,6.06,42.4,18.61,0,MOD-00623,2025-04-19T08:50:31,2025-04-19T01:50:31,https://api.quant-aq.com/v1/devices/MOD-00623/data/raw/366937904
0,650.9,32.80000000000007,683.7,1449.3,664.8,1.7000000000000455,666.5,1647.0,0.2999999999999545,1647.3,1647.3,9.0,1656.3,,,59.3,12.9,0.0,0.0,0.0,302.0,1.0,3.5,2.7,3.665,0.8633,0.0037,0.0,0.0,0.0,0.0,0.0,0.0,0.0,0.0,0.0,0.6334,0.0,0.0,0.0,0.0,0.1459,0.2668,0.2016,0.0696,0.0441,0.0147,0.0074,1.57,16.57,6.6,42.59,18.61,0,MOD-00623,2025-04-19T08:49:31,2025-04-19T01:49:31,https://api.quant-aq.com/v1/devices/MOD-00623/data/raw/366937902
0,648.2,35.19999999999993,683.4,1455.6,665.5,1.7999999999999545,667.3,1647.2,0.0,1647.2,1647.2,8.700000000000045,1655.9,,,59.5,12.9,0.0,0.0,0.0,239.25,0.8,1.8,1.2,3.2712,0.7875,0.0,0.0,0.0,0.0,0.0,0.0,0.0,0.0,0.0,0.0,0.6688,0.0,0.0,0.0,0.0,0.2058,0.3033,0.2655,0.0622,0.0406,0.0148,0.0,1.65,13.73,7.3,42.72,18.63,0,MOD-00623,2025-04-19T08:48:31,2025-04-19T01:48:31,https://api.quant-aq.com/v1/devices/MOD-00623/data/raw/366937905
0,648.8,34.10000000000002,682.9,1455.0,665.6,1.7999999999999545,667.4,1647.0,0.20000000000004547,1647.2,1647.3,8.799999999999955,1656.0,,,59.6,12.9,0.0,0.0,0.0,179.75,0.0,1.5,1.1,3.4988,0.8254,0.0,0.0,0.0,0.0,0.0,0.0,0.0,0.0,0.0,0.0,0.5894,0.0,0.0,0.0,0.0,0.2069,0.3006,0.2027,0.0675,0.0315,0.0159,0.0,1.6,12.55,6.62,42.87,18.64,0,MOD-00623,2025-04-19T08:47:31,2025-04-19T01:47:31,https://api.quant-aq.com/v1/devices/MOD-00623/data/raw/366935531
0,648.7,34.19999999999993,682.9,1457.2,666.1,1.6999999999999318,667.8,1647.3,0.20000000000004547,1647.5,1647.3,8.400000000000091,1655.9,,,59.8,12.9,0.0,0.0,0.0,204.25,0.3,2.1,1.8,3.5741,0.8229,0.0,0.0,0.0,0.0,0.0,0.0,0.0,0.0,0.0,0.0,0.6106,0.0,0.0,0.0,0.0,0.2707,0.3057,0.2235,0.0464,0.016,0.0274,0.0118,1.7,16.22,6.71,42.96,18.61,0,MOD-00623,2025-04-19T08:46:31,2025-04-19T01:46:31,https://api.quant-aq.com/v1/devices/MOD-00623/data/raw/366935534
0,649.8,32.700000000000045,682.5,1457.4,664.7,1.6999999999999318,666.4,1647.2,0.09999999999990905,1647.3,1647.3,8.600000000000136,1655.9,,,60.0,12.9,0.0,0.0,0.0,196.0,0.1,2.1,1.7,3.9261,0.8535,0.0,0.0,0.0,0.0,0.0,0.0,0.0,0.0,0.0,0.0,0.7205,0.0,0.0,0.0,0.0,0.2131,0.2396,0.2329,0.0765,0.017,0.0419,0.0,1.72,15.87,6.97,43.05,18.61,0,MOD-00623,2025-04-19T08:45:31,2025-04-19T01:45:31,https://api.quant-aq.com/v1/devices/MOD-00623/data/raw/366935533
0,649.3,33.40000000000009,682.7,1456.6,665.3,1.400000000000091,666.7,1646.9,0.3999999999998636,1647.3,1647.0,8.5,1655.8,,,60.0,12.9,0.0,0.0,0.0,147.75,0.0,1.0,1.0,3.7115,0.907,0.004,0.0,0.0,0.0,0.0,0.0,0.0,0.0,0.0,0.0,0.6282,0.0,0.0,0.0,0.0,0.2567,0.2946,0.1697,0.0872,0.0247,0.0208,0.004,1.7,15.95,6.74,42.98,18.63,0,MOD-00623,2025-04-19T08:44:31,2025-04-19T01:44:31,https://api.quant-aq.com/v1/devices/MOD-00623/data/raw/366935532
0,648.8,34.10000000000002,682.9,1457.6,664.8,1.6000000000000227,666.4,1647.0,0.20000000000004547,1647.2,1647.2,8.5,1655.7,,,60.1,12.9,0.0,0.0,0.0,224.25,0.3,2.1,2.1,3.5425,0.8273,0.0041,0.0,0.0,0.0,0.0,0.0,0.0,0.0,0.0,0.0,0.6416,0.0,0.0,0.0,0.0,0.2292,0.2509,0.2773,0.0886,0.0376,0.0041,0.0041,1.67,15.55,7.45,43.02,18.61,0,MOD-00623,2025-04-19T08:43:31,2025-04-19T01:43:31,https://api.quant-aq.com/v1/devices/MOD-00623/data/raw/366933166
0,649.2,33.299999999999955,682.5,1454.3,665.2,1.5,666.7,1647.1,0.20000000000004547,1647.3,1647.1,8.299999999999955,1655.6,,,60.1,12.9,0.0,0.0,0.0,187.75,0.1,1.1,1.1,3.7767,0.9299,0.004,0.0,0.0,0.0,0.0,0.0,0.0,0.0,0.0,0.0,0.6085,0.0,0.0,0.0,0.0,0.214,0.2876,0.2254,0.0717,0.0277,0.016,0.0116,1.68,17.6,6.94,43.05,18.67,0,MOD-00623,2025-04-19T08:42:31,2025-04-19T01:42:31,https://api.quant-aq.com/v1/devices/MOD-00623/data/raw/366933164
0,647.9,34.80000000000007,682.7,1451.7,665.2,1.599999999999909,666.8,1647.0,0.20000000000004547,1647.2,1647.2,8.799999999999955,1656.0,,,60.3,12.9,0.0,0.0,0.0,252.75,0.7,1.6,1.6,3.7303,0.8646,0.0035,0.0,0.0,0.0,0.0,0.0,0.0,0.0,0.0,0.0,0.5431,0.0,0.0,0.0,0.0,0.1423,0.3035,0.2163,0.0661,0.0281,0.0178,0.0044,1.56,15.27,6.58,43.11,18.67,0,MOD-00623,2025-04-19T08:41:31,2025-04-19T01:41:31,https://api.quant-aq.com/v1/devices/MOD-00623/data/raw/366933165
0,649.5,32.89999999999998,682.4,1454.4,665.4,1.3999999999999773,666.8,1647.0,0.2999999999999545,1647.3,1647.1,8.5,1655.8,,,60.2,12.9,0.0,0.0,0.0,250.75,0.6,1.8,1.8,3.1314,0.8684,0.0,0.0,0.0,0.0,0.0,0.0,0.0,0.0,0.0,0.0,0.5364,0.0,0.0,0.0,0.0,0.1738,0.3415,0.2553,0.098,0.0159,0.0194,0.0117,1.58,16.82,7.44,43.05,18.65,0,MOD-00623,2025-04-19T08:40:31,2025-04-19T01:40:31,https://api.quant-aq.com/v1/devices/MOD-00623/data/raw/366933163
0,648.2,34.39999999999998,682.6,1454.3,664.9,1.8000000000000682,666.7,1646.9,0.2999999999999545,1647.2,1646.9,8.700000000000045,1655.9,,,60.2,12.9,0.0,0.0,0.0,201.75,0.2,1.8,1.8,3.2597,0.9419,0.0,0.0,0.0038,0.0,0.0,0.0,0.0,0.0,0.0,0.0,0.5511,0.0,0.0,0.0,0.0,0.1455,0.3011,0.2322,0.0618,0.0191,0.0221,0.0116,1.54,18.46,6.59,43.0,18.7,0,MOD-00623,2025-04-19T08:39:31,2025-04-19T01:39:31,https://api.quant-aq.com/v1/devices/MOD-00623/data/raw/366930806
0,651.2,31.899999999999977,683.1,1451.8,664.4,1.3999999999999773,665.8,1646.9,0.2999999999999545,1647.2,1647.0,8.5,1655.7,,,60.2,12.9,0.0,0.0,0.0,160.0,0.0,1.2,1.2,3.9472,0.9421,0.0043,0.0,0.0,0.0,0.0,0.0,0.0,0.0,0.0,0.0,0.6204,0.0,0.0,0.0,0.0,0.2006,0.3005,0.2364,0.1047,0.0248,0.0254,0.0037,1.73,17.99,7.56,42.98,18.68,0,MOD-00623,2025-04-19T08:38:31,2025-04-19T01:38:31,https://api.quant-aq.com/v1/devices/MOD-00623/data/raw/366930808
0,650.8,32.0,682.8,1449.4,665.9,1.6000000000000227,667.5,1647.0,0.20000000000004547,1647.2,1647.3,8.599999999999909,1655.8,,,60.1,12.9,0.0,0.0,0.0,219.0,0.1,2.4,1.8,4.067,0.8674,0.004,0.0,0.0,0.0,0.0,0.0,0.0,0.0,0.0,0.0,0.5935,0.0,0.0,0.0,0.0,0.1984,0.2657,0.2363,0.0988,0.0249,0.0199,0.0122,1.67,18.91,7.25,42.88,18.7,0,MOD-00623,2025-04-19T08:37:31,2025-04-19T01:37:31,https://api.quant-aq.com/v1/devices/MOD-00623/data/raw/366930805
0,649.7,33.69999999999993,683.4,1450.8,665.4,1.3999999999999773,666.8,1647.0,0.09999999999990905,1647.1,1647.2,8.900000000000091,1656.0,,,59.9,13.0,0.0,0.0,0.0,238.5,0.6,2.6,2.6,3.3574,0.7212,0.0,0.0,0.0,0.0,0.0,0.0,0.0,0.0,0.0,0.0,0.5853,0.0,0.0,0.0,0.0,0.1822,0.2907,0.1832,0.0669,0.0146,0.0298,0.0036,1.51,13.96,6.19,42.84,18.71,0,MOD-00623,2025-04-19T08:36:31,2025-04-19T01:36:31,https://api.quant-aq.com/v1/devices/MOD-00623/data/raw/366930807
0,649.8,33.60000000000002,683.4,1451.1,664.4,1.3000000000000682,665.7,1647.0,0.2999999999999545,1647.3,1647.0,8.400000000000091,1655.7,,,59.8,13.0,0.0,0.0,0.0,214.0,0.0,2.2,2.2,3.5358,0.6692,0.0,0.0,0.0,0.0,0.0,0.0,0.0,0.0,0.0,0.0,0.5449,0.0,0.0,0.0,0.0,0.2635,0.3396,0.2246,0.0608,0.0267,0.0153,0.0118,1.63,15.66,6.98,42.82,18.74,0,MOD-00623,2025-04-19T08:35:31,2025-04-19T01:35:31,https://api.quant-aq.com/v1/devices/MOD-00623/data/raw/366928489
0,649.6,33.39999999999998,683.0,1450.5,665.0,1.5,666.5,1646.9,0.2999999999999545,1647.2,1647.1,8.599999999999909,1655.8,,,59.8,13.0,0.0,0.0,0.0,270.75,0.5,3.2,2.7,3.5324,0.8239,0.0,0.0,0.0,0.0,0.0,0.0,0.0,0.0,0.0,0.0,0.5561,0.0,0.0,0.0,0.0,0.2311,0.2507,0.2124,0.0379,0.0528,0.0149,0.0,1.56,12.83,6.38,42.77,18.74,0,MOD-00623,2025-04-19T08:34:31,2025-04-19T01:34:31,https://api.quant-aq.com/v1/devices/MOD-00623/data/raw/366928490
0,650.0,33.5,683.5,1451.3,665.5,1.2999999999999545,666.8,1646.9,0.1999999999998181,1647.1,1647.0,8.700000000000045,1655.8,,,59.7,13.0,0.0,0.0,0.0,197.0,0.1,1.6,1.6,3.7343,0.8575,0.0,0.0,0.0,0.0,0.0,0.0,0.0,0.0,0.0,0.0,0.5731,0.0,0.0,0.0,0.0,0.1791,0.3015,0.2338,0.0816,0.0313,0.0309,0.0039,1.62,16.56,7.22,42.69,18.75,0,MOD-00623,2025-04-19T08:33:31,2025-04-19T01:33:31,https://api.quant-aq.com/v1/devices/MOD-00623/data/raw/366928491
0,648.4,34.60000000000002,683.0,1453.4,665.4,1.8000000000000682,667.2,1647.0,0.20000000000004547,1647.2,1647.2,8.599999999999909,1655.8,,,59.7,13.0,0.0,0.0,0.0,251.0,0.6,2.8,2.8,3.3287,0.8554,0.004,0.0,0.0,0.0,0.0,0.0,0.0,0.0,0.0,0.0,0.4874,0.0,0.0,0.0,0.0,0.22,0.2434,0.191,0.0545,0.004,0.0305,0.0153,1.48,17.71,5.83,42.71,18.78,0,MOD-00623,2025-04-19T08:32:31,2025-04-19T01:32:31,https://api.quant-aq.com/v1/devices/MOD-00623/data/raw/366928488
0,649.8,33.40000000000009,683.2,1452.6,665.6,1.6000000000000227,667.2,1647.1,0.10000000000013642,1647.2,1647.2,8.599999999999909,1655.8,,,59.8,13.0,0.0,0.0,0.0,280.25,1.0,3.8,2.5,3.6667,0.7869,0.0,0.0,0.0,0.0,0.0,0.0,0.0,0.0,0.0,0.0,0.5563,0.0,0.0,0.0,0.0,0.197,0.1922,0.1923,0.0292,0.02,0.0164,0.0041,1.47,11.0,5.29,42.78,18.79,0,MOD-00623,2025-04-19T08:31:31,2025-04-19T01:31:31,https://api.quant-aq.com/v1/devices/MOD-00623/data/raw/366926182
0,648.0,34.700000000000045,682.7,1454.0,665.1,1.2999999999999545,666.4,1646.9,0.2999999999999545,1647.2,1647.4,8.5,1655.7,,,59.8,13.0,0.0,0.0,0.0,165.75,0.1,1.2,1.0,3.9894,0.9056,0.0042,0.0042,0.0,0.0,0.0,0.0,0.0,0.0,0.0,0.0,0.5091,0.0,0.0,0.0,0.0,0.2145,0.302,0.2408,0.0838,0.0248,0.0164,0.0042,1.66,18.7,7.16,42.78,18.78,0,MOD-00623,2025-04-19T08:30:31,2025-04-19T01:30:31,https://api.quant-aq.com/v1/devices/MOD-00623/data/raw/366926185
0,649.5,33.0,682.5,1450.4,665.2,1.599999999999909,666.8,1647.0,0.20000000000004547,1647.2,1647.1,8.5,1655.7,,,59.5,13.0,0.0,0.0,0.0,210.5,0.2,1.2,1.2,3.4063,0.8733,0.0,0.0,0.0,0.0,0.0,0.0,0.0,0.0,0.0,0.0,0.5431,0.0,0.0,0.0,0.0,0.2413,0.2145,0.2369,0.0467,0.0195,0.023,0.0039,1.55,13.21,6.2,42.71,18.78,0,MOD-00623,2025-04-19T08:29:31,2025-04-19T01:29:31,https://api.quant-aq.com/v1/devices/MOD-00623/data/raw/366926183
0,648.3,33.90000000000009,682.2,1454.9,664.8,1.6000000000000227,666.4,1647.1,0.10000000000013642,1647.2,1647.1,8.399999999999864,1655.6,,,59.9,13.0,0.0,0.0,0.0,140.25,0.0,1.7,0.8,3.51,0.7466,0.0043,0.004,0.0,0.0,0.0,0.0,0.0,0.0,0.0,0.0,0.6126,0.0,0.0,0.0,0.0,0.1591,0.2903,0.2,0.0459,0.0296,0.0083,0.004,1.54,15.79,6.07,42.9,18.78,0,MOD-00623,2025-04-19T08:28:31,2025-04-19T01:28:31,https://api.quant-aq.com/v1/devices/MOD-00623/data/raw/366926184
0,649.1,33.5,682.6,1450.6,665.8,1.8000000000000682,667.6,1647.1,0.0,1647.1,1646.9,8.400000000000091,1655.5,,,59.9,13.0,0.0,0.0,0.0,192.75,0.0,1.4,1.1,3.4807,0.7699,0.0,0.0,0.0,0.0,0.0,0.0,0.0,0.0,0.0,0.0,0.429,0.0,0.0,0.0,0.0,0.2075,0.2507,0.1855,0.0525,0.0163,0.0201,0.0122,1.42,14.29,5.73,42.99,18.79,0,MOD-00623,2025-04-19T08:27:31,2025-04-19T01:27:31,https://api.quant-aq.com/v1/devices/MOD-00623/data/raw/366923822
0,648.0,34.60000000000002,682.6,1454.3,665.0,1.6000000000000227,666.6,1646.9,0.2999999999999545,1647.2,1647.1,8.299999999999955,1655.5,,,60.2,13.0,0.0,0.0,0.0,159.0,0.0,0.8,0.6,3.7658,0.9296,0.0,0.0,0.0,0.0,0.0,0.0,0.0,0.0,0.0,0.0,0.5896,0.0,0.0,0.0,0.0,0.2088,0.2722,0.184,0.0897,0.0171,0.0129,0.0,1.63,11.48,6.44,43.09,18.81,0,MOD-00623,2025-04-19T08:26:31,2025-04-19T01:26:31,https://api.quant-aq.com/v1/devices/MOD-00623/data/raw/366923824
0,650.3,32.60000000000002,682.9,1454.1,665.2,1.7999999999999545,667.0,1646.9,0.3999999999998636,1647.3,1647.2,8.299999999999955,1655.6,,,60.4,13.1,0.0,0.0,0.0,214.0,0.2,2.0,1.9,3.5916,0.8006,0.0083,0.0041,0.0,0.0,0.0,0.0,0.0,0.0,0.0,0.0,0.5753,0.0,0.0,0.0,0.0,0.2522,0.2849,0.2348,0.0621,0.045,0.0168,0.0079,1.64,22.03,7.12,43.18,18.84,0,MOD-00623,2025-04-19T08:25:31,2025-04-19T01:25:31,https://api.quant-aq.com/v1/devices/MOD-00623/data/raw/366923821
0,650.3,33.700000000000045,684.0,1449.2,665.4,1.7000000000000455,667.1,1646.8,0.2999999999999545,1647.1,1647.1,8.600000000000136,1655.7,,,60.3,13.1,0.0,0.0,0.0,260.75,0.6,2.9,2.5,3.1707,0.8184,0.0,0.0,0.0,0.0,0.0,0.0,0.0,0.0,0.0,0.0,0.5602,0.0,0.0,0.0,0.0,0.223,0.2348,0.1689,0.0687,0.0347,0.0156,0.0077,1.48,14.0,6.04,43.14,18.85,0,MOD-00623,2025-04-19T08:24:31,2025-04-19T01:24:31,https://api.quant-aq.com/v1/devices/MOD-00623/data/raw/366923823
0,649.3,34.60000000000002,683.9,1450.3,665.4,1.3000000000000682,666.7,1647.0,0.2999999999999545,1647.3,1647.3,8.799999999999955,1656.1,,,60.4,13.1,0.0,0.0,0.0,276.5,0.4,3.6,3.1,3.0948,1.0115,0.0044,0.0,0.0,0.0,0.0,0.0,0.0,0.0,0.0,0.0,0.6316,0.0,0.0,0.0,0.0,0.2788,0.3027,0.2668,0.0678,0.024,0.0203,0.0042,1.74,16.79,7.43,43.16,18.9,0,MOD-00623,2025-04-19T08:23:31,2025-04-19T01:23:31,https://api.quant-aq.com/v1/devices/MOD-00623/data/raw/366921493
0,649.0,33.89999999999998,682.9,1451.9,665.3,1.5,666.8,1647.0,0.2999999999999545,1647.3,1647.3,8.5,1655.8,,,60.4,13.1,0.0,0.0,0.0,190.5,0.0,2.1,1.3,3.3484,0.8685,0.0071,0.0,0.0,0.0041,0.0,0.0,0.0,0.0,0.0,0.0,0.6144,0.0,0.0,0.0,0.0,0.1769,0.2352,0.192,0.0659,0.0261,0.0357,0.0038,1.52,21.46,6.27,43.08,18.87,0,MOD-00623,2025-04-19T08:22:31,2025-04-19T01:22:31,https://api.quant-aq.com/v1/devices/MOD-00623/data/raw/366921492
0,648.8,34.0,682.8,1456.4,664.5,1.2999999999999545,665.8,1647.1,0.3000000000001819,1647.4,1647.3,8.299999999999955,1655.7,,,60.5,13.1,0.0,0.0,0.0,205.75,0.0,2.2,1.9,3.7213,0.9433,0.0043,0.0,0.0,0.0044,0.0,0.0,0.0,0.0,0.0,0.0,0.6868,0.0,0.0,0.0,0.0,0.237,0.2664,0.2283,0.0865,0.0169,0.0204,0.0043,1.74,19.38,7.04,43.27,18.87,0,MOD-00623,2025-04-19T08:21:31,2025-04-19T01:21:31,https://api.quant-aq.com/v1/devices/MOD-00623/data/raw/366921490
0,649.7,33.59999999999991,683.3,1453.0,665.9,1.5,667.4,1646.9,0.1999999999998181,1647.1,1647.2,8.5,1655.6,,,60.4,13.1,0.0,0.0,0.0,182.0,0.1,1.7,1.5,3.3697,0.8895,0.0041,0.0,0.0,0.0,0.0,0.0,0.0,0.0,0.0,0.0,0.5023,0.0,0.0,0.0,0.0,0.2602,0.3098,0.2062,0.0948,0.0375,0.0126,0.0,1.61,15.22,7.17,43.21,18.88,0,MOD-00623,2025-04-19T08:20:31,2025-04-19T01:20:31,https://api.quant-aq.com/v1/devices/MOD-00623/data/raw/366921491
0,648.8,34.200000000000045,683.0,1452.4,665.2,1.2999999999999545,666.5,1647.1,0.20000000000004547,1647.3,1647.1,8.400000000000091,1655.7,,,60.3,13.1,0.0,0.0,0.0,161.25,0.0,0.6,0.4,3.4015,0.7952,0.0,0.0041,0.0041,0.0,0.0,0.0,0.0,0.0,0.0,0.0,0.6024,0.0,0.0,0.0,0.0,0.2003,0.323,0.2648,0.0866,0.0527,0.0156,0.0079,1.65,22.96,7.87,43.09,18.91,0,MOD-00623,2025-04-19T08:19:31,2025-04-19T01:19:31,https://api.quant-aq.com/v1/devices/MOD-00623/data/raw/366919133
0,649.3,33.5,682.8,1451.0,665.6,1.1000000000000227,666.7,1646.8,0.5,1647.3,1647.0,8.400000000000091,1655.7,,,60.2,13.1,0.0,0.0,0.0,281.0,0.8,2.8,2.0,3.5265,0.7807,0.0037,0.0,0.0,0.0,0.0,0.0,0.0,0.0,0.0,0.0,0.5293,0.0,0.0,0.0,0.0,0.2373,0.2274,0.231,0.0511,0.0237,0.0339,0.0149,1.53,19.73,6.46,43.02,18.9,0,MOD-00623,2025-04-19T08:18:31,2025-04-19T01:18:31,https://api.quant-aq.com/v1/devices/MOD-00623/data/raw/366919131
0,648.5,34.5,683.0,1449.4,665.7,1.599999999999909,667.3,1646.9,0.2999999999999545,1647.2,1647.2,8.599999999999909,1655.8,,,60.1,13.1,0.0,0.0,0.0,229.25,0.1,2.8,1.7,3.1626,0.72,0.0036,0.0,0.0034,0.0,0.0,0.0,0.0,0.0,0.0,0.0,0.5102,0.0,0.0,0.0,0.0,0.2005,0.2289,0.2004,0.0647,0.032,0.0179,0.0,1.41,16.17,6.07,43.0,18.92,0,MOD-00623,2025-04-19T08:17:31,2025-04-19T01:17:31,https://api.quant-aq.com/v1/devices/MOD-00623/data/raw/366919132
0,649.8,33.40000000000009,683.2,1450.6,665.2,1.3999999999999773,666.6,1647.1,0.20000000000004547,1647.3,1647.3,8.299999999999955,1655.6,,,60.1,13.2,0.0,0.0,0.0,231.0,0.3,2.2,1.9,3.0862,0.8148,0.0,0.0,0.0042,0.0,0.0,0.0,0.0,0.0,0.0,0.0,0.5138,0.0,0.0,0.0,0.0,0.1479,0.2672,0.2476,0.0794,0.0302,0.0235,0.0,1.45,17.01,6.81,42.96,18.92,0,MOD-00623,2025-04-19T08:16:31,2025-04-19T01:16:31,https://api.quant-aq.com/v1/devices/MOD-00623/data/raw/366919134
0,650.2,33.39999999999998,683.6,1451.1,665.4,1.8000000000000682,667.2,1647.3,0.0,1647.3,1647.2,8.299999999999955,1655.6,,,59.9,13.2,0.0,0.0,0.0,165.25,0.2,0.9,0.8,3.1477,0.7092,0.004,0.0041,0.0,0.0,0.0,0.0,0.0,0.0,0.0,0.0,0.5262,0.0,0.0,0.0,0.0,0.2461,0.2526,0.2049,0.0709,0.0158,0.0116,0.0039,1.48,15.97,6.17,42.91,18.94,0,MOD-00623,2025-04-19T08:15:31,2025-04-19T01:15:31,https://api.quant-aq.com/v1/devices/MOD-00623/data/raw/366916810
0,647.8,34.80000000000007,682.6,1452.8,665.5,1.6000000000000227,667.1,1646.9,0.1999999999998181,1647.1,1647.2,8.400000000000091,1655.5,,,60.1,13.2,0.0,0.0,0.0,232.25,0.1,1.9,1.5,3.5216,0.7243,0.0,0.0,0.0,0.0041,0.0,0.0,0.0,0.0,0.0,0.0,0.5464,0.0,0.0,0.0,0.0,0.2283,0.2277,0.192,0.0361,0.0236,0.0085,0.004,1.49,13.46,5.56,42.96,18.95,0,MOD-00623,2025-04-19T08:14:31,2025-04-19T01:14:31,https://api.quant-aq.com/v1/devices/MOD-00623/data/raw/366916809
0,650.4,33.200000000000045,683.6,1450.3,665.2,1.2999999999999545,666.5,1646.9,0.1999999999998181,1647.1,1647.0,8.5,1655.6,,,60.1,13.2,0.0,0.0,0.0,189.25,0.2,2.1,1.3,3.459,0.7872,0.0,0.0084,0.0,0.0,0.0,0.0,0.0,0.0,0.0,0.0,0.5867,0.0,0.0,0.0,0.0,0.2522,0.2619,0.2405,0.1351,0.0468,0.0548,0.0127,1.63,30.11,8.43,43.04,18.97,0,MOD-00623,2025-04-19T08:13:31,2025-04-19T01:13:31,https://api.quant-aq.com/v1/devices/MOD-00623/data/raw/366916808
0,649.0,34.0,683.0,1451.3,665.4,1.6000000000000227,667.0,1646.9,0.09999999999990905,1647.0,1647.0,8.5,1655.5,,,60.0,13.2,0.0,0.0,0.0,198.75,0.1,1.8,1.8,3.1081,0.6528,0.0,0.0,0.0,0.0,0.0,0.0,0.0,0.0,0.0,0.0,0.4602,0.0,0.0,0.0,0.0,0.1575,0.2205,0.2,0.0533,0.0385,0.0278,0.0,1.3,13.48,5.87,42.94,18.97,0,MOD-00623,2025-04-19T08:12:31,2025-04-19T01:12:31,https://api.quant-aq.com/v1/devices/MOD-00623/data/raw/366916807
0,648.9,34.0,682.9,1454.1,665.3,1.3000000000000682,666.6,1646.8,0.5,1647.3,1647.1,8.100000000000136,1655.4,,,60.3,13.2,0.0,0.0,0.0,180.0,0.2,1.7,1.0,3.0816,0.7189,0.004,0.0,0.0,0.0,0.0,0.0,0.0,0.0,0.0,0.0,0.5418,0.0,0.0,0.0,0.0,0.1794,0.2357,0.1748,0.0371,0.0236,0.0079,0.0082,1.39,12.94,5.3,43.08,18.99,0,MOD-00623,2025-04-19T08:11:31,2025-04-19T01:11:31,https://api.quant-aq.com/v1/devices/MOD-00623/data/raw/366914487
0,648.7,34.69999999999993,683.4,1455.1,665.5,1.2999999999999545,666.8,1647.0,0.0,1647.0,1647.1,8.599999999999909,1655.6,,,60.2,13.2,0.0,0.0,0.0,168.5,0.2,1.0,1.0,3.6133,0.8341,0.0,0.0,0.0,0.0,0.0,0.0,0.0,0.0,0.0,0.0,0.43,0.0,0.0,0.0,0.0,0.2428,0.2519,0.1813,0.0792,0.0127,0.0256,0.008,1.49,14.59,6.16,43.08,18.99,0,MOD-00623,2025-04-19T08:10:31,2025-04-19T01:10:31,https://api.quant-aq.com/v1/devices/MOD-00623/data/raw/366914486
0,649.8,34.0,683.8,1451.9,666.1,1.3999999999999773,667.5,1646.9,0.3999999999998636,1647.3,1647.3,8.600000000000136,1655.9,,,60.2,13.2,0.0,0.0,0.0,162.75,0.2,1.1,1.1,3.1599,0.8556,0.0,0.0,0.0035,0.0,0.0,0.0,0.0,0.0,0.0,0.0,0.4993,0.0,0.0,0.0,0.0,0.1783,0.2555,0.2142,0.0725,0.0226,0.0225,0.0,1.45,15.27,6.32,43.04,19.05,0,MOD-00623,2025-04-19T08:09:31,2025-04-19T01:09:31,https://api.quant-aq.com/v1/devices/MOD-00623/data/raw/366914485
0,649.5,34.10000000000002,683.6,1449.0,665.9,1.3000000000000682,667.2,1647.0,0.2999999999999545,1647.3,1647.1,8.5,1655.8,,,60.2,13.3,0.0,0.0,0.0,285.25,0.6,2.5,2.0,2.9757,0.7654,0.0,0.0033,0.0,0.0,0.0,0.0,0.0,0.0,0.0,0.0,0.4593,0.0,0.0,0.0,0.0,0.1862,0.2813,0.2026,0.047,0.0072,0.0105,0.0111,1.4,14.12,5.67,43.04,19.05,0,MOD-00623,2025-04-19T08:08:31,2025-04-19T01:08:31,https://api.quant-aq.com/v1/devices/MOD-00623/data/raw/366914484
0,650.4,33.10000000000002,683.5,1451.7,664.7,1.5,666.2,1647.1,0.20000000000004547,1647.3,1647.2,8.400000000000091,1655.7,,,60.1,13.3,0.0,0.0,0.0,201.0,0.0,1.9,1.9,3.0706,0.683,0.0,0.004,0.0,0.0,0.0,0.0,0.0,0.0,0.0,0.0,0.4822,0.0,0.0,0.0,0.0,0.1698,0.2968,0.2325,0.0546,0.0191,0.0117,0.0076,1.42,15.26,6.25,42.99,19.09,0,MOD-00623,2025-04-19T08:07:31,2025-04-19T01:07:31,https://api.quant-aq.com/v1/devices/MOD-00623/data/raw/366912118
0,651.0,33.299999999999955,684.3,1450.6,665.4,1.3000000000000682,666.7,1647.3,0.0,1647.3,1647.2,8.400000000000091,1655.7,,,60.1,13.3,0.0,0.0,0.0,179.25,0.0,1.8,1.5,3.2204,0.77,0.0,0.004,0.0,0.0,0.0,0.0,0.0,0.0,0.0,0.0,0.4679,0.0,0.0,0.0,0.0,0.2029,0.2587,0.1597,0.082,0.0269,0.0195,0.0116,1.41,17.76,6.06,42.96,19.09,0,MOD-00623,2025-04-19T08:06:31,2025-04-19T01:06:31,https://api.quant-aq.com/v1/devices/MOD-00623/data/raw/366912115
0,650.0,33.799999999999955,683.8,1447.2,665.4,1.5,666.9,1647.1,0.10000000000013642,1647.2,1647.3,8.599999999999909,1655.8,,,59.9,13.3,0.0,0.0,0.0,142.0,0.0,1.4,1.4,3.255,0.6092,0.0,0.0,0.0,0.0,0.0,0.0,0.0,0.0,0.0,0.0,0.4033,0.0,0.0,0.0,0.0,0.1845,0.2893,0.1726,0.0669,0.0188,0.0227,0.0074,1.34,13.86,5.88,42.89,19.09,0,MOD-00623,2025-04-19T08:05:31,2025-04-19T01:05:31,https://api.quant-aq.com/v1/devices/MOD-00623/data/raw/366912117
0,649.5,34.299999999999955,683.8,1447.4,665.5,1.5,667.0,1647.2,0.20000000000004547,1647.4,1647.2,8.399999999999864,1655.8,,,59.8,13.3,0.0,0.0,0.0,160.0,0.2,0.9,0.9,2.8109,0.7492,0.0,0.0,0.0,0.0,0.0,0.0,0.0,0.0,0.0,0.0,0.4169,0.0,0.0,0.0,0.0,0.1201,0.2111,0.1418,0.0574,0.014,0.0169,0.0071,1.19,11.32,4.79,42.91,19.11,0,MOD-00623,2025-04-19T08:04:31,2025-04-19T01:04:31,https://api.quant-aq.com/v1/devices/MOD-00623/data/raw/366912116
0,649.5,34.39999999999998,683.9,1454.7,665.8,1.400000000000091,667.2,1647.2,0.09999999999990905,1647.3,1647.3,8.299999999999955,1655.6,,,60.2,13.3,0.0,0.0,0.0,131.0,0.0,0.2,0.2,2.9484,0.7906,0.0042,0.0,0.0,0.0,0.0,0.0,0.0,0.0,0.0,0.0,0.4606,0.0,0.0,0.0,0.0,0.1372,0.2632,0.161,0.0646,0.008,0.0399,0.0,1.32,15.05,5.56,43.1,19.08,0,MOD-00623,2025-04-19T08:03:31,2025-04-19T01:03:31,https://api.quant-aq.com/v1/devices/MOD-00623/data/raw/366909762
0,647.8,35.10000000000002,682.9,1453.9,665.6,1.3999999999999773,667.0,1647.2,0.20000000000004547,1647.4,1647.2,8.099999999999909,1655.5,,,60.1,13.3,0.0,0.0,0.0,136.0,0.0,0.9,0.8,3.2484,0.7374,0.0,0.0,0.0,0.0,0.0,0.0,0.0,0.0044,0.0,0.0,0.3962,0.0,0.0,0.0,0.0,0.1904,0.2427,0.1907,0.0611,0.0165,0.0332,0.0085,1.35,16.87,5.86,43.1,19.06,0,MOD-00623,2025-04-19T08:02:31,2025-04-19T01:02:31,https://api.quant-aq.com/v1/devices/MOD-00623/data/raw/366909759
0,648.5,35.299999999999955,683.8,1452.0,665.3,1.400000000000091,666.7,1647.2,0.2999999999999545,1647.5,1647.3,8.200000000000045,1655.7,,,60.1,13.3,0.0,0.0,0.0,165.0,0.0,0.9,0.9,3.1841,0.6536,0.0,0.0,0.0,0.0,0.0,0.0,0.0,0.0,0.0,0.0,0.41,0.0,0.0,0.0,0.0,0.192,0.2619,0.1576,0.0766,0.0078,0.0228,0.0,1.33,11.12,5.57,43.14,19.11,0,MOD-00623,2025-04-19T08:01:31,2025-04-19T01:01:31,https://api.quant-aq.com/v1/devices/MOD-00623/data/raw/366909758
0,649.7,35.19999999999993,684.9,1452.8,665.8,1.5,667.3,1647.2,0.2999999999999545,1647.5,1647.4,8.099999999999909,1655.6,,,60.1,13.3,0.0,0.0,0.0,151.0,0.1,1.2,1.2,3.518,0.6389,0.0079,0.0,0.0,0.0,0.0,0.0,0.0,0.0,0.0,0.0,0.452,0.0,0.0,0.0,0.0,0.1646,0.2553,0.1487,0.0364,0.0357,0.0079,0.0079,1.34,15.01,5.22,43.24,19.09,0,MOD-00623,2025-04-19T08:00:31,2025-04-19T01:00:31,https://api.quant-aq.com/v1/devices/MOD-00623/data/raw/366909757
0,648.7,35.09999999999991,683.8,1447.5,665.4,1.7000000000000455,667.1,1647.1,0.3000000000001819,1647.4,1647.5,8.399999999999864,1655.8,,,60.3,13.4,0.0,0.0,0.0,178.75,0.1,1.8,1.8,3.0835,0.6654,0.0,0.0,0.0,0.0,0.0,0.0,0.0,0.0,0.0,0.0,0.5076,0.0,0.0,0.0,0.0,0.1386,0.1954,0.1702,0.0692,0.0308,0.0194,0.0079,1.28,13.83,5.53,43.3,19.12,0,MOD-00623,2025-04-19T07:59:31,2025-04-19T00:59:31,https://api.quant-aq.com/v1/devices/MOD-00623/data/raw/366907376
0,647.3,36.10000000000002,683.4,1452.8,665.4,1.6000000000000227,667.0,1647.4,0.1999999999998181,1647.6,1647.4,8.100000000000136,1655.7,,,60.9,13.4,0.0,0.0,0.0,156.25,0.0,0.2,0.2,3.1217,0.6411,0.0,0.0042,0.0,0.0,0.0,0.0,0.0,0.0,0.0,0.0,0.4337,0.0,0.0,0.0,0.0,0.1891,0.2174,0.1687,0.0563,0.0201,0.0081,0.0042,1.29,12.76,5.23,43.67,19.11,0,MOD-00623,2025-04-19T07:58:31,2025-04-19T00:58:31,https://api.quant-aq.com/v1/devices/MOD-00623/data/raw/366907378
0,649.6,34.60000000000002,684.2,1453.7,665.2,1.1999999999999318,666.4,1647.2,0.7000000000000455,1647.9,1647.3,8.099999999999909,1656.0,,,61.3,13.3,0.0,0.0,0.0,124.0,0.0,0.6,0.6,3.5216,0.648,0.0039,0.0,0.0,0.0,0.0,0.0,0.0,0.0,0.0,0.0,0.4358,0.0,0.0,0.0,0.0,0.2264,0.2519,0.1647,0.0612,0.033,0.0345,0.0,1.41,15.92,6.0,43.9,19.11,0,MOD-00623,2025-04-19T07:57:31,2025-04-19T00:57:31,https://api.quant-aq.com/v1/devices/MOD-00623/data/raw/366907379
0,648.8,35.60000000000002,684.4,1451.7,665.0,1.3999999999999773,666.4,1647.0,0.5,1647.5,1647.4,8.299999999999955,1655.8,,,61.1,13.3,0.0,0.0,0.0,147.75,0.0,1.4,1.4,3.3372,0.6371,0.0,0.0,0.0,0.0,0.0,0.0,0.0,0.0,0.0,0.0,0.3816,0.0,0.0,0.0,0.0,0.1102,0.2848,0.1624,0.0324,0.0288,0.0286,0.0042,1.26,13.14,5.29,43.8,19.12,0,MOD-00623,2025-04-19T07:56:31,2025-04-19T00:56:31,https://api.quant-aq.com/v1/devices/MOD-00623/data/raw/366907377
0,649.9,34.89999999999998,684.8,1452.3,665.7,1.1999999999999318,666.9,1647.0,0.7999999999999545,1647.8,1647.4,8.200000000000045,1656.0,,,61.4,13.3,0.0,0.0,0.0,103.0,0.0,0.3,0.3,3.0113,0.6044,0.0041,0.0,0.0,0.0,0.0,0.0,0.0,0.0,0.0,0.0,0.3738,0.0,0.0,0.0,0.0,0.2086,0.2416,0.1598,0.0523,0.0323,0.0204,0.0,1.27,13.33,5.46,43.88,19.12,0,MOD-00623,2025-04-19T07:55:31,2025-04-19T00:55:31,https://api.quant-aq.com/v1/devices/MOD-00623/data/raw/366905041
0,647.9,35.80000000000007,683.7,1449.8,665.4,1.3000000000000682,666.7,1647.1,0.8000000000001819,1647.9,1647.4,8.399999999999864,1656.3,,,61.4,13.3,0.0,0.0,0.0,193.5,0.1,1.0,1.0,3.0707,0.6405,0.0077,0.0,0.0,0.0,0.0,0.0,0.0,0.0,0.0,0.0,0.5076,0.0,0.0,0.0,0.0,0.1219,0.2382,0.1508,0.0622,0.0077,0.0308,0.0119,1.28,18.0,5.25,43.89,19.12,0,MOD-00623,2025-04-19T07:54:31,2025-04-19T00:54:31,https://api.quant-aq.com/v1/devices/MOD-00623/data/raw/366905040
0,648.9,35.200000000000045,684.1,1451.5,665.4,1.5,666.9,1647.4,0.5,1647.9,1647.1,8.0,1655.9,,,61.4,13.3,0.0,0.0,0.0,172.0,0.0,1.1,1.1,3.1756,0.6661,0.0077,0.004,0.0,0.0,0.0,0.0,0.0,0.0,0.0,0.0,0.4633,0.0,0.0,0.0,0.0,0.1321,0.2021,0.1911,0.076,0.0242,0.016,0.0161,1.28,21.33,5.74,43.93,19.12,0,MOD-00623,2025-04-19T07:53:31,2025-04-19T00:53:31,https://api.quant-aq.com/v1/devices/MOD-00623/data/raw/366905043
0,649.1,34.60000000000002,683.7,1450.9,665.6,1.1000000000000227,666.7,1647.1,0.8000000000001819,1647.9,1647.5,8.199999999999818,1656.1,,,61.4,13.3,0.0,0.0,0.0,185.75,0.2,2.0,2.0,2.9755,0.5659,0.0,0.0,0.0,0.004,0.0,0.0,0.0,0.0,0.0,0.0,0.4125,0.0,0.0,0.0,0.0,0.1574,0.2504,0.1776,0.0479,0.0083,0.0206,0.004,1.25,13.97,5.19,43.84,19.16,0,MOD-00623,2025-04-19T07:52:31,2025-04-19T00:52:31,https://api.quant-aq.com/v1/devices/MOD-00623/data/raw/366905042
0,648.4,35.30000000000007,683.7,1447.5,665.9,1.1000000000000227,667.0,1647.1,1.0,1648.1,1647.5,7.900000000000091,1656.0,,,61.3,13.3,0.0,0.0,0.0,140.0,0.0,1.8,1.3,2.9495,0.5903,0.0,0.0,0.0,0.0,0.0,0.0,0.0,0.0,0.0,0.0,0.3891,0.0,0.0,0.0,0.0,0.1684,0.2456,0.1769,0.0579,0.0311,0.0196,0.0078,1.24,13.79,5.62,43.83,19.13,0,MOD-00623,2025-04-19T07:51:31,2025-04-19T00:51:31,https://api.quant-aq.com/v1/devices/MOD-00623/data/raw/366902758
0,646.6,37.299999999999955,683.9,1448.2,665.4,1.1000000000000227,666.5,1647.1,0.6000000000001364,1647.7,1647.3,8.299999999999955,1656.0,,,61.1,13.4,0.0,0.0,0.0,162.0,0.0,0.9,0.5,3.0024,0.6116,0.0034,0.0,0.0,0.0,0.0,0.0,0.0,0.0,0.0,0.0,0.4174,0.0,0.0,0.0,0.0,0.186,0.1984,0.1522,0.0548,0.0077,0.0037,0.004,1.23,9.74,4.71,43.71,19.13,0,MOD-00623,2025-04-19T07:50:31,2025-04-19T00:50:31,https://api.quant-aq.com/v1/devices/MOD-00623/data/raw/366902757
0,649.8,34.700000000000045,684.5,1452.4,665.5,1.3999999999999773,666.9,1647.2,0.5,1647.7,1647.1,7.899999999999864,1655.6,,,61.0,13.4,0.0,0.0,0.0,129.5,0.0,0.6,0.6,3.0587,0.5929,0.0,0.0,0.0,0.0,0.004,0.0,0.0,0.0,0.0,0.0,0.4097,0.0,0.0,0.0,0.0,0.1079,0.265,0.209,0.0604,0.0159,0.0079,0.0,1.25,12.07,5.57,43.61,19.13,0,MOD-00623,2025-04-19T07:49:31,2025-04-19T00:49:31,https://api.quant-aq.com/v1/devices/MOD-00623/data/raw/366902756
0,649.9,34.5,684.4,1448.5,665.1,1.1000000000000227,666.2,1647.0,0.7000000000000455,1647.7,1647.2,8.299999999999955,1656.0,,,60.9,13.3,0.0,0.0,0.0,155.5,0.0,0.9,0.9,2.688,0.5745,0.0,0.0,0.0,0.0,0.0,0.0,0.0,0.0,0.0,0.0,0.4514,0.0,0.0,0.0,0.0,0.122,0.1684,0.1508,0.0661,0.0116,0.0073,0.0074,1.12,9.96,4.62,43.56,19.13,0,MOD-00623,2025-04-19T07:48:31,2025-04-19T00:48:31,https://api.quant-aq.com/v1/devices/MOD-00623/data/raw/366902755
0,648.2,35.89999999999998,684.1,1445.4,665.6,1.5,667.1,1647.1,0.40000000000009095,1647.5,1647.3,8.299999999999955,1655.8,,,60.6,13.4,0.0,0.0,0.0,184.25,0.3,1.9,1.5,2.6195,0.4697,0.0036,0.0,0.0,0.0,0.0,0.0,0.0,0.0,0.0,0.0,0.3828,0.0,0.0,0.0,0.0,0.1418,0.1798,0.1448,0.0572,0.01,0.0036,0.0036,1.07,9.51,4.38,43.43,19.15,0,MOD-00623,2025-04-19T07:47:31,2025-04-19T00:47:31,https://api.quant-aq.com/v1/devices/MOD-00623/data/raw/366900396
0,648.7,35.39999999999998,684.1,1450.7,664.7,1.099999999999909,665.8,1647.2,0.20000000000004547,1647.4,1647.1,8.199999999999818,1655.6,,,60.6,13.4,0.0,0.0,0.0,122.0,0.1,0.4,0.4,3.0226,0.5734,0.0038,0.0,0.0,0.0,0.0,0.0,0.0,0.0,0.0,0.0,0.4325,0.0,0.0,0.0,0.0,0.1426,0.2399,0.1196,0.0468,0.0,0.0154,0.012,1.21,12.71,4.46,43.46,19.16,0,MOD-00623,2025-04-19T07:46:31,2025-04-19T00:46:31,https://api.quant-aq.com/v1/devices/MOD-00623/data/raw/366900397
0,649.0,35.0,684.0,1449.6,665.7,1.2999999999999545,667.0,1647.2,0.3999999999998636,1647.6,1647.3,8.0,1655.6,,,60.6,13.4,0.0,0.0,0.0,166.0,0.0,1.2,1.2,3.0985,0.6458,0.0,0.0,0.0,0.0,0.0,0.0,0.0,0.0,0.0,0.0,0.44,0.0,0.0,0.0,0.0,0.1453,0.1509,0.1246,0.0725,0.0166,0.012,0.0082,1.18,11.08,4.61,43.55,19.16,0,MOD-00623,2025-04-19T07:45:31,2025-04-19T00:45:31,https://api.quant-aq.com/v1/devices/MOD-00623/data/raw/366900394
0,647.2,36.5,683.7,1450.4,664.9,1.3999999999999773,666.3,1647.0,0.40000000000009095,1647.4,1647.4,8.0,1655.4,,,60.6,13.4,0.0,0.0,0.0,131.5,0.0,1.2,0.8,2.9739,0.6446,0.0079,0.0,0.0,0.0,0.0,0.0,0.0,0.0,0.0,0.0,0.3796,0.0,0.0,0.0,0.0,0.1398,0.1972,0.1954,0.06,0.0282,0.012,0.0,1.19,13.75,5.38,43.55,19.15,0,MOD-00623,2025-04-19T07:44:31,2025-04-19T00:44:31,https://api.quant-aq.com/v1/devices/MOD-00623/data/raw/366900395
0,649.1,35.299999999999955,684.4,1448.2,665.4,1.1000000000000227,666.5,1647.3,0.2999999999999545,1647.6,1647.4,7.900000000000091,1655.5,,,61.0,13.4,0.0,0.0,0.0,129.0,0.0,1.3,0.9,2.6702,0.6229,0.0,0.0,0.0,0.0,0.0,0.0,0.0,0.0,0.0,0.0,0.3469,0.0,0.0,0.0,0.0,0.152,0.1924,0.1709,0.0427,0.0385,0.0076,0.0155,1.12,13.68,5.02,43.74,19.13,0,MOD-00623,2025-04-19T07:43:31,2025-04-19T00:43:31,https://api.quant-aq.com/v1/devices/MOD-00623/data/raw/366898032
0,648.6,36.0,684.6,1450.2,665.6,1.3999999999999773,667.0,1647.2,0.20000000000004547,1647.4,1647.2,8.0,1655.4,,,61.2,13.4,0.0,0.0,0.0,171.5,0.0,1.3,1.3,2.9673,0.6437,0.0041,0.0,0.0,0.0,0.0,0.0,0.0,0.0,0.0,0.0,0.3355,0.0,0.0,0.0,0.0,0.1481,0.1874,0.1855,0.0482,0.0122,0.0154,0.0,1.16,11.0,4.86,43.89,19.13,0,MOD-00623,2025-04-19T07:42:31,2025-04-19T00:42:31,https://api.quant-aq.com/v1/devices/MOD-00623/data/raw/366898031
0,649.5,35.10000000000002,684.6,1447.4,665.9,1.3999999999999773,667.3,1647.2,0.2999999999999545,1647.5,1647.1,8.0,1655.5,,,61.3,13.4,0.0,0.0,0.0,123.0,0.0,0.6,0.6,3.269,0.6709,0.0,0.0,0.0,0.0,0.0,0.0,0.0,0.0,0.0,0.0,0.4056,0.0,0.0,0.0,0.0,0.19,0.2073,0.1742,0.0999,0.029,0.0126,0.0083,1.31,13.9,6.0,44.05,19.13,0,MOD-00623,2025-04-19T07:41:31,2025-04-19T00:41:31,https://api.quant-aq.com/v1/devices/MOD-00623/data/raw/366898030
0,647.8,37.200000000000045,685.0,1446.3,665.4,1.3000000000000682,666.7,1647.2,0.20000000000004547,1647.4,1647.5,8.199999999999818,1655.6,,,61.2,13.4,0.0,0.0,0.0,123.5,0.0,0.1,0.1,2.8322,0.6735,0.0037,0.0036,0.0,0.0,0.0,0.0,0.0,0.0,0.0,0.0,0.4169,0.0,0.0,0.0,0.0,0.1873,0.1916,0.1736,0.0605,0.0259,0.0038,0.0036,1.24,13.61,5.2,44.06,19.15,0,MOD-00623,2025-04-19T07:40:31,2025-04-19T00:40:31,https://api.quant-aq.com/v1/devices/MOD-00623/data/raw/366898029
0,648.4,35.80000000000007,684.2,1449.6,665.8,1.3000000000000682,667.1,1647.0,0.5,1647.5,1647.1,8.0,1655.5,,,61.9,13.4,0.0,0.0,0.0,145.0,0.0,0.4,0.4,2.7658,0.5851,0.0,0.0,0.0,0.0,0.0,0.0,0.0,0.0,0.0,0.0,0.4136,0.0,0.0,0.0,0.0,0.14,0.2352,0.1582,0.042,0.0228,0.0077,0.004,1.19,9.65,4.87,44.41,19.18,0,MOD-00623,2025-04-19T07:39:31,2025-04-19T00:39:31,https://api.quant-aq.com/v1/devices/MOD-00623/data/raw/366895670
0,647.5,36.799999999999955,684.3,1452.3,665.6,1.5,667.1,1647.2,0.3999999999998636,1647.6,1647.2,7.900000000000091,1655.5,,,62.4,13.4,0.0,0.0,0.0,164.75,0.0,1.0,0.7,2.97,0.7511,0.0,0.0,0.0042,0.0,0.0,0.0,0.0,0.0,0.0,0.0,0.4634,0.0,0.0,0.0,0.0,0.1567,0.2495,0.1875,0.0784,0.0111,0.0118,0.0077,1.34,15.11,5.76,44.73,19.16,0,MOD-00623,2025-04-19T07:38:31,2025-04-19T00:38:31,https://api.quant-aq.com/v1/devices/MOD-00623/data/raw/366895668
0,649.2,35.59999999999991,684.8,1452.2,665.7,0.8999999999999773,666.6,1647.2,0.599999999999909,1647.8,1647.2,7.7999999999999545,1655.6,,,63.0,13.4,0.0,0.0,0.0,104.0,0.0,1.1,0.2,3.3434,0.6713,0.0,0.0,0.0,0.0,0.0,0.0,0.0,0.0,0.0,0.0,0.5159,0.0,0.0,0.0,0.0,0.1789,0.2538,0.1716,0.102,0.0328,0.0332,0.0,1.42,15.3,6.54,45.06,19.13,0,MOD-00623,2025-04-19T07:37:31,2025-04-19T00:37:31,https://api.quant-aq.com/v1/devices/MOD-00623/data/raw/366895671
0,648.3,36.5,684.8,1448.9,665.1,1.0,666.1,1647.4,0.3999999999998636,1647.8,1647.4,8.100000000000136,1655.9,,,63.0,13.4,0.0,0.0,0.0,105.0,0.0,0.4,0.4,2.7716,0.6795,0.0,0.0,0.0,0.0,0.0,0.0,0.0,0.0,0.0,0.0,0.4362,0.0,0.0,0.0,0.0,0.1613,0.2314,0.1758,0.0598,0.0156,0.015,0.0076,1.26,12.03,5.34,45.02,19.16,0,MOD-00623,2025-04-19T07:36:31,2025-04-19T00:36:31,https://api.quant-aq.com/v1/devices/MOD-00623/data/raw/366895669
0,649.2,36.19999999999993,685.4,1446.7,665.6,1.1999999999999318,666.8,1647.0,0.7999999999999545,1647.8,1647.3,8.100000000000136,1655.9,,,63.0,13.4,0.0,0.0,0.0,145.0,0.0,0.9,0.9,2.7228,0.6102,0.0,0.0,0.0,0.0,0.0,0.0,0.0,0.0,0.0,0.0,0.3959,0.0,0.0,0.0,0.0,0.1643,0.2165,0.1543,0.048,0.018,0.0216,0.0038,1.18,11.35,4.93,45.06,19.18,0,MOD-00623,2025-04-19T07:35:31,2025-04-19T00:35:31,https://api.quant-aq.com/v1/devices/MOD-00623/data/raw/366893281
0,647.6,37.60000000000002,685.2,1444.2,665.2,0.7999999999999545,666.0,1647.3,0.6000000000001364,1647.9,1647.3,8.199999999999818,1656.1,,,62.8,13.4,0.0,0.0,0.0,160.5,0.0,1.8,1.6,3.0054,0.6087,0.0035,0.0,0.0,0.0,0.0,0.0,0.0,0.0,0.0,0.0,0.4218,0.0,0.0,0.0,0.0,0.1837,0.269,0.1464,0.066,0.0186,0.0074,0.0,1.29,10.66,5.32,44.99,19.16,0,MOD-00623,2025-04-19T07:34:31,2025-04-19T00:34:31,https://api.quant-aq.com/v1/devices/MOD-00623/data/raw/366893279
0,648.7,35.69999999999993,684.4,1447.6,665.2,0.8999999999999773,666.1,1647.1,0.7000000000000455,1647.8,1647.3,8.200000000000045,1656.0,,,63.1,13.4,0.0,0.0,0.0,145.25,0.0,1.4,1.4,3.0143,0.6072,0.0,0.0,0.0,0.0,0.0,0.0,0.0,0.0,0.0,0.0,0.4523,0.0,0.0,0.0,0.0,0.1586,0.2566,0.1625,0.0716,0.0224,0.0,0.0038,1.29,9.61,5.44,45.19,19.18,0,MOD-00623,2025-04-19T07:33:31,2025-04-19T00:33:31,https://api.quant-aq.com/v1/devices/MOD-00623/data/raw/366893280
0,648.4,36.5,684.9,1450.3,665.4,1.0,666.4,1647.1,0.6000000000001364,1647.7,1647.1,8.299999999999955,1656.0,,,63.3,13.4,0.0,0.0,0.0,176.0,0.0,2.2,1.2,2.8492,0.6255,0.0,0.0038,0.0,0.0,0.0,0.0,0.0,0.0,0.0,0.0,0.4404,0.0,0.0,0.0,0.0,0.151,0.233,0.187,0.034,0.0072,0.0186,0.0036,1.25,12.59,4.98,45.28,19.16,0,MOD-00623,2025-04-19T07:32:31,2025-04-19T00:32:31,https://api.quant-aq.com/v1/devices/MOD-00623/data/raw/366893282
0,648.2,37.0,685.2,1449.3,666.0,0.7000000000000455,666.7,1647.2,0.7000000000000455,1647.9,1647.2,8.299999999999955,1656.2,,,63.4,13.4,0.0,0.0,0.0,143.5,0.0,1.4,0.9,2.7812,0.5839,0.0074,0.0,0.0,0.0,0.0,0.0,0.0,0.0,0.0,0.0,0.4429,0.0,0.0,0.0,0.0,0.1793,0.3202,0.1972,0.0636,0.0075,0.0148,0.0074,1.35,15.51,5.96,45.41,19.21,0,MOD-00623,2025-04-19T07:31:31,2025-04-19T00:31:31,https://api.quant-aq.com/v1/devices/MOD-00623/data/raw/366890958
0,647.0,37.799999999999955,684.8,1448.9,665.8,0.900000000000091,666.7,1647.0,0.7999999999999545,1647.8,1647.2,8.299999999999955,1656.1,,,63.7,13.4,0.0,0.0,0.0,170.0,0.0,1.3,1.3,3.1469,0.7327,0.0039,0.0039,0.004,0.0,0.0,0.0,0.0,0.0,0.0,0.0,0.5092,0.0,0.0,0.0,0.0,0.1738,0.2484,0.1793,0.0584,0.0118,0.0393,0.0,1.39,20.42,5.76,45.55,19.16,0,MOD-00623,2025-04-19T07:30:31,2025-04-19T00:30:31,https://api.quant-aq.com/v1/devices/MOD-00623/data/raw/366890959
0,648.3,37.0,685.3,1448.1,665.9,0.8000000000000682,666.7,1647.1,0.7000000000000455,1647.8,1647.4,8.5,1656.3,,,63.7,13.4,0.0,0.0,0.0,124.0,0.0,1.0,0.6,3.2478,0.7093,0.0,0.0037,0.0,0.0037,0.0,0.0,0.0,0.0,0.0,0.0,0.5031,0.0,0.0,0.0,0.0,0.1815,0.2286,0.1752,0.095,0.0082,0.0161,0.0079,1.39,17.87,5.88,45.66,19.18,0,MOD-00623,2025-04-19T07:29:31,2025-04-19T00:29:31,https://api.quant-aq.com/v1/devices/MOD-00623/data/raw/366890956
0,649.3,35.700000000000045,685.0,1453.4,665.7,0.7999999999999545,666.5,1647.3,0.7000000000000455,1648.0,1647.3,8.200000000000045,1656.2,,,64.1,13.4,0.0,0.0,0.0,155.0,0.0,1.6,1.5,3.1215,0.7372,0.004,0.0041,0.0,0.0,0.0,0.0,0.0,0.0,0.0,0.0,0.4739,0.0,0.0,0.0,0.0,0.1784,0.2501,0.2492,0.0782,0.0165,0.0375,0.0082,1.42,21.49,6.75,45.83,19.18,0,MOD-00623,2025-04-19T07:28:31,2025-04-19T00:28:31,https://api.quant-aq.com/v1/devices/MOD-00623/data/raw/366890957
0,647.6,37.69999999999993,685.3,1448.5,665.2,0.5,665.7,1647.4,0.599999999999909,1648.0,1647.3,8.299999999999955,1656.3,,,64.1,13.4,0.0,0.0,0.0,191.5,0.0,1.8,1.4,2.8355,0.7084,0.0,0.0,0.0,0.0,0.0,0.0,0.0,0.0,0.0,0.0,0.574,0.0,0.0,0.0,0.0,0.1764,0.2411,0.1916,0.055,0.0231,0.0194,0.0075,1.39,13.47,5.81,45.82,19.16,0,MOD-00623,2025-04-19T07:27:31,2025-04-19T00:27:31,https://api.quant-aq.com/v1/devices/MOD-00623/data/raw/366888590
0,647.7,38.09999999999991,685.8,1451.7,665.7,0.599999999999909,666.3,1646.9,0.8999999999998636,1647.8,1647.3,8.700000000000045,1656.5,,,64.1,13.4,0.0,0.0,0.0,134.0,0.0,0.6,0.6,3.2103,0.6389,0.0042,0.0,0.0,0.0,0.0,0.0,0.0,0.0,0.0,0.0,0.5113,0.0,0.0,0.0,0.0,0.2009,0.232,0.1997,0.0477,0.0286,0.0365,0.0,1.39,15.94,5.98,45.83,19.21,0,MOD-00623,2025-04-19T07:26:31,2025-04-19T00:26:31,https://api.quant-aq.com/v1/devices/MOD-00623/data/raw/366888591
0,647.5,38.299999999999955,685.8,1446.6,664.9,0.8999999999999773,665.8,1647.3,0.7999999999999545,1648.1,1647.3,8.200000000000045,1656.3,,,64.2,13.4,0.0,0.0,0.0,150.75,0.0,1.0,1.0,3.3376,0.6336,0.0,0.004,0.004,0.0,0.0,0.0,0.0,0.0,0.0,0.0,0.4692,0.0,0.0,0.0,0.0,0.2312,0.3008,0.2027,0.0738,0.0197,0.0157,0.0077,1.48,19.12,6.45,45.89,19.16,0,MOD-00623,2025-04-19T07:25:31,2025-04-19T00:25:31,https://api.quant-aq.com/v1/devices/MOD-00623/data/raw/366888592
0,648.3,37.0,685.3,1450.1,665.4,0.7000000000000455,666.1,1647.2,1.0,1648.2,1647.4,8.299999999999955,1656.5,,,64.4,13.4,0.0,0.0,0.0,157.0,0.0,0.8,0.8,3.1373,0.7226,0.0,0.0,0.0,0.0,0.0,0.0,0.0,0.0,0.0,0.0,0.4564,0.0,0.0,0.0,0.0,0.1955,0.315,0.199,0.0535,0.0292,0.0288,0.004,1.44,14.72,6.36,45.98,19.18,0,MOD-00623,2025-04-19T07:24:31,2025-04-19T00:24:31,https://api.quant-aq.com/v1/devices/MOD-00623/data/raw/366888589
0,647.5,37.700000000000045,685.2,1451.4,665.5,0.5,666.0,1647.0,1.099999999999909,1648.1,1647.1,8.300000000000182,1656.4,,,64.5,13.4,0.0,0.0,0.0,119.0,0.0,0.7,0.7,3.5821,0.6952,0.0088,0.0,0.0,0.0,0.0,0.0,0.0,0.0,0.0,0.0,0.5083,0.0,0.0,0.0,0.0,0.1948,0.3233,0.2115,0.0712,0.0355,0.0354,0.009,1.54,22.07,7.04,46.05,19.18,0,MOD-00623,2025-04-19T07:23:31,2025-04-19T00:23:31,https://api.quant-aq.com/v1/devices/MOD-00623/data/raw/366886174
0,648.0,38.0,686.0,1448.3,665.4,0.8000000000000682,666.2,1647.2,1.0,1648.2,1647.2,8.200000000000045,1656.4,,,64.4,13.4,0.0,0.0,0.0,164.5,0.0,0.8,0.8,3.23,0.7506,0.0,0.004,0.0,0.0,0.0,0.0,0.0,0.0,0.0,0.0,0.4858,0.0,0.0,0.0,0.0,0.1898,0.2332,0.1848,0.0881,0.0359,0.0279,0.0,1.4,16.8,6.37,46.07,19.19,0,MOD-00623,2025-04-19T07:22:31,2025-04-19T00:22:31,https://api.quant-aq.com/v1/devices/MOD-00623/data/raw/366886171
0,649.0,36.799999999999955,685.8,1446.3,666.0,0.7000000000000455,666.7,1647.0,1.0,1648.0,1647.3,8.700000000000045,1656.7,,,64.4,13.4,0.0,0.0,0.0,154.25,0.0,1.0,1.0,3.271,0.7132,0.0,0.0,0.0,0.0,0.0,0.0,0.0,0.0,0.0,0.0,0.4554,0.0,0.0,0.0,0.0,0.1639,0.2951,0.1701,0.0817,0.023,0.0157,0.008,1.4,13.77,6.1,46.07,19.18,0,MOD-00623,2025-04-19T07:21:31,2025-04-19T00:21:31,https://api.quant-aq.com/v1/devices/MOD-00623/data/raw/366886172
0,648.0,37.299999999999955,685.3,1448.4,665.7,0.5,666.2,1647.2,1.0,1648.2,1647.4,8.299999999999955,1656.5,,,64.4,13.4,0.0,0.0,0.0,131.5,0.0,0.7,0.7,3.0922,0.6897,0.0,0.0,0.0,0.0,0.0,0.0,0.0,0.0,0.0,0.0,0.4608,0.0,0.0,0.0,0.0,0.1603,0.2046,0.1983,0.0988,0.0196,0.0154,0.0076,1.31,13.75,6.06,46.1,19.21,0,MOD-00623,2025-04-19T07:20:31,2025-04-19T00:20:31,https://api.quant-aq.com/v1/devices/MOD-00623/data/raw/366886173
0,649.3,36.10000000000002,685.4,1450.2,666.1,0.7999999999999545,666.9,1647.1,1.1000000000001364,1648.2,1647.3,8.5,1656.7,,,64.4,13.5,0.0,0.0,0.0,174.0,0.0,1.3,1.3,3.0191,0.7115,0.0,0.0,0.0,0.0,0.0,0.0,0.0,0.0,0.0,0.0,0.5007,0.0,0.0,0.0,0.0,0.2249,0.2667,0.2118,0.0618,0.0272,0.0036,0.0036,1.45,11.08,6.17,46.07,19.21,0,MOD-00623,2025-04-19T07:19:31,2025-04-19T00:19:31,https://api.quant-aq.com/v1/devices/MOD-00623/data/raw/366883815
0,646.2,38.69999999999993,684.9,1451.0,665.7,0.599999999999909,666.3,1647.3,0.900000000000091,1648.2,1647.3,8.700000000000045,1656.9,,,64.4,13.5,0.0,0.0,0.0,171.0,0.3,1.2,1.2,3.213,0.58,0.0,0.0038,0.0039,0.0,0.0,0.0,0.0,0.0,0.0,0.0,0.4875,0.0,0.0,0.0,0.0,0.1743,0.2472,0.1931,0.0738,0.0192,0.019,0.0041,1.35,17.8,5.94,46.07,19.21,0,MOD-00623,2025-04-19T07:18:31,2025-04-19T00:18:31,https://api.quant-aq.com/v1/devices/MOD-00623/data/raw/366883816
0,646.3,38.200000000000045,684.5,1446.8,665.3,0.6000000000000227,665.9,1647.1,1.1000000000001364,1648.2,1647.3,8.700000000000045,1656.9,,,64.4,13.5,0.0,0.0,0.0,162.5,0.2,1.6,1.0,3.07,0.6613,0.0036,0.0,0.0037,0.0,0.0,0.0,0.0,0.0,0.0,0.0,0.4747,0.0,0.0,0.0,0.0,0.1595,0.1982,0.2116,0.0649,0.0072,0.0178,0.0,1.3,14.57,5.52,46.05,19.16,0,MOD-00623,2025-04-19T07:17:31,2025-04-19T00:17:31,https://api.quant-aq.com/v1/devices/MOD-00623/data/raw/366883818
0,649.2,36.19999999999993,685.4,1451.4,665.1,0.6000000000000227,665.7,1647.2,0.8999999999998636,1648.1,1647.4,8.800000000000182,1656.9,,,64.5,13.5,0.0,0.0,0.0,147.5,0.0,0.8,0.8,3.1878,0.5029,0.0,0.0,0.0,0.0,0.0,0.0,0.0,0.0,0.0,0.0,0.4143,0.0,0.0,0.0,0.0,0.1549,0.2628,0.1543,0.0657,0.0194,0.0039,0.0,1.25,8.66,5.24,46.2,19.19,0,MOD-00623,2025-04-19T07:16:31,2025-04-19T00:16:31,https://api.quant-aq.com/v1/devices/MOD-00623/data/raw/366883817
0,648.1,37.60000000000002,685.7,1453.2,665.6,0.7999999999999545,666.4,1647.2,0.8999999999998636,1648.1,1647.3,8.700000000000045,1656.8,,,64.4,13.5,0.0,0.0,0.0,164.5,0.0,0.8,0.8,3.2761,0.6772,0.0,0.0,0.0,0.0,0.0,0.0,0.0,0.0,0.0,0.0,0.446,0.0,0.0,0.0,0.0,0.1654,0.2055,0.1756,0.0929,0.0313,0.0,0.0,1.31,9.79,5.76,46.12,19.19,0,MOD-00623,2025-04-19T07:15:31,2025-04-19T00:15:31,https://api.quant-aq.com/v1/devices/MOD-00623/data/raw/366881454
0,647.2,38.799999999999955,686.0,1449.9,665.2,0.5,665.7,1647.1,1.0,1648.1,1647.4,9.100000000000136,1657.2,,,64.5,13.5,0.0,0.0,0.0,226.0,0.1,2.1,2.1,3.331,0.6536,0.0,0.0,0.0,0.0,0.0,0.0,0.0,0.0,0.0,0.0,0.396,0.0,0.0,0.0,0.0,0.173,0.273,0.167,0.0607,0.0297,0.0114,0.0,1.33,10.6,5.65,46.22,19.19,0,MOD-00623,2025-04-19T07:14:31,2025-04-19T00:14:31,https://api.quant-aq.com/v1/devices/MOD-00623/data/raw/366881453
0,647.2,38.299999999999955,685.5,1450.4,665.5,0.6000000000000227,666.1,1647.1,1.0,1648.1,1647.2,8.800000000000182,1656.9,,,64.7,13.5,0.0,0.0,0.0,211.0,0.2,2.0,1.6,3.3712,0.6529,0.0,0.0,0.0,0.0,0.0,0.0,0.0,0.0,0.0,0.0,0.3835,0.0,0.0,0.0,0.0,0.155,0.272,0.1812,0.0571,0.0189,0.0153,0.0076,1.32,12.5,5.6,46.35,19.19,0,MOD-00623,2025-04-19T07:13:31,2025-04-19T00:13:31,https://api.quant-aq.com/v1/devices/MOD-00623/data/raw/366881452
0,647.5,38.5,686.0,1451.6,665.5,0.5,666.0,1647.2,0.8999999999998636,1648.1,1647.3,9.100000000000136,1657.2,,,64.9,13.5,0.0,0.0,0.0,214.25,0.2,2.1,1.2,3.3735,0.6746,0.0,0.0,0.0039,0.0,0.0,0.0,0.0,0.0,0.0,0.0,0.4398,0.0,0.0,0.0,0.0,0.2016,0.2104,0.1693,0.0474,0.0081,0.0077,0.0,1.34,10.78,4.97,46.4,19.23,0,MOD-00623,2025-04-19T07:12:31,2025-04-19T00:12:31,https://api.quant-aq.com/v1/devices/MOD-00623/data/raw/366881451
0,648.6,37.39999999999998,686.0,1453.7,665.8,0.7000000000000455,666.5,1647.1,1.0,1648.1,1647.2,8.900000000000091,1657.0,,,65.1,13.5,0.0,0.0,0.0,227.75,0.3,2.1,1.8,3.4412,0.6197,0.0,0.0,0.0,0.0,0.0,0.0,0.0,0.0,0.0,0.0,0.4493,0.0,0.0,0.0,0.0,0.2562,0.3094,0.2022,0.061,0.0164,0.0122,0.0041,1.5,11.88,6.27,46.5,19.21,0,MOD-00623,2025-04-19T07:11:31,2025-04-19T00:11:31,https://api.quant-aq.com/v1/devices/MOD-00623/data/raw/366879160
0,647.0,38.89999999999998,685.9,1452.7,664.6,0.39999999999997726,665.0,1647.0,1.0,1648.0,1647.3,9.400000000000091,1657.4,,,65.1,13.5,0.0,0.0,0.0,182.0,0.0,1.2,1.0,3.7581,0.6685,0.0,0.0,0.0,0.0,0.0,0.0,0.0,0.0,0.0,0.0,0.5396,0.0,0.0,0.0,0.0,0.153,0.2612,0.2359,0.0829,0.012,0.0291,0.0123,1.49,16.94,6.66,46.58,19.19,0,MOD-00623,2025-04-19T07:10:31,2025-04-19T00:10:31,https://api.quant-aq.com/v1/devices/MOD-00623/data/raw/366879162
0,648.5,38.299999999999955,686.8,1447.9,666.1,0.7999999999999545,666.9,1647.0,1.2000000000000455,1648.2,1647.3,9.099999999999909,1657.3,,,65.2,13.5,0.0,0.0,0.0,226.0,0.2,1.4,1.4,3.4618,0.7395,0.0,0.0,0.0,0.0,0.0,0.0,0.0,0.0,0.0,0.0,0.4821,0.0,0.0,0.0,0.0,0.1816,0.2973,0.2276,0.0858,0.0156,0.0115,0.0083,1.5,13.73,6.66,46.65,19.22,0,MOD-00623,2025-04-19T07:09:31,2025-04-19T00:09:31,https://api.quant-aq.com/v1/devices/MOD-00623/data/raw/366879159
0,647.4,38.39999999999998,685.8,1449.3,664.9,0.20000000000004547,665.1,1647.3,1.0,1648.3,1647.2,9.299999999999955,1657.6,,,65.5,13.5,0.0,0.0,0.0,204.5,0.4,1.2,1.2,3.4942,0.7079,0.004,0.0,0.0,0.0,0.0,0.0,0.0,0.0,0.0,0.0,0.4388,0.0,0.0,0.0,0.0,0.2029,0.2828,0.2158,0.0955,0.0196,0.0119,0.0079,1.46,15.74,6.68,46.74,19.22,0,MOD-00623,2025-04-19T07:08:31,2025-04-19T00:08:31,https://api.quant-aq.com/v1/devices/MOD-00623/data/raw/366879161
0,647.9,37.80000000000007,685.7,1450.5,666.0,0.20000000000004547,666.2,1647.1,1.1000000000001364,1648.2,1647.3,9.5,1657.7,,,65.4,13.5,0.0,0.0,0.0,227.5,0.2,2.8,2.2,3.5041,0.6258,0.0037,0.0,0.0,0.0,0.0,0.0,0.0,0.0,0.0,0.0,0.5223,0.0,0.0,0.0,0.0,0.1691,0.2584,0.2161,0.0862,0.028,0.0083,0.0086,1.44,15.42,6.49,46.79,19.22,0,MOD-00623,2025-04-19T07:07:31,2025-04-19T00:07:31,https://api.quant-aq.com/v1/devices/MOD-00623/data/raw/366876784
0,646.6,38.799999999999955,685.4,1450.1,665.4,0.8000000000000682,666.2,1647.1,1.0,1648.1,1647.1,9.5,1657.6,,,65.5,13.5,0.0,0.0,0.0,239.75,0.8,1.5,1.5,4.0053,0.8204,0.0,0.0,0.0,0.0,0.0,0.0,0.0,0.0,0.0,0.0,0.3934,0.0,0.0,0.0,0.0,0.2024,0.3134,0.238,0.0511,0.0338,0.0256,0.0043,1.55,15.16,6.8,46.81,19.21,0,MOD-00623,2025-04-19T07:06:31,2025-04-19T00:06:31,https://api.quant-aq.com/v1/devices/MOD-00623/data/raw/366876782
0,647.6,38.299999999999955,685.9,1449.9,665.1,0.39999999999997726,665.5,1646.8,1.400000000000091,1648.2,1647.0,9.399999999999864,1657.6,,,65.8,13.5,0.0,0.0,0.0,193.5,0.0,1.6,1.6,3.7404,0.7508,0.004,0.0,0.0,0.0,0.0,0.0,0.0,0.0,0.0,0.0,0.4528,0.0,0.0,0.0,0.0,0.1968,0.2657,0.2335,0.0857,0.0243,0.0275,0.0,1.5,16.09,6.84,46.92,19.25,0,MOD-00623,2025-04-19T07:05:31,2025-04-19T00:05:31,https://api.quant-aq.com/v1/devices/MOD-00623/data/raw/366876781
0,647.5,38.39999999999998,685.9,1450.2,666.0,0.39999999999997726,666.4,1647.0,1.0,1648.0,1647.1,9.799999999999955,1657.8,,,65.7,13.5,0.0,0.0,0.0,227.25,0.4,2.1,1.6,3.8857,0.7281,0.0,0.0,0.0,0.0042,0.0,0.0,0.0,0.0,0.0,0.0,0.4407,0.0,0.0,0.0,0.0,0.1832,0.2281,0.275,0.0951,0.0119,0.0242,0.0,1.48,16.63,6.92,46.9,19.25,0,MOD-00623,2025-04-19T07:04:31,2025-04-19T00:04:31,https://api.quant-aq.com/v1/devices/MOD-00623/data/raw/366876783
0,646.6,38.89999999999998,685.5,1449.1,665.8,0.3000000000000682,666.1,1647.0,1.2000000000000455,1648.2,1647.3,9.700000000000045,1657.9,,,65.9,13.5,0.0,0.0,0.0,234.25,0.6,2.5,1.5,3.3978,0.6799,0.0,0.0,0.0037,0.0,0.0,0.0,0.0,0.0,0.0,0.0,0.4592,0.0,0.0,0.0,0.0,0.2249,0.2603,0.2045,0.0646,0.0192,0.0156,0.0038,1.45,14.87,6.11,47.02,19.25,0,MOD-00623,2025-04-19T07:03:31,2025-04-19T00:03:31,https://api.quant-aq.com/v1/devices/MOD-00623/data/raw/366874381
0,646.2,40.0,686.2,1444.4,665.6,0.2999999999999545,665.9,1647.1,1.2000000000000455,1648.3,1647.2,9.900000000000091,1658.2,,,66.0,13.5,0.0,0.0,0.0,368.5,1.1,4.2,4.2,3.8454,0.7166,0.0,0.0,0.0,0.0,0.0,0.0,0.0,0.0,0.0,0.0,0.5494,0.0,0.0,0.0,0.0,0.1304,0.2122,0.207,0.0751,0.0277,0.0241,0.0,1.44,13.04,6.12,47.06,19.25,0,MOD-00623,2025-04-19T07:02:31,2025-04-19T00:02:31,https://api.quant-aq.com/v1/devices/MOD-00623/data/raw/366874379
0,647.7,38.299999999999955,686.0,1451.0,665.2,0.1999999999999318,665.4,1647.1,1.1000000000001364,1648.2,1647.1,9.700000000000045,1657.9,,,66.2,13.5,0.0,0.0,0.0,297.25,0.4,2.2,2.2,4.2258,0.8152,0.004,0.0,0.0,0.0,0.0,0.0,0.0,0.0,0.0,0.0,0.5131,0.0,0.0,0.0,0.0,0.1906,0.2707,0.308,0.0975,0.0243,0.0449,0.0,1.66,20.08,8.01,47.17,19.26,0,MOD-00623,2025-04-19T07:01:31,2025-04-19T00:01:31,https://api.quant-aq.com/v1/devices/MOD-00623/data/raw/366874378
0,646.8,39.0,685.8,1450.0,665.4,0.5,665.9,1646.9,1.3999999999998636,1648.3,1647.1,9.799999999999955,1658.1,,,66.4,13.5,0.0,0.0,0.0,228.5,0.0,1.4,1.4,4.4915,0.8119,0.0,0.0,0.0,0.0,0.0,0.0,0.0,0.0,0.0,0.0,0.4615,0.0,0.0,0.0,0.0,0.2066,0.2886,0.2524,0.0917,0.0287,0.0083,0.0,1.65,12.56,7.22,47.2,19.25,0,MOD-00623,2025-04-19T07:00:31,2025-04-19T00:00:31,https://api.quant-aq.com/v1/devices/MOD-00623/data/raw/366874380
0,648.3,37.700000000000045,686.0,1449.1,665.4,0.20000000000004547,665.6,1647.1,1.2000000000000455,1648.3,1647.1,10.100000000000136,1658.4,,,66.4,13.5,0.0,0.0,0.0,245.0,0.3,2.0,2.0,3.7214,0.7519,0.0,0.0039,0.0,0.0,0.0,0.0,0.0,0.0,0.0,0.0,0.5084,0.0,0.0,0.0,0.0,0.1955,0.3121,0.1761,0.1013,0.032,0.0206,0.0079,1.55,18.37,6.87,47.2,19.25,0,MOD-00623,2025-04-19T06:59:31,2025-04-18T23:59:31,https://api.quant-aq.com/v1/devices/MOD-00623/data/raw/366872025
0,647.9,39.0,686.9,1446.1,666.2,0.09999999999990905,666.3,1647.1,1.300000000000182,1648.4,1647.1,10.0,1658.4,,,66.3,13.5,0.0,0.0,0.0,279.25,0.7,2.9,2.0,3.8669,0.6829,0.0,0.0,0.0,0.0,0.0,0.0,0.0,0.0,0.0,0.0,0.506,0.0,0.0,0.0,0.0,0.2107,0.2769,0.2346,0.0872,0.0375,0.0151,0.0,1.55,13.64,7.06,47.22,19.27,0,MOD-00623,2025-04-19T06:58:31,2025-04-18T23:58:31,https://api.quant-aq.com/v1/devices/MOD-00623/data/raw/366872024
0,647.4,39.5,686.9,1443.7,665.3,0.20000000000004547,665.5,1647.0,1.5,1648.5,1647.1,10.200000000000045,1658.7,,,66.4,13.5,0.0,0.0,0.0,348.75,0.8,2.5,2.3,3.8336,0.7376,0.0117,0.0038,0.0,0.0,0.0,0.0,0.0,0.0,0.0,0.0,0.6117,0.0,0.0,0.0,0.0,0.2011,0.2643,0.2104,0.0585,0.0,0.0179,0.0074,1.6,19.67,6.06,47.26,19.32,0,MOD-00623,2025-04-19T06:57:31,2025-04-18T23:57:31,https://api.quant-aq.com/v1/devices/MOD-00623/data/raw/366872026
0,646.8,40.0,686.8,1445.2,665.7,0.0,665.7,1647.1,1.5,1648.6,1647.1,10.400000000000091,1659.0,,,66.2,13.5,0.0,0.0,0.0,342.5,1.1,2.8,2.8,3.709,0.7298,0.0,0.0,0.0,0.0,0.0,0.0,0.0,0.0,0.0,0.0,0.5142,0.0,0.0,0.0,0.0,0.2121,0.3073,0.2211,0.0736,0.0261,0.0335,0.0037,1.57,16.13,6.96,47.18,19.32,0,MOD-00623,2025-04-19T06:56:31,2025-04-18T23:56:31,https://api.quant-aq.com/v1/devices/MOD-00623/data/raw/366872023
0,647.2,39.39999999999998,686.6,1446.4,665.7,0.0,665.7,1647.1,1.6000000000001364,1648.7,1647.1,10.099999999999909,1658.8,,,66.2,13.5,0.0,0.0,0.0,287.5,0.6,3.1,2.4,3.859,0.8182,0.008,0.0,0.0,0.0,0.0,0.0,0.0,0.0,0.0,0.0,0.4856,0.0,0.0,0.0,0.0,0.2498,0.2708,0.2782,0.1139,0.0196,0.0313,0.0077,1.64,21.77,7.88,47.14,19.3,0,MOD-00623,2025-04-19T06:55:31,2025-04-18T23:55:31,https://api.quant-aq.com/v1/devices/MOD-00623/data/raw/366869699
0,647.6,39.10000000000002,686.7,1446.3,665.7,0.09999999999990905,665.8,1647.1,1.6000000000001364,1648.7,1647.2,10.399999999999864,1659.1,,,66.0,13.6,0.0,0.0,0.0,320.0,1.2,2.6,2.6,3.9937,0.841,0.0,0.004,0.0,0.0,0.0,0.0,0.0,0.0,0.0,0.0,0.568,0.0,0.0,0.0,0.0,0.2284,0.3276,0.2331,0.0767,0.015,0.0303,0.0036,1.71,17.85,7.19,47.06,19.33,0,MOD-00623,2025-04-19T06:54:31,2025-04-18T23:54:31,https://api.quant-aq.com/v1/devices/MOD-00623/data/raw/366869701
0,648.4,38.39999999999998,686.8,1447.3,666.1,0.2999999999999545,666.4,1647.2,1.5,1648.7,1647.3,10.200000000000045,1658.9,,,66.0,13.6,0.0,0.0,0.0,325.0,1.0,3.4,3.0,4.1081,0.8204,0.0,0.0,0.0,0.0,0.0,0.0,0.0,0.0,0.0,0.0,0.7203,0.0,0.0,0.0,0.0,0.1956,0.2725,0.2603,0.143,0.0251,0.0126,0.0,1.77,14.67,8.06,47.04,19.33,0,MOD-00623,2025-04-19T06:53:31,2025-04-18T23:53:31,https://api.quant-aq.com/v1/devices/MOD-00623/data/raw/366869700
0,647.1,39.5,686.6,1447.4,666.1,0.10000000000002274,666.2,1647.1,1.5,1648.6,1647.4,10.600000000000136,1659.2,,,65.9,13.6,0.0,0.0,0.0,282.75,0.9,2.0,2.0,3.7901,0.7893,0.0,0.0,0.004,0.0,0.0,0.0,0.0,0.0,0.0,0.0,0.5487,0.0,0.0,0.0,0.0,0.2186,0.3042,0.239,0.0824,0.0314,0.0232,0.0079,1.64,19.55,7.3,46.95,19.3,0,MOD-00623,2025-04-19T06:52:31,2025-04-18T23:52:31,https://api.quant-aq.com/v1/devices/MOD-00623/data/raw/366869702
0,644.9,40.89999999999998,685.8,1449.1,665.5,0.0,665.5,1647.2,1.3999999999998636,1648.6,1647.3,10.600000000000136,1659.2,,,65.8,13.6,0.0,0.0,0.0,274.5,0.7,2.4,1.8,4.0979,0.9198,0.0043,0.0,0.0043,0.0,0.0,0.0,0.0,0.0,0.0,0.0,0.5142,0.0,0.0,0.0,0.0,0.262,0.3237,0.3233,0.0845,0.043,0.0246,0.0045,1.79,23.08,8.52,46.96,19.33,0,MOD-00623,2025-04-19T06:51:31,2025-04-18T23:51:31,https://api.quant-aq.com/v1/devices/MOD-00623/data/raw/366867387
0,647.2,38.59999999999991,685.8,1450.1,666.1,-0.10000000000002274,666.0,1647.3,1.2000000000000455,1648.5,1647.1,10.5,1659.0,,,65.8,13.6,0.0,0.0,0.0,269.5,0.5,2.6,2.6,4.1375,0.803,0.0,0.0,0.0,0.0,0.0,0.0,0.0,0.0,0.0,0.0,0.4759,0.0,0.0,0.0,0.0,0.1653,0.332,0.2655,0.0805,0.0401,0.0163,0.0,1.62,14.43,7.51,46.98,19.32,0,MOD-00623,2025-04-19T06:50:31,2025-04-18T23:50:31,https://api.quant-aq.com/v1/devices/MOD-00623/data/raw/366867384
0,646.8,39.90000000000009,686.7,1447.6,665.8,0.10000000000002274,665.9,1647.1,1.300000000000182,1648.4,1647.2,10.799999999999955,1659.2,,,65.8,13.6,0.0,0.0,0.0,327.75,0.9,3.2,2.8,4.3718,0.6978,0.0041,0.0,0.0,0.0,0.0,0.0,0.0,0.0,0.0,0.0,0.5269,0.0,0.0,0.0,0.0,0.1678,0.3181,0.2662,0.0983,0.0166,0.0166,0.0083,1.65,17.38,7.47,46.99,19.3,0,MOD-00623,2025-04-19T06:49:31,2025-04-18T23:49:31,https://api.quant-aq.com/v1/devices/MOD-00623/data/raw/366867386
0,645.7,40.69999999999993,686.4,1448.9,665.8,0.20000000000004547,666.0,1647.1,1.5,1648.6,1647.2,10.700000000000045,1659.3,,,65.9,13.6,0.0,0.0,0.0,286.25,1.1,2.5,2.2,3.9222,0.7831,0.0039,0.0,0.0,0.0,0.0,0.0,0.0,0.0,0.0,0.0,0.5903,0.0,0.0,0.0,0.0,0.2611,0.2675,0.2196,0.1125,0.0187,0.0263,0.0,1.68,16.44,7.31,46.98,19.32,0,MOD-00623,2025-04-19T06:48:31,2025-04-18T23:48:31,https://api.quant-aq.com/v1/devices/MOD-00623/data/raw/366867385
0,647.1,39.5,686.6,1445.9,665.6,-0.20000000000004547,665.4,1647.1,1.400000000000091,1648.5,1647.2,11.099999999999909,1659.6,,,65.8,13.6,0.0,0.0,0.0,382.75,0.8,3.8,3.0,3.9093,0.7759,0.0,0.0,0.0,0.0,0.0,0.0,0.0,0.0,0.0,0.0,0.5035,0.0,0.0,0.0,0.0,0.2611,0.2781,0.2314,0.0825,0.0193,0.0115,0.0,1.63,11.87,6.85,46.98,19.32,0,MOD-00623,2025-04-19T06:47:31,2025-04-18T23:47:31,https://api.quant-aq.com/v1/devices/MOD-00623/data/raw/366865009
0,645.9,40.30000000000007,686.2,1449.3,665.4,0.0,665.4,1646.8,1.6000000000001364,1648.4,1647.2,11.099999999999909,1659.5,,,65.9,13.6,0.0,0.0,0.0,307.25,0.8,2.8,2.8,4.5625,0.7177,0.0081,0.0,0.0,0.0,0.0,0.0,0.0,0.0,0.0,0.0,0.4605,0.0,0.0,0.0,0.0,0.2081,0.2885,0.2645,0.0941,0.0164,0.045,0.0083,1.64,22.98,7.59,46.93,19.32,0,MOD-00623,2025-04-19T06:46:31,2025-04-18T23:46:31,https://api.quant-aq.com/v1/devices/MOD-00623/data/raw/366865008
0,646.6,39.60000000000002,686.2,1446.6,665.5,0.0,665.5,1647.1,1.400000000000091,1648.5,1647.3,11.200000000000045,1659.7,,,65.8,13.6,0.0,0.0,0.0,267.75,0.6,1.2,1.2,4.9148,0.7373,0.0041,0.0,0.0,0.0,0.0,0.0,0.0,0.0,0.0,0.0,0.5351,0.0,0.0,0.0,0.0,0.2189,0.2873,0.1835,0.094,0.0165,0.049,0.0042,1.7,19.78,6.99,46.89,19.3,0,MOD-00623,2025-04-19T06:45:31,2025-04-18T23:45:31,https://api.quant-aq.com/v1/devices/MOD-00623/data/raw/366865007
0,646.2,40.19999999999993,686.4,1444.5,666.2,0.1999999999999318,666.4,1646.9,1.2999999999999545,1648.2,1647.1,11.599999999999909,1659.8,,,65.7,13.6,0.0,0.0,0.0,386.5,1.2,3.2,2.8,3.8385,0.7299,0.0036,0.0,0.0,0.0,0.0,0.0,0.0,0.0,0.0,0.0,0.511,0.0,0.0,0.0,0.0,0.2191,0.2711,0.216,0.0591,0.0151,0.0258,0.0036,1.55,15.15,6.35,46.85,19.32,0,MOD-00623,2025-04-19T06:44:31,2025-04-18T23:44:31,https://api.quant-aq.com/v1/devices/MOD-00623/data/raw/366865006
0,644.9,40.80000000000007,685.7,1449.4,665.9,-0.1999999999999318,665.7,1647.1,1.6000000000001364,1648.7,1647.1,11.299999999999955,1660.0,,,65.8,13.6,0.0,0.0,0.0,376.75,1.3,3.8,3.2,4.2241,0.8326,0.0,0.0,0.0,0.0,0.0,0.0,0.0,0.0,0.0,0.0,0.527,0.0,0.0,0.0,0.0,0.2185,0.2668,0.2078,0.1067,0.0397,0.023,0.0041,1.64,16.35,7.28,46.9,19.34,0,MOD-00623,2025-04-19T06:43:31,2025-04-18T23:43:31,https://api.quant-aq.com/v1/devices/MOD-00623/data/raw/366862666
0,647.8,38.200000000000045,686.0,1448.1,665.9,0.10000000000002274,666.0,1646.9,1.3999999999998636,1648.3,1647.0,11.600000000000136,1659.9,,,65.7,13.6,0.0,0.0,0.0,260.0,0.4,2.6,2.1,4.3547,0.7565,0.0,0.0,0.0,0.0,0.0,0.0,0.0,0.0,0.0,0.0,0.4712,0.0,0.0,0.0,0.0,0.1751,0.2534,0.2302,0.07,0.0115,0.0154,0.0,1.55,11.18,6.27,46.84,19.33,0,MOD-00623,2025-04-19T06:42:31,2025-04-18T23:42:31,https://api.quant-aq.com/v1/devices/MOD-00623/data/raw/366862664
0,646.9,39.0,685.9,1445.6,665.6,0.2999999999999545,665.9,1646.9,1.5,1648.4,1646.9,11.599999999999909,1660.0,,,65.7,13.6,0.0,0.0,0.0,353.5,1.0,4.2,3.7,4.605,0.7282,0.0041,0.0,0.0038,0.0,0.0,0.0,0.0,0.0,0.0,0.0,0.5423,0.0,0.0,0.0,0.0,0.2016,0.2452,0.2386,0.0635,0.0476,0.0081,0.0078,1.63,19.19,6.86,46.83,19.33,0,MOD-00623,2025-04-19T06:41:31,2025-04-18T23:41:31,https://api.quant-aq.com/v1/devices/MOD-00623/data/raw/366862665
0,646.3,39.80000000000007,686.1,1447.7,665.3,-0.09999999999990905,665.2,1647.1,1.5,1648.6,1647.2,11.600000000000136,1660.2,,,65.7,13.6,0.0,0.0,0.0,369.0,1.1,3.5,3.5,4.2613,0.817,0.0038,0.0,0.0,0.0,0.0,0.0,0.0,0.0,0.0,0.0,0.6062,0.0,0.0,0.0,0.0,0.1923,0.2694,0.212,0.0612,0.0271,0.0039,0.0038,1.66,12.99,6.38,46.82,19.36,0,MOD-00623,2025-04-19T06:40:31,2025-04-18T23:40:31,https://api.quant-aq.com/v1/devices/MOD-00623/data/raw/366862667
0,647.8,38.200000000000045,686.0,1446.0,665.7,-0.20000000000004547,665.5,1646.8,1.5,1648.3,1647.0,11.799999999999955,1660.1,,,65.6,13.6,0.0,0.0,0.0,406.75,1.3,4.1,3.7,4.3215,0.7404,0.0,0.0038,0.0,0.0,0.0,0.0,0.0,0.0,0.0,0.0,0.4536,0.0,0.0,0.0,0.0,0.1585,0.2557,0.1663,0.0796,0.0227,0.0263,0.0,1.48,15.23,6.01,46.72,19.37,0,MOD-00623,2025-04-19T06:39:31,2025-04-18T23:39:31,https://api.quant-aq.com/v1/devices/MOD-00623/data/raw/366860284
0,645.7,40.09999999999991,685.8,1445.8,666.0,0.10000000000002274,666.1,1646.8,1.5,1648.3,1647.0,12.100000000000136,1660.4,,,65.6,13.6,0.0,0.0,0.0,355.25,1.2,2.0,2.0,4.626,0.7951,0.0038,0.0037,0.0,0.0,0.0,0.0,0.0,0.0,0.0,0.0,0.5465,0.0,0.0,0.0,0.0,0.2233,0.2488,0.1482,0.0872,0.0153,0.0191,0.0038,1.64,16.57,6.07,46.69,19.34,0,MOD-00623,2025-04-19T06:38:31,2025-04-18T23:38:31,https://api.quant-aq.com/v1/devices/MOD-00623/data/raw/366860282
0,646.5,39.700000000000045,686.2,1442.8,665.5,-0.10000000000002274,665.4,1646.9,1.3999999999998636,1648.3,1646.9,12.200000000000045,1660.5,,,65.5,13.6,0.0,0.0,0.0,351.75,1.2,2.5,2.4,4.4363,0.7663,0.0,0.0,0.0,0.0,0.0,0.0036,0.0,0.0,0.0,0.0,0.4546,0.0,0.0,0.0,0.0,0.2317,0.3417,0.163,0.0762,0.0268,0.0,0.0,1.64,11.9,6.37,46.61,19.4,0,MOD-00623,2025-04-19T06:37:31,2025-04-18T23:37:31,https://api.quant-aq.com/v1/devices/MOD-00623/data/raw/366860283
0,648.0,38.700000000000045,686.7,1442.8,665.7,-0.20000000000004547,665.5,1646.8,1.5,1648.3,1647.1,12.200000000000045,1660.5,,,65.3,13.6,0.0,0.0,0.0,449.25,1.7,3.3,3.3,3.9471,0.7601,0.0,0.0,0.0,0.0,0.0,0.0,0.0,0.0,0.0,0.0,0.4594,0.0,0.0,0.0,0.0,0.1385,0.2626,0.2199,0.0536,0.0353,0.0109,0.0108,1.46,14.33,6.2,46.49,19.39,0,MOD-00623,2025-04-19T06:36:31,2025-04-18T23:36:31,https://api.quant-aq.com/v1/devices/MOD-00623/data/raw/366860281
0,646.2,39.5,685.7,1444.4,665.8,0.0,665.8,1646.8,1.5,1648.3,1646.9,12.400000000000091,1660.7,,,65.3,13.6,0.0,0.0,0.0,388.5,1.4,3.4,3.2,4.2951,0.8001,0.0,0.0,0.0,0.0,0.0,0.0,0.0,0.0,0.0,0.0,0.4407,0.0,0.0,0.0,0.0,0.1528,0.2806,0.16,0.0884,0.0264,0.0148,0.0076,1.5,13.86,6.16,46.45,19.42,0,MOD-00623,2025-04-19T06:35:31,2025-04-18T23:35:31,https://api.quant-aq.com/v1/devices/MOD-00623/data/raw/366857911
0,646.0,40.5,686.5,1442.0,665.9,0.10000000000002274,666.0,1646.7,1.5,1648.2,1646.8,12.299999999999955,1660.5,,,65.1,13.6,0.0,0.0,0.0,433.75,1.4,4.3,3.9,4.1724,0.7005,0.0035,0.0,0.0,0.0,0.0,0.0,0.0,0.0,0.0,0.0,0.5305,0.0,0.0,0.0,0.0,0.1743,0.2615,0.1457,0.0726,0.0179,0.018,0.0035,1.51,13.46,5.72,46.43,19.43,0,MOD-00623,2025-04-19T06:34:31,2025-04-18T23:34:31,https://api.quant-aq.com/v1/devices/MOD-00623/data/raw/366857909
0,645.1,40.799999999999955,685.9,1442.1,665.8,-0.2999999999999545,665.5,1646.8,1.5,1648.3,1647.0,12.400000000000091,1660.7,,,65.1,13.6,0.0,0.0,0.0,386.0,1.2,3.6,2.8,4.4762,0.8719,0.0,0.0,0.0,0.0,0.0,0.0,0.0,0.0,0.0,0.0,0.4843,0.0,0.0,0.0,0.0,0.1864,0.2676,0.1591,0.0615,0.0147,0.0181,0.0071,1.58,12.7,5.77,46.4,19.43,0,MOD-00623,2025-04-19T06:33:31,2025-04-18T23:33:31,https://api.quant-aq.com/v1/devices/MOD-00623/data/raw/366857910
0,645.8,39.80000000000007,685.6,1445.5,665.5,-0.20000000000004547,665.3,1646.8,1.5,1648.3,1646.9,12.400000000000091,1660.7,,,65.1,13.6,0.0,0.0,0.0,400.5,1.2,2.8,2.5,4.0909,0.7841,0.0,0.0,0.0,0.0,0.0,0.0,0.0,0.0,0.0,0.0,0.5358,0.0,0.0,0.0,0.0,0.1872,0.2486,0.234,0.0769,0.0309,0.0271,0.0118,1.58,17.66,6.89,46.41,19.42,0,MOD-00623,2025-04-19T06:32:31,2025-04-18T23:32:31,https://api.quant-aq.com/v1/devices/MOD-00623/data/raw/366857912
0,647.8,38.0,685.8,1442.5,665.3,0.0,665.3,1646.8,1.6000000000001364,1648.4,1646.6,12.199999999999818,1660.6,,,65.0,13.6,0.0,0.0,0.0,414.75,1.3,4.4,4.2,4.2135,0.7948,0.0,0.0,0.0,0.0,0.0,0.0,0.0,0.0,0.0,0.0,0.4164,0.0,0.0,0.0,0.0,0.2347,0.2934,0.182,0.1036,0.0233,0.0192,0.0116,1.58,16.34,6.83,46.36,19.43,0,MOD-00623,2025-04-19T06:31:31,2025-04-18T23:31:31,https://api.quant-aq.com/v1/devices/MOD-00623/data/raw/366855614
0,646.7,39.19999999999993,685.9,1443.5,665.6,-0.20000000000004547,665.4,1646.8,1.400000000000091,1648.2,1647.0,12.5,1660.7,,,64.9,13.7,0.0,0.0,0.0,404.5,1.2,4.6,4.3,4.515,0.7696,0.0041,0.0,0.0,0.0,0.0,0.0,0.0,0.0,0.0,0.0,0.5042,0.0,0.0,0.0,0.0,0.2291,0.2457,0.1801,0.0733,0.0309,0.0193,0.0076,1.61,16.47,6.36,46.26,19.49,0,MOD-00623,2025-04-19T06:30:31,2025-04-18T23:30:31,https://api.quant-aq.com/v1/devices/MOD-00623/data/raw/366855611
0,646.4,40.200000000000045,686.6,1443.3,665.2,0.09999999999990905,665.3,1646.7,1.599999999999909,1648.3,1646.9,12.5,1660.8,,,64.8,13.7,0.0,0.0,0.0,381.5,1.1,4.2,3.7,4.5025,0.7868,0.0,0.0,0.0,0.0,0.0,0.0,0.0,0.0,0.0,0.0,0.4561,0.0,0.0,0.0,0.0,0.1538,0.2719,0.1911,0.0849,0.0199,0.0075,0.0078,1.54,12.69,6.24,46.2,19.48,0,MOD-00623,2025-04-19T06:29:31,2025-04-18T23:29:31,https://api.quant-aq.com/v1/devices/MOD-00623/data/raw/366855613
0,645.9,40.5,686.4,1445.7,666.3,0.0,666.3,1646.7,1.3999999999998636,1648.1,1646.8,12.600000000000136,1660.7,,,64.8,13.7,0.0,0.0,0.0,367.0,1.1,3.2,3.2,4.3831,0.7589,0.0038,0.0,0.0,0.0,0.0,0.0,0.0,0.0,0.0,0.0,0.4573,0.0,0.0,0.0,0.0,0.1651,0.2379,0.2085,0.0704,0.0497,0.0231,0.004,1.51,17.16,6.6,46.24,19.48,0,MOD-00623,2025-04-19T06:28:31,2025-04-18T23:28:31,https://api.quant-aq.com/v1/devices/MOD-00623/data/raw/366855612
0,646.8,39.200000000000045,686.0,1443.4,665.9,-0.10000000000002274,665.8,1646.5,1.7999999999999545,1648.3,1647.0,12.700000000000045,1661.0,,,64.7,13.7,0.0,0.0,0.0,419.5,1.2,3.5,3.5,4.2002,0.7017,0.0109,0.0,0.0,0.0,0.0,0.0,0.0,0.0,0.0,0.0,0.4533,0.0,0.0,0.0,0.0,0.1637,0.2513,0.23,0.0331,0.0328,0.0146,0.0,1.48,15.98,6.0,46.14,19.52,0,MOD-00623,2025-04-19T06:27:31,2025-04-18T23:27:31,https://api.quant-aq.com/v1/devices/MOD-00623/data/raw/366853201
0,645.9,40.30000000000007,686.2,1444.6,666.1,0.0,666.1,1646.7,1.7000000000000455,1648.4,1646.8,12.5,1660.9,,,64.5,13.7,0.0,0.0,0.0,403.25,1.1,3.3,3.3,4.1783,0.7456,0.0,0.0,0.0,0.0,0.0,0.0,0.0,0.0,0.0,0.0,0.4145,0.0,0.0,0.0,0.0,0.2029,0.1844,0.211,0.0469,0.0257,0.0115,0.0,1.43,10.23,5.59,46.05,19.5,0,MOD-00623,2025-04-19T06:26:31,2025-04-18T23:26:31,https://api.quant-aq.com/v1/devices/MOD-00623/data/raw/366853200
0,646.0,39.60000000000002,685.6,1442.7,665.7,0.09999999999990905,665.8,1646.7,1.599999999999909,1648.3,1646.8,12.299999999999955,1660.6,,,64.6,13.7,0.0,0.0,0.0,364.5,1.3,2.6,2.6,4.5816,0.7584,0.0,0.0,0.0042,0.0,0.0,0.0,0.0,0.0,0.0,0.0,0.504,0.0,0.0,0.0,0.0,0.17,0.2219,0.153,0.0996,0.0329,0.0221,0.0038,1.52,17.37,6.22,46.18,19.53,0,MOD-00623,2025-04-19T06:25:31,2025-04-18T23:25:31,https://api.quant-aq.com/v1/devices/MOD-00623/data/raw/366853199
0,645.5,40.299999999999955,685.8,1444.8,666.1,-0.10000000000002274,666.0,1646.7,1.599999999999909,1648.3,1646.7,12.5,1660.8,,,64.8,13.7,0.0,0.0,0.0,352.0,1.1,3.1,3.1,4.3705,0.7223,0.0,0.0,0.0,0.0,0.0,0.0,0.0,0.0,0.0,0.0,0.4727,0.0,0.0,0.0,0.0,0.1715,0.2185,0.2075,0.0423,0.0189,0.0076,0.0037,1.49,10.22,5.55,46.13,19.54,0,MOD-00623,2025-04-19T06:24:31,2025-04-18T23:24:31,https://api.quant-aq.com/v1/devices/MOD-00623/data/raw/366853198
0,647.1,38.19999999999993,685.3,1446.0,665.6,-0.39999999999997726,665.2,1646.7,1.7000000000000455,1648.4,1646.7,12.199999999999818,1660.6,,,64.9,13.7,0.0,0.0,0.0,341.25,1.0,2.8,2.8,4.3133,0.7604,0.004,0.0,0.0,0.0,0.0,0.0,0.0,0.0,0.0,0.0,0.5207,0.0,0.0,0.0,0.0,0.1872,0.2586,0.1743,0.0891,0.0269,0.0424,0.0038,1.56,18.8,6.61,46.11,19.57,0,MOD-00623,2025-04-19T06:23:31,2025-04-18T23:23:31,https://api.quant-aq.com/v1/devices/MOD-00623/data/raw/366850866
0,645.9,40.0,685.9,1442.6,665.7,-0.10000000000002274,665.6,1646.7,1.7000000000000455,1648.4,1646.7,12.5,1660.9,,,64.7,13.8,0.0,0.0,0.0,398.0,1.2,4.8,3.2,4.5638,0.8323,0.0,0.0,0.0,0.0,0.0,0.0,0.0,0.0,0.0,0.0,0.5279,0.0,0.0,0.0,0.0,0.2186,0.3077,0.1679,0.0674,0.0226,0.0187,0.0153,1.68,16.15,6.41,46.03,19.59,0,MOD-00623,2025-04-19T06:22:31,2025-04-18T23:22:31,https://api.quant-aq.com/v1/devices/MOD-00623/data/raw/366850865
0,645.8,40.0,685.8,1438.3,665.3,-0.09999999999990905,665.2,1646.6,1.7000000000000455,1648.3,1646.7,12.600000000000136,1660.9,,,64.5,13.8,0.0,0.0,0.0,402.5,1.3,3.1,3.1,4.5988,0.7085,0.0,0.0038,0.0,0.0,0.0,0.0,0.0,0.0,0.0,0.0,0.4134,0.0,0.0,0.0,0.0,0.1904,0.2942,0.2197,0.0675,0.0261,0.0221,0.0113,1.57,18.47,6.67,45.99,19.63,0,MOD-00623,2025-04-19T06:21:31,2025-04-18T23:21:31,https://api.quant-aq.com/v1/devices/MOD-00623/data/raw/366850864
0,646.3,40.0,686.3,1443.4,665.5,-0.39999999999997726,665.1,1646.5,1.7999999999999545,1648.3,1646.8,12.700000000000045,1661.0,,,64.5,13.8,0.0,0.0,0.0,404.25,1.5,3.2,3.2,4.4889,0.7784,0.0,0.0,0.0,0.0,0.0,0.0,0.0,0.0,0.0,0.0,0.4451,0.0,0.0,0.0,0.0,0.1873,0.2924,0.2078,0.0683,0.0305,0.0229,0.0041,1.58,14.57,6.62,45.96,19.62,0,MOD-00623,2025-04-19T06:20:31,2025-04-18T23:20:31,https://api.quant-aq.com/v1/devices/MOD-00623/data/raw/366850863
0,647.5,38.700000000000045,686.2,1439.7,666.0,-0.10000000000002274,665.9,1646.6,1.6000000000001364,1648.2,1646.5,12.599999999999909,1660.8,,,64.4,13.8,0.0,0.0,0.0,436.75,1.2,3.4,3.4,4.3471,0.8233,0.0,0.0,0.0,0.0,0.0,0.0,0.0,0.0,0.0,0.0,0.5589,0.0,0.0,0.0,0.0,0.1216,0.226,0.2025,0.0638,0.0189,0.0152,0.0,1.53,10.92,5.87,45.89,19.66,0,MOD-00623,2025-04-19T06:19:31,2025-04-18T23:19:31,https://api.quant-aq.com/v1/devices/MOD-00623/data/raw/366848440
0,645.5,40.5,686.0,1441.4,665.7,0.0,665.7,1646.6,1.800000000000182,1648.4,1646.5,12.599999999999909,1661.0,,,64.6,13.9,0.0,0.0,0.0,546.25,2.0,4.4,3.9,4.4777,0.767,0.0,0.0,0.0,0.0,0.0,0.0,0.0,0.0,0.0,0.0,0.4443,0.0,0.0,0.0,0.0,0.1961,0.2816,0.1434,0.0803,0.0251,0.0254,0.0,1.54,12.92,6.08,45.95,19.69,0,MOD-00623,2025-04-19T06:18:31,2025-04-18T23:18:31,https://api.quant-aq.com/v1/devices/MOD-00623/data/raw/366848443
0,647.2,39.39999999999998,686.6,1440.6,666.2,-0.20000000000004547,666.0,1646.7,1.8999999999998636,1648.6,1646.7,12.5,1661.1,,,64.6,13.9,0.0,0.0,0.0,384.5,1.2,3.2,3.2,4.5538,0.8241,0.0,0.0,0.0,0.0,0.0,0.0,0.0,0.0,0.0,0.0,0.5256,0.0,0.0,0.0,0.0,0.2078,0.2455,0.1974,0.086,0.0155,0.0161,0.0078,1.63,13.84,6.42,45.97,19.69,0,MOD-00623,2025-04-19T06:17:31,2025-04-18T23:17:31,https://api.quant-aq.com/v1/devices/MOD-00623/data/raw/366848441
0,645.7,41.0,686.7,1438.7,665.3,-0.2999999999999545,665.0,1646.6,1.900000000000091,1648.5,1646.9,13.0,1661.5,,,64.2,13.9,0.0,0.0,0.0,457.25,1.4,3.2,3.2,3.9565,0.7915,0.0036,0.0,0.0,0.0,0.0,0.0,0.0,0.0,0.0,0.0,0.4645,0.0,0.0,0.0,0.0,0.1881,0.2626,0.1938,0.0557,0.0381,0.0211,0.007,1.5,16.36,6.25,45.83,19.71,0,MOD-00623,2025-04-19T06:16:31,2025-04-18T23:16:31,https://api.quant-aq.com/v1/devices/MOD-00623/data/raw/366848442
0,645.4,41.30000000000007,686.7,1444.2,666.3,-0.1999999999999318,666.1,1646.9,1.5,1648.4,1646.8,12.899999999999864,1661.3,,,64.4,13.9,0.0,0.0,0.0,401.0,1.3,3.2,3.2,4.2998,0.8643,0.0,0.0,0.0,0.0,0.0,0.0,0.0,0.0,0.0,0.0,0.5163,0.0,0.0,0.0,0.0,0.1757,0.3163,0.2575,0.094,0.03,0.0183,0.0076,1.68,16.4,7.56,45.88,19.73,0,MOD-00623,2025-04-19T06:15:31,2025-04-18T23:15:31,https://api.quant-aq.com/v1/devices/MOD-00623/data/raw/366846128
0,644.9,40.89999999999998,685.8,1440.8,665.9,-0.10000000000002274,665.8,1646.5,1.900000000000091,1648.4,1646.8,12.899999999999864,1661.3,,,64.3,14.0,0.0,0.0,0.0,331.75,1.1,2.5,2.3,4.559,0.6838,0.0,0.0,0.0,0.0,0.0,0.0,0.0,0.0,0.0,0.0,0.4573,0.0,0.0,0.0,0.0,0.1816,0.2893,0.1973,0.1013,0.0289,0.0201,0.004,1.57,14.81,6.88,45.8,19.77,0,MOD-00623,2025-04-19T06:14:31,2025-04-18T23:14:31,https://api.quant-aq.com/v1/devices/MOD-00623/data/raw/366846129
0,646.1,39.60000000000002,685.7,1441.5,665.7,-0.20000000000004547,665.5,1646.6,1.7000000000000455,1648.3,1646.7,13.200000000000045,1661.5,,,64.3,14.0,0.0,0.0,0.0,466.75,1.7,3.8,3.5,4.5282,0.7783,0.0038,0.0,0.0,0.0,0.0,0.0,0.0,0.0,0.0,0.0,0.5394,0.0,0.0,0.0,0.0,0.2078,0.2785,0.2041,0.0689,0.0239,0.0164,0.0044,1.65,14.93,6.53,45.83,19.78,0,MOD-00623,2025-04-19T06:13:31,2025-04-18T23:13:31,https://api.quant-aq.com/v1/devices/MOD-00623/data/raw/366846127
0,645.2,40.19999999999993,685.4,1445.2,666.1,-0.39999999999997726,665.7,1646.6,1.900000000000091,1648.5,1647.0,13.099999999999909,1661.6,,,64.5,14.0,0.0,0.0,0.0,378.75,1.2,2.8,2.8,4.621,0.8116,0.0041,0.0041,0.0,0.0,0.0,0.0,0.0,0.0,0.0,0.0,0.4577,0.0,0.0,0.0,0.0,0.2246,0.266,0.2809,0.0574,0.0284,0.0289,0.0041,1.67,20.11,7.2,45.93,19.8,0,MOD-00623,2025-04-19T06:12:31,2025-04-18T23:12:31,https://api.quant-aq.com/v1/devices/MOD-00623/data/raw/366846126
0,647.0,39.299999999999955,686.3,1445.1,665.9,-0.10000000000002274,665.8,1646.9,1.5,1648.4,1646.6,13.199999999999818,1661.6,,,64.4,14.0,0.0,0.0,0.0,429.0,1.5,3.3,3.2,4.2632,0.8589,0.0081,0.0,0.0042,0.0,0.0,0.0,0.0,0.0,0.0,0.0,0.5202,0.0,0.0,0.0,0.0,0.2068,0.2364,0.2399,0.0634,0.0317,0.0396,0.012,1.62,25.71,6.93,45.87,19.83,0,MOD-00623,2025-04-19T06:11:31,2025-04-18T23:11:31,https://api.quant-aq.com/v1/devices/MOD-00623/data/raw/366843783
0,647.1,39.299999999999955,686.4,1443.7,666.0,-0.20000000000004547,665.8,1646.9,1.5,1648.4,1646.8,13.299999999999955,1661.7,,,64.4,14.0,0.0,0.0,0.0,351.75,1.0,3.8,3.2,4.68,0.8128,0.0,0.0,0.0,0.0,0.0,0.0,0.0,0.0,0.0,0.0,0.5041,0.0,0.0,0.0,0.0,0.1447,0.3646,0.2869,0.108,0.0285,0.0119,0.0124,1.73,17.66,8.14,45.79,19.84,0,MOD-00623,2025-04-19T06:10:31,2025-04-18T23:10:31,https://api.quant-aq.com/v1/devices/MOD-00623/data/raw/366843782
0,647.0,39.700000000000045,686.7,1440.4,666.4,-0.5,665.9,1646.6,1.7000000000000455,1648.3,1646.7,13.700000000000045,1662.0,,,64.1,14.1,0.0,0.0,0.0,404.75,1.5,4.8,4.5,4.7331,0.8069,0.0,0.0,0.0,0.0,0.0,0.0,0.0,0.0,0.0,0.0,0.5002,0.0,0.0,0.0,0.0,0.1937,0.3101,0.2576,0.1007,0.0333,0.0298,0.0113,1.71,19.53,7.86,45.68,19.87,0,MOD-00623,2025-04-19T06:09:31,2025-04-18T23:09:31,https://api.quant-aq.com/v1/devices/MOD-00623/data/raw/366843781
0,646.8,40.30000000000007,687.1,1440.7,665.9,-0.39999999999997726,665.5,1646.8,1.6000000000001364,1648.4,1646.9,13.799999999999955,1662.2,,,63.8,14.1,0.0,0.0,0.0,398.75,1.3,3.0,3.0,4.2371,0.7301,0.0,0.0,0.0,0.0,0.0,0.0,0.0,0.0,0.0,0.0,0.5064,0.0,0.0,0.0,0.0,0.2184,0.2351,0.2208,0.0847,0.0185,0.0155,0.014,1.57,15.78,6.58,45.49,19.91,0,MOD-00623,2025-04-19T06:08:31,2025-04-18T23:08:31,https://api.quant-aq.com/v1/devices/MOD-00623/data/raw/366843780
0,645.0,41.200000000000045,686.2,1442.0,666.1,-0.5,665.6,1646.9,1.5,1648.4,1646.8,13.899999999999864,1662.3,,,63.6,14.1,0.0,0.0,0.0,437.25,1.2,3.2,3.2,3.9224,0.7908,0.0,0.0,0.0,0.0,0.0,0.0,0.0,0.0,0.0,0.0,0.4071,0.0,0.0,0.0,0.0,0.2131,0.2571,0.2594,0.0631,0.0175,0.0173,0.0,1.52,12.07,6.57,45.44,19.91,0,MOD-00623,2025-04-19T06:07:31,2025-04-18T23:07:31,https://api.quant-aq.com/v1/devices/MOD-00623/data/raw/366841406
0,645.5,40.5,686.0,1443.9,666.0,-0.5,665.5,1646.8,1.7000000000000455,1648.5,1646.9,13.5,1662.0,,,63.5,14.2,0.0,0.0,0.0,399.75,1.4,3.9,3.3,4.0546,0.7436,0.0,0.0,0.0,0.0,0.0,0.0,0.0,0.0,0.0,0.0,0.4562,0.0,0.0,0.0,0.0,0.1676,0.1944,0.233,0.0889,0.0215,0.0177,0.0072,1.45,14.34,6.38,45.36,19.91,0,MOD-00623,2025-04-19T06:06:31,2025-04-18T23:06:31,https://api.quant-aq.com/v1/devices/MOD-00623/data/raw/366841403
0,647.5,39.89999999999998,687.4,1441.6,666.1,-0.39999999999997726,665.7,1646.8,1.6000000000001364,1648.4,1646.8,13.699999999999818,1662.1,,,63.3,14.2,0.0,0.0,0.0,392.0,1.3,2.5,2.5,4.406,0.7606,0.0,0.0,0.0,0.0,0.0,0.0,0.0,0.0,0.0,0.0,0.5149,0.0,0.0,0.0,0.0,0.1971,0.3148,0.2149,0.0529,0.0273,0.0235,0.0,1.64,13.16,6.62,45.22,19.92,0,MOD-00623,2025-04-19T06:05:31,2025-04-18T23:05:31,https://api.quant-aq.com/v1/devices/MOD-00623/data/raw/366841404
0,645.4,40.89999999999998,686.3,1440.8,665.8,-0.1999999999999318,665.6,1646.6,1.7000000000000455,1648.3,1646.9,13.900000000000091,1662.2,,,63.0,14.2,0.0,0.0,0.0,364.25,0.8,2.2,2.0,4.0764,0.6787,0.0,0.0,0.0,0.0,0.0,0.0,0.0,0.0,0.0,0.0,0.5213,0.0,0.0,0.0,0.0,0.1612,0.2738,0.244,0.0787,0.0302,0.0232,0.0041,1.54,15.18,6.94,45.11,19.95,0,MOD-00623,2025-04-19T06:04:31,2025-04-18T23:04:31,https://api.quant-aq.com/v1/devices/MOD-00623/data/raw/366841405
0,645.4,41.39999999999998,686.8,1439.0,665.9,0.0,665.9,1646.8,1.5,1648.3,1646.9,13.799999999999955,1662.1,,,63.1,14.2,0.0,0.0,0.0,360.0,1.2,2.8,2.6,4.1836,0.9383,0.0,0.004,0.0,0.0,0.0,0.0,0.0,0.0,0.0,0.0,0.5018,0.0,0.0,0.0,0.0,0.2111,0.315,0.2341,0.1136,0.0454,0.019,0.0074,1.7,20.26,7.9,45.17,19.97,0,MOD-00623,2025-04-19T06:03:31,2025-04-18T23:03:31,https://api.quant-aq.com/v1/devices/MOD-00623/data/raw/366839031
0,643.5,41.799999999999955,685.3,1444.3,665.8,0.0,665.8,1646.8,1.7000000000000455,1648.5,1646.8,13.599999999999909,1662.1,,,63.1,14.2,0.0,0.0,0.0,342.5,1.2,2.8,2.7,4.2023,0.8334,0.0072,0.0,0.0037,0.0,0.0,0.0,0.0,0.0,0.0,0.0,0.4992,0.0,0.0,0.0,0.0,0.16,0.2759,0.2573,0.1003,0.0224,0.0261,0.0115,1.6,23.68,7.37,45.14,19.98,0,MOD-00623,2025-04-19T06:02:31,2025-04-18T23:02:31,https://api.quant-aq.com/v1/devices/MOD-00623/data/raw/366839030
0,645.6,40.5,686.1,1443.9,666.5,-0.5,666.0,1646.8,1.5,1648.3,1646.8,13.600000000000136,1661.9,,,63.0,14.2,0.0,0.0,0.0,345.5,1.2,3.0,2.5,4.6216,0.7755,0.0039,0.0,0.0,0.0,0.0,0.0,0.0,0.0,0.0,0.0,0.5535,0.0,0.0,0.0,0.0,0.2193,0.33,0.2356,0.0723,0.0342,0.0339,0.0,1.75,17.86,7.47,45.01,20.0,0,MOD-00623,2025-04-19T06:01:31,2025-04-18T23:01:31,https://api.quant-aq.com/v1/devices/MOD-00623/data/raw/366839029
0,645.6,40.60000000000002,686.2,1443.3,666.1,-0.20000000000004547,665.9,1646.7,1.7999999999999545,1648.5,1646.8,13.599999999999909,1662.1,,,62.8,14.2,0.0,0.0,0.0,447.75,1.6,4.1,3.8,4.8163,0.8157,0.0077,0.0,0.0,0.0,0.0,0.0,0.0,0.0,0.0,0.0,0.5361,0.0,0.0,0.0,0.0,0.181,0.2793,0.216,0.0949,0.0337,0.0076,0.004,1.68,16.79,7.02,44.95,19.98,0,MOD-00623,2025-04-19T06:00:31,2025-04-18T23:00:31,https://api.quant-aq.com/v1/devices/MOD-00623/data/raw/366839028
0,644.2,41.39999999999998,685.6,1441.5,666.6,-0.10000000000002274,666.5,1646.5,1.7999999999999545,1648.3,1646.6,13.400000000000091,1661.7,,,62.6,14.2,0.0,0.0,0.0,361.25,1.1,3.4,3.0,4.1054,0.9458,0.004,0.0,0.0,0.0,0.0,0.0,0.0,0.0,0.0,0.0,0.5725,0.0,0.0,0.0,0.0,0.1456,0.332,0.1967,0.0844,0.028,0.0206,0.0,1.66,15.26,6.89,44.76,20.04,0,MOD-00623,2025-04-19T05:59:31,2025-04-18T22:59:31,https://api.quant-aq.com/v1/devices/MOD-00623/data/raw/366836671
0,645.1,40.60000000000002,685.7,1443.4,665.6,-0.10000000000002274,665.5,1646.5,1.7000000000000455,1648.2,1646.6,13.5,1661.7,,,62.4,14.2,0.0,0.0,0.0,406.25,1.2,2.9,2.9,4.1548,0.803,0.0,0.0,0.0,0.0,0.0,0.0,0.0,0.0,0.0,0.0,0.5659,0.0,0.0,0.0,0.0,0.2689,0.2414,0.2296,0.0789,0.0263,0.0155,0.0115,1.68,15.82,6.91,44.68,20.02,0,MOD-00623,2025-04-19T05:58:31,2025-04-18T22:58:31,https://api.quant-aq.com/v1/devices/MOD-00623/data/raw/366836672
0,647.4,38.89999999999998,686.3,1439.4,666.6,-0.20000000000004547,666.4,1646.8,1.2999999999999545,1648.1,1646.6,13.5,1661.6,,,62.3,14.3,0.0,0.0,0.0,297.25,0.4,2.2,2.2,4.2892,0.8438,0.0074,0.0,0.0,0.0,0.0,0.0,0.0,0.0,0.0,0.0,0.5381,0.0,0.0,0.0,0.0,0.2007,0.2907,0.2565,0.0786,0.0414,0.0259,0.0,1.68,18.88,7.5,44.65,20.04,0,MOD-00623,2025-04-19T05:57:31,2025-04-18T22:57:31,https://api.quant-aq.com/v1/devices/MOD-00623/data/raw/366836673
0,646.9,39.200000000000045,686.1,1440.2,666.1,-0.10000000000002274,666.0,1646.6,1.5,1648.1,1646.7,13.5,1661.6,,,62.5,14.3,0.0,0.0,0.0,301.5,0.8,2.8,2.8,4.1261,0.8394,0.0,0.0039,0.004,0.0,0.0,0.0,0.0,0.0,0.0,0.0,0.6031,0.0,0.0,0.0,0.0,0.2578,0.2708,0.2375,0.1009,0.0313,0.0185,0.0164,1.73,24.06,7.56,44.7,20.07,0,MOD-00623,2025-04-19T05:56:31,2025-04-18T22:56:31,https://api.quant-aq.com/v1/devices/MOD-00623/data/raw/366836670
0,645.4,41.39999999999998,686.8,1435.9,665.9,-0.2999999999999545,665.6,1646.6,1.5,1648.1,1646.7,13.800000000000182,1661.9,,,62.3,14.3,0.0,0.0,0.0,452.0,1.4,4.1,4.1,3.9665,0.7414,0.0,0.0,0.0,0.0,0.0,0.0,0.0,0.0,0.0,0.0,0.5324,0.0,0.0,0.0,0.0,0.2298,0.2831,0.1828,0.082,0.014,0.0208,0.0069,1.59,14.06,6.41,44.66,20.1,0,MOD-00623,2025-04-19T05:55:31,2025-04-18T22:55:31,https://api.quant-aq.com/v1/devices/MOD-00623/data/raw/366834336
0,645.8,40.60000000000002,686.4,1439.5,666.2,0.0,666.2,1646.8,1.5,1648.3,1646.6,13.600000000000136,1661.9,,,62.6,14.3,0.0,0.0,0.0,474.0,1.8,4.7,4.2,4.087,0.8031,0.007,0.0,0.0,0.0,0.0,0.0,0.0,0.0,0.0,0.0,0.556,0.0,0.0,0.0,0.0,0.225,0.2587,0.2106,0.0789,0.0341,0.0244,0.014,1.63,21.02,6.91,44.73,20.11,0,MOD-00623,2025-04-19T05:54:31,2025-04-18T22:54:31,https://api.quant-aq.com/v1/devices/MOD-00623/data/raw/366834337
0,646.5,40.10000000000002,686.6,1438.5,666.0,-0.5,665.5,1646.7,1.7000000000000455,1648.4,1646.5,13.599999999999909,1662.0,,,62.6,14.3,0.0,0.0,0.0,398.0,1.5,3.7,3.7,4.3066,0.9082,0.0037,0.0,0.0,0.0,0.0,0.0,0.0,0.0,0.0,0.0,0.5806,0.0,0.0,0.0,0.0,0.1906,0.3,0.2126,0.139,0.0296,0.0403,0.0073,1.72,21.85,7.99,44.77,20.12,0,MOD-00623,2025-04-19T05:53:31,2025-04-18T22:53:31,https://api.quant-aq.com/v1/devices/MOD-00623/data/raw/366834334
0,646.1,40.799999999999955,686.9,1438.5,666.6,-0.20000000000004547,666.4,1646.6,1.6000000000001364,1648.2,1646.6,13.899999999999864,1662.1,,,62.4,14.4,0.0,0.0,0.0,442.5,1.5,4.3,3.8,3.7836,0.8943,0.0035,0.0,0.0,0.0,0.0,0.0,0.0,0.0,0.0,0.0,0.6554,0.0,0.0,0.0,0.0,0.182,0.2942,0.2567,0.0716,0.0289,0.0108,0.0038,1.7,15.01,7.14,44.67,20.14,0,MOD-00623,2025-04-19T05:52:31,2025-04-18T22:52:31,https://api.quant-aq.com/v1/devices/MOD-00623/data/raw/366834335
0,645.6,40.799999999999955,686.4,1440.7,666.2,-0.3000000000000682,665.9,1646.7,1.7999999999999545,1648.5,1646.9,13.400000000000091,1661.9,,,62.5,14.4,0.0,0.0,0.0,423.75,1.3,4.6,3.9,4.0084,0.9605,0.0035,0.0,0.0,0.0,0.0,0.0,0.0,0.0,0.0,0.0,0.5574,0.0,0.0,0.0,0.0,0.2469,0.2919,0.2251,0.1055,0.0453,0.0258,0.0075,1.73,20.01,7.79,44.79,20.17,0,MOD-00623,2025-04-19T05:51:31,2025-04-18T22:51:31,https://api.quant-aq.com/v1/devices/MOD-00623/data/raw/366831979
0,644.8,41.5,686.3,1440.1,666.8,-0.2999999999999545,666.5,1646.5,1.900000000000091,1648.4,1646.6,13.5,1661.9,,,62.4,14.4,0.0,0.0,0.0,359.25,1.3,3.0,3.0,4.1969,0.8903,0.0037,0.0,0.0,0.0,0.0,0.0,0.0,0.0,0.0,0.0,0.5771,0.0,0.0,0.0,0.0,0.2689,0.3223,0.2962,0.0917,0.0364,0.0186,0.0108,1.83,20.08,8.32,44.7,20.18,0,MOD-00623,2025-04-19T05:50:31,2025-04-18T22:50:31,https://api.quant-aq.com/v1/devices/MOD-00623/data/raw/366831976
0,645.1,41.5,686.6,1441.9,665.9,-0.39999999999997726,665.5,1646.8,1.6000000000001364,1648.4,1646.9,13.699999999999818,1662.1,,,62.3,14.4,0.0,0.0,0.0,392.25,1.3,3.4,3.4,4.5462,0.8812,0.0039,0.0,0.0,0.0,0.0,0.0,0.0,0.0,0.0,0.0,0.6958,0.0,0.0,0.0,0.0,0.3435,0.3629,0.2309,0.0689,0.0432,0.0204,0.0118,2.0,20.18,8.07,44.67,20.2,0,MOD-00623,2025-04-19T05:49:31,2025-04-18T22:49:31,https://api.quant-aq.com/v1/devices/MOD-00623/data/raw/366831978
0,645.5,41.200000000000045,686.7,1440.0,666.1,-0.6000000000000227,665.5,1646.7,1.7000000000000455,1648.4,1646.7,13.5,1661.9,,,62.2,14.4,0.0,0.0,0.0,393.0,1.6,3.9,3.4,4.2651,0.8808,0.0,0.0,0.0,0.0,0.0,0.0,0.0,0.0,0.0,0.0,0.6616,0.0,0.0,0.0,0.0,0.2318,0.3301,0.2982,0.0937,0.033,0.0224,0.004,1.86,17.12,8.35,44.6,20.21,0,MOD-00623,2025-04-19T05:48:31,2025-04-18T22:48:31,https://api.quant-aq.com/v1/devices/MOD-00623/data/raw/366831977
0,644.5,41.60000000000002,686.1,1443.2,666.6,-0.3000000000000682,666.3,1646.7,1.599999999999909,1648.3,1646.7,13.400000000000091,1661.7,,,62.2,14.4,0.0,0.0,0.0,325.25,0.9,3.5,3.0,4.1443,0.9249,0.004,0.0,0.0,0.0,0.0,0.0,0.0,0.0,0.0,0.0,0.6282,0.0,0.0,0.0,0.0,0.1817,0.3393,0.2593,0.0595,0.0201,0.0356,0.0161,1.77,21.48,7.44,44.56,20.18,0,MOD-00623,2025-04-19T05:47:31,2025-04-18T22:47:31,https://api.quant-aq.com/v1/devices/MOD-00623/data/raw/366829644
0,644.5,41.10000000000002,685.6,1443.2,666.4,-0.39999999999997726,666.0,1646.7,1.7000000000000455,1648.4,1646.6,13.299999999999955,1661.7,,,62.1,14.4,0.0,0.0,0.0,410.25,1.7,4.1,3.7,4.3071,0.9114,0.0,0.0039,0.0,0.0,0.0,0.0,0.0,0.0,0.0,0.0,0.6392,0.0,0.0,0.0,0.0,0.2971,0.3384,0.271,0.0905,0.0314,0.0355,0.0154,1.91,24.08,8.41,44.49,20.21,0,MOD-00623,2025-04-19T05:46:31,2025-04-18T22:46:31,https://api.quant-aq.com/v1/devices/MOD-00623/data/raw/366829646
0,644.8,41.10000000000002,685.9,1441.6,666.1,-0.3000000000000682,665.8,1646.6,1.800000000000182,1648.4,1646.7,13.099999999999909,1661.5,,,62.1,14.5,0.0,0.0,0.0,425.75,1.5,5.2,4.8,4.9896,1.0312,0.0043,0.0041,0.0,0.0,0.0,0.0,0.0,0.0,0.0,0.0,0.6927,0.0,0.0,0.0,0.0,0.2399,0.4027,0.317,0.1144,0.0253,0.0207,0.021,2.09,26.76,9.32,44.4,20.22,0,MOD-00623,2025-04-19T05:45:31,2025-04-18T22:45:31,https://api.quant-aq.com/v1/devices/MOD-00623/data/raw/366829643
0,644.6,41.69999999999993,686.3,1440.3,666.3,-0.5,665.8,1646.7,1.599999999999909,1648.3,1646.4,13.0,1661.3,,,61.9,14.5,0.0,0.0,0.0,411.5,1.4,4.2,3.9,4.1313,0.9886,0.0,0.0,0.0,0.0,0.0,0.0,0.0,0.0,0.0,0.0,0.6177,0.0,0.0,0.0,0.0,0.247,0.3613,0.2583,0.1148,0.0355,0.0199,0.0079,1.87,18.25,8.46,44.29,20.22,0,MOD-00623,2025-04-19T05:44:31,2025-04-18T22:44:31,https://api.quant-aq.com/v1/devices/MOD-00623/data/raw/366829645
0,645.2,41.09999999999991,686.3,1436.4,665.9,-0.5,665.4,1646.6,1.6000000000001364,1648.2,1646.5,13.599999999999909,1661.8,,,61.6,14.5,0.0,0.0,0.0,488.5,2.2,6.2,5.3,3.5791,0.9436,0.0065,0.0,0.0,0.0,0.0,0.0,0.0,0.0,0.0,0.0,0.5487,0.0,0.0,0.0,0.0,0.2525,0.3091,0.2232,0.0636,0.0383,0.0309,0.0284,1.68,25.94,7.32,44.18,20.28,0,MOD-00623,2025-04-19T05:43:31,2025-04-18T22:43:31,https://api.quant-aq.com/v1/devices/MOD-00623/data/raw/366827247
0,645.5,41.299999999999955,686.8,1442.2,666.6,-0.20000000000004547,666.4,1646.6,1.800000000000182,1648.4,1646.8,13.099999999999909,1661.5,,,61.6,14.5,0.0,0.0,0.0,414.5,1.5,3.5,3.5,3.9175,0.964,0.0036,0.0034,0.0,0.0,0.0,0.0,0.0,0.0,0.0,0.0,0.5285,0.0,0.0,0.0,0.0,0.2314,0.3339,0.2822,0.0734,0.0334,0.0362,0.0036,1.75,21.72,7.95,44.12,20.28,0,MOD-00623,2025-04-19T05:42:31,2025-04-18T22:42:31,https://api.quant-aq.com/v1/devices/MOD-00623/data/raw/366827245
0,646.1,40.39999999999998,686.5,1438.8,666.6,-0.5,666.1,1646.6,1.7000000000000455,1648.3,1646.6,13.299999999999955,1661.6,,,61.5,14.5,0.0,0.0,0.0,385.0,1.0,2.8,2.8,4.284,0.9401,0.0,0.0,0.0,0.0,0.0,0.0,0.0,0.0,0.0,0.0,0.6012,0.0,0.0,0.0,0.0,0.2472,0.3423,0.3172,0.0999,0.0339,0.0037,0.0038,1.88,14.92,8.5,44.05,20.29,0,MOD-00623,2025-04-19T05:41:31,2025-04-18T22:41:31,https://api.quant-aq.com/v1/devices/MOD-00623/data/raw/366827244
0,644.8,41.0,685.8,1438.7,666.3,-0.1999999999999318,666.1,1646.5,1.599999999999909,1648.1,1646.8,13.600000000000136,1661.7,,,61.4,14.5,0.0,0.0,0.0,391.0,1.3,3.1,3.0,4.0956,0.9276,0.0,0.0,0.0,0.0,0.0,0.0,0.0,0.0,0.0,0.0,0.5648,0.0,0.0,0.0,0.0,0.2245,0.3207,0.2276,0.0924,0.0362,0.019,0.0141,1.74,18.43,7.57,43.97,20.31,0,MOD-00623,2025-04-19T05:40:31,2025-04-18T22:40:31,https://api.quant-aq.com/v1/devices/MOD-00623/data/raw/366827246
0,645.5,40.60000000000002,686.1,1439.5,666.4,-0.5,665.9,1646.5,1.7000000000000455,1648.2,1646.5,13.099999999999909,1661.3,,,61.2,14.6,0.0,0.0,0.0,384.5,1.3,3.1,2.8,3.6409,0.9341,0.0035,0.0,0.0,0.0,0.0,0.0,0.0,0.0,0.0,0.0,0.5908,0.0,0.0,0.0,0.0,0.2219,0.3418,0.2287,0.071,0.0331,0.0202,0.0039,1.72,16.57,7.3,43.87,20.32,0,MOD-00623,2025-04-19T05:39:31,2025-04-18T22:39:31,https://api.quant-aq.com/v1/devices/MOD-00623/data/raw/366824892
0,645.1,40.39999999999998,685.5,1439.8,665.5,-0.39999999999997726,665.1,1646.2,2.0,1648.2,1646.4,13.0,1661.2,,,61.0,14.6,0.0,0.0,0.0,375.25,1.2,3.7,3.7,4.1157,1.0325,0.0,0.0,0.0,0.0,0.0,0.0,0.0,0.0,0.0,0.0,0.5874,0.0,0.0,0.0,0.0,0.2521,0.3433,0.2649,0.071,0.0266,0.015,0.0076,1.84,15.54,7.67,43.78,20.35,0,MOD-00623,2025-04-19T05:38:31,2025-04-18T22:38:31,https://api.quant-aq.com/v1/devices/MOD-00623/data/raw/366824891
0,644.8,41.0,685.8,1439.0,666.6,-0.20000000000004547,666.4,1646.7,1.5,1648.2,1646.4,13.0,1661.2,,,60.9,14.6,0.0,0.0,0.0,343.25,1.1,3.8,2.9,4.1591,0.8896,0.0038,0.0,0.0,0.0,0.0,0.0,0.0,0.0,0.0,0.0,0.5887,0.0,0.0,0.0,0.0,0.2298,0.29,0.2601,0.1117,0.0346,0.0308,0.0154,1.75,22.88,8.12,43.7,20.36,0,MOD-00623,2025-04-19T05:37:31,2025-04-18T22:37:31,https://api.quant-aq.com/v1/devices/MOD-00623/data/raw/366824890
0,645.7,40.89999999999998,686.6,1435.6,666.7,-0.3000000000000682,666.4,1646.4,1.599999999999909,1648.0,1646.5,13.200000000000045,1661.2,,,60.8,14.6,0.0,0.0,0.0,572.75,2.4,4.9,4.1,3.8721,0.7479,0.0036,0.0,0.0,0.0,0.0,0.0,0.0,0.0,0.0,0.0,0.607,0.0,0.0,0.0,0.0,0.2224,0.2923,0.2433,0.0721,0.0218,0.0,0.0036,1.67,12.83,6.83,43.67,20.39,0,MOD-00623,2025-04-19T05:36:31,2025-04-18T22:36:31,https://api.quant-aq.com/v1/devices/MOD-00623/data/raw/366824889
0,645.9,40.30000000000007,686.2,1435.6,665.9,-0.6000000000000227,665.3,1646.4,1.699999999999818,1648.1,1646.5,13.400000000000091,1661.5,,,60.8,14.6,0.0,0.0,0.0,431.5,1.4,3.7,3.6,3.9248,0.8556,0.0,0.0,0.0,0.0,0.0,0.0,0.0,0.0,0.0,0.0,0.5831,0.0,0.0,0.0,0.0,0.2141,0.2973,0.2388,0.0839,0.0181,0.0144,0.0035,1.68,13.4,7.05,43.64,20.41,0,MOD-00623,2025-04-19T05:35:31,2025-04-18T22:35:31,https://api.quant-aq.com/v1/devices/MOD-00623/data/raw/366822529
0,643.6,42.799999999999955,686.4,1437.1,666.5,-0.2999999999999545,666.2,1646.5,1.599999999999909,1648.1,1646.4,13.300000000000182,1661.4,,,60.5,14.7,0.0,0.0,0.0,482.25,1.8,5.0,4.0,4.2424,1.0999,0.0,0.0,0.0,0.0,0.0,0.0,0.0,0.0,0.0,0.0,0.5358,0.0,0.0,0.0,0.0,0.2556,0.3162,0.2635,0.107,0.0106,0.0296,0.0035,1.83,16.39,7.89,43.56,20.43,0,MOD-00623,2025-04-19T05:34:31,2025-04-18T22:34:31,https://api.quant-aq.com/v1/devices/MOD-00623/data/raw/366822530
0,645.3,41.200000000000045,686.5,1437.7,667.0,-0.39999999999997726,666.6,1646.5,1.599999999999909,1648.1,1646.3,13.200000000000045,1661.3,,,60.6,14.7,0.0,0.0,0.0,469.25,1.7,4.5,4.5,4.3235,0.9954,0.0,0.0,0.0,0.0,0.0,0.0,0.0,0.0,0.0,0.0,0.6127,0.0,0.0,0.0,0.0,0.2079,0.3014,0.2015,0.1184,0.0036,0.0329,0.0109,1.77,17.76,7.3,43.59,20.43,0,MOD-00623,2025-04-19T05:33:31,2025-04-18T22:33:31,https://api.quant-aq.com/v1/devices/MOD-00623/data/raw/366822528
0,645.2,41.19999999999993,686.4,1438.7,667.0,-0.39999999999997726,666.6,1646.4,1.699999999999818,1648.1,1646.6,13.200000000000045,1661.3,,,60.5,14.7,0.0,0.0,0.0,451.5,1.3,3.8,3.8,3.8429,0.9967,0.0,0.0,0.0,0.0,0.0,0.0,0.0,0.0,0.0,0.0,0.6566,0.0,0.0,0.0,0.0,0.2426,0.3505,0.369,0.0762,0.0271,0.0262,0.0152,1.91,20.81,8.9,43.48,20.48,0,MOD-00623,2025-04-19T05:32:31,2025-04-18T22:32:31,https://api.quant-aq.com/v1/devices/MOD-00623/data/raw/366822527
0,644.8,41.40000000000009,686.2,1437.7,666.3,-0.5,665.8,1646.5,1.7999999999999545,1648.3,1646.3,13.100000000000136,1661.4,,,60.3,14.7,0.0,0.0,0.0,370.0,0.9,4.2,3.9,3.8241,0.9238,0.0112,0.0,0.0,0.0,0.0,0.0,0.0,0.0,0.0,0.0,0.6158,0.0,0.0,0.0,0.0,0.2,0.3377,0.2486,0.0997,0.0332,0.0447,0.0188,1.74,28.55,8.16,43.42,20.52,0,MOD-00623,2025-04-19T05:31:31,2025-04-18T22:31:31,https://api.quant-aq.com/v1/devices/MOD-00623/data/raw/366820196
0,644.8,41.700000000000045,686.5,1438.6,666.7,-0.20000000000004547,666.5,1646.5,1.599999999999909,1648.1,1646.4,12.800000000000182,1660.9,,,60.2,14.7,0.0,0.0,0.0,454.75,2.2,5.6,4.1,4.1417,0.9504,0.0075,0.0,0.0,0.0,0.0,0.0,0.0,0.0,0.0,0.0,0.6212,0.0,0.0,0.0,0.0,0.2387,0.3278,0.239,0.1231,0.03,0.0378,0.0149,1.82,25.37,8.34,43.34,20.52,0,MOD-00623,2025-04-19T05:30:31,2025-04-18T22:30:31,https://api.quant-aq.com/v1/devices/MOD-00623/data/raw/366820195
0,644.9,41.60000000000002,686.5,1437.9,666.5,-0.6000000000000227,665.9,1646.7,1.5,1648.2,1646.5,13.099999999999909,1661.3,,,60.2,14.8,0.0,0.0,0.0,398.75,1.6,4.6,3.3,4.3209,0.8962,0.004,0.0,0.0,0.0,0.0,0.0,0.0,0.0,0.0,0.0,0.6875,0.0,0.0,0.0,0.0,0.277,0.3393,0.2691,0.0809,0.0459,0.0422,0.0152,1.92,25.04,8.54,43.37,20.52,0,MOD-00623,2025-04-19T05:29:31,2025-04-18T22:29:31,https://api.quant-aq.com/v1/devices/MOD-00623/data/raw/366820193
0,644.4,42.5,686.9,1434.3,666.9,-0.2999999999999545,666.6,1646.4,1.7999999999999545,1648.2,1646.6,13.0,1661.2,,,60.1,14.8,0.0,0.0,0.0,455.0,1.7,4.8,4.1,4.1636,0.9904,0.0036,0.0,0.0,0.0,0.0,0.0,0.0,0.0,0.0,0.0,0.6308,0.0,0.0,0.0,0.0,0.2223,0.2483,0.2073,0.1435,0.04,0.0291,0.0074,1.74,20.83,7.91,43.34,20.55,0,MOD-00623,2025-04-19T05:28:31,2025-04-18T22:28:31,https://api.quant-aq.com/v1/devices/MOD-00623/data/raw/366820194
0,645.5,41.39999999999998,686.9,1440.4,667.2,-0.3000000000000682,666.9,1646.5,1.900000000000091,1648.4,1646.5,12.599999999999909,1661.0,,,60.3,14.8,0.0,0.0,0.0,352.0,1.2,3.4,3.2,4.201,1.0241,0.0078,0.0,0.0,0.0,0.0,0.0,0.0,0.0,0.0,0.0,0.6193,0.0,0.0,0.0,0.0,0.2451,0.3359,0.3078,0.1116,0.0347,0.0429,0.0157,1.89,27.44,9.03,43.42,20.58,0,MOD-00623,2025-04-19T05:27:31,2025-04-18T22:27:31,https://api.quant-aq.com/v1/devices/MOD-00623/data/raw/366817811
0,645.8,41.10000000000002,686.9,1437.6,666.7,-0.6000000000000227,666.1,1646.4,2.0,1648.4,1646.3,12.699999999999818,1661.1,,,60.4,14.8,0.0,0.0,0.0,365.25,1.1,2.7,2.7,4.0087,0.8688,0.0,0.0,0.0,0.0,0.0,0.0,0.0,0.0,0.0,0.0,0.6063,0.0,0.0,0.0,0.0,0.3111,0.3743,0.2815,0.1095,0.0225,0.0148,0.0075,1.9,16.87,8.53,43.48,20.59,0,MOD-00623,2025-04-19T05:26:31,2025-04-18T22:26:31,https://api.quant-aq.com/v1/devices/MOD-00623/data/raw/366817810
0,645.4,42.0,687.4,1438.6,666.9,-0.5,666.4,1646.7,1.7999999999999545,1648.5,1646.5,12.900000000000091,1661.4,,,60.1,14.9,0.0,0.0,0.0,434.5,1.2,3.4,3.4,4.3908,0.9903,0.0037,0.0035,0.0,0.0,0.0,0.0,0.0,0.0,0.0,0.0,0.5264,0.0,0.0,0.0,0.0,0.1894,0.3247,0.2905,0.1173,0.0284,0.0179,0.0144,1.77,23.02,8.33,43.37,20.6,0,MOD-00623,2025-04-19T05:25:31,2025-04-18T22:25:31,https://api.quant-aq.com/v1/devices/MOD-00623/data/raw/366817809
0,645.1,41.799999999999955,686.9,1438.7,667.1,-0.20000000000004547,666.9,1646.5,2.0,1648.5,1646.6,12.700000000000045,1661.2,,,60.0,14.9,0.0,0.0,0.0,372.5,1.4,3.0,2.8,3.9576,0.9906,0.0036,0.0,0.0,0.0,0.0,0.0,0.0,0.0,0.0,0.0,0.5939,0.0,0.0,0.0,0.0,0.2325,0.3577,0.2655,0.1212,0.0225,0.0223,0.0072,1.83,19.32,8.36,43.28,20.63,0,MOD-00623,2025-04-19T05:24:31,2025-04-18T22:24:31,https://api.quant-aq.com/v1/devices/MOD-00623/data/raw/366817808
0,645.0,42.10000000000002,687.1,1438.1,666.9,-0.5,666.4,1646.7,2.099999999999909,1648.8,1646.5,12.400000000000091,1661.2,,,60.0,14.9,0.0,0.0,0.0,440.0,1.7,4.2,3.8,3.8067,0.9501,0.0038,0.0,0.0,0.0,0.0,0.0,0.0,0.0,0.0,0.0,0.5664,0.0,0.0,0.0,0.0,0.211,0.3914,0.2493,0.1129,0.0325,0.0379,0.0036,1.78,20.98,8.43,43.22,20.66,0,MOD-00623,2025-04-19T05:23:31,2025-04-18T22:23:31,https://api.quant-aq.com/v1/devices/MOD-00623/data/raw/366815432
0,645.5,41.799999999999955,687.3,1438.1,666.7,-0.40000000000009095,666.3,1646.7,2.0,1648.7,1646.7,12.599999999999909,1661.3,,,59.8,14.9,0.0,0.0,0.0,415.75,1.3,3.5,3.5,3.9955,0.9178,0.0075,0.0,0.0,0.0,0.0,0.0,0.0,0.0,0.0,0.0,0.5578,0.0,0.0,0.0,0.0,0.2125,0.3615,0.2168,0.1027,0.0332,0.0222,0.0184,1.74,23.39,7.79,43.1,20.69,0,MOD-00623,2025-04-19T05:22:31,2025-04-18T22:22:31,https://api.quant-aq.com/v1/devices/MOD-00623/data/raw/366815433
0,643.8,42.30000000000007,686.1,1438.1,666.5,-0.6000000000000227,665.9,1646.6,2.1000000000001364,1648.7,1646.6,12.5,1661.2,,,59.7,14.9,0.0,0.0,0.0,404.25,1.1,3.1,3.1,4.3951,1.0177,0.0036,0.0,0.0,0.0,0.0,0.0,0.0,0.0,0.0,0.0,0.5735,0.0,0.0,0.0,0.0,0.1898,0.3513,0.2752,0.1067,0.0613,0.0457,0.0154,1.83,27.09,8.97,43.07,20.69,0,MOD-00623,2025-04-19T05:21:31,2025-04-18T22:21:31,https://api.quant-aq.com/v1/devices/MOD-00623/data/raw/366815430
0,645.7,40.89999999999998,686.6,1436.9,667.0,-0.39999999999997726,666.6,1646.6,2.0,1648.6,1646.7,12.5,1661.1,,,59.6,15.0,0.0,0.0,0.0,379.25,1.0,3.4,2.9,4.42,1.1084,0.0045,0.0038,0.0,0.0,0.0,0.0,0.0,0.0,0.0,0.0,0.649,0.0,0.0,0.0,0.0,0.2216,0.3392,0.2863,0.1027,0.0335,0.0133,0.0078,1.93,21.31,8.4,43.0,20.68,0,MOD-00623,2025-04-19T05:20:31,2025-04-18T22:20:31,https://api.quant-aq.com/v1/devices/MOD-00623/data/raw/366815431
0,644.9,42.10000000000002,687.0,1441.1,666.7,-0.5,666.2,1646.7,1.8999999999998636,1648.6,1646.7,12.5,1661.1,,,59.5,15.0,0.0,0.0,0.0,453.75,1.7,3.5,3.5,4.2377,0.9298,0.0,0.0036,0.0,0.0,0.0,0.0,0.0,0.0,0.0,0.0,0.5879,0.0,0.0,0.0,0.0,0.2876,0.3911,0.2766,0.1218,0.0269,0.0386,0.0038,1.92,22.16,8.98,42.9,20.73,0,MOD-00623,2025-04-19T05:19:31,2025-04-18T22:19:31,https://api.quant-aq.com/v1/devices/MOD-00623/data/raw/366813068
0,642.9,43.30000000000007,686.2,1441.6,666.8,-0.39999999999997726,666.4,1646.5,1.7999999999999545,1648.3,1646.2,12.5,1660.8,,,59.4,15.0,0.0,0.0,0.0,403.25,1.6,3.8,3.8,4.4785,0.8322,0.0,0.0,0.0,0.0,0.0,0.0,0.0,0.0,0.0,0.0,0.6755,0.0,0.0,0.0,0.0,0.2378,0.3622,0.2995,0.091,0.0488,0.0295,0.008,1.92,20.43,8.83,42.67,20.7,0,MOD-00623,2025-04-19T05:18:31,2025-04-18T22:18:31,https://api.quant-aq.com/v1/devices/MOD-00623/data/raw/366813067
0,644.4,42.200000000000045,686.6,1438.1,666.5,-0.39999999999997726,666.1,1646.7,1.5,1648.2,1646.7,12.700000000000045,1660.9,,,59.2,15.0,0.0,0.0,0.0,337.75,1.0,3.5,3.5,4.4838,1.0632,0.0,0.0,0.0,0.0,0.0,0.0,0.0,0.0,0.0,0.0,0.6447,0.0,0.0,0.0,0.0,0.2712,0.3405,0.2624,0.1148,0.0412,0.0409,0.0041,1.96,20.77,8.8,42.67,20.76,0,MOD-00623,2025-04-19T05:17:31,2025-04-18T22:17:31,https://api.quant-aq.com/v1/devices/MOD-00623/data/raw/366813066
0,647.2,40.0,687.2,1441.6,666.4,-0.39999999999997726,666.0,1646.5,1.7999999999999545,1648.3,1646.5,12.299999999999955,1660.6,,,59.2,15.0,0.0,0.0,0.0,369.0,1.2,3.8,3.5,4.2905,0.8928,0.0042,0.0039,0.0,0.0,0.0,0.0,0.0,0.0,0.0,0.0,0.613,0.0,0.0,0.0,0.0,0.248,0.3472,0.2526,0.0958,0.0326,0.032,0.004,1.84,22.21,8.13,42.6,20.78,0,MOD-00623,2025-04-19T05:16:31,2025-04-18T22:16:31,https://api.quant-aq.com/v1/devices/MOD-00623/data/raw/366813065
0,645.0,41.799999999999955,686.8,1436.6,667.1,-0.5,666.6,1646.6,1.7000000000000455,1648.3,1646.4,12.400000000000091,1660.7,,,58.9,15.0,0.0,0.0,0.0,407.75,1.5,4.8,4.3,3.9383,0.9694,0.0039,0.0,0.0039,0.0,0.0,0.0,0.0,0.0,0.0,0.0,0.6379,0.0,0.0,0.0,0.0,0.194,0.3117,0.2845,0.0572,0.0435,0.0427,0.0,1.77,22.68,7.85,42.48,20.78,0,MOD-00623,2025-04-19T05:15:31,2025-04-18T22:15:31,https://api.quant-aq.com/v1/devices/MOD-00623/data/raw/366810724
0,644.8,42.40000000000009,687.2,1437.4,666.6,-0.39999999999997726,666.2,1646.6,1.6000000000001364,1648.2,1646.4,12.399999999999864,1660.6,,,58.8,15.1,0.0,0.0,0.0,417.25,1.4,4.3,3.8,4.4434,0.8874,0.0,0.0043,0.0,0.0,0.0,0.0,0.0,0.0,0.0,0.0,0.622,0.0,0.0,0.0,0.0,0.2356,0.3645,0.2917,0.1003,0.0481,0.0243,0.008,1.89,22.35,8.79,42.43,20.8,0,MOD-00623,2025-04-19T05:14:31,2025-04-18T22:14:31,https://api.quant-aq.com/v1/devices/MOD-00623/data/raw/366810723
0,644.8,42.5,687.3,1437.6,667.0,-0.2999999999999545,666.7,1646.5,1.7000000000000455,1648.2,1646.6,12.399999999999864,1660.6,,,58.8,15.1,0.0,0.0,0.0,496.75,1.8,4.2,4.1,4.5002,0.9065,0.0,0.0,0.0,0.0,0.0,0.0,0.0,0.0,0.0,0.0,0.6423,0.0,0.0,0.0,0.0,0.248,0.3101,0.2877,0.0789,0.0495,0.0414,0.0078,1.87,21.35,8.44,42.46,20.82,0,MOD-00623,2025-04-19T05:13:31,2025-04-18T22:13:31,https://api.quant-aq.com/v1/devices/MOD-00623/data/raw/366810721
0,644.9,41.700000000000045,686.6,1440.5,667.3,-0.5,666.8,1646.7,1.7000000000000455,1648.4,1646.5,12.399999999999864,1660.8,,,58.9,15.1,0.0,0.0,0.0,384.5,1.5,3.5,3.1,3.9644,0.914,0.0077,0.0,0.0039,0.0,0.0,0.0,0.0,0.0,0.0,0.0,0.6311,0.0,0.0,0.0,0.0,0.2615,0.37,0.275,0.1085,0.0272,0.0345,0.008,1.87,26.05,8.62,42.39,20.82,0,MOD-00623,2025-04-19T05:12:31,2025-04-18T22:12:31,https://api.quant-aq.com/v1/devices/MOD-00623/data/raw/366810722
0,643.5,43.39999999999998,686.9,1437.9,666.7,-0.5,666.2,1646.6,1.800000000000182,1648.4,1646.7,12.399999999999864,1660.8,,,58.8,15.1,0.0,0.0,0.0,395.75,1.4,3.8,3.1,4.1944,0.9336,0.0041,0.0,0.0,0.0,0.0,0.0,0.0,0.0,0.0,0.0,0.6986,0.0,0.0,0.0,0.0,0.2904,0.3961,0.2741,0.1086,0.0512,0.0237,0.0157,2.0,24.14,9.18,42.32,20.86,0,MOD-00623,2025-04-19T05:11:31,2025-04-18T22:11:31,https://api.quant-aq.com/v1/devices/MOD-00623/data/raw/366808404
0,643.9,43.0,686.9,1441.8,667.3,-0.2999999999999545,667.0,1646.7,1.7000000000000455,1648.4,1646.6,12.199999999999818,1660.6,,,58.6,15.1,0.0,0.0,0.0,484.75,2.0,3.8,3.8,4.5077,0.9897,0.0,0.0,0.0,0.0,0.0,0.0,0.0,0.0,0.0,0.0,0.6445,0.0,0.0,0.0,0.0,0.2701,0.3774,0.32,0.105,0.0354,0.0243,0.0,2.0,17.51,9.11,42.27,20.86,0,MOD-00623,2025-04-19T05:10:31,2025-04-18T22:10:31,https://api.quant-aq.com/v1/devices/MOD-00623/data/raw/366808402
0,645.6,41.10000000000002,686.7,1440.8,666.7,-0.6000000000000227,666.1,1646.6,1.7000000000000455,1648.3,1646.6,12.200000000000045,1660.5,,,58.6,15.1,0.0,0.0,0.0,439.25,1.7,3.2,3.0,4.8261,1.0467,0.0079,0.0,0.0,0.0,0.0,0.0,0.0,0.0,0.0,0.0,0.6216,0.0,0.0,0.0,0.0,0.2337,0.3936,0.281,0.1407,0.04,0.0435,0.0039,2.0,25.63,9.53,42.21,20.84,0,MOD-00623,2025-04-19T05:09:31,2025-04-18T22:09:31,https://api.quant-aq.com/v1/devices/MOD-00623/data/raw/366808403
0,645.5,41.299999999999955,686.8,1440.9,666.7,-0.3000000000000682,666.4,1646.6,1.800000000000182,1648.4,1646.6,12.299999999999955,1660.7,,,58.4,15.2,0.0,0.0,0.0,364.75,1.1,3.1,2.8,4.135,0.9195,0.0078,0.0,0.0,0.0,0.0,0.0,0.0,0.0,0.0,0.0,0.6333,0.0,0.0,0.0,0.0,0.2783,0.3622,0.2635,0.0846,0.0198,0.0205,0.0158,1.89,22.01,8.03,42.08,20.89,0,MOD-00623,2025-04-19T05:08:31,2025-04-18T22:08:31,https://api.quant-aq.com/v1/devices/MOD-00623/data/raw/366808401
0,645.0,42.39999999999998,687.4,1437.9,666.6,-0.39999999999997726,666.2,1646.6,1.7000000000000455,1648.3,1646.5,12.299999999999955,1660.6,,,58.1,15.2,0.0,0.0,0.0,398.0,1.2,3.5,3.5,4.4489,1.0015,0.0039,0.0,0.0,0.0,0.0,0.0,0.0,0.0,0.0,0.0,0.668,0.0,0.0,0.0,0.0,0.2292,0.2867,0.2655,0.1205,0.0494,0.0282,0.0081,1.87,22.04,8.55,42.0,20.89,0,MOD-00623,2025-04-19T05:07:31,2025-04-18T22:07:31,https://api.quant-aq.com/v1/devices/MOD-00623/data/raw/366805977
0,644.1,42.69999999999993,686.8,1440.4,667.3,-0.5,666.8,1646.6,1.7000000000000455,1648.3,1646.5,12.200000000000045,1660.5,,,58.1,15.2,0.0,0.0,0.0,338.0,0.8,3.5,2.4,4.3768,0.9764,0.0081,0.0,0.0,0.0,0.0,0.0,0.0,0.0,0.0,0.0,0.6404,0.0,0.0,0.0,0.0,0.2027,0.3502,0.2657,0.0813,0.0368,0.0201,0.0156,1.86,22.88,8.04,41.94,20.9,0,MOD-00623,2025-04-19T05:06:31,2025-04-18T22:06:31,https://api.quant-aq.com/v1/devices/MOD-00623/data/raw/366805978
0,645.7,42.5,688.2,1439.5,667.1,-0.20000000000004547,666.9,1646.7,1.7000000000000455,1648.4,1646.5,11.899999999999864,1660.3,,,58.0,15.2,0.0,0.0,0.0,510.25,2.0,4.2,4.2,4.8195,1.0271,0.0,0.0,0.0,0.0,0.0,0.0,0.0,0.0,0.0,0.0,0.5819,0.0,0.0,0.0,0.0,0.262,0.3776,0.2508,0.1061,0.0263,0.031,0.0196,1.96,22.24,8.49,41.87,20.89,0,MOD-00623,2025-04-19T05:05:31,2025-04-18T22:05:31,https://api.quant-aq.com/v1/devices/MOD-00623/data/raw/366805980
0,646.0,41.799999999999955,687.8,1441.4,667.6,-0.6000000000000227,667.0,1646.6,1.800000000000182,1648.4,1646.4,11.799999999999955,1660.2,,,58.0,15.2,0.0,0.0,0.0,396.25,1.2,4.2,4.2,4.0718,0.9215,0.0,0.0,0.0038,0.0,0.0,0.0,0.0,0.0,0.0,0.0,0.6117,0.0,0.0,0.0,0.0,0.2435,0.2627,0.1816,0.0973,0.0114,0.0151,0.0038,1.7,15.43,6.57,41.75,20.91,0,MOD-00623,2025-04-19T05:04:31,2025-04-18T22:04:31,https://api.quant-aq.com/v1/devices/MOD-00623/data/raw/366805979
0,644.9,42.80000000000007,687.7,1439.8,666.8,-0.39999999999997726,666.4,1646.8,1.6000000000001364,1648.4,1646.7,11.899999999999864,1660.3,,,57.7,15.2,0.0,0.0,0.0,384.75,1.5,2.8,2.6,4.2209,0.8544,0.0,0.0,0.0,0.0,0.0,0.0,0.0,0.0,0.0,0.0,0.7091,0.0,0.0,0.0,0.0,0.267,0.3029,0.224,0.067,0.0395,0.0117,0.0119,1.84,16.32,7.31,41.7,20.94,0,MOD-00623,2025-04-19T05:03:31,2025-04-18T22:03:31,https://api.quant-aq.com/v1/devices/MOD-00623/data/raw/366803615
0,644.2,43.09999999999991,687.3,1441.2,666.6,-0.7000000000000455,665.9,1646.8,1.6000000000001364,1648.4,1646.6,11.599999999999909,1660.0,,,57.5,15.2,0.0,0.0,0.0,410.5,1.3,4.0,3.6,4.3578,0.8092,0.0,0.0,0.0,0.0,0.0,0.0,0.0,0.0,0.0,0.0,0.7046,0.0,0.0,0.0,0.0,0.2658,0.3451,0.2717,0.0991,0.0237,0.0198,0.0205,1.91,20.57,8.3,41.61,20.96,0,MOD-00623,2025-04-19T05:02:31,2025-04-18T22:02:31,https://api.quant-aq.com/v1/devices/MOD-00623/data/raw/366803613
0,644.7,42.59999999999991,687.3,1440.0,667.6,-0.20000000000004547,667.4,1646.6,1.7000000000000455,1648.3,1646.6,11.600000000000136,1659.9,,,57.3,15.3,0.0,0.0,0.0,468.75,1.5,5.8,3.8,4.5798,0.9412,0.0039,0.0,0.0,0.0,0.0,0.0,0.0,0.0,0.0,0.0,0.5589,0.0,0.0,0.0,0.0,0.2549,0.3206,0.2265,0.0741,0.0155,0.0317,0.0078,1.81,18.43,7.26,41.48,20.96,0,MOD-00623,2025-04-19T05:01:31,2025-04-18T22:01:31,https://api.quant-aq.com/v1/devices/MOD-00623/data/raw/366803614
0,645.7,42.09999999999991,687.8,1440.9,667.1,-0.6000000000000227,666.5,1646.6,1.800000000000182,1648.4,1646.6,11.599999999999909,1660.0,,,57.3,15.3,0.0,0.0,0.0,395.75,1.0,3.1,2.6,5.1,0.8093,0.0,0.0,0.0077,0.0,0.0,0.0,0.0,0.0,0.0,0.0,0.5153,0.0,0.0,0.0,0.0,0.2169,0.3007,0.1994,0.0827,0.0397,0.0319,0.0158,1.74,25.69,7.28,41.37,20.97,0,MOD-00623,2025-04-19T05:00:31,2025-04-18T22:00:31,https://api.quant-aq.com/v1/devices/MOD-00623/data/raw/366803612
0,643.9,44.10000000000002,688.0,1438.6,667.1,-0.3000000000000682,666.8,1646.9,1.5,1648.4,1646.6,11.299999999999955,1659.7,,,57.0,15.3,0.0,0.0,0.0,417.25,1.2,4.2,3.4,3.9796,0.7965,0.0,0.0,0.0,0.0,0.0,0.0,0.0,0.0,0.0,0.0,0.5177,0.0,0.0,0.0,0.0,0.1835,0.3096,0.1784,0.0937,0.037,0.0114,0.0152,1.58,16.8,6.82,41.29,20.97,0,MOD-00623,2025-04-19T04:59:31,2025-04-18T21:59:31,https://api.quant-aq.com/v1/devices/MOD-00623/data/raw/366801283
0,644.2,43.69999999999993,687.9,1438.1,667.0,-0.39999999999997726,666.6,1646.6,1.800000000000182,1648.4,1646.8,11.399999999999864,1659.8,,,56.9,15.3,0.0,0.0,0.0,345.0,0.9,3.0,2.6,4.4319,0.921,0.0038,0.0,0.0,0.0,0.0,0.0,0.0,0.0,0.0,0.0,0.5544,0.0,0.0,0.0,0.0,0.1751,0.3259,0.1941,0.1003,0.0078,0.0383,0.0,1.71,16.87,7.03,41.19,20.97,0,MOD-00623,2025-04-19T04:58:31,2025-04-18T21:58:31,https://api.quant-aq.com/v1/devices/MOD-00623/data/raw/366801286
0,644.3,43.700000000000045,688.0,1439.8,667.3,-0.09999999999990905,667.2,1646.7,1.7000000000000455,1648.4,1646.7,11.399999999999864,1659.8,,,56.7,15.3,0.0,0.0,0.0,424.5,1.4,4.5,4.2,4.2971,0.8679,0.0038,0.0038,0.0,0.0,0.0,0.0,0.0,0.0,0.0,0.0,0.5222,0.0,0.0,0.0,0.0,0.2374,0.2898,0.288,0.0941,0.019,0.019,0.0115,1.73,21.11,7.76,41.07,20.97,0,MOD-00623,2025-04-19T04:57:31,2025-04-18T21:57:31,https://api.quant-aq.com/v1/devices/MOD-00623/data/raw/366801285
0,644.9,42.39999999999998,687.3,1441.8,667.3,-0.5,666.8,1646.9,1.599999999999909,1648.5,1646.6,11.0,1659.5,,,56.6,15.3,0.0,0.0,0.0,409.5,1.6,4.7,3.9,3.9008,0.7788,0.004,0.0,0.0,0.0,0.0,0.0,0.0,0.0,0.0,0.0,0.4048,0.0,0.0,0.0,0.0,0.1728,0.3093,0.2309,0.0613,0.0117,0.0227,0.0192,1.5,19.1,6.52,40.96,20.99,0,MOD-00623,2025-04-19T04:56:31,2025-04-18T21:56:31,https://api.quant-aq.com/v1/devices/MOD-00623/data/raw/366801284
0,645.3,42.30000000000007,687.6,1440.3,667.3,-0.39999999999997726,666.9,1646.8,1.6000000000001364,1648.4,1646.5,11.099999999999909,1659.5,,,56.5,15.3,0.0,0.0,0.0,424.0,1.6,3.7,3.0,4.1398,0.9118,0.0,0.0,0.0,0.0,0.0,0.0,0.0,0.0,0.0,0.0,0.7128,0.0,0.0,0.0,0.0,0.2216,0.2817,0.2249,0.0628,0.0205,0.008,0.0165,1.79,15.42,6.78,40.79,20.99,0,MOD-00623,2025-04-19T04:55:31,2025-04-18T21:55:31,https://api.quant-aq.com/v1/devices/MOD-00623/data/raw/366798931
0,644.1,44.19999999999993,688.3,1440.8,667.1,-0.6000000000000227,666.5,1646.6,1.900000000000091,1648.5,1646.5,10.799999999999955,1659.3,,,56.2,15.3,0.0,0.0,0.0,352.0,0.9,3.6,2.4,4.2081,0.8941,0.0,0.0038,0.0,0.0,0.0,0.0,0.0,0.0,0.0,0.0,0.4898,0.0,0.0,0.0,0.0,0.1683,0.2593,0.1989,0.0724,0.0075,0.0228,0.0074,1.56,16.01,6.13,40.7,21.01,0,MOD-00623,2025-04-19T04:54:31,2025-04-18T21:54:31,https://api.quant-aq.com/v1/devices/MOD-00623/data/raw/366798934
0,642.4,45.200000000000045,687.6,1440.4,667.8,-0.39999999999997726,667.4,1646.7,1.7999999999999545,1648.5,1646.7,10.599999999999909,1659.1,,,56.0,15.3,0.0,0.0,0.0,414.0,1.3,3.2,3.2,4.4396,0.7493,0.0,0.0,0.0,0.0,0.0,0.0,0.0,0.0,0.0,0.0,0.5277,0.0,0.0,0.0,0.0,0.1383,0.2931,0.1934,0.0658,0.0271,0.0197,0.004,1.57,13.53,6.33,40.51,21.0,0,MOD-00623,2025-04-19T04:53:31,2025-04-18T21:53:31,https://api.quant-aq.com/v1/devices/MOD-00623/data/raw/366798932
0,644.7,43.299999999999955,688.0,1445.6,667.5,-0.10000000000002274,667.4,1646.7,1.8999999999998636,1648.6,1646.5,10.100000000000136,1658.7,,,55.9,15.3,0.0,0.0,0.0,389.75,0.9,3.4,3.4,4.5067,0.7967,0.0,0.0,0.0,0.0,0.0,0.0,0.0,0.0,0.0,0.0,0.5658,0.0,0.0,0.0,0.0,0.1896,0.2804,0.2216,0.0908,0.0164,0.0122,0.0083,1.67,14.11,6.84,40.36,21.01,0,MOD-00623,2025-04-19T04:52:31,2025-04-18T21:52:31,https://api.quant-aq.com/v1/devices/MOD-00623/data/raw/366798933
0,643.9,42.89999999999998,686.8,1442.7,667.9,-0.6000000000000227,667.3,1646.7,1.7000000000000455,1648.4,1646.7,10.5,1658.9,,,55.7,15.3,0.0,0.0,0.0,353.75,0.8,2.1,2.1,4.3896,0.7972,0.0039,0.0,0.0,0.0,0.0,0.0,0.0,0.0,0.0,0.0,0.5091,0.0,0.0,0.0,0.0,0.1408,0.2276,0.1586,0.0676,0.0196,0.0272,0.0039,1.49,14.96,5.67,40.26,21.01,0,MOD-00623,2025-04-19T04:51:31,2025-04-18T21:51:31,https://api.quant-aq.com/v1/devices/MOD-00623/data/raw/366796575
0,643.8,43.90000000000009,687.7,1439.5,666.5,-0.5,666.0,1646.6,1.800000000000182,1648.4,1646.6,10.299999999999955,1658.7,,,55.4,15.3,0.0,0.0,0.0,422.75,1.3,2.8,2.8,4.2102,0.7584,0.004,0.004,0.0,0.0,0.0,0.0,0.0,0.0,0.0,0.0,0.5304,0.0,0.0,0.0,0.0,0.1766,0.2262,0.1807,0.1026,0.0264,0.0074,0.0037,1.53,16.36,6.31,40.12,21.0,0,MOD-00623,2025-04-19T04:50:31,2025-04-18T21:50:31,https://api.quant-aq.com/v1/devices/MOD-00623/data/raw/366796574
0,644.5,43.10000000000002,687.6,1440.1,666.8,-0.09999999999990905,666.7,1646.8,1.400000000000091,1648.2,1646.4,10.399999999999864,1658.6,,,55.3,15.3,0.0,0.0,0.0,450.5,1.9,3.2,3.2,4.7326,0.6968,0.0039,0.0,0.0,0.0,0.0,0.0,0.0,0.0,0.0,0.0,0.423,0.0,0.0,0.0,0.0,0.1579,0.2366,0.2291,0.0536,0.0234,0.0235,0.004,1.51,15.27,6.17,40.02,21.01,0,MOD-00623,2025-04-19T04:49:31,2025-04-18T21:49:31,https://api.quant-aq.com/v1/devices/MOD-00623/data/raw/366796573
0,644.2,43.5,687.7,1440.6,667.1,-0.20000000000004547,666.9,1646.6,1.900000000000091,1648.5,1646.5,10.099999999999909,1658.6,,,55.4,15.3,0.0,0.0,0.0,460.0,1.7,4.8,4.4,4.3273,0.7748,0.0,0.0,0.0,0.0,0.0,0.0,0.0,0.0,0.0,0.0,0.5785,0.0,0.0,0.0,0.0,0.2248,0.3061,0.1916,0.0514,0.0236,0.0117,0.0039,1.69,11.98,6.31,39.93,21.04,0,MOD-00623,2025-04-19T04:48:31,2025-04-18T21:48:31,https://api.quant-aq.com/v1/devices/MOD-00623/data/raw/366796572
0,645.4,42.700000000000045,688.1,1436.6,667.1,-0.39999999999997726,666.7,1646.7,1.599999999999909,1648.3,1646.6,10.400000000000091,1658.7,,,54.9,15.3,0.0,0.0,0.0,472.75,1.8,3.8,3.8,4.0661,0.805,0.0,0.0038,0.0,0.0,0.0,0.0,0.0,0.0,0.0,0.0,0.5091,0.0,0.0,0.0,0.0,0.1742,0.2385,0.1562,0.0578,0.0144,0.0112,0.0,1.49,11.64,5.36,39.74,21.04,0,MOD-00623,2025-04-19T04:47:31,2025-04-18T21:47:31,https://api.quant-aq.com/v1/devices/MOD-00623/data/raw/366794174
0,643.8,43.60000000000002,687.4,1440.6,667.8,-0.1999999999999318,667.6,1647.0,1.400000000000091,1648.4,1646.5,10.0,1658.4,,,54.6,15.4,0.0,0.0,0.0,427.0,1.2,3.8,3.8,4.1856,0.7554,0.0,0.0076,0.0,0.0,0.0,0.0,0.0,0.0,0.0,0.0,0.5617,0.0,0.0,0.0,0.0,0.1449,0.2427,0.1968,0.0597,0.0145,0.0111,0.0073,1.53,16.52,5.8,39.6,21.03,0,MOD-00623,2025-04-19T04:46:31,2025-04-18T21:46:31,https://api.quant-aq.com/v1/devices/MOD-00623/data/raw/366794173
0,645.9,42.39999999999998,688.3,1438.5,666.8,-0.2999999999999545,666.5,1646.7,1.599999999999909,1648.3,1646.7,10.0,1658.3,,,54.3,15.3,0.0,0.0,0.0,486.0,2.1,4.0,4.0,4.1333,0.8278,0.0,0.0,0.0,0.0,0.0,0.0,0.0,0.0,0.0,0.0,0.483,0.0,0.0,0.0,0.0,0.1537,0.2359,0.1785,0.05,0.0216,0.0288,0.0,1.48,12.38,5.67,39.42,21.03,0,MOD-00623,2025-04-19T04:45:31,2025-04-18T21:45:31,https://api.quant-aq.com/v1/devices/MOD-00623/data/raw/366794171
0,642.7,44.69999999999993,687.4,1438.1,667.6,-0.20000000000004547,667.4,1646.6,1.7000000000000455,1648.3,1646.6,10.0,1658.3,,,54.1,15.4,0.0,0.0,0.0,480.0,1.9,4.8,4.3,3.916,0.6027,0.0,0.0,0.0,0.0,0.0,0.0,0.0,0.0,0.0,0.0,0.3655,0.0,0.0,0.0,0.0,0.15,0.1958,0.1595,0.0541,0.0284,0.0108,0.0035,1.27,10.6,5.06,39.28,21.04,0,MOD-00623,2025-04-19T04:44:31,2025-04-18T21:44:31,https://api.quant-aq.com/v1/devices/MOD-00623/data/raw/366794170
0,643.9,43.60000000000002,687.5,1437.5,667.1,0.0,667.1,1646.9,1.199999999999818,1648.1,1646.4,10.0,1658.1,,,54.0,15.4,0.0,0.0,0.0,397.25,1.4,3.8,3.8,4.3241,0.7891,0.0,0.0,0.0,0.0,0.0,0.0,0.0,0.0,0.0,0.0,0.4156,0.0,0.0,0.0,0.0,0.1357,0.2246,0.1975,0.0489,0.0155,0.0147,0.0037,1.43,10.97,5.47,39.19,21.09,0,MOD-00623,2025-04-19T04:43:31,2025-04-18T21:43:31,https://api.quant-aq.com/v1/devices/MOD-00623/data/raw/366791805
0,643.1,44.19999999999993,687.3,1437.5,667.3,-0.09999999999990905,667.2,1646.7,1.599999999999909,1648.3,1646.5,9.799999999999955,1658.1,,,53.9,15.4,0.0,0.0,0.0,425.25,1.7,3.3,3.3,4.131,0.7157,0.0075,0.0,0.0,0.0,0.0,0.0,0.0,0.0,0.0,0.0,0.4452,0.0,0.0,0.0,0.0,0.1677,0.2087,0.1868,0.0583,0.0282,0.0179,0.0072,1.42,16.58,5.72,39.15,21.09,0,MOD-00623,2025-04-19T04:42:31,2025-04-18T21:42:31,https://api.quant-aq.com/v1/devices/MOD-00623/data/raw/366791806
0,643.7,43.799999999999955,687.5,1440.7,667.9,-0.10000000000002274,667.8,1646.5,1.7000000000000455,1648.2,1646.6,9.700000000000045,1657.9,,,53.9,15.4,0.0,0.0,0.0,447.25,1.4,3.8,3.3,4.67,0.7041,0.0,0.0037,0.0,0.0,0.0,0.0,0.0,0.0,0.0,0.0,0.4682,0.0,0.0,0.0,0.0,0.1844,0.2257,0.183,0.0391,0.0271,0.0198,0.0,1.52,13.45,5.58,39.08,21.06,0,MOD-00623,2025-04-19T04:41:31,2025-04-18T21:41:31,https://api.quant-aq.com/v1/devices/MOD-00623/data/raw/366791804
0,643.7,44.0,687.7,1439.9,667.3,-0.2999999999999545,667.0,1646.7,1.5,1648.2,1646.5,9.700000000000045,1657.9,,,53.5,15.4,0.0,0.0,0.0,400.0,1.3,2.6,2.6,4.4717,0.6639,0.0,0.0,0.0,0.0,0.0,0.0,0.0,0.0,0.0,0.0,0.448,0.0,0.0,0.0,0.0,0.1449,0.1962,0.1731,0.0731,0.0153,0.0157,0.0,1.41,10.39,5.44,38.84,21.06,0,MOD-00623,2025-04-19T04:40:31,2025-04-18T21:40:31,https://api.quant-aq.com/v1/devices/MOD-00623/data/raw/366791803
0,644.0,43.39999999999998,687.4,1440.3,667.2,-0.10000000000002274,667.1,1646.6,1.5,1648.1,1646.6,9.400000000000091,1657.5,,,53.1,15.4,0.0,0.0,0.0,438.0,1.4,3.1,3.1,4.2372,0.7434,0.0038,0.0,0.0,0.0,0.0,0.0,0.0,0.0,0.0,0.0,0.4966,0.0,0.0,0.0,0.0,0.2093,0.2325,0.197,0.0504,0.0349,0.0156,0.0,1.54,13.37,6.02,38.7,21.09,0,MOD-00623,2025-04-19T04:39:31,2025-04-18T21:39:31,https://api.quant-aq.com/v1/devices/MOD-00623/data/raw/366789418
0,643.3,44.10000000000002,687.4,1440.7,666.9,-0.1999999999999318,666.7,1646.5,1.599999999999909,1648.1,1646.5,9.5,1657.6,,,53.1,15.4,0.0,0.0,0.0,501.25,1.9,4.1,4.1,4.5652,0.6775,0.004,0.0,0.0,0.0,0.0,0.0,0.0,0.0,0.0,0.0,0.5278,0.0,0.0,0.0,0.0,0.1971,0.2055,0.155,0.0698,0.0501,0.0,0.0,1.52,12.11,5.83,38.61,21.09,0,MOD-00623,2025-04-19T04:38:31,2025-04-18T21:38:31,https://api.quant-aq.com/v1/devices/MOD-00623/data/raw/366789417
0,641.9,45.700000000000045,687.6,1441.5,667.4,0.0,667.4,1646.6,1.300000000000182,1647.9,1646.4,9.399999999999864,1657.3,,,53.0,15.4,0.0,0.0,0.0,419.5,1.6,3.8,3.0,4.7857,0.71,0.0,0.0,0.0,0.0,0.0,0.0,0.0,0.0,0.0,0.0,0.5082,0.0,0.0,0.0,0.0,0.1818,0.2408,0.1382,0.0512,0.0316,0.0275,0.0118,1.55,15.71,5.65,38.57,21.06,0,MOD-00623,2025-04-19T04:37:31,2025-04-18T21:37:31,https://api.quant-aq.com/v1/devices/MOD-00623/data/raw/366789415
0,642.9,44.60000000000002,687.5,1439.7,667.8,0.10000000000002274,667.9,1646.6,1.5,1648.1,1646.4,9.400000000000091,1657.5,,,53.2,15.4,0.0,0.0,0.0,391.0,1.4,3.4,3.2,4.4866,0.7731,0.0,0.0,0.0,0.0,0.0,0.0,0.0,0.0,0.0,0.0,0.5021,0.0,0.0,0.0,0.0,0.1648,0.2832,0.1405,0.0841,0.0513,0.0237,0.0039,1.56,15.55,6.45,38.66,21.1,0,MOD-00623,2025-04-19T04:36:31,2025-04-18T21:36:31,https://api.quant-aq.com/v1/devices/MOD-00623/data/raw/366789416
0,644.4,43.39999999999998,687.8,1436.5,667.8,-0.39999999999997726,667.4,1646.6,1.400000000000091,1648.0,1646.4,9.700000000000045,1657.7,,,53.0,15.4,0.0,0.0,0.0,522.75,2.2,4.0,4.0,4.1691,0.601,0.0,0.0,0.0,0.0,0.0,0.0,0.0,0.0,0.0,0.0,0.4555,0.0,0.0,0.0,0.0,0.1383,0.208,0.1612,0.07,0.0151,0.0147,0.0037,1.36,11.0,5.29,38.56,21.13,0,MOD-00623,2025-04-19T04:35:31,2025-04-18T21:35:31,https://api.quant-aq.com/v1/devices/MOD-00623/data/raw/366787085
0,643.3,44.200000000000045,687.5,1436.0,667.1,0.2999999999999545,667.4,1646.4,1.5,1647.9,1646.5,9.799999999999955,1657.7,,,52.9,15.4,0.0,0.0,0.0,540.0,2.1,4.8,4.0,4.3441,0.7828,0.0,0.0,0.0,0.0,0.0,0.0,0.0,0.0,0.0,0.0,0.4617,0.0,0.0,0.0,0.0,0.1481,0.2147,0.1482,0.0572,0.0249,0.0141,0.0039,1.44,11.19,5.27,38.56,21.1,0,MOD-00623,2025-04-19T04:34:31,2025-04-18T21:34:31,https://api.quant-aq.com/v1/devices/MOD-00623/data/raw/366787084
0,642.9,44.39999999999998,687.3,1441.8,667.4,-0.2999999999999545,667.1,1646.8,1.400000000000091,1648.2,1646.5,9.299999999999955,1657.5,,,53.0,15.4,0.0,0.0,0.0,482.5,1.6,4.1,3.8,4.7432,0.7035,0.0,0.0,0.0,0.0,0.0,0.0,0.0,0.0,0.0,0.0,0.5165,0.0,0.0,0.0,0.0,0.1543,0.2156,0.1615,0.0543,0.0197,0.0115,0.0,1.51,9.6,5.33,38.59,21.1,0,MOD-00623,2025-04-19T04:33:31,2025-04-18T21:33:31,https://api.quant-aq.com/v1/devices/MOD-00623/data/raw/366787086
0,642.0,45.0,687.0,1439.9,667.3,-0.39999999999997726,666.9,1646.6,1.5,1648.1,1646.7,9.600000000000136,1657.7,,,52.8,15.4,0.0,0.0,0.0,427.75,1.5,3.5,3.5,4.2984,0.6546,0.0039,0.0,0.0,0.0,0.0,0.0,0.0,0.0,0.0,0.0,0.4271,0.0,0.0,0.0,0.0,0.1271,0.1494,0.1427,0.0533,0.0156,0.0191,0.0038,1.29,12.27,4.64,38.5,21.11,0,MOD-00623,2025-04-19T04:32:31,2025-04-18T21:32:31,https://api.quant-aq.com/v1/devices/MOD-00623/data/raw/366787087
0,642.5,44.60000000000002,687.1,1439.0,667.0,0.10000000000002274,667.1,1646.6,1.300000000000182,1647.9,1646.2,9.399999999999864,1657.3,,,53.1,15.4,0.0,0.0,0.0,372.25,1.4,3.6,2.8,4.3185,0.7616,0.0,0.0,0.0,0.0,0.0,0.0,0.0,0.0,0.0,0.0,0.4458,0.0,0.0,0.0,0.0,0.1726,0.222,0.1307,0.0966,0.0112,0.0182,0.0,1.45,10.86,5.53,38.52,21.13,0,MOD-00623,2025-04-19T04:31:31,2025-04-18T21:31:31,https://api.quant-aq.com/v1/devices/MOD-00623/data/raw/366784736
0,643.8,44.200000000000045,688.0,1438.5,667.0,-0.10000000000002274,666.9,1646.6,1.5,1648.1,1646.4,9.5,1657.6,,,53.1,15.4,0.0,0.0,0.0,454.25,1.6,4.4,4.0,4.3599,0.7135,0.0,0.0036,0.0,0.0,0.0,0.0,0.0,0.0,0.0,0.0,0.4739,0.0,0.0,0.0,0.0,0.1429,0.265,0.1771,0.0749,0.0194,0.0232,0.0073,1.49,16.44,6.04,38.55,21.13,0,MOD-00623,2025-04-19T04:30:31,2025-04-18T21:30:31,https://api.quant-aq.com/v1/devices/MOD-00623/data/raw/366784738
0,644.5,43.200000000000045,687.7,1435.3,667.2,0.0,667.2,1646.6,1.400000000000091,1648.0,1646.3,9.5,1657.5,,,52.9,15.4,0.0,0.0,0.0,529.0,2.1,4.0,4.0,4.9084,0.6791,0.0,0.0,0.0,0.0,0.0,0.0,0.0,0.0,0.0,0.0,0.4274,0.0,0.0,0.0,0.0,0.185,0.229,0.2054,0.052,0.0081,0.0117,0.0081,1.53,11.63,5.67,38.52,21.13,0,MOD-00623,2025-04-19T04:29:31,2025-04-18T21:29:31,https://api.quant-aq.com/v1/devices/MOD-00623/data/raw/366784737
0,644.4,44.200000000000045,688.6,1436.7,667.0,0.0,667.0,1646.5,1.7000000000000455,1648.2,1646.4,9.399999999999864,1657.6,,,52.9,15.4,0.0,0.0,0.0,565.25,2.2,4.5,4.1,4.1209,0.6816,0.0,0.0,0.0,0.0,0.0,0.0,0.0,0.0,0.0,0.0,0.4301,0.0,0.0,0.0,0.0,0.1668,0.1446,0.0903,0.0479,0.0142,0.0064,0.0108,1.28,9.76,4.03,38.54,21.14,0,MOD-00623,2025-04-19T04:28:31,2025-04-18T21:28:31,https://api.quant-aq.com/v1/devices/MOD-00623/data/raw/366784739
0,642.9,44.89999999999998,687.8,1439.1,667.0,-0.10000000000002274,666.9,1646.6,1.5,1648.1,1646.4,9.300000000000182,1657.4,,,53.1,15.4,0.0,0.0,0.0,467.5,1.9,3.4,3.4,4.2184,0.7593,0.0077,0.0,0.0,0.0,0.0,0.0,0.0,0.0,0.0,0.0,0.4509,0.0,0.0,0.0,0.0,0.1426,0.2053,0.1373,0.0566,0.0109,0.0146,0.014,1.39,16.09,4.95,38.63,21.17,0,MOD-00623,2025-04-19T04:27:31,2025-04-18T21:27:31,https://api.quant-aq.com/v1/devices/MOD-00623/data/raw/366782315
0,641.8,46.30000000000007,688.1,1439.5,667.9,-0.1999999999999318,667.7,1646.4,1.699999999999818,1648.1,1646.3,9.200000000000045,1657.3,,,53.1,15.5,0.0,0.0,0.0,500.75,2.0,4.7,4.7,4.5015,0.7324,0.0038,0.0,0.0,0.0,0.0,0.0,0.0,0.0,0.0,0.0,0.4282,0.0,0.0,0.0,0.0,0.166,0.1584,0.1244,0.0374,0.0112,0.0076,0.0,1.37,8.72,4.25,38.72,21.14,0,MOD-00623,2025-04-19T04:26:31,2025-04-18T21:26:31,https://api.quant-aq.com/v1/devices/MOD-00623/data/raw/366782317
0,643.1,45.299999999999955,688.4,1438.0,667.4,-0.5,666.9,1646.6,1.5,1648.1,1646.3,9.400000000000091,1657.5,,,53.4,15.5,0.0,0.0,0.0,416.5,1.6,3.2,3.2,4.7963,0.67,0.0037,0.0,0.0,0.0,0.0,0.0,0.0,0.0,0.0,0.0,0.3883,0.0,0.0,0.0,0.0,0.1291,0.2243,0.1262,0.0522,0.0227,0.015,0.0075,1.39,13.27,4.95,38.77,21.19,0,MOD-00623,2025-04-19T04:25:31,2025-04-18T21:25:31,https://api.quant-aq.com/v1/devices/MOD-00623/data/raw/366782316
0,643.2,45.69999999999993,688.9,1438.1,667.5,-0.20000000000004547,667.3,1646.5,1.7000000000000455,1648.2,1646.3,9.099999999999909,1657.3,,,53.3,15.5,0.0,0.0,0.0,438.75,1.7,3.3,3.3,4.4949,0.6374,0.0039,0.0,0.0,0.0,0.0,0.0,0.0,0.0,0.0,0.0,0.3486,0.0,0.0,0.0,0.0,0.1722,0.2144,0.1649,0.0389,0.0195,0.0117,0.0079,1.37,12.84,5.03,38.66,21.19,0,MOD-00623,2025-04-19T04:24:31,2025-04-18T21:24:31,https://api.quant-aq.com/v1/devices/MOD-00623/data/raw/366782318
0,642.5,45.60000000000002,688.1,1436.5,667.4,-0.2999999999999545,667.1,1646.5,1.599999999999909,1648.1,1646.4,9.400000000000091,1657.5,,,53.3,15.5,0.0,0.0,0.0,470.5,2.3,3.4,3.4,4.4092,0.5962,0.0,0.0038,0.0,0.0,0.0,0.0,0.0,0.0,0.0,0.0,0.3945,0.0,0.0,0.0,0.0,0.1025,0.1096,0.147,0.0586,0.0075,0.0073,0.0036,1.21,10.48,4.21,38.75,21.19,0,MOD-00623,2025-04-19T04:23:31,2025-04-18T21:23:31,https://api.quant-aq.com/v1/devices/MOD-00623/data/raw/366779944
0,644.1,44.299999999999955,688.4,1437.8,667.2,-0.5,666.7,1646.6,1.5,1648.1,1646.3,9.0,1657.1,,,53.1,15.5,0.0,0.0,0.0,398.25,1.3,2.7,2.7,4.5978,0.8141,0.008,0.0,0.0,0.0,0.0,0.0,0.0,0.0,0.0,0.0,0.3812,0.0,0.0,0.0,0.0,0.203,0.2105,0.1586,0.0555,0.0518,0.0201,0.0081,1.47,18.57,5.88,38.62,21.19,0,MOD-00623,2025-04-19T04:22:31,2025-04-18T21:22:31,https://api.quant-aq.com/v1/devices/MOD-00623/data/raw/366779943
0,644.4,43.89999999999998,688.3,1436.6,667.2,-0.20000000000004547,667.0,1646.5,1.7999999999999545,1648.3,1646.0,8.799999999999955,1657.1,,,53.3,15.5,0.0,0.0,0.0,487.25,1.8,3.2,3.2,4.8184,0.5979,0.0,0.0037,0.0,0.0,0.0,0.0,0.0,0.0,0.0,0.0,0.4256,0.0,0.0,0.0,0.0,0.1662,0.2263,0.1541,0.0558,0.0194,0.0118,0.0072,1.45,13.72,5.29,38.65,21.21,0,MOD-00623,2025-04-19T04:21:31,2025-04-18T21:21:31,https://api.quant-aq.com/v1/devices/MOD-00623/data/raw/366779942
0,643.5,45.5,689.0,1436.7,667.4,-0.5,666.9,1646.7,1.5,1648.2,1646.1,9.0,1657.2,,,53.1,15.5,0.0,0.0,0.0,525.0,2.3,4.7,4.7,4.1566,0.6439,0.0038,0.0,0.0,0.0,0.0,0.0,0.0,0.0,0.0,0.0,0.394,0.0,0.0,0.0,0.0,0.1872,0.1761,0.1245,0.0293,0.0149,0.0367,0.0036,1.32,13.94,4.54,38.5,21.2,0,MOD-00623,2025-04-19T04:20:31,2025-04-18T21:20:31,https://api.quant-aq.com/v1/devices/MOD-00623/data/raw/366779941
0,642.3,46.200000000000045,688.5,1433.3,668.2,-0.3000000000000682,667.9,1646.5,1.7000000000000455,1648.2,1646.2,8.700000000000045,1656.9,,,52.7,15.5,0.0,0.0,0.0,402.75,1.4,3.1,3.1,4.2838,0.6258,0.0037,0.0,0.0037,0.0,0.0,0.0,0.0,0.0,0.0,0.0,0.3167,0.0,0.0,0.0,0.0,0.1521,0.1637,0.1564,0.0631,0.0148,0.0259,0.0,1.26,15.25,4.95,38.32,21.2,0,MOD-00623,2025-04-19T04:19:31,2025-04-18T21:19:31,https://api.quant-aq.com/v1/devices/MOD-00623/data/raw/366777560
0,643.3,45.90000000000009,689.2,1433.2,667.0,-0.5,666.5,1646.5,1.599999999999909,1648.1,1646.3,9.0,1657.1,,,52.5,15.5,0.0,0.0,0.0,562.5,2.4,4.2,4.0,4.4811,0.5203,0.0,0.0,0.0,0.0,0.0036,0.0,0.0,0.0,0.0,0.0,0.3241,0.0,0.0,0.0,0.0,0.0811,0.1566,0.131,0.0438,0.0254,0.0184,0.0075,1.16,13.83,4.34,38.24,21.23,0,MOD-00623,2025-04-19T04:18:31,2025-04-18T21:18:31,https://api.quant-aq.com/v1/devices/MOD-00623/data/raw/366777561
0,643.6,46.0,689.6,1438.1,667.6,-0.5,667.1,1646.6,1.7000000000000455,1648.3,1646.4,8.600000000000136,1656.9,,,52.4,15.5,0.0,0.0,0.0,442.0,0.8,4.1,3.4,5.0261,0.5775,0.0,0.0,0.0,0.0,0.0,0.0,0.0,0.0,0.0,0.0,0.337,0.0,0.0,0.0,0.0,0.111,0.1373,0.1512,0.0334,0.0113,0.0074,0.0,1.27,6.95,4.12,38.17,21.21,0,MOD-00623,2025-04-19T04:17:31,2025-04-18T21:17:31,https://api.quant-aq.com/v1/devices/MOD-00623/data/raw/366777562
0,643.2,45.89999999999998,689.1,1438.2,667.5,-0.20000000000004547,667.3,1646.6,1.7000000000000455,1648.3,1646.4,8.400000000000091,1656.7,,,52.4,15.6,0.0,0.0,0.0,392.0,0.7,3.6,3.2,4.4963,0.5371,0.0038,0.0,0.0,0.0,0.0,0.0,0.0,0.0,0.0,0.0,0.3182,0.0,0.0,0.0,0.0,0.0759,0.1212,0.0753,0.0378,0.0189,0.0188,0.0038,1.1,10.61,3.46,38.01,21.23,0,MOD-00623,2025-04-19T04:16:31,2025-04-18T21:16:31,https://api.quant-aq.com/v1/devices/MOD-00623/data/raw/366777559
0,642.5,46.89999999999998,689.4,1438.3,667.7,-0.7000000000000455,667.0,1646.6,1.7000000000000455,1648.3,1646.4,8.400000000000091,1656.7,,,52.0,15.6,0.0,0.0,0.0,459.75,1.4,4.6,4.1,4.483,0.531,0.0,0.0,0.0,0.0,0.0,0.0,0.0,0.0,0.0,0.0,0.2919,0.0,0.0,0.0,0.0,0.0996,0.1628,0.0833,0.0378,0.0191,0.0191,0.0,1.14,8.4,3.75,37.88,21.23,0,MOD-00623,2025-04-19T04:15:31,2025-04-18T21:15:31,https://api.quant-aq.com/v1/devices/MOD-00623/data/raw/366775207
0,644.7,45.19999999999993,689.9,1440.7,667.8,0.0,667.8,1646.5,1.7999999999999545,1648.3,1646.3,8.299999999999955,1656.6,,,51.8,15.6,0.0,0.0,0.0,486.25,1.7,4.2,4.2,4.7838,0.5987,0.0,0.0,0.0,0.0,0.0,0.0,0.0,0.0,0.0,0.0,0.2637,0.0,0.0,0.0,0.0,0.0994,0.1185,0.088,0.0688,0.0039,0.0038,0.0,1.14,5.95,3.65,37.76,21.26,0,MOD-00623,2025-04-19T04:14:31,2025-04-18T21:14:31,https://api.quant-aq.com/v1/devices/MOD-00623/data/raw/366775204
0,642.7,46.39999999999998,689.1,1440.3,667.7,-0.5,667.2,1646.4,1.7999999999999545,1648.2,1646.2,8.299999999999955,1656.5,,,51.6,15.6,0.0,0.0,0.0,491.5,1.9,3.4,3.4,4.76,0.4782,0.0,0.0,0.0,0.0,0.0,0.0,0.0,0.0,0.0,0.0,0.318,0.0,0.0,0.0,0.0,0.0924,0.1001,0.0849,0.0296,0.0112,0.0187,0.0,1.11,7.26,3.25,37.63,21.26,0,MOD-00623,2025-04-19T04:13:31,2025-04-18T21:13:31,https://api.quant-aq.com/v1/devices/MOD-00623/data/raw/366775205
0,642.9,46.30000000000007,689.2,1440.9,667.5,0.0,667.5,1646.8,1.6000000000001364,1648.4,1646.5,8.0,1656.4,,,51.8,15.6,0.0,0.0,0.0,479.5,1.9,3.3,3.3,4.3265,0.4577,0.0,0.0037,0.0,0.0,0.0,0.0,0.0,0.0,0.0,0.0,0.2686,0.0,0.0,0.0,0.0,0.0714,0.1265,0.108,0.0256,0.0184,0.0075,0.0076,1.04,10.56,3.42,37.69,21.24,0,MOD-00623,2025-04-19T04:12:31,2025-04-18T21:12:31,https://api.quant-aq.com/v1/devices/MOD-00623/data/raw/366775206
0,642.3,46.80000000000007,689.1,1444.1,668.1,-0.3000000000000682,667.8,1646.6,2.1000000000001364,1648.7,1646.5,7.7999999999999545,1656.5,,,51.9,15.6,0.0,0.0,0.0,459.75,1.5,2.8,2.8,4.3739,0.486,0.0036,0.0,0.0,0.0,0.0,0.0,0.0,0.0,0.0,0.0,0.2185,0.0,0.0,0.0,0.0,0.0657,0.0877,0.0728,0.0432,0.0185,0.0249,0.0,0.96,10.15,3.22,37.58,21.23,0,MOD-00623,2025-04-19T04:11:31,2025-04-18T21:11:31,https://api.quant-aq.com/v1/devices/MOD-00623/data/raw/366772880
0,642.6,46.19999999999993,688.8,1439.9,667.8,-0.1999999999999318,667.6,1646.6,2.0,1648.6,1646.5,7.800000000000182,1656.4,,,51.6,15.6,0.0,0.0,0.0,428.0,1.6,2.5,2.5,4.6496,0.4308,0.0,0.0,0.0,0.0,0.0,0.0,0.0,0.0,0.0,0.0,0.2564,0.0,0.0,0.0,0.0,0.0881,0.115,0.0768,0.0305,0.0151,0.0113,0.0077,1.05,8.41,3.19,37.48,21.24,0,MOD-00623,2025-04-19T04:10:31,2025-04-18T21:10:31,https://api.quant-aq.com/v1/devices/MOD-00623/data/raw/366772881
0,643.2,46.0,689.2,1443.1,667.2,-0.40000000000009095,666.8,1646.5,2.0,1648.5,1646.3,7.7999999999999545,1656.3,,,51.6,15.6,0.0,0.0,0.0,452.75,2.0,4.1,3.2,5.1528,0.4031,0.0,0.0,0.0,0.0,0.0,0.0,0.0,0.0,0.0,0.0,0.2363,0.0,0.0,0.0,0.0,0.089,0.132,0.0619,0.0312,0.0233,0.0114,0.0038,1.09,7.9,3.27,37.51,21.23,0,MOD-00623,2025-04-19T04:09:31,2025-04-18T21:09:31,https://api.quant-aq.com/v1/devices/MOD-00623/data/raw/366772879
0,642.4,47.10000000000002,689.5,1440.0,667.7,-0.40000000000009095,667.3,1646.6,1.900000000000091,1648.5,1646.6,7.900000000000091,1656.4,,,51.2,15.6,0.0,0.0,0.0,404.0,1.3,3.2,2.8,4.4316,0.4255,0.0,0.0,0.0,0.0,0.0,0.0,0.0,0.0,0.0,0.0,0.2787,0.0,0.0,0.0,0.0,0.0728,0.106,0.0423,0.0114,0.0118,0.0225,0.0,0.99,6.63,2.55,37.29,21.23,0,MOD-00623,2025-04-19T04:08:31,2025-04-18T21:08:31,https://api.quant-aq.com/v1/devices/MOD-00623/data/raw/366772878
0,641.2,47.89999999999998,689.1,1442.8,667.9,0.10000000000002274,668.0,1646.6,2.1000000000001364,1648.7,1646.2,7.399999999999864,1656.1,,,51.2,15.6,0.0,0.0,0.0,468.75,1.9,4.4,3.7,4.5757,0.4753,0.0,0.0,0.0,0.0,0.0,0.0,0.0,0.0,0.0,0.0,0.2285,0.0,0.0,0.0,0.0,0.0579,0.1164,0.0802,0.025,0.0071,0.0253,0.0036,1.01,8.6,3.06,37.22,21.23,0,MOD-00623,2025-04-19T04:07:31,2025-04-18T21:07:31,https://api.quant-aq.com/v1/devices/MOD-00623/data/raw/366770489
0,643.5,46.200000000000045,689.7,1442.8,668.0,0.0,668.0,1646.4,2.2999999999999545,1648.7,1646.2,7.599999999999909,1656.3,,,51.0,15.6,0.0,0.0,0.0,475.25,1.9,3.8,3.5,4.6445,0.3419,0.0035,0.0,0.0,0.0,0.0,0.0,0.0,0.0,0.0,0.0,0.1917,0.0,0.0,0.0,0.0,0.0537,0.0889,0.046,0.0213,0.0036,0.0107,0.0036,0.91,6.96,2.29,37.14,21.23,0,MOD-00623,2025-04-19T04:06:31,2025-04-18T21:06:31,https://api.quant-aq.com/v1/devices/MOD-00623/data/raw/366770490
0,642.6,46.799999999999955,689.4,1442.2,667.5,-0.2999999999999545,667.2,1646.7,2.0,1648.7,1646.3,7.5,1656.2,,,50.8,15.6,0.0,0.0,0.0,470.5,1.8,4.6,4.5,4.9392,0.3441,0.0,0.0,0.0,0.0,0.0,0.0,0.0,0.0,0.0,0.0,0.2176,0.0,0.0,0.0,0.0,0.0978,0.0936,0.0536,0.0292,0.0106,0.0108,0.0036,1.01,6.49,2.75,37.0,21.23,0,MOD-00623,2025-04-19T04:05:31,2025-04-18T21:05:31,https://api.quant-aq.com/v1/devices/MOD-00623/data/raw/366770491
0,641.1,47.799999999999955,688.9,1440.4,667.4,-0.1999999999999318,667.2,1646.4,2.2999999999999545,1648.7,1646.4,7.5,1656.2,,,50.7,15.6,0.0,0.0,0.0,409.5,1.2,2.9,2.6,4.3165,0.34,0.0,0.0,0.0,0.0,0.0,0.0,0.0,0.0,0.0,0.0,0.1699,0.0,0.0,0.0,0.0,0.0381,0.0868,0.0656,0.0349,0.0104,0.0104,0.0,0.85,5.46,2.61,36.96,21.23,0,MOD-00623,2025-04-19T04:04:31,2025-04-18T21:04:31,https://api.quant-aq.com/v1/devices/MOD-00623/data/raw/366770488
0,644.0,45.89999999999998,689.9,1438.4,667.7,-0.20000000000004547,667.5,1646.6,2.0,1648.6,1646.2,7.800000000000182,1656.4,,,50.6,15.6,0.0,0.0,0.0,452.75,1.6,3.1,3.1,4.2481,0.3705,0.0036,0.0,0.0,0.0,0.0,0.0,0.0,0.0,0.0,0.0,0.1867,0.0,0.0,0.0,0.0,0.0674,0.0884,0.067,0.032,0.0071,0.0,0.0035,0.89,6.27,2.56,36.91,21.24,0,MOD-00623,2025-04-19T04:03:31,2025-04-18T21:03:31,https://api.quant-aq.com/v1/devices/MOD-00623/data/raw/366768103
0,644.0,46.299999999999955,690.3,1440.1,667.5,-0.20000000000004547,667.3,1646.5,2.2000000000000455,1648.7,1646.3,7.599999999999909,1656.3,,,50.5,15.6,0.0,0.0,0.0,447.5,1.7,3.1,3.1,4.4305,0.3924,0.0,0.0,0.0,0.0,0.0,0.0,0.0,0.0,0.0,0.0,0.2086,0.0,0.0,0.0,0.0,0.0528,0.0695,0.0492,0.0212,0.0068,0.0106,0.0,0.89,4.62,2.24,36.82,21.24,0,MOD-00623,2025-04-19T04:02:31,2025-04-18T21:02:31,https://api.quant-aq.com/v1/devices/MOD-00623/data/raw/366768102
0,643.5,46.60000000000002,690.1,1440.5,667.8,-0.2999999999999545,667.5,1646.4,2.3999999999998636,1648.8,1646.2,7.600000000000136,1656.4,,,50.4,15.6,0.0,0.0,0.0,423.75,1.3,4.2,3.7,5.2168,0.4087,0.0,0.0,0.0,0.0,0.0,0.0,0.0,0.0,0.0,0.0,0.1948,0.0,0.0,0.0,0.0,0.07,0.0624,0.0442,0.0074,0.0037,0.0074,0.0037,0.98,4.54,2.05,36.71,21.23,0,MOD-00623,2025-04-19T04:01:31,2025-04-18T21:01:31,https://api.quant-aq.com/v1/devices/MOD-00623/data/raw/366768101
0,642.6,46.89999999999998,689.5,1440.3,667.1,-0.5,666.6,1646.5,2.2000000000000455,1648.7,1646.2,7.7000000000000455,1656.4,,,50.1,15.6,0.0,0.0,0.0,419.25,1.5,3.0,2.6,5.1353,0.4076,0.0,0.0,0.0,0.0,0.0,0.0,0.0,0.0,0.0,0.0,0.2094,0.0,0.0,0.0,0.0,0.0769,0.0808,0.0811,0.022,0.0111,0.0,0.0,1.02,4.03,2.71,36.66,21.27,0,MOD-00623,2025-04-19T04:00:31,2025-04-18T21:00:31,https://api.quant-aq.com/v1/devices/MOD-00623/data/raw/366768100
0,641.7,47.59999999999991,689.3,1444.1,667.4,-0.1999999999999318,667.2,1646.6,2.2000000000000455,1648.8,1646.2,7.5,1656.3,,,50.0,15.6,0.0,0.0,0.0,435.75,1.8,3.2,3.2,4.4907,0.3718,0.0,0.0,0.0,0.0,0.0,0.0,0.0,0.0,0.0,0.0,0.2044,0.0,0.0,0.0,0.0,0.0472,0.0917,0.029,0.0146,0.0184,0.0109,0.0,0.89,5.1,2.23,36.53,21.27,0,MOD-00623,2025-04-19T03:59:31,2025-04-18T20:59:31,https://api.quant-aq.com/v1/devices/MOD-00623/data/raw/366765709
0,641.9,48.60000000000002,690.5,1446.0,668.3,-0.2999999999999545,668.0,1646.6,2.1000000000001364,1648.7,1646.5,7.7999999999999545,1656.5,,,50.0,15.6,0.0,0.0,0.0,439.5,1.6,3.3,3.3,4.3349,0.35,0.0,0.0,0.0,0.0,0.0,0.0,0.0,0.0,0.0,0.0,0.2046,0.0,0.0,0.0,0.0,0.055,0.0831,0.059,0.0205,0.0068,0.0033,0.0,0.88,3.74,2.3,36.48,21.26,0,MOD-00623,2025-04-19T03:58:31,2025-04-18T20:58:31,https://api.quant-aq.com/v1/devices/MOD-00623/data/raw/366765710
0,641.5,49.299999999999955,690.8,1443.9,667.4,-0.39999999999997726,667.0,1646.5,2.5,1649.0,1646.1,7.400000000000091,1656.4,,,49.9,15.6,0.0,0.0,0.0,382.75,0.9,2.4,2.4,4.9631,0.3868,0.0,0.0,0.0,0.0,0.0,0.0,0.0,0.0,0.0,0.0,0.1674,0.0,0.0,0.0,0.0,0.0838,0.1091,0.0252,0.0259,0.0073,0.0072,0.0035,0.97,5.26,2.37,36.28,21.27,0,MOD-00623,2025-04-19T03:57:31,2025-04-18T20:57:31,https://api.quant-aq.com/v1/devices/MOD-00623/data/raw/366765711
0,642.5,47.0,689.5,1443.7,667.9,-0.2999999999999545,667.6,1646.5,2.5,1649.0,1646.3,7.599999999999909,1656.6,,,49.8,15.6,0.0,0.0,0.0,393.5,1.6,2.9,2.4,4.6404,0.3713,0.0,0.0,0.0,0.0,0.0,0.0,0.0,0.0,0.0,0.0,0.1387,0.0,0.0,0.0,0.0,0.0676,0.0675,0.0485,0.0147,0.0112,0.0075,0.0,0.87,4.25,2.16,36.2,21.27,0,MOD-00623,2025-04-19T03:56:31,2025-04-18T20:56:31,https://api.quant-aq.com/v1/devices/MOD-00623/data/raw/366765708
0,643.1,46.799999999999955,689.9,1442.4,667.7,-0.3000000000000682,667.4,1646.5,2.2000000000000455,1648.7,1646.0,7.7999999999999545,1656.5,,,49.3,15.6,0.0,0.0,0.0,481.0,1.7,4.2,3.4,4.5874,0.3584,0.0,0.0,0.0,0.0,0.0,0.0,0.0,0.0,0.0,0.0,0.1666,0.0,0.0,0.0,0.0,0.0546,0.0832,0.0324,0.018,0.0072,0.0109,0.0,0.87,4.43,2.09,36.01,21.27,0,MOD-00623,2025-04-19T03:55:31,2025-04-18T20:55:31,https://api.quant-aq.com/v1/devices/MOD-00623/data/raw/366763403
0,642.3,46.90000000000009,689.2,1442.1,667.7,-0.3000000000000682,667.4,1646.5,2.400000000000091,1648.9,1646.3,7.599999999999909,1656.5,,,49.2,15.6,0.0,0.0,0.0,488.5,2.2,3.4,3.4,4.7984,0.3743,0.0,0.0,0.0,0.0,0.0,0.0,0.0,0.0,0.0,0.0,0.1876,0.0,0.0,0.0,0.0,0.0826,0.0544,0.0252,0.0323,0.0,0.0037,0.0,0.92,3.2,2.02,35.93,21.28,0,MOD-00623,2025-04-19T03:54:31,2025-04-18T20:54:31,https://api.quant-aq.com/v1/devices/MOD-00623/data/raw/366763401
0,642.6,46.0,688.6,1443.5,667.3,-0.39999999999997726,666.9,1646.6,2.2000000000000455,1648.8,1646.1,7.7999999999999545,1656.6,,,49.0,15.6,0.0,0.0,0.0,500.0,1.8,3.5,3.5,5.0538,0.3189,0.0,0.0,0.0,0.0,0.0,0.0,0.0,0.0,0.0,0.0,0.1875,0.0,0.0,0.0,0.0,0.0525,0.0337,0.034,0.0113,0.0076,0.0112,0.0038,0.88,5.12,1.86,35.76,21.27,0,MOD-00623,2025-04-19T03:53:31,2025-04-18T20:53:31,https://api.quant-aq.com/v1/devices/MOD-00623/data/raw/366763400
0,641.7,47.39999999999998,689.1,1440.4,667.8,-0.2999999999999545,667.5,1646.4,2.2999999999999545,1648.7,1646.2,7.899999999999864,1656.6,,,48.7,15.6,0.0,0.0,0.0,500.75,1.8,3.0,3.0,4.5609,0.4035,0.0,0.0,0.0,0.0,0.0,0.0,0.0,0.0,0.0,0.0,0.1752,0.0,0.0,0.0,0.0,0.0299,0.0748,0.0525,0.0224,0.0,0.0,0.0037,0.87,3.67,2.07,35.57,21.27,0,MOD-00623,2025-04-19T03:52:31,2025-04-18T20:52:31,https://api.quant-aq.com/v1/devices/MOD-00623/data/raw/366763402
0,644.2,45.799999999999955,690.0,1443.2,668.1,-0.20000000000004547,667.9,1646.5,2.0,1648.5,1646.3,8.200000000000045,1656.7,,,48.5,15.6,0.0,0.0,0.0,503.0,2.0,3.1,3.0,4.8638,0.3729,0.0037,0.0,0.0,0.0,0.0,0.0,0.0,0.0,0.0,0.0,0.2043,0.0,0.0,0.0,0.0,0.0567,0.0642,0.0628,0.0152,0.0,0.0117,0.0039,0.94,6.99,2.26,35.43,21.28,0,MOD-00623,2025-04-19T03:51:31,2025-04-18T20:51:31,https://api.quant-aq.com/v1/devices/MOD-00623/data/raw/366761033
0,642.5,47.5,690.0,1443.3,667.4,-0.2999999999999545,667.1,1646.4,2.199999999999818,1648.6,1646.1,8.200000000000045,1656.8,,,48.4,15.6,0.0,0.0,0.0,502.5,2.0,4.7,4.2,4.9316,0.3979,0.0,0.0,0.0,0.0,0.0,0.0,0.0,0.0,0.0,0.0,0.1984,0.0,0.0,0.0,0.0,0.0612,0.0467,0.0362,0.0143,0.0105,0.0142,0.0037,0.92,5.97,2.09,35.36,21.3,0,MOD-00623,2025-04-19T03:50:31,2025-04-18T20:50:31,https://api.quant-aq.com/v1/devices/MOD-00623/data/raw/366761035
0,642.9,46.89999999999998,689.8,1442.8,668.0,-0.20000000000004547,667.8,1646.5,2.2999999999999545,1648.8,1646.1,8.100000000000136,1656.9,,,48.2,15.6,0.0,0.0,0.0,550.75,2.4,4.8,4.8,4.9938,0.3448,0.0,0.0,0.0,0.0,0.0,0.0,0.0,0.0,0.0,0.0,0.1334,0.0,0.0,0.0,0.0,0.0423,0.0597,0.0564,0.0106,0.0107,0.0035,0.0104,0.87,6.34,2.11,35.25,21.3,0,MOD-00623,2025-04-19T03:49:31,2025-04-18T20:49:31,https://api.quant-aq.com/v1/devices/MOD-00623/data/raw/366761034
0,642.9,46.700000000000045,689.6,1443.5,668.3,0.0,668.3,1646.3,2.2999999999999545,1648.6,1646.2,8.100000000000136,1656.7,,,48.0,15.7,0.0,0.0,0.0,437.0,2.2,3.5,3.1,4.6831,0.2796,0.0,0.0036,0.0,0.0,0.0,0.0,0.0,0.0,0.0,0.0,0.1987,0.0,0.0,0.0,0.0,0.0249,0.0819,0.0389,0.0177,0.0107,0.007,0.0,0.86,6.29,2.1,35.03,21.3,0,MOD-00623,2025-04-19T03:48:31,2025-04-18T20:48:31,https://api.quant-aq.com/v1/devices/MOD-00623/data/raw/366761032
0,643.3,46.40000000000009,689.7,1445.0,667.4,-0.2999999999999545,667.1,1646.2,2.2999999999999545,1648.5,1646.0,8.400000000000091,1656.9,,,47.7,15.7,0.0,0.0,0.0,455.5,1.2,3.9,3.2,4.4215,0.3332,0.0,0.0,0.0,0.0,0.0,0.0,0.0,0.0,0.0,0.0,0.1562,0.0,0.0,0.0,0.0,0.0518,0.0876,0.0422,0.0209,0.0068,0.0067,0.0,0.85,3.99,2.16,34.87,21.3,0,MOD-00623,2025-04-19T03:47:31,2025-04-18T20:47:31,https://api.quant-aq.com/v1/devices/MOD-00623/data/raw/366758657
0,641.8,48.30000000000007,690.1,1443.8,668.2,-0.3000000000000682,667.9,1646.2,2.2999999999999545,1648.5,1646.2,8.5,1657.0,,,47.5,15.7,0.0,0.0,0.0,388.0,1.3,2.7,2.7,4.8541,0.3346,0.0,0.0,0.0,0.0,0.0,0.0,0.0,0.0,0.0,0.0,0.1889,0.0,0.0,0.0,0.0,0.04,0.0365,0.0435,0.0144,0.0037,0.011,0.0,0.86,3.99,1.88,34.66,21.33,0,MOD-00623,2025-04-19T03:46:31,2025-04-18T20:46:31,https://api.quant-aq.com/v1/devices/MOD-00623/data/raw/366758659
0,643.4,46.89999999999998,690.3,1444.1,667.9,0.0,667.9,1646.3,2.1000000000001364,1648.4,1646.0,8.399999999999864,1656.8,,,47.3,15.7,0.0,0.0,0.0,427.5,1.6,2.6,2.6,5.0017,0.36,0.0,0.0,0.0,0.0,0.0,0.0,0.0,0.0,0.0,0.0,0.1619,0.0,0.0,0.0,0.0,0.0623,0.0664,0.0331,0.0294,0.0147,0.011,0.0037,0.91,6.26,2.35,34.47,21.33,0,MOD-00623,2025-04-19T03:45:31,2025-04-18T20:45:31,https://api.quant-aq.com/v1/devices/MOD-00623/data/raw/366758658
0,642.5,47.299999999999955,689.8,1443.4,668.0,-0.5,667.5,1646.4,2.2999999999999545,1648.7,1646.1,8.399999999999864,1657.1,,,46.9,15.7,0.0,0.0,0.0,464.5,1.5,3.1,3.1,4.3735,0.3404,0.0034,0.0,0.0,0.0,0.0,0.0,0.0,0.0,0.0,0.0,0.123,0.0,0.0,0.0,0.0,0.0528,0.0486,0.032,0.0104,0.0072,0.0,0.0,0.78,3.83,1.64,34.19,21.33,0,MOD-00623,2025-04-19T03:44:31,2025-04-18T20:44:31,https://api.quant-aq.com/v1/devices/MOD-00623/data/raw/366758656
0,641.8,47.200000000000045,689.0,1443.2,667.7,-0.40000000000009095,667.3,1646.4,2.099999999999909,1648.5,1646.2,8.599999999999909,1657.1,,,46.3,15.7,0.0,0.0,0.0,509.5,2.2,3.9,3.9,4.3844,0.338,0.0,0.0,0.0,0.0,0.0,0.0,0.0,0.0,0.0,0.0,0.1613,0.0,0.0,0.0,0.0,0.0381,0.0617,0.0306,0.0202,0.0103,0.0101,0.0,0.81,4.38,1.96,33.97,21.31,0,MOD-00623,2025-04-19T03:43:31,2025-04-18T20:43:31,https://api.quant-aq.com/v1/devices/MOD-00623/data/raw/366756247
0,642.8,46.80000000000007,689.6,1445.9,667.0,-0.2999999999999545,666.7,1646.4,2.199999999999818,1648.6,1646.2,8.600000000000136,1657.2,,,46.0,15.7,0.0,0.0,0.0,493.5,1.9,3.2,3.2,4.735,0.3328,0.0,0.0,0.0,0.0,0.0,0.0,0.0,0.0,0.0,0.0,0.1543,0.0,0.0,0.0,0.0,0.0212,0.0316,0.0316,0.0175,0.0068,0.0104,0.0,0.8,3.93,1.72,33.66,21.34,0,MOD-00623,2025-04-19T03:42:31,2025-04-18T20:42:31,https://api.quant-aq.com/v1/devices/MOD-00623/data/raw/366756246
0,642.6,46.69999999999993,689.3,1449.0,668.2,0.0,668.2,1646.2,2.2000000000000455,1648.4,1646.1,8.599999999999909,1657.0,,,45.5,15.7,0.0,0.0,0.0,393.75,1.1,2.8,2.8,5.0848,0.323,0.0,0.0,0.0,0.0,0.0,0.0,0.0,0.0,0.0,0.0,0.1179,0.0,0.0,0.0,0.0,0.0487,0.0519,0.0312,0.0172,0.0,0.0104,0.0,0.85,3.65,1.8,33.38,21.33,0,MOD-00623,2025-04-19T03:41:31,2025-04-18T20:41:31,https://api.quant-aq.com/v1/devices/MOD-00623/data/raw/366756244
0,642.5,47.60000000000002,690.1,1446.7,668.8,0.10000000000002274,668.9,1646.4,2.0,1648.4,1646.0,8.699999999999818,1657.1,,,45.3,15.7,0.0,0.0,0.0,499.75,2.1,3.7,3.2,4.7703,0.2854,0.0036,0.0,0.0,0.0,0.0,0.0,0.0,0.0,0.0,0.0,0.1555,0.0,0.0,0.0,0.0,0.0286,0.072,0.0396,0.0178,0.0,0.0072,0.0,0.84,4.91,1.9,33.11,21.34,0,MOD-00623,2025-04-19T03:40:31,2025-04-18T20:40:31,https://api.quant-aq.com/v1/devices/MOD-00623/data/raw/366756245
0,642.3,47.30000000000007,689.6,1445.4,667.8,0.3000000000000682,668.1,1646.2,1.8999999999998636,1648.1,1646.0,8.700000000000045,1656.8,,,44.6,15.7,0.0,0.0,0.0,438.0,1.8,2.9,2.5,5.1381,0.3777,0.0,0.0,0.0,0.0,0.0,0.0,0.0,0.0,0.0,0.0,0.1842,0.0,0.0,0.0,0.0,0.015,0.0567,0.0334,0.0114,0.0074,0.0074,0.0,0.89,3.59,1.84,32.76,21.34,0,MOD-00623,2025-04-19T03:39:31,2025-04-18T20:39:31,https://api.quant-aq.com/v1/devices/MOD-00623/data/raw/366753873
0,641.9,47.30000000000007,689.2,1444.7,668.1,0.0,668.1,1646.4,1.8999999999998636,1648.3,1646.0,8.700000000000045,1657.0,,,44.3,15.7,0.0,0.0,0.0,554.75,2.2,3.8,3.6,4.7841,0.2592,0.0,0.0,0.0,0.0,0.0,0.0,0.0,0.0,0.0,0.0,0.1294,0.0,0.0,0.0,0.0,0.0501,0.0639,0.0171,0.0069,0.0136,0.0,0.0035,0.81,3.54,1.65,32.48,21.34,0,MOD-00623,2025-04-19T03:38:31,2025-04-18T20:38:31,https://api.quant-aq.com/v1/devices/MOD-00623/data/raw/366753874
0,643.2,46.299999999999955,689.5,1447.8,667.9,0.10000000000002274,668.0,1646.3,1.900000000000091,1648.2,1646.1,8.899999999999864,1657.1,,,43.9,15.7,0.0,0.0,0.0,546.0,2.6,3.5,3.5,5.4492,0.3086,0.0,0.0,0.0,0.0,0.0,0.0,0.0,0.0,0.0,0.0,0.1498,0.0,0.0,0.0,0.0,0.0274,0.0521,0.035,0.0068,0.0073,0.0034,0.0,0.89,2.87,1.74,32.32,21.37,0,MOD-00623,2025-04-19T03:37:31,2025-04-18T20:37:31,https://api.quant-aq.com/v1/devices/MOD-00623/data/raw/366753875
0,643.2,46.19999999999993,689.4,1442.7,667.8,0.0,667.8,1646.0,2.099999999999909,1648.1,1645.8,9.0,1657.1,,,43.6,15.7,0.0,0.0,0.0,547.0,2.6,4.2,3.9,4.8109,0.3331,0.0,0.0,0.0,0.0,0.0,0.0,0.0,0.0,0.0,0.0,0.1206,0.0,0.0,0.0,0.0,0.0497,0.0424,0.0178,0.0177,0.007,0.0105,0.0,0.81,3.89,1.7,32.04,21.37,0,MOD-00623,2025-04-19T03:36:31,2025-04-18T20:36:31,https://api.quant-aq.com/v1/devices/MOD-00623/data/raw/366753872
0,642.9,46.89999999999998,689.8,1445.6,667.9,0.39999999999997726,668.3,1646.2,1.7000000000000455,1647.9,1646.0,8.899999999999864,1656.8,,,42.7,15.7,0.0,0.0,0.0,629.75,2.7,4.8,4.8,5.1086,0.3403,0.0,0.0,0.0,0.0,0.0,0.0,0.0,0.0,0.0,0.0,0.1545,0.0,0.0,0.0,0.0,0.0455,0.0453,0.0211,0.014,0.007,0.0035,0.0072,0.87,4.81,1.73,31.6,21.37,0,MOD-00623,2025-04-19T03:35:31,2025-04-18T20:35:31,https://api.quant-aq.com/v1/devices/MOD-00623/data/raw/366751543
0,642.1,47.5,689.6,1446.6,668.3,0.5,668.8,1646.3,1.5,1647.8,1645.7,8.700000000000045,1656.5,,,42.5,15.7,0.0,0.0,0.0,548.75,2.3,4.1,4.1,5.5785,0.3729,0.0034,0.0,0.0,0.0,0.0,0.0,0.0,0.0,0.0,0.0,0.147,0.0,0.0,0.0,0.0,0.0385,0.0387,0.0211,0.0068,0.0,0.007,0.0,0.91,4.18,1.55,31.51,21.36,0,MOD-00623,2025-04-19T03:34:31,2025-04-18T20:34:31,https://api.quant-aq.com/v1/devices/MOD-00623/data/raw/366751544
0,642.2,47.0,689.2,1447.4,667.6,0.8999999999999773,668.5,1646.3,1.2999999999999545,1647.6,1645.8,8.900000000000091,1656.5,,,42.4,15.7,0.0,0.0,0.0,566.5,2.1,3.9,3.9,5.5976,0.3195,0.0,0.0,0.0,0.0,0.0,0.0,0.0,0.0,0.0,0.0,0.1239,0.0,0.0,0.0,0.0,0.0343,0.0379,0.0103,0.0137,0.0172,0.0035,0.0035,0.88,4.29,1.7,31.47,21.36,0,MOD-00623,2025-04-19T03:33:31,2025-04-18T20:33:31,https://api.quant-aq.com/v1/devices/MOD-00623/data/raw/366751541
0,640.9,48.39999999999998,689.3,1447.9,667.4,-0.10000000000002274,667.3,1646.1,1.800000000000182,1647.9,1646.0,9.099999999999909,1657.0,,,42.4,15.7,0.0,0.0,0.0,491.0,1.9,3.6,3.6,5.348,0.3501,0.0,0.0,0.0034,0.0,0.0,0.0,0.0,0.0,0.0,0.0,0.0826,0.0,0.0,0.0,0.0,0.0276,0.0344,0.0137,0.007,0.0104,0.0034,0.0,0.82,5.04,1.43,31.41,21.36,0,MOD-00623,2025-04-19T03:32:31,2025-04-18T20:32:31,https://api.quant-aq.com/v1/devices/MOD-00623/data/raw/366751542
0,641.9,47.80000000000007,689.7,1447.7,668.0,0.7999999999999545,668.8,1646.2,1.2999999999999545,1647.5,1646.0,8.900000000000091,1656.4,,,42.1,15.7,0.0,0.0,0.0,525.0,2.1,4.1,4.1,5.5914,0.2921,0.0,0.0,0.0,0.0032,0.0,0.0,0.0,0.0,0.0,0.0,0.1326,0.0,0.0,0.0,0.0,0.0265,0.0234,0.0133,0.0267,0.0066,0.0066,0.0,0.86,5.76,1.67,31.23,21.37,0,MOD-00623,2025-04-19T03:31:31,2025-04-18T20:31:31,https://api.quant-aq.com/v1/devices/MOD-00623/data/raw/366749168
0,643.2,46.5,689.7,1445.5,667.9,0.3000000000000682,668.2,1646.2,1.3999999999998636,1647.6,1645.8,9.0,1656.6,,,41.8,15.7,0.0,0.0,0.0,572.75,2.0,4.9,4.4,5.465,0.3245,0.0,0.0,0.0,0.0,0.0,0.0,0.0,0.0,0.0,0.0,0.1284,0.0,0.0,0.0,0.0,0.0232,0.036,0.0196,0.0033,0.0067,0.0032,0.0032,0.86,3.26,1.45,31.18,21.37,0,MOD-00623,2025-04-19T03:30:31,2025-04-18T20:30:31,https://api.quant-aq.com/v1/devices/MOD-00623/data/raw/366749167
0,642.1,48.299999999999955,690.4,1444.4,668.0,0.6000000000000227,668.6,1646.2,1.3999999999998636,1647.6,1645.9,9.0,1656.6,,,41.8,15.7,0.0,0.0,0.0,581.25,2.7,4.9,4.2,6.4932,0.3676,0.0,0.0,0.0,0.0,0.0,0.0,0.0,0.0,0.0,0.0,0.1441,0.0,0.0,0.0,0.0,0.0364,0.0201,0.0237,0.0065,0.0065,0.0034,0.0,1.0,2.63,1.61,31.2,21.36,0,MOD-00623,2025-04-19T03:29:31,2025-04-18T20:29:31,https://api.quant-aq.com/v1/devices/MOD-00623/data/raw/366749165
0,641.8,48.60000000000002,690.4,1447.8,668.4,0.20000000000004547,668.6,1646.1,1.400000000000091,1647.5,1645.8,9.200000000000045,1656.7,,,41.8,15.7,0.0,0.0,0.0,585.5,1.9,5.4,3.8,6.2433,0.3742,0.0,0.0,0.0,0.0,0.0,0.0,0.0,0.0,0.0,0.0,0.1111,0.0,0.0,0.0,0.0,0.0209,0.045,0.0207,0.0243,0.0104,0.0,0.0035,0.96,3.88,1.89,31.25,21.4,0,MOD-00623,2025-04-19T03:28:31,2025-04-18T20:28:31,https://api.quant-aq.com/v1/devices/MOD-00623/data/raw/366749166
0,641.0,49.39999999999998,690.4,1448.1,668.3,1.1000000000000227,669.4,1646.1,1.300000000000182,1647.4,1645.9,9.099999999999909,1656.5,,,41.7,15.8,0.0,0.0,0.0,624.75,2.6,5.2,4.8,5.9224,0.3435,0.0,0.0,0.0,0.0,0.0,0.0,0.0,0.0,0.0,0.0,0.1103,0.0,0.0,0.0,0.0,0.039,0.0357,0.0258,0.0129,0.0034,0.0129,0.0032,0.92,4.87,1.77,31.23,21.41,0,MOD-00623,2025-04-19T03:27:31,2025-04-18T20:27:31,https://api.quant-aq.com/v1/devices/MOD-00623/data/raw/366746763
0,641.6,50.10000000000002,691.7,1447.5,667.8,0.6000000000000227,668.4,1646.1,1.400000000000091,1647.5,1645.8,9.299999999999955,1656.8,,,42.0,15.8,0.0,0.0,0.0,716.75,3.5,6.3,6.3,6.6032,0.4397,0.0064,0.0,0.0,0.0,0.0,0.0,0.0,0.0,0.0,0.0,0.1209,0.0,0.0,0.0,0.0,0.0328,0.0489,0.0261,0.0163,0.0097,0.0,0.0,1.04,5.6,1.94,31.49,21.41,0,MOD-00623,2025-04-19T03:26:31,2025-04-18T20:26:31,https://api.quant-aq.com/v1/devices/MOD-00623/data/raw/366746761
0,640.4,50.39999999999998,690.8,1449.7,668.2,0.6999999999999318,668.9,1646.3,1.1000000000001364,1647.4,1645.8,9.099999999999909,1656.5,,,42.6,15.8,0.0,0.0,0.0,635.5,2.9,5.3,5.3,7.7007,0.387,0.0034,0.0,0.0,0.0,0.0,0.0,0.0,0.0,0.0,0.0,0.1232,0.0,0.0,0.0,0.0,0.0361,0.042,0.0164,0.0065,0.0193,0.0032,0.0,1.14,5.05,1.96,31.71,21.41,0,MOD-00623,2025-04-19T03:25:31,2025-04-18T20:25:31,https://api.quant-aq.com/v1/devices/MOD-00623/data/raw/366746764
0,640.6,50.89999999999998,691.5,1449.4,668.7,0.8999999999999773,669.6,1645.8,1.7000000000000455,1647.5,1645.9,9.099999999999909,1656.6,,,42.8,15.8,0.0,0.0,0.0,628.75,2.3,5.5,5.2,7.2954,0.4571,0.0031,0.0,0.0,0.0,0.0,0.0,0.0,0.0,0.0,0.0,0.1154,0.0,0.0,0.0,0.0,0.0321,0.0356,0.0255,0.0126,0.0,0.0,0.0,1.1,3.4,1.75,31.86,21.41,0,MOD-00623,2025-04-19T03:24:31,2025-04-18T20:24:31,https://api.quant-aq.com/v1/devices/MOD-00623/data/raw/366746762
0,641.1,49.89999999999998,691.0,1448.9,668.4,0.20000000000004547,668.6,1646.2,1.7000000000000455,1647.9,1645.6,9.199999999999818,1657.1,,,43.3,15.8,0.0,0.0,0.0,704.25,3.0,6.3,5.5,7.1326,0.4542,0.0,0.0,0.0,0.0,0.0,0.0,0.0,0.0,0.0,0.0,0.1274,0.0,0.0,0.0,0.0,0.0253,0.0223,0.0191,0.0095,0.0,0.0,0.0,1.07,1.8,1.55,32.07,21.42,0,MOD-00623,2025-04-19T03:23:31,2025-04-18T20:23:31,https://api.quant-aq.com/v1/devices/MOD-00623/data/raw/366744371
0,641.5,48.700000000000045,690.2,1447.7,668.7,0.09999999999990905,668.8,1646.0,1.599999999999909,1647.6,1645.9,9.700000000000045,1657.3,,,43.1,15.8,0.0,0.0,0.0,678.5,3.3,5.5,5.5,7.4995,0.4992,0.0031,0.0,0.0,0.0,0.0,0.0,0.0,0.0,0.0,0.0,0.0769,0.0,0.0,0.0,0.0,0.0369,0.0337,0.0305,0.0061,0.0031,0.0092,0.003,1.12,5.67,1.86,32.1,21.42,0,MOD-00623,2025-04-19T03:22:31,2025-04-18T20:22:31,https://api.quant-aq.com/v1/devices/MOD-00623/data/raw/366744370
0,641.8,49.200000000000045,691.0,1448.8,668.0,0.39999999999997726,668.4,1646.1,1.5,1647.6,1645.7,9.300000000000182,1656.9,,,43.2,15.8,0.0,0.0,0.0,765.5,3.4,6.8,6.2,8.7028,0.5118,0.0,0.0,0.0,0.0,0.0,0.0,0.0,0.0,0.0,0.0,0.1511,0.0,0.0,0.0,0.0,0.0349,0.0225,0.0416,0.0224,0.0033,0.0032,0.0031,1.3,4.23,2.27,32.22,21.42,0,MOD-00623,2025-04-19T03:21:31,2025-04-18T20:21:31,https://api.quant-aq.com/v1/devices/MOD-00623/data/raw/366744369
0,639.9,50.89999999999998,690.8,1446.9,668.3,1.0,669.3,1646.1,1.400000000000091,1647.5,1645.8,9.5,1657.0,,,43.8,15.8,0.0,0.0,0.0,790.25,3.4,8.2,7.4,9.4916,0.5958,0.0,0.0,0.0,0.0,0.0,0.0,0.0,0.0,0.0,0.0,0.1094,0.0,0.0,0.0,0.0,0.0262,0.0595,0.0196,0.0067,0.0066,0.0132,0.0,1.4,4.59,2.23,32.41,21.44,0,MOD-00623,2025-04-19T03:20:31,2025-04-18T20:20:31,https://api.quant-aq.com/v1/devices/MOD-00623/data/raw/366744372
0,639.9,51.10000000000002,691.0,1452.2,667.6,-0.39999999999997726,667.2,1645.9,2.0,1647.9,1645.6,9.599999999999909,1657.5,,,44.1,15.8,0.0,0.0,0.0,865.25,4.2,6.8,6.8,9.9251,0.636,0.0,0.0,0.0,0.0,0.0,0.0,0.0,0.0,0.0,0.0,0.0968,0.0,0.0,0.0,0.0,0.0229,0.0392,0.0271,0.0064,0.0032,0.0,0.0067,1.43,4.26,2.09,32.45,21.44,0,MOD-00623,2025-04-19T03:19:31,2025-04-18T20:19:31,https://api.quant-aq.com/v1/devices/MOD-00623/data/raw/366742008
0,641.1,50.299999999999955,691.4,1449.9,667.6,-0.20000000000004547,667.4,1646.1,1.800000000000182,1647.9,1645.7,9.5,1657.4,,,43.9,15.8,0.0,0.0,0.0,868.0,4.3,7.6,7.0,10.1004,0.6107,0.0,0.0,0.0,0.0,0.0,0.0,0.0,0.0,0.0,0.0,0.0922,0.0,0.0,0.0,0.0,0.0214,0.0402,0.0277,0.0157,0.0092,0.0,0.0031,1.44,3.99,2.29,32.32,21.47,0,MOD-00623,2025-04-19T03:18:31,2025-04-18T20:18:31,https://api.quant-aq.com/v1/devices/MOD-00623/data/raw/366742007
0,641.3,50.30000000000007,691.6,1450.8,668.3,0.3000000000000682,668.6,1645.7,1.8999999999998636,1647.6,1645.7,9.700000000000045,1657.3,,,43.6,15.8,0.0,0.0,0.0,972.25,4.6,9.6,8.9,11.4442,0.6633,0.0,0.0,0.0,0.0,0.0,0.0,0.0,0.0,0.0,0.0,0.1202,0.0,0.0,0.0,0.0,0.0191,0.0346,0.0189,0.0157,0.0158,0.0031,0.0,1.62,4.09,2.48,32.17,21.48,0,MOD-00623,2025-04-19T03:17:31,2025-04-18T20:17:31,https://api.quant-aq.com/v1/devices/MOD-00623/data/raw/366742010
0,640.2,51.59999999999991,691.8,1451.7,668.6,0.10000000000002274,668.7,1645.9,1.7999999999999545,1647.7,1645.6,9.899999999999864,1657.6,,,43.7,15.8,0.0,0.0,0.0,983.75,4.9,9.4,8.2,11.9074,0.6768,0.003,0.0,0.0,0.0,0.0,0.0,0.0,0.0,0.0,0.0,0.1112,0.0,0.0,0.0,0.0,0.0157,0.038,0.0094,0.016,0.0064,0.0031,0.0,1.66,4.71,2.33,32.11,21.48,0,MOD-00623,2025-04-19T03:16:31,2025-04-18T20:16:31,https://api.quant-aq.com/v1/devices/MOD-00623/data/raw/366742009
0,640.1,50.89999999999998,691.0,1452.0,668.0,0.10000000000002274,668.1,1645.8,1.7999999999999545,1647.6,1645.6,10.0,1657.6,,,43.5,15.8,0.0,0.0,0.0,1254.75,6.7,12.8,11.8,12.4983,0.7381,0.0,0.0,0.0,0.0,0.0,0.0,0.0,0.0,0.0,0.0,0.1642,0.0,0.0,0.0,0.0,0.0251,0.0408,0.0221,0.0318,0.0,0.0032,0.0031,1.8,4.64,2.75,32.02,21.48,0,MOD-00623,2025-04-19T03:15:31,2025-04-18T20:15:31,https://api.quant-aq.com/v1/devices/MOD-00623/data/raw/366739628
0,641.0,50.299999999999955,691.3,1450.3,668.4,0.10000000000002274,668.5,1645.8,1.7999999999999545,1647.6,1645.6,9.900000000000091,1657.5,,,43.2,15.8,0.0,0.0,0.0,1296.75,7.3,12.2,12.2,12.6782,0.7529,0.0031,0.0,0.0,0.0,0.0,0.0,0.0,0.0,0.0,0.0,0.122,0.0,0.0,0.0,0.0,0.0219,0.05,0.0188,0.0123,0.006,0.0031,0.0,1.8,4.93,2.56,31.9,21.51,0,MOD-00623,2025-04-19T03:14:31,2025-04-18T20:14:31,https://api.quant-aq.com/v1/devices/MOD-00623/data/raw/366739627
0,640.3,50.60000000000002,690.9,1450.7,668.2,0.1999999999999318,668.4,1645.9,1.599999999999909,1647.5,1645.5,10.200000000000045,1657.7,,,43.2,15.8,0.0,0.0,0.0,1134.5,5.7,11.0,9.7,13.8858,0.8681,0.0033,0.0,0.0,0.0,0.0,0.0,0.0,0.0,0.0,0.0,0.1632,0.0,0.0,0.0,0.0,0.0321,0.0543,0.0257,0.0127,0.0065,0.0,0.0032,2.01,5.82,2.88,31.79,21.49,0,MOD-00623,2025-04-19T03:13:31,2025-04-18T20:13:31,https://api.quant-aq.com/v1/devices/MOD-00623/data/raw/366739626
0,640.3,50.40000000000009,690.7,1447.6,667.6,-0.10000000000002274,667.5,1645.7,1.7999999999999545,1647.5,1645.6,10.099999999999909,1657.6,,,42.9,15.8,0.0,0.0,0.0,1277.5,6.4,13.3,12.4,12.9712,0.871,0.0031,0.0,0.0,0.0,0.0,0.0,0.0,0.0,0.0,0.0,0.1538,0.0,0.0,0.0,0.0,0.0305,0.0237,0.0272,0.0154,0.0031,0.0061,0.0,1.87,5.35,2.65,31.63,21.52,0,MOD-00623,2025-04-19T03:12:31,2025-04-18T20:12:31,https://api.quant-aq.com/v1/devices/MOD-00623/data/raw/366739625
0,639.6,51.5,691.1,1449.3,668.7,0.39999999999997726,669.1,1645.6,1.7000000000000455,1647.3,1645.3,10.299999999999955,1657.6,,,42.8,15.8,0.0,0.0,0.0,1165.75,5.8,13.2,11.6,13.3993,0.8304,0.0,0.0,0.0,0.0,0.0,0.0,0.0,0.0,0.0,0.0,0.1208,0.0,0.0,0.0,0.0,0.0332,0.0327,0.0185,0.012,0.0062,0.006,0.003,1.9,4.88,2.64,31.53,21.57,0,MOD-00623,2025-04-19T03:11:31,2025-04-18T20:11:31,https://api.quant-aq.com/v1/devices/MOD-00623/data/raw/366737310
0,639.8,51.10000000000002,690.9,1448.7,667.8,0.0,667.8,1645.8,1.6000000000001364,1647.4,1645.4,10.199999999999818,1657.6,,,42.7,15.9,0.0,0.0,0.0,1349.25,6.9,14.2,13.8,13.9695,0.8096,0.0,0.0,0.0,0.0,0.0,0.0,0.0,0.0,0.0,0.0,0.0713,0.0,0.0,0.0,0.0,0.0398,0.0401,0.0245,0.0124,0.0062,0.0062,0.0031,1.94,5.07,2.76,31.52,21.57,0,MOD-00623,2025-04-19T03:10:31,2025-04-18T20:10:31,https://api.quant-aq.com/v1/devices/MOD-00623/data/raw/366737311
0,640.9,50.200000000000045,691.1,1447.5,668.0,0.10000000000002274,668.1,1645.5,1.7000000000000455,1647.2,1645.3,10.299999999999955,1657.5,,,42.5,15.9,0.0,0.0,0.0,1319.5,7.0,14.7,13.2,15.1979,0.8361,0.0096,0.0,0.0,0.0,0.0,0.0,0.0,0.0,0.0,0.0,0.1178,0.0,0.0,0.0,0.0,0.0383,0.0351,0.0317,0.0065,0.0096,0.019,0.0,2.11,10.52,3.09,31.38,21.57,0,MOD-00623,2025-04-19T03:09:31,2025-04-18T20:09:31,https://api.quant-aq.com/v1/devices/MOD-00623/data/raw/366737309
0,639.7,51.5,691.2,1446.8,668.6,0.2999999999999545,668.9,1645.6,1.5,1647.1,1645.2,10.300000000000182,1657.4,,,42.2,15.9,0.0,0.0,0.0,1405.75,7.4,16.2,13.7,14.3424,0.8951,0.0032,0.0,0.0,0.0,0.0,0.0,0.0,0.0,0.0,0.0,0.1015,0.0,0.0,0.0,0.0,0.028,0.059,0.0254,0.0,0.003,0.0033,0.0,2.03,4.8,2.69,31.22,21.59,0,MOD-00623,2025-04-19T03:08:31,2025-04-18T20:08:31,https://api.quant-aq.com/v1/devices/MOD-00623/data/raw/366737308
0,639.7,51.09999999999991,690.8,1448.2,669.0,0.5,669.5,1645.6,1.400000000000091,1647.0,1645.4,10.400000000000091,1657.4,,,42.1,15.9,0.0,0.0,0.0,1490.5,7.8,17.2,15.9,14.2272,0.8835,0.003,0.003,0.0,0.0,0.0,0.0,0.0,0.0,0.0,0.0,0.1217,0.0,0.0,0.0,0.0,0.0213,0.0394,0.0305,0.0061,0.0061,0.0061,0.0,2.0,7.27,2.77,31.23,21.61,0,MOD-00623,2025-04-19T03:07:31,2025-04-18T20:07:31,https://api.quant-aq.com/v1/devices/MOD-00623/data/raw/366734918
0,638.9,52.200000000000045,691.1,1447.6,667.9,0.3000000000000682,668.2,1645.6,1.6000000000001364,1647.2,1645.4,10.599999999999909,1657.8,,,42.2,15.9,0.0,0.0,0.0,1505.75,8.0,14.6,14.3,13.5302,0.832,0.0,0.0,0.0,0.0,0.0,0.0,0.0,0.0,0.0,0.0,0.1118,0.0,0.0,0.0,0.0,0.0425,0.0454,0.0151,0.009,0.006,0.0061,0.0,1.92,4.02,2.64,31.21,21.64,0,MOD-00623,2025-04-19T03:06:31,2025-04-18T20:06:31,https://api.quant-aq.com/v1/devices/MOD-00623/data/raw/366734917
0,640.3,50.200000000000045,690.5,1448.4,668.3,0.10000000000002274,668.4,1645.4,1.3999999999998636,1646.8,1645.3,10.5,1657.3,,,41.9,16.0,0.0,0.0,0.0,1611.5,8.5,18.5,17.3,14.5433,0.8044,0.0,0.0,0.0,0.0,0.0,0.0,0.0,0.0,0.0,0.0,0.117,0.0,0.0,0.0,0.0,0.0365,0.0187,0.0341,0.0061,0.0029,0.0096,0.0059,2.01,6.02,2.77,31.21,21.66,0,MOD-00623,2025-04-19T03:05:31,2025-04-18T20:05:31,https://api.quant-aq.com/v1/devices/MOD-00623/data/raw/366734916
0,640.1,49.799999999999955,689.9,1448.0,669.0,0.6000000000000227,669.6,1645.4,1.699999999999818,1647.1,1645.3,10.300000000000182,1657.4,,,42.3,16.0,0.0,0.0,0.0,1158.0,6.1,12.6,11.1,12.9588,0.7523,0.0,0.0,0.0,0.0,0.0,0.0,0.0,0.0,0.0,0.0,0.1316,0.0,0.0,0.0,0.0,0.0417,0.0448,0.0384,0.0258,0.0065,0.0065,0.0065,1.86,6.58,3.05,31.35,21.69,0,MOD-00623,2025-04-19T03:04:31,2025-04-18T20:04:31,https://api.quant-aq.com/v1/devices/MOD-00623/data/raw/366734919
0,639.9,50.89999999999998,690.8,1445.2,668.6,-0.10000000000002274,668.5,1645.4,1.699999999999818,1647.1,1645.5,10.600000000000136,1657.7,,,42.5,16.0,0.0,0.0,0.0,1169.5,6.3,11.9,11.1,12.6622,0.7863,0.0,0.0,0.0,0.0,0.0,0.0,0.0,0.0,0.0,0.0,0.1392,0.0,0.0,0.0,0.0,0.0293,0.0485,0.0131,0.0096,0.0032,0.0032,0.0,1.82,3.31,2.46,31.5,21.72,0,MOD-00623,2025-04-19T03:03:31,2025-04-18T20:03:31,https://api.quant-aq.com/v1/devices/MOD-00623/data/raw/366732503
0,638.7,52.0,690.7,1445.0,668.3,0.6000000000000227,668.9,1645.6,1.400000000000091,1647.0,1645.1,10.200000000000045,1657.2,,,42.3,16.0,0.0,0.0,0.0,1237.0,6.6,13.5,11.5,12.6201,0.803,0.0,0.0,0.0,0.0,0.0,0.0,0.0,0.0,0.0,0.0,0.1355,0.0,0.0,0.0,0.0,0.0185,0.0215,0.0248,0.003,0.0061,0.0062,0.0,1.79,3.71,2.38,31.44,21.74,0,MOD-00623,2025-04-19T03:02:31,2025-04-18T20:02:31,https://api.quant-aq.com/v1/devices/MOD-00623/data/raw/366732502
0,637.8,52.30000000000007,690.1,1449.2,667.9,0.6000000000000227,668.5,1645.3,1.6000000000001364,1646.9,1645.3,10.299999999999955,1657.2,,,42.6,16.0,0.0,0.0,0.0,1270.5,6.2,13.4,12.3,13.1883,0.8482,0.0,0.0,0.0,0.0,0.0,0.0,0.0,0.0,0.0,0.0,0.1188,0.0,0.0,0.0,0.0,0.0276,0.0427,0.027,0.0031,0.0061,0.0,0.0,1.88,3.04,2.54,31.61,21.77,0,MOD-00623,2025-04-19T03:01:31,2025-04-18T20:01:31,https://api.quant-aq.com/v1/devices/MOD-00623/data/raw/366732501
0,639.4,50.60000000000002,690.0,1447.0,668.3,0.10000000000002274,668.4,1645.3,1.7000000000000455,1647.0,1644.9,10.200000000000045,1657.2,,,43.1,16.1,0.0,0.0,0.0,1243.25,6.1,12.8,11.5,13.4391,0.8541,0.0031,0.0,0.0,0.0,0.0,0.0,0.0,0.0,0.0,0.0,0.127,0.0,0.0,0.0,0.0,0.0433,0.0371,0.0152,0.0094,0.0,0.0,0.0,1.92,4.04,2.48,31.82,21.79,0,MOD-00623,2025-04-19T03:00:31,2025-04-18T20:00:31,https://api.quant-aq.com/v1/devices/MOD-00623/data/raw/366732504
0,638.7,51.69999999999993,690.4,1448.2,668.6,0.2999999999999545,668.9,1645.3,1.900000000000091,1647.2,1645.1,10.299999999999955,1657.5,,,43.2,16.1,0.0,0.0,0.0,1160.25,6.1,12.5,11.2,11.6817,0.8762,0.0,0.0,0.0,0.0,0.0,0.0,0.0,0.0,0.0,0.0,0.1216,0.0,0.0,0.0,0.0,0.0152,0.0364,0.0122,0.0061,0.0061,0.003,0.003,1.7,3.97,2.26,31.75,21.84,0,MOD-00623,2025-04-19T02:59:31,2025-04-18T19:59:31,https://api.quant-aq.com/v1/devices/MOD-00623/data/raw/366730150
0,637.4,52.89999999999998,690.3,1445.7,668.9,-0.39999999999997726,668.5,1645.3,1.7999999999999545,1647.1,1644.9,10.5,1657.6,,,43.0,16.1,0.0,0.0,0.0,1269.0,6.9,12.3,11.5,12.666,0.9231,0.0,0.0,0.0,0.0,0.0,0.0,0.0,0.0,0.0,0.0,0.1487,0.0,0.0,0.0,0.0,0.0399,0.0438,0.0283,0.0061,0.0064,0.0,0.0062,1.88,4.87,2.65,31.6,21.88,0,MOD-00623,2025-04-19T02:58:31,2025-04-18T19:58:31,https://api.quant-aq.com/v1/devices/MOD-00623/data/raw/366730147
0,639.2,50.799999999999955,690.0,1442.2,668.4,-0.1999999999999318,668.2,1645.2,1.7000000000000455,1646.9,1645.0,10.599999999999909,1657.5,,,42.7,16.1,0.0,0.0,0.0,1401.0,7.6,14.1,13.6,12.5656,0.8513,0.0,0.0,0.0,0.0,0.0,0.0,0.0,0.0,0.0,0.0,0.1088,0.0,0.0,0.0,0.0,0.0272,0.0298,0.0182,0.0209,0.0059,0.0092,0.0,1.79,4.62,2.63,31.53,21.91,0,MOD-00623,2025-04-19T02:57:31,2025-04-18T19:57:31,https://api.quant-aq.com/v1/devices/MOD-00623/data/raw/366730148
0,637.6,52.5,690.1,1447.7,668.9,0.3000000000000682,669.2,1645.2,1.599999999999909,1646.8,1644.8,10.400000000000091,1657.2,,,42.9,16.2,0.0,0.0,0.0,1432.0,7.4,14.4,13.1,12.3693,1.0812,0.003,0.0,0.0,0.0,0.0,0.0,0.0,0.0,0.0,0.0,0.0999,0.0,0.0,0.0,0.0,0.0364,0.0276,0.0385,0.0273,0.009,0.0032,0.0,1.85,5.74,2.95,31.57,21.92,0,MOD-00623,2025-04-19T02:56:31,2025-04-18T19:56:31,https://api.quant-aq.com/v1/devices/MOD-00623/data/raw/366730149
0,639.2,50.5,689.7,1446.3,668.4,0.10000000000002274,668.5,1645.0,1.900000000000091,1646.9,1644.9,10.5,1657.4,,,42.9,16.2,0.0,0.0,0.0,1272.5,6.6,13.6,11.8,13.0938,1.0672,0.0032,0.0,0.0,0.0,0.0,0.0,0.0,0.0,0.0,0.0,0.0998,0.0,0.0,0.0,0.0,0.0347,0.0565,0.0218,0.0189,0.0096,0.0062,0.0,1.94,6.09,2.94,31.55,21.98,0,MOD-00623,2025-04-19T02:55:31,2025-04-18T19:55:31,https://api.quant-aq.com/v1/devices/MOD-00623/data/raw/366727804
0,637.9,52.39999999999998,690.3,1444.8,668.1,0.0,668.1,1644.9,1.599999999999909,1646.5,1645.0,10.799999999999955,1657.3,,,42.7,16.2,0.0,0.0,0.0,1250.0,6.3,12.8,12.3,12.8728,1.0571,0.0,0.0,0.0031,0.0,0.0,0.0,0.0,0.0,0.0,0.0,0.1317,0.0,0.0,0.0,0.0,0.0154,0.0399,0.046,0.0062,0.0031,0.0061,0.003,1.91,7.06,2.78,31.49,21.98,0,MOD-00623,2025-04-19T02:54:31,2025-04-18T19:54:31,https://api.quant-aq.com/v1/devices/MOD-00623/data/raw/366727803
0,638.3,51.30000000000007,689.6,1441.9,668.9,0.5,669.4,1644.9,1.699999999999818,1646.6,1644.7,10.600000000000136,1657.2,,,43.0,16.3,0.0,0.0,0.0,1343.75,7.2,12.9,12.1,13.51,1.1575,0.0,0.0,0.0,0.0,0.0,0.0,0.0,0.0,0.0,0.0,0.1124,0.0,0.0,0.0,0.0,0.0365,0.0391,0.0396,0.0123,0.003,0.0,0.0,2.01,3.4,2.86,31.67,22.06,0,MOD-00623,2025-04-19T02:53:31,2025-04-18T19:53:31,https://api.quant-aq.com/v1/devices/MOD-00623/data/raw/366727806
0,637.6,52.39999999999998,690.0,1443.8,668.4,0.0,668.4,1645.2,1.5,1646.7,1644.7,10.5,1657.2,,,43.1,16.3,0.0,0.0,0.0,1313.25,6.6,12.5,12.2,13.5753,1.1042,0.0,0.0,0.0,0.0,0.0,0.0,0.0,0.0,0.0,0.0,0.1245,0.0,0.0,0.0,0.0,0.0481,0.0304,0.0121,0.0178,0.0062,0.0057,0.003,2.0,5.04,2.78,31.6,22.09,0,MOD-00623,2025-04-19T02:52:31,2025-04-18T19:52:31,https://api.quant-aq.com/v1/devices/MOD-00623/data/raw/366727805
0,639.1,50.5,689.6,1443.4,669.3,0.0,669.3,1644.8,1.900000000000091,1646.7,1644.8,10.700000000000045,1657.4,,,43.3,16.3,0.0,0.0,0.0,1132.0,5.4,11.9,10.8,13.2542,1.1216,0.0,0.0,0.0,0.0,0.0,0.0,0.0,0.0,0.0,0.0,0.0944,0.0,0.0,0.0,0.0,0.0273,0.0153,0.0333,0.0061,0.0031,0.0121,0.0,1.93,4.69,2.64,31.58,22.16,0,MOD-00623,2025-04-19T02:51:31,2025-04-18T19:51:31,https://api.quant-aq.com/v1/devices/MOD-00623/data/raw/366725448
0,639.6,49.5,689.1,1442.8,669.0,-0.39999999999997726,668.6,1644.8,2.0,1646.8,1644.8,10.799999999999955,1657.6,,,42.9,16.4,0.0,0.0,0.0,1322.75,6.4,14.5,14.2,13.353,1.1352,0.0027,0.0,0.0,0.0,0.0,0.0,0.0,0.0,0.0,0.0,0.1533,0.0,0.0,0.0,0.0,0.0181,0.0477,0.0235,0.0116,0.0091,0.0058,0.0,2.0,5.6,2.86,31.36,22.19,0,MOD-00623,2025-04-19T02:50:31,2025-04-18T19:50:31,https://api.quant-aq.com/v1/devices/MOD-00623/data/raw/366725449
0,637.3,51.60000000000002,688.9,1440.4,668.2,0.09999999999990905,668.3,1644.9,1.599999999999909,1646.5,1644.6,10.599999999999909,1657.1,,,42.4,16.4,0.0,0.0,0.0,1386.5,7.2,15.2,14.1,14.3984,1.1652,0.0,0.0,0.0,0.0,0.0,0.0,0.0,0.0,0.0,0.0,0.1163,0.0,0.0,0.0,0.0,0.0174,0.0325,0.0183,0.0146,0.0151,0.0089,0.0,2.08,5.32,2.97,31.11,22.26,0,MOD-00623,2025-04-19T02:49:31,2025-04-18T19:49:31,https://api.quant-aq.com/v1/devices/MOD-00623/data/raw/366725447
0,638.3,50.60000000000002,688.9,1441.7,668.4,0.20000000000004547,668.6,1644.4,1.8999999999998636,1646.3,1644.5,10.799999999999955,1657.1,,,42.5,16.5,0.0,0.0,0.0,1437.75,7.2,15.0,14.8,13.5652,1.2615,0.0,0.0029,0.0,0.0,0.0,0.0,0.0,0.0,0.0,0.0,0.1241,0.0,0.0,0.0,0.0,0.0353,0.0326,0.0089,0.0087,0.0059,0.0,0.0,2.03,4.84,2.58,31.07,22.32,0,MOD-00623,2025-04-19T02:48:31,2025-04-18T19:48:31,https://api.quant-aq.com/v1/devices/MOD-00623/data/raw/366725446
0,639.5,49.89999999999998,689.4,1436.7,669.0,-0.20000000000004547,668.8,1644.6,1.800000000000182,1646.4,1644.4,10.799999999999955,1657.2,,,42.2,16.6,0.0,0.0,0.0,1216.75,6.2,12.1,11.0,13.8593,1.167,0.0,0.0,0.0,0.0,0.0,0.0,0.0,0.0,0.0,0.0,0.14,0.0,0.0,0.0,0.0,0.03,0.0267,0.0297,0.015,0.0119,0.003,0.0031,2.05,5.2,2.96,30.94,22.37,0,MOD-00623,2025-04-19T02:47:31,2025-04-18T19:47:31,https://api.quant-aq.com/v1/devices/MOD-00623/data/raw/366723081
0,637.4,51.39999999999998,688.8,1440.7,669.0,0.10000000000002274,669.1,1644.6,1.7000000000000455,1646.3,1644.3,10.600000000000136,1656.9,,,41.8,16.6,0.0,0.0,0.0,1321.0,6.7,13.4,13.0,12.8858,1.0595,0.0,0.0,0.0,0.0,0.0,0.0,0.0,0.0,0.0,0.0,0.1226,0.0,0.0,0.0,0.0,0.0263,0.0413,0.0318,0.0172,0.0028,0.0,0.0087,1.91,5.67,2.79,30.6,22.43,0,MOD-00623,2025-04-19T02:46:31,2025-04-18T19:46:31,https://api.quant-aq.com/v1/devices/MOD-00623/data/raw/366723082
0,638.0,49.39999999999998,687.4,1439.9,668.8,0.10000000000002274,668.9,1644.6,1.6000000000001364,1646.2,1644.3,10.700000000000045,1656.9,,,41.4,16.7,0.0,0.0,0.0,1336.0,7.1,13.1,12.8,14.4674,1.1155,0.0,0.0,0.0,0.0,0.0,0.0,0.0,0.0,0.0,0.0,0.1236,0.0,0.0,0.0,0.0,0.0261,0.0231,0.0261,0.0086,0.0029,0.0084,0.0,2.09,4.32,2.77,30.36,22.5,0,MOD-00623,2025-04-19T02:45:31,2025-04-18T19:45:31,https://api.quant-aq.com/v1/devices/MOD-00623/data/raw/366723079
0,637.8,49.700000000000045,687.5,1437.3,669.0,0.20000000000004547,669.2,1644.7,1.3999999999998636,1646.1,1644.4,10.600000000000136,1656.7,,,40.9,16.7,0.0,0.0,0.0,1323.0,6.8,13.1,13.1,13.3903,1.1588,0.003,0.0,0.0,0.0,0.0,0.0,0.0,0.0,0.0,0.0,0.1319,0.0,0.0,0.0,0.0,0.0141,0.0286,0.0178,0.0171,0.0087,0.0086,0.0028,1.97,6.86,2.8,30.21,22.54,0,MOD-00623,2025-04-19T02:44:31,2025-04-18T19:44:31,https://api.quant-aq.com/v1/devices/MOD-00623/data/raw/366723080
0,637.1,51.0,688.1,1442.1,668.4,0.39999999999997726,668.8,1644.5,1.400000000000091,1645.9,1644.4,10.5,1656.4,,,41.1,16.8,0.0,0.0,0.0,1443.0,7.2,14.8,14.4,13.0834,1.2099,0.0,0.0,0.0,0.0,0.0,0.0,0.0,0.0,0.0,0.0,0.1212,0.0,0.0,0.0,0.0,0.023,0.0114,0.0146,0.0058,0.0,0.0086,0.0,1.93,3.71,2.39,30.15,22.64,0,MOD-00623,2025-04-19T02:43:31,2025-04-18T19:43:31,https://api.quant-aq.com/v1/devices/MOD-00623/data/raw/366720676
0,637.5,49.799999999999955,687.3,1441.6,668.4,0.20000000000004547,668.6,1644.2,1.7000000000000455,1645.9,1644.2,10.5,1656.4,,,41.0,16.8,0.0,0.0,0.0,1285.75,6.3,12.9,12.5,13.5363,1.1307,0.0,0.0,0.0,0.0,0.0,0.0,0.0,0.0,0.0,0.0,0.1038,0.0,0.0,0.0,0.0,0.0317,0.037,0.0142,0.0115,0.0057,0.0056,0.0,1.98,4.0,2.67,29.93,22.7,0,MOD-00623,2025-04-19T02:42:31,2025-04-18T19:42:31,https://api.quant-aq.com/v1/devices/MOD-00623/data/raw/366720675
0,637.0,50.10000000000002,687.1,1440.2,668.6,-0.20000000000004547,668.4,1644.3,1.6000000000001364,1645.9,1644.2,10.599999999999909,1656.5,,,40.5,16.9,0.0,0.0,0.0,1442.25,7.8,14.2,14.0,14.4734,1.2026,0.0,0.0,0.0,0.0,0.0,0.0,0.0,0.0,0.0,0.0,0.158,0.0,0.0,0.0,0.0,0.0263,0.0261,0.0118,0.0147,0.0058,0.0059,0.0,2.13,4.23,2.81,29.6,22.74,0,MOD-00623,2025-04-19T02:41:31,2025-04-18T19:41:31,https://api.quant-aq.com/v1/devices/MOD-00623/data/raw/366720674
0,638.3,49.0,687.3,1440.9,669.1,0.6000000000000227,669.7,1644.3,1.400000000000091,1645.7,1644.0,10.0,1655.7,,,39.9,17.0,0.0,0.0,0.0,1430.75,7.5,12.2,12.2,13.6105,1.1299,0.0,0.0,0.0,0.0,0.0,0.0,0.0,0.0,0.0,0.0,0.1088,0.0,0.0,0.0,0.0,0.0207,0.0234,0.0201,0.0056,0.0084,0.0057,0.0028,1.97,4.77,2.62,29.34,22.83,0,MOD-00623,2025-04-19T02:40:31,2025-04-18T19:40:31,https://api.quant-aq.com/v1/devices/MOD-00623/data/raw/366720673
0,637.3,51.30000000000007,688.6,1439.6,669.6,0.1999999999999318,669.8,1644.3,1.5,1645.8,1644.1,9.900000000000091,1655.7,,,39.4,17.0,0.0,0.0,0.0,913.25,4.1,8.6,8.2,12.1947,0.8262,0.0,0.0,0.0,0.0,0.0,0.0,0.0,0.0,0.0,0.0,0.1041,0.0,0.0,0.0,0.0,0.0237,0.0449,0.009,0.0058,0.003,0.006,0.003,1.74,4.24,2.3,29.02,22.88,0,MOD-00623,2025-04-19T02:39:31,2025-04-18T19:39:31,https://api.quant-aq.com/v1/devices/MOD-00623/data/raw/366718266
0,638.3,52.0,690.3,1439.8,669.0,0.7000000000000455,669.7,1643.9,1.599999999999909,1645.5,1644.2,9.900000000000091,1655.4,,,38.6,17.1,0.0,0.0,0.0,1178.5,6.2,10.7,9.9,12.4089,0.7718,0.0,0.0,0.0,0.0,0.0,0.0,0.0,0.0,0.0,0.0,0.1008,0.0,0.0,0.0,0.0,0.0148,0.0354,0.0241,0.0059,0.0,0.0,0.0,1.74,2.48,2.27,28.66,23.01,0,MOD-00623,2025-04-19T02:38:31,2025-04-18T19:38:31,https://api.quant-aq.com/v1/devices/MOD-00623/data/raw/366718269
0,636.2,51.5,687.7,1437.4,668.6,0.8999999999999773,669.5,1644.0,1.2000000000000455,1645.2,1643.9,9.899999999999864,1655.1,,,38.4,17.2,0.0,0.0,0.0,1031.0,4.9,9.2,9.2,12.3143,0.8155,0.0,0.0,0.0,0.0,0.0,0.0,0.0,0.0,0.0,0.0,0.1228,0.0,0.0,0.0,0.0,0.0268,0.0363,0.0208,0.012,0.0,0.0087,0.0,1.77,3.94,2.46,28.58,23.06,0,MOD-00623,2025-04-19T02:37:31,2025-04-18T19:37:31,https://api.quant-aq.com/v1/devices/MOD-00623/data/raw/366718268
0,635.9,51.10000000000002,687.0,1437.2,669.0,1.2000000000000455,670.2,1644.2,0.7999999999999545,1645.0,1643.9,9.799999999999955,1654.8,,,38.4,17.3,0.0,0.0,0.0,1248.0,6.8,11.2,11.1,11.5634,0.5997,0.0,0.003,0.0,0.0,0.0,0.0,0.0,0.0,0.0,0.0,0.1278,0.0,0.0,0.0,0.0,0.0208,0.0327,0.0266,0.0238,0.0088,0.006,0.0,1.62,6.2,2.58,28.55,23.18,0,MOD-00623,2025-04-19T02:36:31,2025-04-18T19:36:31,https://api.quant-aq.com/v1/devices/MOD-00623/data/raw/366718267
0,635.6,52.10000000000002,687.7,1437.9,669.6,0.7999999999999545,670.4,1644.1,1.0,1645.1,1644.1,9.800000000000182,1654.9,,,38.4,17.3,0.0,0.0,0.0,1081.0,5.2,11.2,10.1,12.0855,0.6825,0.0,0.0,0.0,0.0,0.0,0.0,0.0,0.0,0.0,0.0,0.1442,0.0,0.0,0.0,0.0,0.0376,0.0499,0.0125,0.0282,0.0063,0.0063,0.0032,1.74,5.32,2.73,28.77,23.25,0,MOD-00623,2025-04-19T02:35:31,2025-04-18T19:35:31,https://api.quant-aq.com/v1/devices/MOD-00623/data/raw/366715832
0,636.7,51.799999999999955,688.5,1439.4,669.0,1.7999999999999545,670.8,1643.8,0.900000000000091,1644.7,1643.5,9.299999999999955,1654.0,,,38.9,17.4,0.0,0.0,0.0,954.25,4.5,8.9,8.5,11.5749,0.683,0.0,0.0,0.0,0.0,0.0,0.0,0.0,0.0,0.0,0.0,0.092,0.0,0.0,0.0,0.0,0.0307,0.0184,0.0216,0.0125,0.0062,0.0,0.003,1.62,3.68,2.25,29.1,23.32,0,MOD-00623,2025-04-19T02:34:31,2025-04-18T19:34:31,https://api.quant-aq.com/v1/devices/MOD-00623/data/raw/366715835
0,635.9,53.10000000000002,689.0,1438.6,669.3,0.8000000000000682,670.1,1643.8,1.6000000000001364,1645.4,1643.7,9.299999999999955,1654.7,,,40.1,17.5,0.0,0.0,0.0,919.25,4.5,8.4,7.7,11.682,0.7494,0.0,0.0,0.0,0.0,0.0,0.0,0.0,0.0,0.0,0.0,0.1514,0.0,0.0,0.0,0.0,0.0405,0.053,0.0217,0.0125,0.0095,0.0031,0.0032,1.73,4.71,2.62,29.68,23.42,0,MOD-00623,2025-04-19T02:33:31,2025-04-18T19:33:31,https://api.quant-aq.com/v1/devices/MOD-00623/data/raw/366715833
0,635.3,53.40000000000009,688.7,1437.5,669.5,0.6000000000000227,670.1,1643.7,1.5,1645.2,1643.8,9.599999999999909,1654.8,,,40.1,17.6,0.0,0.0,0.0,915.75,4.8,9.5,9.2,10.7529,0.7601,0.0,0.0,0.0,0.0,0.0,0.0,0.0,0.0,0.0,0.0,0.1207,0.0,0.0,0.0,0.0,0.0184,0.0278,0.0369,0.0186,0.006,0.0063,0.0031,1.57,4.96,2.51,29.6,23.53,0,MOD-00623,2025-04-19T02:32:31,2025-04-18T19:32:31,https://api.quant-aq.com/v1/devices/MOD-00623/data/raw/366715834
0,636.6,52.89999999999998,689.5,1436.7,669.8,0.3000000000000682,670.1,1643.8,1.6000000000001364,1645.4,1643.6,9.5,1654.9,,,40.3,17.7,0.0,0.0,0.0,951.25,4.5,9.8,8.6,10.4572,0.7838,0.0029,0.0,0.0,0.0,0.0,0.0,0.0,0.0,0.0,0.0,0.1398,0.0,0.0,0.0,0.0,0.0316,0.0682,0.0156,0.0156,0.0029,0.0062,0.0,1.59,5.07,2.45,29.69,23.65,0,MOD-00623,2025-04-19T02:31:31,2025-04-18T19:31:31,https://api.quant-aq.com/v1/devices/MOD-00623/data/raw/366713523
0,635.8,52.80000000000007,688.6,1434.8,669.4,1.3000000000000682,670.7,1643.7,1.2000000000000455,1644.9,1643.6,9.599999999999909,1654.5,,,39.9,17.8,0.0,0.0,0.0,1049.75,5.2,11.5,10.3,10.0889,0.8416,0.0028,0.0,0.0,0.0,0.0,0.0,0.0,0.0,0.0,0.0,0.1236,0.0,0.0,0.0,0.0,0.0345,0.0396,0.0116,0.0057,0.0028,0.0056,0.0029,1.53,5.16,2.11,29.58,23.7,0,MOD-00623,2025-04-19T02:30:31,2025-04-18T19:30:31,https://api.quant-aq.com/v1/devices/MOD-00623/data/raw/366713524
0,635.7,53.89999999999998,689.6,1437.6,669.5,0.6000000000000227,670.1,1643.6,1.5,1645.1,1643.6,9.5,1654.6,,,40.7,17.9,0.0,0.0,0.0,952.5,4.8,8.5,7.9,11.4711,0.8359,0.0,0.0,0.0,0.0,0.0,0.0,0.0,0.0,0.0,0.0,0.171,0.0,0.0,0.0,0.0,0.043,0.0523,0.0124,0.0153,0.0032,0.0031,0.0,1.74,3.41,2.49,30.03,23.84,0,MOD-00623,2025-04-19T02:29:31,2025-04-18T19:29:31,https://api.quant-aq.com/v1/devices/MOD-00623/data/raw/366713526
0,637.2,53.5,690.7,1437.6,670.2,1.0,671.2,1643.6,1.6000000000001364,1645.2,1643.5,9.399999999999864,1654.6,,,41.3,18.0,0.0,0.0,0.0,1042.25,4.8,9.5,9.5,10.1244,0.9507,0.0,0.0,0.0,0.0,0.0,0.0,0.0,0.0,0.0,0.0,0.1761,0.0,0.0,0.0,0.0,0.0463,0.0469,0.0368,0.0092,0.0158,0.0029,0.0064,1.63,5.97,2.71,30.28,23.96,0,MOD-00623,2025-04-19T02:28:31,2025-04-18T19:28:31,https://api.quant-aq.com/v1/devices/MOD-00623/data/raw/366713525
0,637.1,53.5,690.6,1438.9,670.1,1.1999999999999318,671.3,1643.7,1.7999999999999545,1645.5,1643.4,9.0,1654.5,,,41.6,18.0,0.0,0.0,0.0,977.25,4.4,8.3,8.3,10.0531,0.9065,0.0,0.0,0.0,0.0,0.0,0.0,0.0,0.0,0.0,0.0,0.1523,0.0,0.0,0.0,0.0,0.0446,0.0378,0.0286,0.0095,0.0032,0.0064,0.0,1.58,3.7,2.37,30.4,24.05,0,MOD-00623,2025-04-19T02:27:31,2025-04-18T19:27:31,https://api.quant-aq.com/v1/devices/MOD-00623/data/raw/366711104
0,638.5,52.700000000000045,691.2,1436.1,669.7,0.2999999999999545,670.0,1643.6,2.1000000000001364,1645.7,1643.5,9.299999999999955,1655.0,,,41.6,18.2,0.0,0.0,0.0,1090.5,5.7,9.8,9.0,9.8608,0.9483,0.003,0.0,0.0,0.0,0.0,0.0,0.0,0.0,0.0,0.0,0.1927,0.0,0.0,0.0,0.0,0.0368,0.0489,0.0152,0.0214,0.0061,0.0,0.0031,1.59,5.34,2.47,30.46,24.17,0,MOD-00623,2025-04-19T02:26:31,2025-04-18T19:26:31,https://api.quant-aq.com/v1/devices/MOD-00623/data/raw/366711101
0,637.6,53.69999999999993,691.3,1433.9,670.6,0.6999999999999318,671.3,1643.4,2.099999999999909,1645.5,1643.4,9.0,1654.5,,,41.6,18.3,0.0,0.0,0.0,1224.5,6.4,10.5,10.5,11.2659,0.9165,0.0,0.0,0.0,0.0,0.0,0.0,0.0,0.0,0.0,0.0,0.1353,0.0,0.0,0.0,0.0,0.052,0.0415,0.0426,0.0245,0.0059,0.0029,0.0,1.73,4.17,2.86,30.44,24.3,0,MOD-00623,2025-04-19T02:25:31,2025-04-18T19:25:31,https://api.quant-aq.com/v1/devices/MOD-00623/data/raw/366711103
0,635.6,55.89999999999998,691.5,1433.2,670.4,0.5,670.9,1643.7,1.7999999999999545,1645.5,1643.5,9.400000000000091,1654.9,,,41.6,18.4,0.0,0.0,0.0,1088.5,6.0,8.8,8.8,9.6938,0.9954,0.0,0.0,0.0,0.0,0.0,0.0,0.0,0.0,0.0,0.0,0.171,0.0,0.0,0.0,0.0,0.0232,0.0319,0.0175,0.0118,0.0028,0.0087,0.0029,1.55,4.64,2.25,30.38,24.42,0,MOD-00623,2025-04-19T02:24:31,2025-04-18T19:24:31,https://api.quant-aq.com/v1/devices/MOD-00623/data/raw/366711102
0,635.8,55.30000000000007,691.1,1436.9,670.8,0.7000000000000455,671.5,1643.4,2.3999999999998636,1645.8,1643.5,9.0,1654.8,,,41.7,18.5,0.0,0.0,0.0,1183.5,6.0,10.8,9.8,9.7444,0.9442,0.0,0.0,0.0,0.0,0.0,0.0,0.0,0.0,0.0,0.0,0.1499,0.0,0.0,0.0,0.0,0.0498,0.0501,0.0205,0.0177,0.0,0.0,0.0,1.57,2.75,2.35,30.46,24.55,0,MOD-00623,2025-04-19T02:23:31,2025-04-18T19:23:31,https://api.quant-aq.com/v1/devices/MOD-00623/data/raw/366708731
0,636.0,55.200000000000045,691.2,1435.8,670.7,0.5,671.2,1643.6,2.300000000000182,1645.9,1643.3,8.699999999999818,1654.6,,,41.5,18.7,0.0,0.0,0.0,1075.5,4.7,8.5,8.5,10.1251,0.9532,0.0,0.0,0.0,0.0,0.0,0.0,0.0,0.0,0.0,0.0,0.22,0.0,0.0,0.0,0.0,0.0432,0.0397,0.0152,0.0091,0.0095,0.006,0.0,1.64,3.98,2.42,30.26,24.65,0,MOD-00623,2025-04-19T02:22:31,2025-04-18T19:22:31,https://api.quant-aq.com/v1/devices/MOD-00623/data/raw/366708732
0,636.0,54.799999999999955,690.8,1432.3,670.4,0.5,670.9,1643.5,2.2000000000000455,1645.7,1643.3,8.700000000000045,1654.4,,,41.1,18.8,0.0,0.0,0.0,1142.75,6.0,10.8,10.2,10.99,0.7877,0.0,0.0,0.0,0.0,0.0,0.0,0.0,0.0,0.0,0.0,0.1784,0.0,0.0,0.0,0.0,0.0331,0.0542,0.0243,0.0182,0.0092,0.0,0.006,1.67,5.15,2.65,30.06,24.78,0,MOD-00623,2025-04-19T02:21:31,2025-04-18T19:21:31,https://api.quant-aq.com/v1/devices/MOD-00623/data/raw/366708730
0,635.7,54.299999999999955,690.0,1436.4,670.7,0.8999999999999773,671.6,1643.5,2.2000000000000455,1645.7,1643.3,8.5,1654.2,,,40.7,18.9,0.0,0.0,0.0,1014.75,4.8,10.1,9.5,9.3262,0.8362,0.003,0.0,0.0,0.0,0.0,0.0,0.0,0.0,0.0,0.0,0.1847,0.0,0.0,0.0,0.0,0.0122,0.0576,0.0273,0.0062,0.012,0.003,0.0,1.49,4.92,2.35,29.89,24.89,0,MOD-00623,2025-04-19T02:20:31,2025-04-18T19:20:31,https://api.quant-aq.com/v1/devices/MOD-00623/data/raw/366708728
0,634.1,55.5,689.6,1436.5,671.3,0.7000000000000455,672.0,1643.4,2.599999999999909,1646.0,1643.1,8.200000000000045,1654.2,,,40.9,19.0,0.0,0.0,0.0,908.25,4.4,7.8,7.3,9.2319,0.8563,0.0,0.0,0.003,0.0,0.0,0.0,0.0,0.0,0.0,0.0,0.1908,0.0,0.0,0.0,0.0,0.0486,0.0518,0.0397,0.0061,0.0031,0.0059,0.003,1.52,6.64,2.45,29.86,25.03,0,MOD-00623,2025-04-19T02:19:31,2025-04-18T19:19:31,https://api.quant-aq.com/v1/devices/MOD-00623/data/raw/366706346
0,634.7,54.69999999999993,689.4,1434.7,671.6,1.3999999999999773,673.0,1643.3,2.2000000000000455,1645.5,1643.4,8.299999999999955,1653.8,,,40.5,19.1,0.0,0.0,0.0,987.0,4.6,9.6,9.2,10.0012,0.8607,0.0,0.0,0.0,0.0,0.0,0.0,0.0,0.0,0.0,0.0,0.1958,0.0,0.0,0.0,0.0,0.0337,0.0576,0.0368,0.0121,0.003,0.0031,0.0031,1.6,4.34,2.56,29.71,25.14,0,MOD-00623,2025-04-19T02:18:31,2025-04-18T19:18:31,https://api.quant-aq.com/v1/devices/MOD-00623/data/raw/366706345
0,635.8,53.60000000000002,689.4,1435.4,671.4,0.8000000000000682,672.2,1643.2,2.599999999999909,1645.8,1643.1,7.7999999999999545,1653.6,,,40.8,19.2,0.0,0.0,0.0,926.75,4.5,7.1,6.9,10.7724,0.8033,0.0031,0.0,0.0,0.0,0.0,0.0,0.0,0.0,0.0,0.0,0.1238,0.0,0.0,0.0,0.0,0.0473,0.0347,0.032,0.0156,0.0031,0.0064,0.0127,1.62,8.68,2.57,29.75,25.29,0,MOD-00623,2025-04-19T02:17:31,2025-04-18T19:17:31,https://api.quant-aq.com/v1/devices/MOD-00623/data/raw/366706344
0,638.0,51.89999999999998,689.9,1432.7,672.5,0.2999999999999545,672.8,1643.4,2.5,1645.9,1643.2,8.099999999999909,1654.0,,,40.9,19.4,0.0,0.0,0.0,821.75,4.3,7.4,6.7,9.0957,0.7639,0.0,0.0,0.0,0.0,0.0,0.0,0.0,0.0,0.0,0.0,0.1772,0.0,0.0,0.0,0.0,0.0554,0.0304,0.0281,0.0122,0.0029,0.0062,0.0,1.45,3.58,2.26,29.66,25.45,0,MOD-00623,2025-04-19T02:16:31,2025-04-18T19:16:31,https://api.quant-aq.com/v1/devices/MOD-00623/data/raw/366706342
0,638.3,51.5,689.8,1428.7,671.6,1.2999999999999545,672.9,1643.3,2.400000000000091,1645.7,1643.0,7.899999999999864,1653.6,,,40.2,19.5,0.0,0.0,0.0,1123.0,6.1,9.8,9.3,9.3714,0.703,0.0,0.0,0.0,0.0,0.0,0.0,0.0,0.0,0.0,0.0,0.1825,0.0,0.0,0.0,0.0,0.0237,0.0475,0.038,0.0057,0.0029,0.0028,0.0,1.46,3.06,2.25,29.45,25.6,0,MOD-00623,2025-04-19T02:15:31,2025-04-18T19:15:31,https://api.quant-aq.com/v1/devices/MOD-00623/data/raw/366703976
0,638.5,51.0,689.5,1429.6,672.2,1.1999999999999318,673.4,1643.3,2.400000000000091,1645.7,1643.2,7.899999999999864,1653.6,,,40.3,19.6,0.0,0.0,0.0,1172.25,5.9,10.1,10.1,9.9474,0.7543,0.0,0.0,0.0,0.0,0.0,0.0,0.0,0.0,0.0,0.0,0.1488,0.0,0.0,0.0,0.0,0.0307,0.0486,0.0274,0.0215,0.0062,0.0061,0.0,1.52,4.17,2.51,29.45,25.72,0,MOD-00623,2025-04-19T02:14:31,2025-04-18T19:14:31,https://api.quant-aq.com/v1/devices/MOD-00623/data/raw/366703975
0,639.7,50.299999999999955,690.0,1430.3,671.8,1.0,672.8,1643.4,2.599999999999909,1646.0,1643.0,7.7999999999999545,1653.8,,,40.3,19.8,0.0,0.0,0.0,1048.0,5.1,9.9,9.9,11.4096,0.8214,0.0031,0.0031,0.0,0.0,0.0,0.0,0.0,0.0,0.0,0.0,0.1567,0.0,0.0,0.0,0.0,0.025,0.0473,0.0187,0.0253,0.0031,0.0062,0.0,1.7,7.34,2.62,29.45,25.91,0,MOD-00623,2025-04-19T02:13:31,2025-04-18T19:13:31,https://api.quant-aq.com/v1/devices/MOD-00623/data/raw/366703977
0,640.7,49.59999999999991,690.3,1423.2,672.7,1.3999999999999773,674.1,1643.5,2.5,1646.0,1643.3,7.599999999999909,1653.6,,,40.0,19.9,0.0,0.0,0.0,1210.75,6.3,11.7,11.2,9.5859,0.7277,0.003,0.0,0.0,0.0,0.0,0.0,0.0,0.0,0.0,0.0,0.1409,0.0,0.0,0.0,0.0,0.0317,0.0287,0.0145,0.0088,0.0,0.0057,0.0,1.44,4.25,1.99,29.27,26.06,0,MOD-00623,2025-04-19T02:12:31,2025-04-18T19:12:31,https://api.quant-aq.com/v1/devices/MOD-00623/data/raw/366703974
0,639.5,51.700000000000045,691.2,1425.7,672.8,1.2000000000000455,674.0,1643.9,3.099999999999909,1647.0,1643.4,7.2000000000000455,1654.2,,,40.3,20.1,0.0,0.0,0.0,1122.75,5.8,10.4,10.2,8.6987,0.6826,0.0,0.0,0.0,0.0,0.0,0.0,0.0,0.003,0.0,0.0,0.1313,0.0,0.0,0.0,0.0,0.0272,0.055,0.0243,0.0151,0.0031,0.003,0.0062,1.35,5.81,2.2,29.37,26.19,0,MOD-00623,2025-04-19T02:11:31,2025-04-18T19:11:31,https://api.quant-aq.com/v1/devices/MOD-00623/data/raw/366701653
0,641.4,49.5,690.9,1423.9,673.2,1.3999999999999773,674.6,1644.3,2.900000000000091,1647.2,1643.7,7.2000000000000455,1654.4,,,39.4,20.3,0.0,0.0,0.0,867.0,4.3,8.7,8.0,8.5438,0.6626,0.0,0.0,0.003,0.0,0.0,0.0,0.0,0.0,0.0,0.0,0.132,0.0,0.0,0.0,0.0,0.0412,0.0301,0.0268,0.0148,0.0,0.0,0.003,1.32,5.29,2.02,28.99,26.32,0,MOD-00623,2025-04-19T02:10:31,2025-04-18T19:10:31,https://api.quant-aq.com/v1/devices/MOD-00623/data/raw/366701652
0,639.1,52.10000000000002,691.2,1422.6,672.9,1.6000000000000227,674.5,1643.8,2.900000000000091,1646.7,1643.8,7.2000000000000455,1653.9,,,38.4,20.4,0.0,0.0,0.0,1065.5,5.7,9.2,9.0,9.3478,0.5518,0.0,0.0,0.0,0.0,0.0,0.0,0.0,0.0,0.0,0.0,0.1409,0.0,0.0,0.0,0.0,0.0393,0.039,0.0207,0.012,0.0122,0.0031,0.0,1.39,3.59,2.21,28.45,26.46,0,MOD-00623,2025-04-19T02:09:31,2025-04-18T19:09:31,https://api.quant-aq.com/v1/devices/MOD-00623/data/raw/366701651
0,639.8,52.0,691.8,1424.5,673.4,2.0,675.4,1644.1,2.300000000000182,1646.4,1643.7,7.099999999999909,1653.5,,,38.3,20.6,0.0,0.0,0.0,991.5,5.2,9.0,9.0,7.4301,0.5256,0.0029,0.0,0.0,0.0,0.0,0.0,0.0,0.0,0.0,0.0,0.2286,0.0,0.0,0.0,0.0,0.042,0.0392,0.0273,0.0183,0.0,0.0,0.0,1.23,3.72,2.03,28.41,26.57,0,MOD-00623,2025-04-19T02:08:31,2025-04-18T19:08:31,https://api.quant-aq.com/v1/devices/MOD-00623/data/raw/366701650
0,638.8,52.60000000000002,691.4,1425.7,674.0,1.5,675.5,1644.3,1.7999999999999545,1646.1,1644.1,8.0,1654.1,,,38.2,20.7,0.0,0.0,0.0,852.75,4.0,6.2,6.2,6.9095,0.5513,0.0,0.0031,0.0,0.0,0.0,0.0,0.0,0.0,0.0,0.0,0.129,0.0,0.0,0.0,0.0,0.0342,0.0432,0.0159,0.0095,0.0031,0.0062,0.0031,1.1,5.72,1.78,28.28,26.64,0,MOD-00623,2025-04-19T02:07:31,2025-04-18T19:07:31,https://api.quant-aq.com/v1/devices/MOD-00623/data/raw/366699211
0,639.1,55.39999999999998,694.5,1424.3,673.4,2.1000000000000227,675.5,1644.4,1.099999999999909,1645.5,1644.1,8.099999999999909,1653.6,,,37.8,20.9,0.0,0.0,0.0,997.25,4.5,6.9,6.9,7.1502,0.4552,0.003,0.0,0.0,0.0,0.0,0.0,0.0,0.0,0.0,0.0,0.1079,0.0,0.0,0.0,0.0,0.0338,0.0432,0.0215,0.0183,0.0031,0.0061,0.0031,1.09,5.44,1.93,28.14,26.8,0,MOD-00623,2025-04-19T02:06:31,2025-04-18T19:06:31,https://api.quant-aq.com/v1/devices/MOD-00623/data/raw/366699209
0,639.6,55.89999999999998,695.5,1427.4,674.0,1.2999999999999545,675.3,1644.7,1.599999999999909,1646.3,1644.0,7.900000000000091,1654.2,,,38.2,21.0,0.0,0.0,0.0,683.0,2.8,5.3,5.3,8.2202,0.4247,0.0032,0.0,0.0,0.0,0.0,0.0,0.0,0.0,0.0,0.0,0.1132,0.0,0.0,0.0,0.0,0.0438,0.0378,0.0251,0.0031,0.0156,0.0062,0.0,1.21,5.23,2.03,28.31,26.88,0,MOD-00623,2025-04-19T02:05:31,2025-04-18T19:05:31,https://api.quant-aq.com/v1/devices/MOD-00623/data/raw/366699210
0,640.4,53.60000000000002,694.0,1424.4,674.2,1.8999999999999773,676.1,1644.5,1.2000000000000455,1645.7,1644.3,8.299999999999955,1654.0,,,37.4,21.1,0.0,0.0,0.0,700.25,2.9,5.3,5.3,5.9345,0.3811,0.0,0.0,0.0,0.0,0.0,0.0,0.0,0.0,0.0,0.0,0.1127,0.0,0.0,0.0,0.0,0.0578,0.0337,0.0336,0.0062,0.006,0.0061,0.0031,0.95,3.98,1.77,27.96,26.97,0,MOD-00623,2025-04-19T02:04:31,2025-04-18T19:04:31,https://api.quant-aq.com/v1/devices/MOD-00623/data/raw/366699208
0,640.0,52.200000000000045,692.2,1425.8,674.3,2.2000000000000455,676.5,1644.8,1.1000000000001364,1645.9,1644.4,8.0,1653.9,,,37.5,21.2,0.0,0.0,0.0,627.25,2.3,4.1,4.1,5.4434,0.3419,0.0,0.0,0.0,0.0,0.0,0.0,0.0,0.0,0.0,0.0,0.1492,0.0,0.0,0.0,0.0,0.0332,0.064,0.0242,0.0216,0.0,0.0062,0.0061,0.91,4.84,1.88,27.99,27.05,0,MOD-00623,2025-04-19T02:03:31,2025-04-18T19:03:31,https://api.quant-aq.com/v1/devices/MOD-00623/data/raw/366696828
0,638.9,51.700000000000045,690.6,1423.5,675.2,1.599999999999909,676.8,1644.8,1.2000000000000455,1646.0,1644.5,8.799999999999955,1654.8,,,37.7,21.3,0.0,0.0,0.0,730.25,2.9,5.2,5.2,5.4473,0.4057,0.0,0.0,0.0,0.0,0.0,0.0,0.0,0.0,0.0,0.0,0.1467,0.0,0.0,0.0,0.0,0.0372,0.0219,0.0282,0.0125,0.0032,0.0031,0.0,0.9,2.51,1.59,28.04,27.12,0,MOD-00623,2025-04-19T02:02:31,2025-04-18T19:02:31,https://api.quant-aq.com/v1/devices/MOD-00623/data/raw/366696827
0,638.0,53.700000000000045,691.7,1422.7,675.0,1.7000000000000455,676.7,1644.7,1.3999999999998636,1646.1,1644.4,8.5,1654.6,,,37.5,21.4,0.0,0.0,0.0,670.5,2.8,5.2,4.8,7.4101,0.3979,0.0,0.0,0.0,0.0,0.0,0.0,0.0,0.0,0.0,0.0,0.1151,0.0,0.0,0.0,0.0,0.0467,0.0379,0.0345,0.013,0.0065,0.0062,0.0,1.12,3.59,2.03,27.97,27.19,0,MOD-00623,2025-04-19T02:01:31,2025-04-18T19:01:31,https://api.quant-aq.com/v1/devices/MOD-00623/data/raw/366696826
0,638.9,53.30000000000007,692.2,1427.1,674.8,1.8000000000000682,676.6,1645.0,0.900000000000091,1645.9,1644.5,8.599999999999909,1654.5,,,36.9,21.5,0.0,0.0,0.0,615.75,2.5,4.8,4.2,7.6621,0.3532,0.0032,0.0,0.0,0.0,0.0,0.0,0.0,0.0,0.0,0.0,0.1443,0.0,0.0,0.0,0.0,0.0575,0.0341,0.0248,0.0122,0.003,0.0097,0.0,1.16,5.16,1.97,27.67,27.25,0,MOD-00623,2025-04-19T02:00:31,2025-04-18T19:00:31,https://api.quant-aq.com/v1/devices/MOD-00623/data/raw/366696825
0,638.3,50.700000000000045,689.0,1424.7,675.8,1.900000000000091,677.7,1645.0,1.099999999999909,1646.1,1644.7,8.400000000000091,1654.5,,,37.1,21.5,0.0,0.0,0.0,634.75,2.8,4.8,4.1,5.0569,0.3302,0.0,0.0,0.0,0.0,0.0,0.0,0.0,0.0,0.0,0.0,0.1036,0.0,0.0,0.0,0.0,0.0356,0.0588,0.0232,0.0196,0.0097,0.0066,0.0032,0.83,4.56,1.85,27.68,27.34,0,MOD-00623,2025-04-19T01:59:31,2025-04-18T18:59:31,https://api.quant-aq.com/v1/devices/MOD-00623/data/raw/366694464
0,638.0,51.60000000000002,689.6,1425.5,675.5,1.8999999999999773,677.4,1645.2,0.8999999999998636,1646.1,1644.6,8.300000000000182,1654.4,,,36.9,21.6,0.0,0.0,0.0,590.0,2.6,4.8,4.8,5.2495,0.3278,0.0033,0.0033,0.0,0.0,0.0,0.0,0.0,0.0,0.0,0.0,0.1016,0.0,0.0,0.0,0.0,0.0295,0.0497,0.0162,0.0098,0.0067,0.0033,0.0,0.83,5.99,1.53,27.38,27.39,0,MOD-00623,2025-04-19T01:58:31,2025-04-18T18:58:31,https://api.quant-aq.com/v1/devices/MOD-00623/data/raw/366694463
0,639.8,49.30000000000007,689.1,1424.8,675.7,1.5,677.2,1645.2,1.0,1646.2,1644.6,8.5,1654.7,,,36.4,21.7,0.0,0.0,0.0,469.25,2.1,2.9,2.9,6.6774,0.2574,0.0,0.0,0.0,0.0,0.0,0.0,0.0,0.0,0.0,0.0,0.1076,0.0,0.0,0.0,0.0,0.0194,0.0424,0.0359,0.0227,0.0098,0.0064,0.0,0.98,3.97,2.04,27.12,27.45,0,MOD-00623,2025-04-19T01:57:31,2025-04-18T18:57:31,https://api.quant-aq.com/v1/devices/MOD-00623/data/raw/366694465
0,638.3,50.700000000000045,689.0,1421.7,676.2,1.599999999999909,677.8,1645.1,0.900000000000091,1646.0,1644.6,8.400000000000091,1654.4,,,35.5,21.7,0.0,0.0,0.0,578.75,2.3,4.1,3.8,4.8049,0.3049,0.0,0.0,0.0,0.0,0.0,0.0,0.0,0.0,0.0,0.0,0.1102,0.0,0.0,0.0,0.0,0.0376,0.057,0.0345,0.0221,0.0096,0.0063,0.0093,0.81,6.33,1.98,26.76,27.49,0,MOD-00623,2025-04-19T01:56:31,2025-04-18T18:56:31,https://api.quant-aq.com/v1/devices/MOD-00623/data/raw/366694462
0,639.3,50.700000000000045,690.0,1423.4,675.4,2.5,677.9,1645.2,0.5,1645.7,1644.7,8.399999999999864,1654.1,,,35.5,21.8,0.0,0.0,0.0,435.75,1.5,3.8,3.7,4.5604,0.3215,0.0032,0.0,0.0,0.0,0.0,0.0,0.0,0.0,0.0,0.0,0.1279,0.0,0.0,0.0,0.0,0.0257,0.0444,0.016,0.0097,0.0093,0.0065,0.0,0.76,4.52,1.5,26.83,27.58,0,MOD-00623,2025-04-19T01:55:31,2025-04-18T18:55:31,https://api.quant-aq.com/v1/devices/MOD-00623/data/raw/366692131
0,639.2,51.39999999999998,690.6,1421.9,675.9,2.800000000000068,678.7,1645.2,0.599999999999909,1645.8,1644.9,8.299999999999955,1654.1,,,35.5,21.9,0.0,0.0,0.0,514.75,1.8,3.7,3.7,5.0148,0.2919,0.0,0.0,0.0,0.0,0.0,0.0,0.0,0.0,0.0,0.0,0.1199,0.0,0.0,0.0,0.0,0.0324,0.0356,0.0195,0.0065,0.0,0.0,0.0,0.8,1.51,1.3,26.89,27.62,0,MOD-00623,2025-04-19T01:54:31,2025-04-18T18:54:31,https://api.quant-aq.com/v1/devices/MOD-00623/data/raw/366692132
0,639.5,50.89999999999998,690.4,1423.9,676.5,2.0,678.5,1645.4,1.0,1646.4,1644.7,8.299999999999955,1654.7,,,36.0,21.9,0.0,0.0,0.0,601.25,2.7,5.1,4.3,6.9944,0.2724,0.0,0.0,0.0,0.0,0.0,0.0,0.0,0.0,0.0,0.0,0.1122,0.0,0.0,0.0,0.0,0.0223,0.0412,0.0354,0.0129,0.0064,0.0064,0.0,1.02,3.49,1.9,26.96,27.67,0,MOD-00623,2025-04-19T01:53:31,2025-04-18T18:53:31,https://api.quant-aq.com/v1/devices/MOD-00623/data/raw/366692130
0,638.5,52.299999999999955,690.8,1418.8,675.8,2.0,677.8,1645.3,0.900000000000091,1646.2,1645.0,8.5,1654.7,,,35.6,22.0,0.0,0.0,0.0,628.25,3.2,4.3,4.3,4.6942,0.2655,0.0031,0.0,0.0,0.0,0.0,0.0,0.0,0.0,0.0,0.0,0.1136,0.0,0.0,0.0,0.0,0.054,0.0474,0.0252,0.019,0.0064,0.0,0.0,0.79,3.81,1.68,26.87,27.75,0,MOD-00623,2025-04-19T01:52:31,2025-04-18T18:52:31,https://api.quant-aq.com/v1/devices/MOD-00623/data/raw/366692129
0,638.5,51.200000000000045,689.7,1423.7,676.8,2.5,679.3,1645.5,1.0,1646.5,1645.1,8.400000000000091,1654.9,,,35.6,22.1,0.0,0.0,0.0,551.25,2.3,3.7,3.7,5.0374,0.3261,0.0,0.0,0.0,0.0,0.0,0.0,0.0,0.0,0.0,0.0,0.1073,0.0,0.0,0.0,0.0,0.0414,0.0412,0.0126,0.0125,0.0,0.0062,0.0,0.81,2.55,1.43,26.88,27.8,0,MOD-00623,2025-04-19T01:51:31,2025-04-18T18:51:31,https://api.quant-aq.com/v1/devices/MOD-00623/data/raw/366689751
0,638.5,51.60000000000002,690.1,1423.2,676.1,2.2999999999999545,678.4,1645.8,0.5,1646.3,1645.1,8.400000000000091,1654.7,,,35.5,22.1,0.0,0.0,0.0,543.75,2.3,4.0,4.0,5.0722,0.3525,0.0,0.0,0.0,0.0,0.0,0.0032,0.0,0.0,0.0,0.0,0.1101,0.0,0.0,0.0,0.0,0.0346,0.0536,0.0315,0.0252,0.0,0.0031,0.0,0.85,4.54,1.81,26.83,27.85,0,MOD-00623,2025-04-19T01:50:31,2025-04-18T18:50:31,https://api.quant-aq.com/v1/devices/MOD-00623/data/raw/366689752
0,639.4,50.89999999999998,690.3,1422.9,676.8,2.0,678.8,1645.5,1.2999999999999545,1646.8,1645.2,8.299999999999955,1655.1,,,35.8,22.1,0.0,0.0,0.0,555.5,2.2,3.5,3.5,7.5383,0.3354,0.0,0.0,0.0,0.0,0.0,0.0,0.0,0.0,0.0,0.0,0.1223,0.0,0.0,0.0,0.0,0.0347,0.0418,0.0192,0.0066,0.0127,0.0032,0.0032,1.11,4.05,1.87,26.77,27.85,0,MOD-00623,2025-04-19T01:49:31,2025-04-18T18:49:31,https://api.quant-aq.com/v1/devices/MOD-00623/data/raw/366689753
0,637.9,51.39999999999998,689.3,1423.9,677.0,2.7999999999999545,679.8,1645.6,0.900000000000091,1646.5,1645.2,8.5,1655.0,,,35.2,22.2,0.0,0.0,0.0,528.75,2.8,3.5,3.5,5.1725,0.3206,0.0,0.0,0.0,0.0,0.0,0.0,0.0,0.0,0.0,0.0,0.1445,0.0,0.0,0.0,0.0,0.0268,0.037,0.0199,0.0167,0.0133,0.0034,0.0,0.84,3.25,1.7,26.47,27.89,0,MOD-00623,2025-04-19T01:48:31,2025-04-18T18:48:31,https://api.quant-aq.com/v1/devices/MOD-00623/data/raw/366689750
0,638.0,52.10000000000002,690.1,1423.3,676.9,2.300000000000068,679.2,1645.9,0.8999999999998636,1646.8,1645.2,8.299999999999955,1655.1,,,35.2,22.2,0.0,0.0,0.0,551.75,2.4,4.2,4.0,5.0294,0.2776,0.0,0.0,0.0,0.0,0.0,0.0,0.0,0.0,0.0,0.0,0.1308,0.0,0.0,0.0,0.0,0.0523,0.0359,0.026,0.0196,0.0131,0.0065,0.0,0.83,3.88,1.84,26.27,27.87,0,MOD-00623,2025-04-19T01:47:31,2025-04-18T18:47:31,https://api.quant-aq.com/v1/devices/MOD-00623/data/raw/366687388
0,639.0,52.39999999999998,691.4,1422.7,677.0,1.6000000000000227,678.6,1645.6,1.300000000000182,1646.9,1645.1,8.5,1655.4,,,34.5,22.2,0.0,0.0,0.0,531.0,2.2,4.0,3.7,5.4708,0.3178,0.0,0.0,0.0,0.0,0.0,0.0,0.0,0.0,0.0,0.0,0.1431,0.0,0.0,0.0,0.0,0.0324,0.0648,0.0292,0.0163,0.0098,0.0033,0.0,0.91,3.32,1.92,25.86,27.9,0,MOD-00623,2025-04-19T01:46:31,2025-04-18T18:46:31,https://api.quant-aq.com/v1/devices/MOD-00623/data/raw/366687386
0,639.6,52.0,691.6,1422.2,676.3,2.400000000000091,678.7,1645.5,0.7000000000000455,1646.2,1645.1,8.399999999999864,1654.6,,,33.3,22.3,0.0,0.0,0.0,473.25,1.9,3.1,2.8,7.2025,0.3041,0.0032,0.0034,0.0,0.0,0.0,0.0,0.0,0.0,0.0,0.0,0.1254,0.0,0.0,0.0,0.0,0.0164,0.0226,0.0228,0.0135,0.0097,0.0135,0.0,1.03,7.95,1.85,25.21,27.95,0,MOD-00623,2025-04-19T01:45:31,2025-04-18T18:45:31,https://api.quant-aq.com/v1/devices/MOD-00623/data/raw/366687385
0,639.0,49.89999999999998,688.9,1422.2,676.6,2.1000000000000227,678.7,1645.9,0.2999999999999545,1646.2,1645.2,8.5,1654.7,,,32.7,22.3,0.0,0.0,0.0,595.5,2.1,3.7,3.7,4.7005,0.3451,0.0,0.0031,0.0,0.0,0.0,0.0,0.0,0.0,0.0,0.0,0.1376,0.0,0.0,0.0,0.0,0.0283,0.05,0.0312,0.0282,0.0032,0.0032,0.0095,0.81,7.52,1.89,24.88,27.97,0,MOD-00623,2025-04-19T01:44:31,2025-04-18T18:44:31,https://api.quant-aq.com/v1/devices/MOD-00623/data/raw/366687387
0,637.8,49.80000000000007,687.6,1422.1,676.9,3.1000000000000227,680.0,1645.7,0.0,1645.7,1645.2,8.399999999999864,1654.1,,,32.1,22.3,0.0,0.0,0.0,551.0,1.5,3.6,3.6,4.8077,0.2986,0.0031,0.0,0.0,0.0,0.0,0.0,0.0,0.0,0.0,0.0,0.1157,0.0,0.0,0.0,0.0,0.0385,0.0648,0.0322,0.0098,0.0033,0.0128,0.0032,0.82,6.18,1.8,24.71,28.0,0,MOD-00623,2025-04-19T01:43:31,2025-04-18T18:43:31,https://api.quant-aq.com/v1/devices/MOD-00623/data/raw/366684972
0,638.1,50.10000000000002,688.2,1420.7,677.1,3.0,680.1,1645.6,0.10000000000013642,1645.7,1645.1,8.399999999999864,1654.1,,,32.2,22.3,0.0,0.0,0.0,463.0,1.5,3.0,3.0,4.948,0.3555,0.0,0.0,0.0,0.0,0.0,0.0,0.0,0.0,0.0,0.0,0.1097,0.0,0.0,0.0,0.0,0.0247,0.0368,0.0279,0.0314,0.0062,0.0,0.0,0.81,2.78,1.79,24.88,28.01,0,MOD-00623,2025-04-19T01:42:31,2025-04-18T18:42:31,https://api.quant-aq.com/v1/devices/MOD-00623/data/raw/366684973
0,635.9,52.80000000000007,688.7,1420.5,677.0,3.3999999999999773,680.4,1645.7,-0.10000000000013642,1645.6,1645.2,8.300000000000182,1653.9,,,32.1,22.4,0.0,0.0,0.0,523.25,1.8,4.5,3.8,7.5045,0.3427,0.0,0.0,0.0,0.0,0.0,0.0,0.0,0.0,0.0,0.0,0.1258,0.0,0.0,0.0,0.0,0.0224,0.036,0.0324,0.0189,0.0064,0.0032,0.0064,1.1,4.95,2.02,24.88,28.01,0,MOD-00623,2025-04-19T01:41:31,2025-04-18T18:41:31,https://api.quant-aq.com/v1/devices/MOD-00623/data/raw/366684974
0,637.9,50.200000000000045,688.1,1421.7,676.9,3.7000000000000455,680.6,1645.6,0.20000000000004547,1645.8,1645.0,8.0,1653.8,,,32.8,22.4,0.0,0.0,0.0,518.0,2.2,4.3,3.3,5.1129,0.4283,0.0031,0.0,0.0,0.0,0.0,0.0,0.0,0.0,0.0,0.0,0.1517,0.0,0.0,0.0,0.0,0.0388,0.0487,0.0516,0.0031,0.0097,0.0064,0.0033,0.91,5.83,1.94,25.31,28.04,0,MOD-00623,2025-04-19T01:40:31,2025-04-18T18:40:31,https://api.quant-aq.com/v1/devices/MOD-00623/data/raw/366684975
0,636.2,49.799999999999955,686.0,1420.8,676.9,3.0,679.9,1645.5,0.7000000000000455,1646.2,1645.0,8.0,1654.2,,,33.3,22.4,0.0,0.0,0.0,616.5,2.6,5.9,5.3,5.0704,0.3025,0.0,0.0,0.0,0.0,0.0,0.0,0.0,0.0,0.0,0.0,0.1219,0.0,0.0,0.0,0.0,0.0289,0.0547,0.0354,0.0128,0.0162,0.0,0.0,0.83,3.11,1.86,25.42,28.07,0,MOD-00623,2025-04-19T01:39:31,2025-04-18T18:39:31,https://api.quant-aq.com/v1/devices/MOD-00623/data/raw/366682581
0,639.3,47.10000000000002,686.4,1421.0,677.3,2.6000000000000227,679.9,1645.5,0.599999999999909,1646.1,1644.9,8.400000000000091,1654.5,,,32.8,22.4,0.0,0.0,0.0,571.5,1.9,3.8,3.8,5.3561,0.3354,0.0,0.0,0.0,0.0,0.0,0.0,0.0,0.0,0.0,0.0,0.161,0.0,0.0,0.0,0.0,0.042,0.0289,0.0194,0.0321,0.0064,0.0128,0.0,0.89,4.64,1.94,25.17,28.1,0,MOD-00623,2025-04-19T01:38:31,2025-04-18T18:38:31,https://api.quant-aq.com/v1/devices/MOD-00623/data/raw/366682579
0,639.1,48.19999999999993,687.3,1419.7,677.7,3.2999999999999545,681.0,1645.6,0.10000000000013642,1645.7,1644.9,8.099999999999909,1653.8,,,32.6,22.4,0.0,0.0,0.0,540.5,2.2,4.4,4.4,7.6525,0.2831,0.0,0.0,0.0,0.0,0.0,0.0,0.0,0.0,0.0,0.0,0.1398,0.0,0.0,0.0,0.0,0.0475,0.0481,0.0219,0.0127,0.0,0.0065,0.0,1.14,3.1,1.89,25.19,28.11,0,MOD-00623,2025-04-19T01:37:31,2025-04-18T18:37:31,https://api.quant-aq.com/v1/devices/MOD-00623/data/raw/366682578
0,636.4,50.700000000000045,687.1,1422.1,676.8,3.5,680.3,1645.4,0.1999999999998181,1645.6,1645.1,8.300000000000182,1653.9,,,33.0,22.4,0.0,0.0,0.0,562.0,2.3,3.9,3.9,4.7944,0.3025,0.0,0.0,0.0,0.0,0.0,0.0,0.0,0.0,0.0,0.0,0.1038,0.0,0.0,0.0,0.0,0.0221,0.0471,0.0253,0.0157,0.0127,0.0063,0.0,0.77,3.63,1.71,25.25,28.14,0,MOD-00623,2025-04-19T01:36:31,2025-04-18T18:36:31,https://api.quant-aq.com/v1/devices/MOD-00623/data/raw/366682580
0,638.5,49.200000000000045,687.7,1421.7,677.1,2.7999999999999545,679.9,1645.5,0.599999999999909,1646.1,1644.8,8.300000000000182,1654.4,,,33.2,22.5,0.0,0.0,0.0,504.25,2.0,3.3,3.3,5.004,0.2947,0.0,0.0,0.0,0.0,0.0,0.0,0.0,0.0,0.0,0.0,0.1536,0.0,0.0,0.0,0.0,0.0386,0.0321,0.0096,0.0161,0.0161,0.0095,0.0032,0.82,5.01,1.7,25.33,28.16,0,MOD-00623,2025-04-19T01:35:31,2025-04-18T18:35:31,https://api.quant-aq.com/v1/devices/MOD-00623/data/raw/366680228
0,637.1,50.89999999999998,688.0,1423.0,677.6,3.6000000000000227,681.2,1645.5,0.2999999999999545,1645.8,1644.9,8.200000000000045,1654.0,,,32.9,22.5,0.0,0.0,0.0,550.5,2.1,4.9,4.9,5.3157,0.3934,0.0,0.0032,0.0,0.0,0.0,0.0,0.0,0.0,0.0,0.0,0.1189,0.0,0.0,0.0,0.0,0.0419,0.0225,0.0386,0.016,0.0097,0.0225,0.0,0.87,7.92,1.99,25.19,28.18,0,MOD-00623,2025-04-19T01:34:31,2025-04-18T18:34:31,https://api.quant-aq.com/v1/devices/MOD-00623/data/raw/366680229
0,637.7,50.69999999999993,688.4,1423.7,676.8,2.6000000000000227,679.4,1645.6,0.40000000000009095,1646.0,1644.9,8.0,1654.0,,,32.8,22.5,0.0,0.0,0.0,512.75,1.8,3.8,3.8,8.0838,0.3572,0.0,0.0,0.0032,0.0,0.0,0.0,0.0,0.0,0.0,0.0,0.1518,0.0,0.0,0.0,0.0,0.0451,0.0452,0.0355,0.0257,0.0065,0.0,0.0,1.22,5.53,2.28,25.2,28.21,0,MOD-00623,2025-04-19T01:33:31,2025-04-18T18:33:31,https://api.quant-aq.com/v1/devices/MOD-00623/data/raw/366680226
0,636.6,51.799999999999955,688.4,1423.6,677.6,3.3999999999999773,681.0,1645.5,0.20000000000004547,1645.7,1645.0,8.0,1653.7,,,32.6,22.6,0.0,0.0,0.0,540.75,2.1,3.8,3.3,5.3533,0.4113,0.0,0.0,0.0,0.0,0.0,0.0,0.0,0.0,0.0,0.0,0.1907,0.0,0.0,0.0,0.0,0.0296,0.0394,0.0459,0.0296,0.0198,0.0033,0.0,0.94,4.52,2.32,25.12,28.24,0,MOD-00623,2025-04-19T01:32:31,2025-04-18T18:32:31,https://api.quant-aq.com/v1/devices/MOD-00623/data/raw/366680227
0,639.6,50.0,689.6,1423.3,678.4,4.0,682.4,1645.6,0.0,1645.6,1645.1,7.900000000000091,1653.5,,,32.7,22.6,0.0,0.0,0.0,562.75,2.4,5.1,4.5,5.3402,0.3745,0.0,0.0,0.0,0.0,0.0,0.0,0.0,0.0,0.0,0.0,0.1786,0.0,0.0,0.0,0.0,0.0393,0.0328,0.0231,0.0099,0.0034,0.0067,0.0,0.91,2.98,1.62,25.26,28.3,0,MOD-00623,2025-04-19T01:31:31,2025-04-18T18:31:31,https://api.quant-aq.com/v1/devices/MOD-00623/data/raw/366677866
0,639.0,50.799999999999955,689.8,1423.7,677.1,2.8999999999999773,680.0,1645.5,0.7000000000000455,1646.2,1645.1,7.899999999999864,1654.1,,,33.5,22.6,0.0,0.0,0.0,492.5,2.2,4.6,4.1,5.3073,0.3419,0.0032,0.0,0.0,0.0,0.0,0.0,0.0,0.0,0.0,0.0,0.1133,0.0,0.0,0.0,0.0,0.0538,0.0409,0.0346,0.0127,0.0031,0.0032,0.0,0.88,4.08,1.73,25.42,28.3,0,MOD-00623,2025-04-19T01:30:31,2025-04-18T18:30:31,https://api.quant-aq.com/v1/devices/MOD-00623/data/raw/366677863
0,637.8,51.10000000000002,688.9,1422.3,678.5,2.8999999999999773,681.4,1645.5,0.7000000000000455,1646.2,1645.0,8.0,1654.2,,,33.1,22.6,0.0,0.0,0.0,593.5,2.4,5.0,4.6,7.5498,0.3513,0.0,0.0,0.0,0.0,0.0,0.0,0.0,0.0,0.0,0.0,0.1142,0.0,0.0,0.0,0.0,0.0441,0.0447,0.0286,0.0162,0.0064,0.0031,0.0031,1.13,4.0,2.03,25.27,28.34,0,MOD-00623,2025-04-19T01:29:31,2025-04-18T18:29:31,https://api.quant-aq.com/v1/devices/MOD-00623/data/raw/366677861
0,637.0,50.700000000000045,687.7,1421.7,677.4,3.1000000000000227,680.5,1645.5,0.40000000000009095,1645.9,1645.2,8.0,1653.9,,,32.9,22.7,0.0,0.0,0.0,508.25,1.8,3.4,3.4,5.0584,0.3587,0.0031,0.0,0.0,0.0,0.0,0.0,0.0,0.0,0.0,0.0,0.1381,0.0,0.0,0.0,0.0,0.035,0.0351,0.0225,0.0094,0.0064,0.0097,0.0033,0.84,5.75,1.63,25.22,28.38,0,MOD-00623,2025-04-19T01:28:31,2025-04-18T18:28:31,https://api.quant-aq.com/v1/devices/MOD-00623/data/raw/366677865
0,637.6,50.89999999999998,688.5,1419.8,678.1,3.3999999999999773,681.5,1645.6,0.0,1645.6,1644.9,8.0,1653.6,,,32.5,22.7,0.0,0.0,0.0,555.0,2.2,4.1,3.7,5.6286,0.3414,0.0,0.0,0.0,0.0,0.0,0.0,0.0,0.0,0.0,0.0,0.1257,0.0,0.0,0.0,0.0,0.0398,0.0329,0.0395,0.0292,0.0065,0.0098,0.0032,0.91,5.27,2.09,25.12,28.41,0,MOD-00623,2025-04-19T01:27:31,2025-04-18T18:27:31,https://api.quant-aq.com/v1/devices/MOD-00623/data/raw/366675390
0,639.1,50.69999999999993,689.8,1420.6,678.1,3.5,681.6,1645.5,0.599999999999909,1646.1,1645.2,7.900000000000091,1654.0,,,33.1,22.8,0.0,0.0,0.0,501.0,2.2,3.5,3.5,5.1982,0.3105,0.0032,0.0,0.0,0.0,0.0,0.0,0.0,0.0,0.0,0.0,0.163,0.0,0.0,0.0,0.0,0.0128,0.0353,0.032,0.0222,0.0,0.0064,0.0,0.85,4.48,1.72,25.35,28.45,0,MOD-00623,2025-04-19T01:26:31,2025-04-18T18:26:31,https://api.quant-aq.com/v1/devices/MOD-00623/data/raw/366675387
0,637.7,52.59999999999991,690.3,1423.2,678.0,3.2000000000000455,681.2,1645.6,0.40000000000009095,1646.0,1645.0,8.0,1654.0,,,33.0,22.8,0.0,0.0,0.0,502.0,2.2,4.1,4.1,7.9225,0.3335,0.0,0.0,0.0,0.0,0.0,0.0,0.0,0.0,0.0,0.0,0.1242,0.0,0.0,0.0,0.0,0.0381,0.0319,0.0223,0.0158,0.0032,0.0127,0.0032,1.15,5.1,1.98,25.42,28.51,0,MOD-00623,2025-04-19T01:25:31,2025-04-18T18:25:31,https://api.quant-aq.com/v1/devices/MOD-00623/data/raw/366675389
0,638.7,52.799999999999955,691.5,1422.6,678.5,3.5,682.0,1645.9,0.1999999999998181,1646.1,1645.2,7.800000000000182,1653.9,,,33.3,22.9,0.0,0.0,0.0,565.75,2.2,4.5,3.8,4.8695,0.3728,0.0,0.0,0.0,0.0,0.0,0.0,0.0,0.0,0.0,0.0,0.1155,0.0,0.0,0.0,0.0,0.0189,0.0311,0.0283,0.0061,0.0032,0.0031,0.0,0.79,2.22,1.4,25.78,28.56,0,MOD-00623,2025-04-19T01:24:31,2025-04-18T18:24:31,https://api.quant-aq.com/v1/devices/MOD-00623/data/raw/366675386
0,640.0,52.5,692.5,1423.4,678.6,3.199999999999932,681.8,1646.1,0.6000000000001364,1646.7,1645.2,7.599999999999909,1654.3,,,34.1,22.9,0.0,0.0,0.0,588.5,2.4,4.2,4.2,5.5723,0.352,0.0,0.0,0.0,0.0,0.0,0.0,0.0,0.0,0.0,0.0,0.1765,0.0,0.0,0.0,0.0,0.0494,0.0594,0.0326,0.023,0.0066,0.0,0.0065,0.96,4.7,2.07,26.1,28.56,0,MOD-00623,2025-04-19T01:23:31,2025-04-18T18:23:31,https://api.quant-aq.com/v1/devices/MOD-00623/data/raw/366672873
0,638.7,53.19999999999993,691.9,1423.5,678.6,2.7999999999999545,681.4,1645.8,0.7999999999999545,1646.6,1645.3,7.7000000000000455,1654.3,,,34.0,22.9,0.0,0.0,0.0,531.5,2.2,3.4,3.2,5.3446,0.2835,0.0031,0.0,0.0,0.0,0.0,0.0,0.0,0.0,0.0,0.0,0.107,0.0,0.0,0.0,0.0,0.0158,0.0377,0.0222,0.0314,0.0062,0.0127,0.0,0.82,5.88,1.87,26.08,28.62,0,MOD-00623,2025-04-19T01:22:31,2025-04-18T18:22:31,https://api.quant-aq.com/v1/devices/MOD-00623/data/raw/366672876
0,639.3,53.200000000000045,692.5,1424.1,678.1,3.3999999999999773,681.5,1646.1,0.5,1646.6,1645.4,7.7000000000000455,1654.3,,,34.2,23.0,0.0,0.0,0.0,517.0,2.0,4.1,3.8,7.9137,0.3369,0.0,0.0,0.0,0.0,0.0,0.0,0.0,0.0,0.0,0.0,0.1283,0.0,0.0,0.0,0.0,0.0096,0.0433,0.0218,0.0187,0.0128,0.003,0.0031,1.13,4.39,2.05,26.26,28.62,0,MOD-00623,2025-04-19T01:21:31,2025-04-18T18:21:31,https://api.quant-aq.com/v1/devices/MOD-00623/data/raw/366672874
0,639.7,51.69999999999993,691.4,1422.5,679.0,2.7000000000000455,681.7,1646.1,1.0,1647.1,1645.3,7.7000000000000455,1654.8,,,34.6,23.0,0.0,0.0,0.0,526.75,2.2,4.1,4.1,4.8375,0.2967,0.0032,0.0031,0.0,0.0,0.0,0.0,0.0,0.0,0.0,0.0,0.1187,0.0,0.0,0.0,0.0,0.0343,0.0718,0.0094,0.0249,0.0094,0.0125,0.0094,0.81,10.35,1.93,26.37,28.66,0,MOD-00623,2025-04-19T01:20:31,2025-04-18T18:20:31,https://api.quant-aq.com/v1/devices/MOD-00623/data/raw/366672875
0,638.8,52.700000000000045,691.5,1422.1,678.6,3.199999999999932,681.8,1646.3,0.7000000000000455,1647.0,1645.5,7.7999999999999545,1654.8,,,34.2,23.1,0.0,0.0,0.0,575.25,2.6,3.7,3.7,4.9509,0.2779,0.0,0.0,0.0,0.0,0.0,0.0,0.0,0.0,0.0,0.0,0.0936,0.0,0.0,0.0,0.0,0.0437,0.0466,0.0435,0.0249,0.0092,0.0031,0.0031,0.81,4.34,1.99,26.23,28.69,0,MOD-00623,2025-04-19T01:19:31,2025-04-18T18:19:31,https://api.quant-aq.com/v1/devices/MOD-00623/data/raw/366670499
0,637.6,55.39999999999998,693.0,1425.4,678.8,3.300000000000068,682.1,1646.3,0.7999999999999545,1647.1,1645.5,7.7000000000000455,1654.8,,,34.5,23.1,0.0,0.0,0.0,586.75,2.1,4.1,4.1,5.2144,0.345,0.0,0.0,0.0031,0.0,0.0,0.0,0.0,0.0,0.0,0.0,0.1411,0.0,0.0,0.0,0.0,0.0251,0.0502,0.0282,0.0155,0.0126,0.0031,0.0126,0.86,8.93,1.89,26.48,28.69,0,MOD-00623,2025-04-19T01:18:31,2025-04-18T18:18:31,https://api.quant-aq.com/v1/devices/MOD-00623/data/raw/366670497
0,638.3,55.30000000000007,693.6,1421.7,679.2,2.599999999999909,681.8,1646.3,1.2999999999999545,1647.6,1645.7,7.800000000000182,1655.4,,,34.9,23.1,0.0,0.0,0.0,538.25,2.0,3.5,3.5,7.5712,0.374,0.0,0.0,0.0,0.0,0.0,0.0,0.0,0.0,0.0,0.0,0.1249,0.0,0.0,0.0,0.0,0.0408,0.0528,0.0312,0.0156,0.0063,0.0,0.0094,1.15,5.33,2.1,26.53,28.71,0,MOD-00623,2025-04-19T01:17:31,2025-04-18T18:17:31,https://api.quant-aq.com/v1/devices/MOD-00623/data/raw/366670498
0,637.9,56.30000000000007,694.2,1420.5,679.1,2.699999999999932,681.8,1646.4,1.2999999999999545,1647.7,1645.6,7.599999999999909,1655.3,,,34.6,23.2,0.0,0.0,0.0,571.25,2.3,4.3,3.8,4.9702,0.3397,0.0,0.0,0.0,0.0,0.0,0.0,0.0,0.0,0.0,0.0,0.1035,0.0,0.0,0.0,0.0,0.0221,0.0533,0.0344,0.0156,0.0126,0.0062,0.0063,0.81,5.48,1.89,26.53,28.72,0,MOD-00623,2025-04-19T01:16:31,2025-04-18T18:16:31,https://api.quant-aq.com/v1/devices/MOD-00623/data/raw/366670500
0,638.1,56.299999999999955,694.4,1422.3,678.8,3.5,682.3,1646.4,0.7999999999999545,1647.2,1645.6,7.599999999999909,1654.8,,,34.4,23.2,0.0,0.0,0.0,485.0,2.2,3.8,3.8,4.8951,0.2821,0.0093,0.0,0.0,0.0,0.0,0.0,0.0,0.0,0.0,0.0,0.1212,0.0,0.0,0.0,0.0,0.0311,0.0369,0.0312,0.0216,0.0061,0.0123,0.0031,0.79,9.16,1.84,26.54,28.72,0,MOD-00623,2025-04-19T01:15:31,2025-04-18T18:15:31,https://api.quant-aq.com/v1/devices/MOD-00623/data/raw/366668136
0,635.2,58.19999999999993,693.4,1423.4,679.0,2.0,681.0,1646.3,1.6000000000001364,1647.9,1645.5,7.7999999999999545,1655.7,,,34.9,23.2,0.0,0.0,0.0,539.5,2.2,3.8,3.2,5.0979,0.2989,0.0,0.0,0.0,0.0,0.0,0.0,0.0,0.0,0.0,0.0,0.0766,0.0,0.0,0.0,0.0,0.0284,0.0573,0.042,0.0096,0.0066,0.0064,0.0,0.81,3.35,1.78,26.54,28.68,0,MOD-00623,2025-04-19T01:14:31,2025-04-18T18:14:31,https://api.quant-aq.com/v1/devices/MOD-00623/data/raw/366668138
0,637.0,56.10000000000002,693.1,1420.6,678.9,1.3000000000000682,680.2,1646.5,1.099999999999909,1647.6,1645.7,7.800000000000182,1655.4,,,33.4,23.1,0.0,0.0,0.0,607.25,2.6,4.2,4.2,7.8627,0.3667,0.0,0.0,0.0,0.0,0.0,0.0,0.0,0.0,0.0,0.0,0.1393,0.0,0.0,0.0,0.0,0.043,0.0398,0.0404,0.0464,0.0034,0.0034,0.0032,1.19,4.99,2.54,26.25,28.65,0,MOD-00623,2025-04-19T01:13:31,2025-04-18T18:13:31,https://api.quant-aq.com/v1/devices/MOD-00623/data/raw/366668141
0,634.8,58.30000000000007,693.1,1423.1,679.2,5.099999999999909,684.3,1646.2,0.0,1646.2,1645.5,7.2000000000000455,1653.4,,,34.2,23.1,0.0,0.0,0.0,485.25,2.0,2.8,2.8,4.992,0.2588,0.0,0.0,0.0,0.0,0.0,0.0,0.0,0.0,0.0,0.0,0.1072,0.0,0.0,0.0,0.0,0.0259,0.0357,0.0259,0.0097,0.0065,0.0,0.0,0.78,2.09,1.46,26.66,28.65,0,MOD-00623,2025-04-19T01:12:31,2025-04-18T18:12:31,https://api.quant-aq.com/v1/devices/MOD-00623/data/raw/366668143
0,635.6,57.39999999999998,693.0,1423.4,678.8,3.0,681.8,1646.1,1.5,1647.6,1645.2,7.5,1655.1,,,36.3,23.1,0.0,0.0,0.0,629.25,3.3,6.2,5.6,5.4043,0.2802,0.0067,0.0,0.0,0.0,0.0,0.0,0.0,0.0,0.0,0.0,0.1397,0.0,0.0,0.0,0.0,0.0432,0.0633,0.0333,0.02,0.0101,0.0101,0.0,0.9,7.36,2.09,27.65,28.62,0,MOD-00623,2025-04-19T01:11:31,2025-04-18T18:11:31,https://api.quant-aq.com/v1/devices/MOD-00623/data/raw/366665660
0,636.0,57.10000000000002,693.1,1423.4,678.2,2.7999999999999545,681.0,1646.2,1.7999999999999545,1648.0,1645.4,7.5,1655.5,,,36.8,23.1,0.0,0.0,0.0,521.25,2.3,3.5,3.5,5.0743,0.3079,0.0,0.0,0.0,0.0,0.0,0.0,0.0,0.0,0.0,0.0,0.1004,0.0,0.0,0.0,0.0,0.0323,0.042,0.0451,0.0065,0.0129,0.0,0.0065,0.82,4.49,1.78,27.88,28.59,0,MOD-00623,2025-04-19T01:10:31,2025-04-18T18:10:31,https://api.quant-aq.com/v1/devices/MOD-00623/data/raw/366665659
0,637.9,53.80000000000007,691.7,1423.0,678.5,1.5,680.0,1646.2,2.2999999999999545,1648.5,1645.4,7.7999999999999545,1656.3,,,37.1,23.0,0.0,0.0,0.0,520.75,1.7,3.9,3.8,7.4076,0.3199,0.0,0.0,0.0,0.0,0.003,0.0,0.0,0.0,0.0,0.0,0.121,0.0,0.0,0.0,0.0,0.0349,0.0527,0.0345,0.0251,0.0094,0.0121,0.0062,1.11,8.65,2.35,27.82,28.58,0,MOD-00623,2025-04-19T01:09:31,2025-04-18T18:09:31,https://api.quant-aq.com/v1/devices/MOD-00623/data/raw/366665658
0,638.2,53.59999999999991,691.8,1422.7,678.8,2.5,681.3,1645.9,2.199999999999818,1648.1,1645.2,7.800000000000182,1655.9,,,36.5,23.0,0.0,0.0,0.0,582.75,2.8,4.0,4.0,5.2769,0.2998,0.003,0.0,0.0,0.0,0.0,0.0,0.0,0.0,0.0,0.0,0.1042,0.0,0.0,0.0,0.0,0.0336,0.0523,0.0458,0.0307,0.0,0.0061,0.0031,0.86,5.71,2.06,27.5,28.54,0,MOD-00623,2025-04-19T01:08:31,2025-04-18T18:08:31,https://api.quant-aq.com/v1/devices/MOD-00623/data/raw/366665657
0,639.2,52.89999999999998,692.1,1423.0,678.7,2.2999999999999545,681.0,1645.9,1.7999999999999545,1647.7,1645.3,8.299999999999955,1656.0,,,36.5,23.0,0.0,0.0,0.0,611.5,2.8,4.3,4.3,5.4676,0.3299,0.0,0.0,0.0,0.0,0.0,0.0,0.0,0.0,0.0,0.0,0.1322,0.0,0.0,0.0,0.0,0.0354,0.0423,0.0389,0.0195,0.0064,0.0097,0.0065,0.89,5.88,1.99,27.34,28.55,0,MOD-00623,2025-04-19T01:07:31,2025-04-18T18:07:31,https://api.quant-aq.com/v1/devices/MOD-00623/data/raw/366663261
0,639.7,52.299999999999955,692.0,1423.6,678.3,2.300000000000068,680.6,1646.0,2.099999999999909,1648.1,1645.4,8.100000000000136,1656.2,,,36.6,22.9,0.0,0.0,0.0,599.5,2.2,3.9,3.9,6.165,0.4607,0.0,0.0,0.0,0.0,0.0,0.0,0.0,0.0,0.0,0.0,0.1545,0.0,0.0,0.0,0.0,0.0354,0.0387,0.029,0.0161,0.0097,0.0032,0.0097,1.01,5.89,1.97,27.06,28.55,0,MOD-00623,2025-04-19T01:06:31,2025-04-18T18:06:31,https://api.quant-aq.com/v1/devices/MOD-00623/data/raw/366663259
0,640.5,50.299999999999955,690.8,1421.0,678.9,1.8999999999999773,680.8,1646.0,2.400000000000091,1648.4,1645.3,8.299999999999955,1656.7,,,36.2,22.9,0.0,0.0,0.0,631.25,2.8,5.5,5.1,7.6097,0.3053,0.0,0.0,0.0,0.0,0.0,0.0,0.0,0.0,0.0,0.0,0.0822,0.0,0.0,0.0,0.0,0.0352,0.0351,0.0224,0.0223,0.0032,0.0096,0.0,1.08,3.89,1.95,26.44,28.52,0,MOD-00623,2025-04-19T01:05:31,2025-04-18T18:05:31,https://api.quant-aq.com/v1/devices/MOD-00623/data/raw/366663260
0,638.9,49.0,687.9,1421.9,678.6,-0.5,678.1,1645.9,3.2999999999999545,1649.2,1645.3,8.799999999999955,1658.0,,,35.4,23.0,0.0,0.0,0.0,656.25,2.3,5.3,5.1,4.9094,0.3519,0.0,0.0031,0.0,0.0,0.0,0.0,0.0,0.0,0.0,0.0,0.133,0.0,0.0,0.0,0.0,0.0283,0.0688,0.0371,0.0062,0.0092,0.0031,0.0,0.85,4.86,1.8,25.46,28.55,0,MOD-00623,2025-04-19T01:04:31,2025-04-18T18:04:31,https://api.quant-aq.com/v1/devices/MOD-00623/data/raw/366663258
0,637.1,46.89999999999998,684.0,1420.6,678.7,1.8999999999999773,680.6,1645.9,0.1999999999998181,1646.1,1645.1,8.700000000000045,1654.8,,,29.7,23.0,0.0,0.0,0.0,539.75,1.2,3.8,2.6,4.5727,0.309,0.0,0.0,0.0,0.0,0.0,0.0,0.0,0.0,0.0,0.0,0.0977,0.0,0.0,0.0,0.0,0.0567,0.0316,0.0284,0.019,0.0125,0.0095,0.0032,0.77,5.04,1.81,23.36,28.55,0,MOD-00623,2025-04-19T01:03:31,2025-04-18T18:03:31,https://api.quant-aq.com/v1/devices/MOD-00623/data/raw/366660838
0,639.4,50.39999999999998,689.8,1420.0,678.3,6.900000000000091,685.2,1645.8,-0.7999999999999545,1645.0,1645.2,7.7999999999999545,1652.8,,,31.1,23.0,0.0,0.0,0.0,481.25,1.8,3.2,3.2,4.7329,0.2801,0.0032,0.0,0.0,0.0,0.0,0.0,0.0,0.0,0.0,0.0,0.1177,0.0,0.0,0.0,0.0,0.0481,0.0544,0.0096,0.0255,0.0095,0.0031,0.0032,0.79,5.39,1.75,23.85,28.55,0,MOD-00623,2025-04-19T01:02:31,2025-04-18T18:02:31,https://api.quant-aq.com/v1/devices/MOD-00623/data/raw/366660836
0,639.4,45.30000000000007,684.7,1420.3,679.3,-0.5,678.8,1646.1,2.800000000000182,1648.9,1645.4,8.799999999999955,1657.7,,,32.8,23.0,0.0,0.0,0.0,439.25,1.9,3.6,3.6,7.5932,0.2611,0.0,0.0,0.0,0.0,0.0,0.0,0.0,0.0,0.0,0.0,0.1064,0.0,0.0,0.0,0.0,0.0158,0.0438,0.0219,0.0126,0.0062,0.0095,0.0,1.07,3.8,1.86,24.03,28.58,0,MOD-00623,2025-04-19T01:01:31,2025-04-18T18:01:31,https://api.quant-aq.com/v1/devices/MOD-00623/data/raw/366660835
0,637.9,44.5,682.4,1420.3,678.1,4.600000000000023,682.7,1645.7,-0.7000000000000455,1645.0,1645.2,8.400000000000091,1653.4,,,28.1,23.0,0.0,0.0,0.0,489.75,1.8,3.9,3.9,7.9485,0.2705,0.0033,0.0,0.0,0.0,0.0,0.0,0.0,0.0,0.0,0.0,0.1208,0.0,0.0,0.0,0.0,0.036,0.0522,0.026,0.0098,0.0,0.0,0.0032,1.15,4.41,1.85,22.3,28.58,0,MOD-00623,2025-04-19T01:00:31,2025-04-18T18:00:31,https://api.quant-aq.com/v1/devices/MOD-00623/data/raw/366660837
0,637.2,45.89999999999998,683.1,1418.4,678.7,4.599999999999909,683.3,1645.9,-0.40000000000009095,1645.5,1645.2,8.099999999999909,1653.6,,,28.8,23.0,0.0,0.0,0.0,433.25,1.5,3.0,3.0,4.7982,0.2537,0.0,0.0,0.0,0.0,0.0,0.0,0.0,0.0,0.0,0.0,0.1202,0.0,0.0,0.0,0.0,0.0421,0.0453,0.026,0.0194,0.0065,0.0,0.0,0.79,2.46,1.66,22.68,28.58,0,MOD-00623,2025-04-19T00:59:31,2025-04-18T17:59:31,https://api.quant-aq.com/v1/devices/MOD-00623/data/raw/366658423
0,638.4,45.39999999999998,683.8,1419.1,678.7,4.5,683.2,1645.9,0.0,1645.9,1645.3,7.899999999999864,1653.8,,,29.7,23.0,0.0,0.0,0.0,500.5,1.6,3.5,2.9,4.7369,0.3044,0.0,0.0,0.0,0.0,0.0,0.0,0.0,0.0,0.0,0.0,0.1058,0.0,0.0,0.0,0.0,0.0161,0.0427,0.0223,0.0185,0.0031,0.0031,0.0033,0.76,3.42,1.53,22.95,28.56,0,MOD-00623,2025-04-19T00:58:31,2025-04-18T17:58:31,https://api.quant-aq.com/v1/devices/MOD-00623/data/raw/366658424
0,640.1,44.39999999999998,684.5,1419.1,678.3,4.0,682.3,1646.2,-0.40000000000009095,1645.8,1645.2,7.7999999999999545,1653.6,,,29.6,23.0,0.0,0.0,0.0,537.0,2.3,3.4,3.4,6.8552,0.2726,0.0,0.0,0.0,0.0,0.0,0.0,0.0,0.0,0.0,0.0,0.1217,0.0,0.0,0.0,0.0,0.0454,0.0302,0.0304,0.0092,0.006,0.012,0.0,1.02,4.09,1.85,22.96,28.61,0,MOD-00623,2025-04-19T00:57:31,2025-04-18T17:57:31,https://api.quant-aq.com/v1/devices/MOD-00623/data/raw/366658422
0,638.9,45.10000000000002,684.0,1418.7,679.0,3.5,682.5,1646.1,0.0,1646.1,1645.2,8.100000000000136,1654.2,,,29.8,23.0,0.0,0.0,0.0,554.0,2.1,4.0,3.6,4.9273,0.3103,0.0,0.0,0.0,0.0,0.0,0.0,0.0,0.0,0.0,0.0,0.1098,0.0,0.0,0.0,0.0,0.0196,0.0498,0.0299,0.0133,0.0065,0.01,0.0,0.8,3.78,1.71,22.94,28.59,0,MOD-00623,2025-04-19T00:56:31,2025-04-18T17:56:31,https://api.quant-aq.com/v1/devices/MOD-00623/data/raw/366658421
0,639.2,43.09999999999991,682.3,1418.9,679.1,3.699999999999932,682.8,1645.9,0.0,1645.9,1645.3,8.699999999999818,1654.6,,,29.1,23.0,0.0,0.0,0.0,360.25,1.2,2.5,2.5,4.8108,0.2937,0.0,0.0,0.0,0.0,0.0,0.0,0.0,0.0,0.0,0.0,0.0839,0.0,0.0,0.0,0.0,0.029,0.0354,0.0097,0.0129,0.0033,0.0065,0.0,0.75,2.66,1.34,22.71,28.61,0,MOD-00623,2025-04-19T00:55:31,2025-04-18T17:55:31,https://api.quant-aq.com/v1/devices/MOD-00623/data/raw/366656030
0,638.7,43.19999999999993,681.9,1418.8,678.8,3.900000000000091,682.7,1645.9,-0.10000000000013642,1645.8,1645.1,8.200000000000045,1654.0,,,29.3,23.0,0.0,0.0,0.0,470.5,0.8,2.5,2.4,5.1999,0.327,0.0,0.0032,0.0,0.0,0.0,0.0,0.0,0.0,0.0,0.0,0.0959,0.0,0.0,0.0,0.0,0.0416,0.0575,0.0096,0.0193,0.0,0.016,0.0032,0.84,7.01,1.7,22.8,28.61,0,MOD-00623,2025-04-19T00:54:31,2025-04-18T17:54:31,https://api.quant-aq.com/v1/devices/MOD-00623/data/raw/366656031
0,637.1,44.799999999999955,681.9,1418.8,679.1,4.100000000000023,683.2,1646.2,-0.20000000000004547,1646.0,1645.4,8.299999999999955,1654.3,,,29.7,23.1,0.0,0.0,0.0,478.25,1.2,3.2,2.2,7.2268,0.2855,0.0,0.0,0.0,0.0,0.0,0.0,0.0,0.0,0.0,0.0,0.1347,0.0,0.0,0.0,0.0,0.0429,0.0393,0.0099,0.0198,0.0033,0.0133,0.0,1.07,4.25,1.88,22.7,28.62,0,MOD-00623,2025-04-19T00:53:31,2025-04-18T17:53:31,https://api.quant-aq.com/v1/devices/MOD-00623/data/raw/366656029
0,638.5,42.700000000000045,681.2,1415.8,678.8,2.5,681.3,1646.0,0.40000000000009095,1646.4,1645.5,8.5,1654.9,,,29.0,23.1,0.0,0.0,0.0,508.0,1.9,4.2,3.7,5.0193,0.3032,0.0034,0.0,0.0,0.0,0.0,0.0,0.0,0.0,0.0,0.0,0.1116,0.0,0.0,0.0,0.0,0.0329,0.0363,0.033,0.02,0.0033,0.0034,0.0033,0.81,5.16,1.71,22.22,28.61,0,MOD-00623,2025-04-19T00:52:31,2025-04-18T17:52:31,https://api.quant-aq.com/v1/devices/MOD-00623/data/raw/366656032
0,639.5,41.700000000000045,681.2,1419.2,679.0,4.0,683.0,1646.1,-0.3999999999998636,1645.7,1645.3,8.399999999999864,1654.1,,,28.2,23.1,0.0,0.0,0.0,478.75,1.7,3.9,3.8,4.7427,0.3003,0.0,0.0,0.0032,0.0,0.0,0.0,0.0,0.0,0.0,0.0,0.1333,0.0,0.0,0.0,0.0,0.029,0.0166,0.0159,0.0132,0.0163,0.0159,0.0097,0.76,9.83,1.67,21.96,28.59,0,MOD-00623,2025-04-19T00:51:31,2025-04-18T17:51:31,https://api.quant-aq.com/v1/devices/MOD-00623/data/raw/366653652
0,638.2,42.89999999999998,681.1,1416.9,679.4,4.0,683.4,1646.2,-0.7000000000000455,1645.5,1645.4,8.5,1654.0,,,27.8,23.1,0.0,0.0,0.0,487.5,1.6,3.6,3.4,4.8846,0.2717,0.0,0.0,0.0,0.0,0.0,0.0,0.0,0.0,0.0,0.0,0.1715,0.0,0.0,0.0,0.0,0.0222,0.0383,0.016,0.0124,0.0127,0.0031,0.0062,0.81,4.64,1.6,21.9,28.59,0,MOD-00623,2025-04-19T00:50:31,2025-04-18T17:50:31,https://api.quant-aq.com/v1/devices/MOD-00623/data/raw/366653649
0,638.2,42.799999999999955,681.0,1415.9,678.6,4.2999999999999545,682.9,1646.2,-0.5,1645.7,1645.6,8.5,1654.2,,,28.1,23.1,0.0,0.0,0.0,343.0,1.0,2.2,2.2,7.3064,0.2541,0.0,0.0,0.0,0.0,0.0,0.0,0.0,0.0,0.0,0.0,0.1151,0.0,0.0,0.0,0.0,0.0218,0.0373,0.0184,0.0218,0.0062,0.0,0.0031,1.04,3.44,1.83,21.99,28.58,0,MOD-00623,2025-04-19T00:49:31,2025-04-18T17:49:31,https://api.quant-aq.com/v1/devices/MOD-00623/data/raw/366653651
0,638.4,42.5,680.9,1415.8,679.1,3.7999999999999545,682.9,1646.2,-0.40000000000009095,1645.8,1645.5,8.600000000000136,1654.4,,,28.0,23.1,0.0,0.0,0.0,467.75,1.5,3.5,3.5,4.8693,0.3607,0.0,0.0,0.0,0.0,0.0,0.0,0.0,0.0,0.0,0.0,0.1028,0.0,0.0,0.0,0.0,0.055,0.0226,0.0193,0.0159,0.0099,0.0,0.0031,0.8,3.27,1.56,21.93,28.59,0,MOD-00623,2025-04-19T00:48:31,2025-04-18T17:48:31,https://api.quant-aq.com/v1/devices/MOD-00623/data/raw/366653650
0,635.6,43.89999999999998,679.5,1416.3,678.7,3.8999999999999773,682.6,1646.0,-0.599999999999909,1645.4,1645.2,8.599999999999909,1654.0,,,27.7,23.1,0.0,0.0,0.0,510.0,1.8,3.2,3.2,4.6786,0.2502,0.0,0.0032,0.0,0.0,0.0,0.0,0.0,0.0,0.0,0.0,0.1027,0.0,0.0,0.0,0.0,0.0256,0.0579,0.0161,0.0128,0.0064,0.0096,0.0064,0.75,7.18,1.6,21.7,28.59,0,MOD-00623,2025-04-19T00:47:31,2025-04-18T17:47:31,https://api.quant-aq.com/v1/devices/MOD-00623/data/raw/366651242
0,636.8,42.700000000000045,679.5,1416.7,678.3,4.400000000000091,682.7,1646.1,-0.8999999999998636,1645.2,1645.3,8.700000000000045,1653.9,,,27.5,23.1,0.0,0.0,0.0,568.25,2.4,4.2,4.2,5.0429,0.344,0.0,0.0,0.0,0.0,0.0,0.0,0.0,0.0,0.0,0.0,0.1254,0.0,0.0,0.0,0.0,0.0385,0.0257,0.0132,0.0292,0.0065,0.0065,0.0034,0.82,4.37,1.71,21.81,28.55,0,MOD-00623,2025-04-19T00:46:31,2025-04-18T17:46:31,https://api.quant-aq.com/v1/devices/MOD-00623/data/raw/366651241
0,636.5,43.39999999999998,679.9,1417.6,678.5,4.600000000000023,683.1,1646.0,-1.0,1645.0,1645.4,8.799999999999955,1653.8,,,27.9,23.1,0.0,0.0,0.0,515.25,1.9,3.1,3.1,7.913,0.2956,0.0033,0.0032,0.0,0.0,0.0,0.0,0.0,0.0,0.0,0.0,0.1332,0.0,0.0,0.0,0.0,0.0226,0.0424,0.0328,0.0198,0.0032,0.0097,0.0032,1.14,8.28,2.12,22.01,28.54,0,MOD-00623,2025-04-19T00:45:31,2025-04-18T17:45:31,https://api.quant-aq.com/v1/devices/MOD-00623/data/raw/366651240
0,635.2,44.59999999999991,679.8,1416.1,678.8,3.7000000000000455,682.5,1645.9,-0.20000000000004547,1645.7,1645.4,8.5,1654.2,,,28.3,23.0,0.0,0.0,0.0,428.0,1.8,2.9,2.9,5.0658,0.2734,0.0,0.0,0.0,0.0,0.0,0.0,0.0,0.0,0.0,0.0,0.1187,0.0,0.0,0.0,0.0,0.0341,0.0268,0.0271,0.0136,0.017,0.0,0.0,0.8,2.92,1.66,22.09,28.54,0,MOD-00623,2025-04-19T00:44:31,2025-04-18T17:44:31,https://api.quant-aq.com/v1/devices/MOD-00623/data/raw/366651239
0,635.2,45.0,680.2,1417.4,678.7,4.099999999999909,682.8,1645.8,-0.7000000000000455,1645.1,1645.1,8.600000000000136,1653.7,,,27.4,23.0,0.0,0.0,0.0,515.25,2.3,3.8,3.8,4.8816,0.242,0.0,0.0,0.0,0.0,0.0,0.0,0.0,0.0,0.0,0.0,0.1193,0.0,0.0,0.0,0.0,0.023,0.0297,0.0233,0.0034,0.0033,0.0098,0.0033,0.76,3.91,1.37,21.89,28.52,0,MOD-00623,2025-04-19T00:43:31,2025-04-18T17:43:31,https://api.quant-aq.com/v1/devices/MOD-00623/data/raw/366648845
0,637.3,43.10000000000002,680.4,1416.7,678.3,4.300000000000068,682.6,1645.5,-0.40000000000009095,1645.1,1645.0,8.200000000000045,1653.3,,,28.1,23.0,0.0,0.0,0.0,458.5,1.9,3.0,3.0,5.5075,0.2902,0.0,0.0,0.0,0.0,0.0,0.0,0.0,0.0,0.0,0.0,0.1349,0.0,0.0,0.0,0.0,0.0393,0.0427,0.0394,0.0197,0.0033,0.0032,0.0033,0.89,3.87,1.88,22.25,28.52,0,MOD-00623,2025-04-19T00:42:31,2025-04-18T17:42:31,https://api.quant-aq.com/v1/devices/MOD-00623/data/raw/366648844
0,636.7,44.799999999999955,681.5,1417.9,678.1,4.899999999999977,683.0,1645.7,-0.7999999999999545,1644.9,1644.9,8.099999999999909,1653.0,,,28.4,22.9,0.0,0.0,0.0,419.0,1.4,2.8,2.8,7.931,0.2899,0.0033,0.0035,0.0,0.0,0.0034,0.0,0.0,0.0,0.0,0.0,0.1083,0.0,0.0,0.0,0.0,0.0337,0.0268,0.0169,0.0068,0.0033,0.0067,0.0033,1.11,9.59,1.7,22.43,28.5,0,MOD-00623,2025-04-19T00:41:31,2025-04-18T17:41:31,https://api.quant-aq.com/v1/devices/MOD-00623/data/raw/366648842
0,637.7,43.799999999999955,681.5,1417.3,679.0,3.2000000000000455,682.2,1645.6,0.10000000000013642,1645.7,1644.9,8.700000000000045,1654.4,,,29.6,22.9,0.0,0.0,0.0,490.5,1.9,3.7,3.7,5.1232,0.3566,0.0033,0.0,0.0,0.0,0.0,0.0,0.0,0.0,0.0,0.0,0.1551,0.0,0.0,0.0,0.0,0.0362,0.053,0.0132,0.0097,0.0067,0.0033,0.01,0.87,6.71,1.63,22.95,28.54,0,MOD-00623,2025-04-19T00:40:31,2025-04-18T17:40:31,https://api.quant-aq.com/v1/devices/MOD-00623/data/raw/366648843
0,636.9,44.60000000000002,681.5,1417.3,678.4,4.2000000000000455,682.6,1645.8,-0.599999999999909,1645.2,1645.1,8.5,1653.7,,,29.1,22.9,0.0,0.0,0.0,442.5,1.2,3.0,3.0,5.0556,0.2752,0.0,0.0,0.0,0.0,0.0,0.0,0.0,0.0,0.0,0.0,0.0993,0.0,0.0,0.0,0.0,0.0263,0.0394,0.0297,0.0133,0.0099,0.0,0.0,0.79,2.5,1.61,22.64,28.52,0,MOD-00623,2025-04-19T00:39:31,2025-04-18T17:39:31,https://api.quant-aq.com/v1/devices/MOD-00623/data/raw/366646475
0,636.9,44.39999999999998,681.3,1414.5,678.8,4.0,682.8,1645.4,-0.40000000000009095,1645.0,1644.9,8.799999999999955,1653.8,,,28.9,22.9,0.0,0.0,0.0,458.25,1.4,2.8,2.8,5.1981,0.2742,0.0,0.0,0.0,0.0,0.0,0.0,0.0,0.0,0.0,0.0,0.1438,0.0,0.0,0.0,0.0,0.019,0.0383,0.0192,0.0254,0.0032,0.0064,0.0,0.83,3.24,1.68,22.48,28.52,0,MOD-00623,2025-04-19T00:38:31,2025-04-18T17:38:31,https://api.quant-aq.com/v1/devices/MOD-00623/data/raw/366646474
0,637.7,43.39999999999998,681.1,1417.9,678.6,3.5,682.1,1645.7,-0.5,1645.2,1645.0,8.700000000000045,1653.9,,,29.1,22.9,0.0,0.0,0.0,564.75,2.4,3.8,3.8,7.8858,0.3168,0.0032,0.0,0.0,0.0,0.0,0.0,0.0,0.0,0.0,0.0,0.1194,0.0,0.0,0.0,0.0,0.0442,0.0536,0.0284,0.0189,0.0031,0.0,0.0094,1.17,6.57,2.1,22.5,28.55,0,MOD-00623,2025-04-19T00:37:31,2025-04-18T17:37:31,https://api.quant-aq.com/v1/devices/MOD-00623/data/raw/366646472
0,638.6,42.5,681.1,1418.0,678.3,3.800000000000068,682.1,1645.5,-0.20000000000004547,1645.3,1644.9,8.400000000000091,1653.7,,,28.8,23.0,0.0,0.0,0.0,489.25,1.9,3.7,3.7,5.2079,0.2825,0.0,0.0,0.003,0.0,0.0033,0.0,0.0,0.0,0.0,0.0,0.1381,0.0,0.0,0.0,0.0,0.048,0.0385,0.0157,0.0222,0.0164,0.0,0.0,0.85,7.43,1.79,22.45,28.56,0,MOD-00623,2025-04-19T00:36:31,2025-04-18T17:36:31,https://api.quant-aq.com/v1/devices/MOD-00623/data/raw/366646473
0,639.0,41.60000000000002,680.6,1417.8,679.3,3.800000000000068,683.1,1645.6,-0.5,1645.1,1644.9,8.800000000000182,1653.9,,,28.8,23.0,0.0,0.0,0.0,471.5,1.8,4.0,3.3,5.0252,0.3723,0.0034,0.0032,0.0,0.0,0.0,0.0,0.0,0.0,0.0,0.0,0.127,0.0,0.0,0.0,0.0,0.0358,0.0261,0.0324,0.0067,0.0098,0.0,0.0,0.83,5.73,1.56,22.32,28.56,0,MOD-00623,2025-04-19T00:35:31,2025-04-18T17:35:31,https://api.quant-aq.com/v1/devices/MOD-00623/data/raw/366644102
0,637.2,43.09999999999991,680.3,1419.0,678.5,4.2999999999999545,682.8,1645.6,-0.7999999999999545,1644.8,1645.0,8.700000000000045,1653.5,,,28.2,23.0,0.0,0.0,0.0,579.5,2.8,4.0,4.0,5.2439,0.3441,0.0,0.0,0.0,0.0,0.0,0.0,0.0,0.0,0.0,0.0,0.1421,0.0,0.0,0.0,0.0,0.056,0.0292,0.0199,0.0065,0.0131,0.0033,0.0,0.87,2.96,1.61,22.24,28.62,0,MOD-00623,2025-04-19T00:34:31,2025-04-18T17:34:31,https://api.quant-aq.com/v1/devices/MOD-00623/data/raw/366644100
0,638.0,43.0,681.0,1414.6,678.6,3.8999999999999773,682.5,1645.7,-0.7999999999999545,1644.9,1644.8,8.699999999999818,1653.6,,,29.1,23.0,0.0,0.0,0.0,538.75,2.1,4.5,3.9,8.291,0.3278,0.0032,0.0032,0.0,0.0,0.0,0.0,0.0,0.0,0.0,0.0,0.1325,0.0,0.0,0.0,0.0,0.0344,0.0345,0.0125,0.0126,0.0064,0.0094,0.0,1.19,7.12,1.9,22.6,28.61,0,MOD-00623,2025-04-19T00:33:31,2025-04-18T17:33:31,https://api.quant-aq.com/v1/devices/MOD-00623/data/raw/366644103
0,637.9,43.200000000000045,681.1,1418.2,678.8,3.6000000000000227,682.4,1645.6,-0.1999999999998181,1645.4,1645.1,8.5,1653.9,,,29.7,23.0,0.0,0.0,0.0,459.25,1.7,3.3,3.3,5.2903,0.2879,0.0,0.0,0.0,0.0,0.0,0.0,0.0,0.0,0.0,0.0,0.1226,0.0,0.0,0.0,0.0,0.0353,0.0355,0.016,0.0258,0.0065,0.0,0.0,0.84,2.52,1.66,22.75,28.64,0,MOD-00623,2025-04-19T00:32:31,2025-04-18T17:32:31,https://api.quant-aq.com/v1/devices/MOD-00623/data/raw/366644101
0,637.6,42.0,679.6,1415.2,678.8,3.300000000000068,682.1,1645.5,-0.2999999999999545,1645.2,1644.8,8.700000000000045,1653.9,,,28.8,23.0,0.0,0.0,0.0,484.5,1.8,4.2,4.2,4.8368,0.2929,0.0,0.0,0.0,0.0,0.0,0.0,0.0,0.0,0.0,0.0,0.1613,0.0,0.0,0.0,0.0,0.0276,0.0344,0.0308,0.0154,0.0,0.003,0.0,0.81,2.37,1.56,22.42,28.62,0,MOD-00623,2025-04-19T00:31:31,2025-04-18T17:31:31,https://api.quant-aq.com/v1/devices/MOD-00623/data/raw/366641752
0,638.1,42.299999999999955,680.4,1417.5,678.5,4.5,683.0,1645.6,-0.8999999999998636,1644.7,1645.2,8.700000000000045,1653.4,,,28.6,23.1,0.0,0.0,0.0,587.0,2.6,5.2,5.2,5.6701,0.2969,0.0,0.0,0.0,0.0,0.0,0.0,0.0,0.0,0.0,0.0,0.1178,0.0,0.0,0.0,0.0,0.0293,0.0487,0.0261,0.0131,0.0098,0.0,0.0032,0.89,3.47,1.74,22.37,28.64,0,MOD-00623,2025-04-19T00:30:31,2025-04-18T17:30:31,https://api.quant-aq.com/v1/devices/MOD-00623/data/raw/366641753
0,639.0,41.799999999999955,680.8,1417.0,679.1,3.8999999999999773,683.0,1645.6,-0.599999999999909,1645.0,1644.8,8.700000000000045,1653.7,,,29.2,23.1,0.0,0.0,0.0,503.5,1.6,5.0,3.8,8.1299,0.3688,0.0,0.0,0.0,0.0,0.0,0.0,0.0,0.0,0.0,0.0,0.1261,0.0,0.0,0.0,0.0,0.0345,0.0633,0.0315,0.0063,0.0063,0.0063,0.0,1.21,3.54,2.09,22.52,28.68,0,MOD-00623,2025-04-19T00:29:31,2025-04-18T17:29:31,https://api.quant-aq.com/v1/devices/MOD-00623/data/raw/366641754
0,638.5,41.700000000000045,680.2,1415.4,679.3,3.5,682.8,1645.7,-0.7999999999999545,1644.9,1644.9,8.699999999999818,1653.6,,,28.4,23.1,0.0,0.0,0.0,521.5,2.3,3.4,3.4,4.8071,0.3467,0.0,0.003,0.0,0.0,0.0,0.0,0.0,0.0,0.0,0.0,0.1096,0.0,0.0,0.0,0.0,0.0408,0.0561,0.0404,0.0185,0.0217,0.0094,0.0,0.83,6.9,2.16,22.19,28.68,0,MOD-00623,2025-04-19T00:28:31,2025-04-18T17:28:31,https://api.quant-aq.com/v1/devices/MOD-00623/data/raw/366641755
0,637.2,43.09999999999991,680.3,1417.1,679.5,4.399999999999977,683.9,1645.5,-0.7000000000000455,1644.8,1644.9,8.400000000000091,1653.2,,,28.3,23.1,0.0,0.0,0.0,389.25,1.2,2.5,2.5,4.8721,0.3495,0.0,0.0,0.0,0.0,0.0,0.0,0.0,0.0,0.0,0.0,0.1081,0.0,0.0,0.0,0.0,0.0538,0.0412,0.0318,0.0224,0.0127,0.0032,0.0032,0.83,4.41,1.92,22.2,28.72,0,MOD-00623,2025-04-19T00:27:31,2025-04-18T17:27:31,https://api.quant-aq.com/v1/devices/MOD-00623/data/raw/366639336
0,638.4,42.10000000000002,680.5,1419.4,679.3,3.900000000000091,683.2,1645.8,-0.3999999999998636,1645.4,1644.8,8.199999999999818,1653.6,,,29.1,23.1,0.0,0.0,0.0,424.25,1.2,3.4,3.0,5.3428,0.3478,0.0,0.0,0.0,0.0,0.0,0.0,0.0,0.0,0.0,0.0,0.1394,0.0,0.0,0.0,0.0,0.0561,0.0236,0.0262,0.0231,0.0164,0.0,0.0,0.88,3.27,1.88,22.49,28.74,0,MOD-00623,2025-04-19T00:26:31,2025-04-18T17:26:31,https://api.quant-aq.com/v1/devices/MOD-00623/data/raw/366639341
0,639.3,41.0,680.3,1418.7,679.1,4.0,683.1,1645.8,-0.599999999999909,1645.2,1645.1,8.5,1653.7,,,28.4,23.2,0.0,0.0,0.0,544.0,2.2,3.8,3.8,7.8216,0.3133,0.0,0.0,0.0,0.0,0.0,0.0,0.0,0.0,0.0,0.0,0.1044,0.0,0.0,0.0,0.0,0.0294,0.0388,0.0162,0.0163,0.0,0.0,0.0,1.11,2.08,1.72,22.13,28.74,0,MOD-00623,2025-04-19T00:25:31,2025-04-18T17:25:31,https://api.quant-aq.com/v1/devices/MOD-00623/data/raw/366639339
0,638.6,41.69999999999993,680.3,1416.8,678.7,4.199999999999932,682.9,1645.5,-0.599999999999909,1644.9,1645.3,8.699999999999818,1653.6,,,28.3,23.2,0.0,0.0,0.0,542.75,2.6,5.2,4.0,4.9159,0.3142,0.0031,0.0,0.0,0.0,0.0,0.0,0.0,0.0,0.0,0.0,0.119,0.0,0.0,0.0,0.0,0.0248,0.0408,0.034,0.0152,0.0126,0.0092,0.0,0.8,5.47,1.83,22.08,28.76,0,MOD-00623,2025-04-19T00:24:31,2025-04-18T17:24:31,https://api.quant-aq.com/v1/devices/MOD-00623/data/raw/366639334
0,638.1,42.39999999999998,680.5,1418.2,679.1,4.2999999999999545,683.4,1645.8,-0.8999999999998636,1644.9,1645.1,8.699999999999818,1653.6,,,28.5,23.2,0.0,0.0,0.0,541.5,2.2,4.9,3.6,5.3396,0.3344,0.0,0.0,0.0,0.0,0.0,0.0,0.0,0.0,0.0,0.0,0.1525,0.0,0.0,0.0,0.0,0.046,0.0357,0.0299,0.0168,0.0066,0.0,0.0032,0.89,3.38,1.76,22.22,28.76,0,MOD-00623,2025-04-19T00:23:31,2025-04-18T17:23:31,https://api.quant-aq.com/v1/devices/MOD-00623/data/raw/366636958
0,638.2,43.39999999999998,681.6,1416.1,679.6,4.0,683.6,1645.9,-0.5,1645.4,1645.1,8.399999999999864,1653.8,,,28.3,23.2,0.0,0.0,0.0,492.5,2.1,4.0,3.3,5.6589,0.3718,0.0,0.0,0.0,0.0,0.0,0.0,0.0,0.0,0.0,0.0,0.1481,0.0,0.0,0.0,0.0,0.0352,0.0423,0.0421,0.0102,0.0095,0.0,0.0,0.94,2.73,1.86,21.99,28.79,0,MOD-00623,2025-04-19T00:22:31,2025-04-18T17:22:31,https://api.quant-aq.com/v1/devices/MOD-00623/data/raw/366636961
0,637.5,43.39999999999998,680.9,1418.1,678.9,4.600000000000023,683.5,1646.1,-1.0,1645.1,1645.1,8.300000000000182,1653.4,,,27.6,23.2,0.0,0.0,0.0,533.25,2.4,3.9,3.7,7.5012,0.2842,0.0,0.0,0.0,0.0,0.0,0.0,0.0,0.0,0.0,0.0,0.1135,0.0,0.0,0.0,0.0,0.0442,0.0347,0.0221,0.0,0.0063,0.0,0.0031,1.08,2.91,1.65,21.79,28.79,0,MOD-00623,2025-04-19T00:21:31,2025-04-18T17:21:31,https://api.quant-aq.com/v1/devices/MOD-00623/data/raw/366636960
0,638.2,42.89999999999998,681.1,1417.5,679.7,4.5,684.2,1646.0,-0.900000000000091,1645.1,1645.3,8.5,1653.6,,,28.0,23.3,0.0,0.0,0.0,520.5,2.0,3.7,3.7,5.01,0.2931,0.0,0.0,0.0,0.0,0.0,0.0,0.0,0.0,0.0,0.0,0.1074,0.0,0.0,0.0,0.0,0.029,0.0391,0.0458,0.0228,0.0128,0.0066,0.0,0.81,4.17,2.0,22.14,28.85,0,MOD-00623,2025-04-19T00:20:31,2025-04-18T17:20:31,https://api.quant-aq.com/v1/devices/MOD-00623/data/raw/366636959
0,637.0,44.10000000000002,681.1,1420.6,679.9,4.800000000000068,684.7,1646.0,-0.900000000000091,1645.1,1645.2,8.5,1653.6,,,28.5,23.3,0.0,0.0,0.0,510.0,2.0,3.9,3.9,5.1954,0.3061,0.0033,0.0,0.0032,0.0,0.0,0.0,0.0,0.0,0.0,0.0,0.1407,0.0,0.0,0.0,0.0,0.0258,0.0589,0.0391,0.0129,0.0066,0.0065,0.0033,0.87,8.13,1.9,22.38,28.85,0,MOD-00623,2025-04-19T00:19:31,2025-04-18T17:19:31,https://api.quant-aq.com/v1/devices/MOD-00623/data/raw/366634574
0,635.6,44.69999999999993,680.3,1417.0,679.4,4.2000000000000455,683.6,1645.9,-0.7000000000000455,1645.2,1645.3,8.599999999999909,1653.8,,,28.7,23.3,0.0,0.0,0.0,492.5,2.1,3.6,3.5,5.3092,0.381,0.0034,0.0,0.0,0.0,0.0,0.0,0.0,0.0,0.0,0.0,0.1597,0.0,0.0,0.0,0.0,0.0356,0.0587,0.0426,0.0161,0.0261,0.0197,0.0,0.92,8.42,2.43,22.6,28.81,0,MOD-00623,2025-04-19T00:18:31,2025-04-18T17:18:31,https://api.quant-aq.com/v1/devices/MOD-00623/data/raw/366634573
0,637.2,44.0,681.2,1418.6,679.5,3.8999999999999773,683.4,1646.1,-0.6999999999998181,1645.4,1645.4,8.399999999999864,1653.8,,,29.3,23.3,0.0,0.0,0.0,480.0,1.7,5.0,4.2,8.3729,0.3224,0.0,0.0,0.0,0.0,0.0,0.0,0.0,0.0,0.0,0.0,0.165,0.0,0.0,0.0,0.0,0.0388,0.0631,0.0282,0.0314,0.0139,0.007,0.0,1.26,4.94,2.57,22.87,28.79,0,MOD-00623,2025-04-19T00:17:31,2025-04-18T17:17:31,https://api.quant-aq.com/v1/devices/MOD-00623/data/raw/366634572
0,636.0,44.0,680.0,1417.6,679.1,3.7999999999999545,682.9,1645.9,-0.20000000000004547,1645.7,1645.3,8.5,1654.2,,,29.5,23.3,0.0,0.0,0.0,475.75,1.6,3.0,3.0,5.2695,0.3336,0.0034,0.0,0.0,0.0,0.0,0.0,0.0,0.0,0.0,0.0,0.1453,0.0,0.0,0.0,0.0,0.058,0.0508,0.0202,0.0167,0.0102,0.0032,0.01,0.9,7.34,1.88,22.87,28.81,0,MOD-00623,2025-04-19T00:16:31,2025-04-18T17:16:31,https://api.quant-aq.com/v1/devices/MOD-00623/data/raw/366634571
0,636.1,44.19999999999993,680.3,1417.6,679.3,3.7000000000000455,683.0,1646.0,-0.5,1645.5,1645.2,8.599999999999909,1654.1,,,28.8,23.3,0.0,0.0,0.0,501.25,1.9,3.4,3.4,5.195,0.2965,0.0,0.0,0.0,0.0,0.0032,0.0,0.0,0.0,0.0,0.0,0.1685,0.0,0.0,0.0,0.0,0.0395,0.0432,0.0426,0.016,0.0098,0.0,0.0,0.88,4.96,1.91,22.46,28.81,0,MOD-00623,2025-04-19T00:15:31,2025-04-18T17:15:31,https://api.quant-aq.com/v1/devices/MOD-00623/data/raw/366632230
0,635.5,44.39999999999998,679.9,1418.7,679.4,4.100000000000023,683.5,1645.8,-0.3999999999998636,1645.4,1645.0,8.199999999999818,1653.6,,,28.6,23.2,0.0,0.0,0.0,438.0,1.5,3.3,2.8,5.2126,0.3267,0.0,0.0,0.0,0.0,0.0,0.0,0.0,0.0,0.0,0.0,0.1345,0.0,0.0,0.0,0.0,0.0236,0.0637,0.0235,0.0167,0.0068,0.0134,0.0,0.86,4.46,1.87,22.38,28.82,0,MOD-00623,2025-04-19T00:14:31,2025-04-18T17:14:31,https://api.quant-aq.com/v1/devices/MOD-00623/data/raw/366632229
0,639.0,40.39999999999998,679.4,1419.1,678.7,3.8999999999999773,682.6,1645.7,-0.10000000000013642,1645.6,1645.1,8.200000000000045,1653.8,,,28.9,23.2,0.0,0.0,0.0,531.25,2.0,3.2,3.2,7.7573,0.3212,0.0,0.0,0.0,0.0,0.0,0.0,0.0,0.0,0.0,0.0,0.0638,0.0,0.0,0.0,0.0,0.0173,0.071,0.0268,0.0238,0.0102,0.0137,0.0034,1.11,6.14,2.3,22.53,28.79,0,MOD-00623,2025-04-19T00:13:31,2025-04-18T17:13:31,https://api.quant-aq.com/v1/devices/MOD-00623/data/raw/366632227
0,636.1,44.0,680.1,1418.9,678.9,4.7000000000000455,683.6,1645.9,-0.7000000000000455,1645.2,1645.1,8.299999999999955,1653.5,,,28.6,23.2,0.0,0.0,0.0,483.0,2.0,3.3,3.0,5.3644,0.3595,0.0,0.0032,0.0,0.0,0.0,0.0,0.0,0.0,0.0,0.0,0.1284,0.0,0.0,0.0,0.0,0.0262,0.0363,0.0164,0.0198,0.0098,0.0099,0.0033,0.86,6.86,1.76,22.43,28.83,0,MOD-00623,2025-04-19T00:12:31,2025-04-18T17:12:31,https://api.quant-aq.com/v1/devices/MOD-00623/data/raw/366632228
0,636.1,44.69999999999993,680.8,1418.6,679.1,4.199999999999932,683.3,1645.6,-0.3999999999998636,1645.2,1644.9,8.5,1653.7,,,29.0,23.2,0.0,0.0,0.0,493.5,2.2,3.6,3.6,5.1669,0.3299,0.0034,0.0,0.0,0.0,0.0,0.0,0.0,0.0,0.0,0.0,0.1289,0.0,0.0,0.0,0.0,0.0372,0.0478,0.0239,0.0204,0.0034,0.0,0.0,0.85,3.79,1.69,22.58,28.81,0,MOD-00623,2025-04-19T00:11:31,2025-04-18T17:11:31,https://api.quant-aq.com/v1/devices/MOD-00623/data/raw/366629865
0,636.9,45.60000000000002,682.5,1416.9,679.6,4.699999999999932,684.3,1645.7,-0.2999999999999545,1645.4,1645.2,8.299999999999955,1653.7,,,29.4,23.2,0.0,0.0,0.0,504.0,1.8,3.5,3.5,5.6323,0.3453,0.0034,0.0,0.0,0.0,0.0,0.0,0.0,0.0,0.0,0.0,0.1412,0.0,0.0,0.0,0.0,0.0267,0.0469,0.0169,0.0203,0.0068,0.0102,0.01,0.9,8.15,1.87,22.68,28.81,0,MOD-00623,2025-04-19T00:10:31,2025-04-18T17:10:31,https://api.quant-aq.com/v1/devices/MOD-00623/data/raw/366629864
0,637.5,43.700000000000045,681.2,1418.6,678.5,3.1000000000000227,681.6,1645.7,0.20000000000004547,1645.9,1644.9,8.299999999999955,1654.2,,,29.4,23.2,0.0,0.0,0.0,474.0,1.7,4.1,3.5,8.0852,0.3425,0.0033,0.0,0.0,0.0,0.0,0.0,0.0,0.0,0.0,0.0,0.1294,0.0,0.0,0.0,0.0,0.0394,0.0562,0.0266,0.0131,0.0231,0.0067,0.0099,1.2,8.9,2.4,22.61,28.82,0,MOD-00623,2025-04-19T00:09:31,2025-04-18T17:09:31,https://api.quant-aq.com/v1/devices/MOD-00623/data/raw/366629863
0,638.2,42.19999999999993,680.4,1416.9,679.4,3.8999999999999773,683.3,1645.5,-0.2999999999999545,1645.2,1644.8,8.599999999999909,1653.8,,,28.6,23.2,0.0,0.0,0.0,472.75,1.9,3.9,3.6,5.0641,0.3352,0.0,0.0,0.0032,0.0,0.0,0.0,0.0,0.0,0.0,0.0,0.1319,0.0,0.0,0.0,0.0,0.0353,0.0385,0.0387,0.0161,0.0162,0.0065,0.0032,0.84,7.27,1.97,22.14,28.81,0,MOD-00623,2025-04-19T00:08:31,2025-04-18T17:08:31,https://api.quant-aq.com/v1/devices/MOD-00623/data/raw/366629861
0,637.2,42.39999999999998,679.6,1417.3,679.6,4.100000000000023,683.7,1645.7,-0.7000000000000455,1645.0,1645.0,8.700000000000045,1653.7,,,28.2,23.2,0.0,0.0,0.0,532.25,2.1,4.6,4.6,5.0712,0.3084,0.0033,0.0,0.0,0.0,0.0,0.0,0.0,0.0,0.0,0.0,0.1139,0.0,0.0,0.0,0.0,0.0456,0.0617,0.013,0.0195,0.0,0.0065,0.0,0.84,4.35,1.66,21.96,28.86,0,MOD-00623,2025-04-19T00:07:31,2025-04-18T17:07:31,https://api.quant-aq.com/v1/devices/MOD-00623/data/raw/366627446
0,636.3,42.90000000000009,679.2,1415.1,678.8,4.100000000000023,682.9,1645.6,-0.5,1645.1,1645.0,8.700000000000045,1653.8,,,28.2,23.2,0.0,0.0,0.0,468.75,1.8,3.8,3.2,5.3714,0.3165,0.0,0.0,0.0,0.0,0.0,0.0,0.0,0.0,0.0,0.0,0.1635,0.0,0.0,0.0,0.0,0.0328,0.0296,0.0327,0.0165,0.0067,0.0033,0.0,0.88,2.96,1.75,21.81,28.85,0,MOD-00623,2025-04-19T00:06:31,2025-04-18T17:06:31,https://api.quant-aq.com/v1/devices/MOD-00623/data/raw/366627444
0,636.9,41.700000000000045,678.6,1415.2,679.7,4.199999999999932,683.9,1645.8,-1.2000000000000455,1644.6,1645.1,8.800000000000182,1653.4,,,27.5,23.2,0.0,0.0,0.0,444.0,1.6,3.6,3.2,7.5933,0.3592,0.0,0.0,0.0,0.0,0.0,0.0,0.0,0.0,0.0,0.0,0.1234,0.0,0.0,0.0,0.0,0.0487,0.0421,0.0259,0.0226,0.016,0.0031,0.0,1.14,3.99,2.22,21.57,28.89,0,MOD-00623,2025-04-19T00:05:31,2025-04-18T17:05:31,https://api.quant-aq.com/v1/devices/MOD-00623/data/raw/366627443
0,637.4,41.30000000000007,678.7,1416.4,679.3,4.600000000000023,683.9,1645.6,-1.0,1644.6,1644.9,8.400000000000091,1653.0,,,27.8,23.3,0.0,0.0,0.0,383.5,1.3,2.4,2.4,4.789,0.2828,0.0,0.0,0.0,0.0,0.0,0.0,0.0,0.0,0.0,0.0,0.1134,0.0,0.0,0.0,0.0,0.0378,0.063,0.0408,0.0125,0.0094,0.0125,0.0,0.81,4.55,1.95,21.73,28.91,0,MOD-00623,2025-04-19T00:04:31,2025-04-18T17:04:31,https://api.quant-aq.com/v1/devices/MOD-00623/data/raw/366627441
0,636.1,42.299999999999955,678.4,1416.6,679.2,4.0,683.2,1645.6,-1.099999999999909,1644.5,1645.1,8.799999999999955,1653.3,,,27.8,23.3,0.0,0.0,0.0,557.75,2.4,4.6,3.4,4.6703,0.3152,0.0,0.0,0.0,0.0,0.0,0.0,0.0,0.0,0.0,0.0,0.1262,0.0,0.0,0.0,0.0,0.0347,0.0348,0.0094,0.0062,0.0095,0.0031,0.0064,0.77,4.16,1.38,21.8,28.93,0,MOD-00623,2025-04-19T00:03:31,2025-04-18T17:03:31,https://api.quant-aq.com/v1/devices/MOD-00623/data/raw/366625055
0,637.1,42.39999999999998,679.5,1417.9,679.2,5.0,684.2,1645.6,-1.2999999999999545,1644.3,1644.8,8.600000000000136,1652.9,,,28.3,23.3,0.0,0.0,0.0,558.0,2.2,3.7,3.7,5.0659,0.323,0.0031,0.0,0.0,0.0,0.0,0.0,0.0,0.0,0.0,0.0,0.166,0.0,0.0,0.0,0.0,0.0398,0.0431,0.0151,0.031,0.0062,0.0032,0.0,0.86,4.53,1.83,22.13,28.93,0,MOD-00623,2025-04-19T00:02:31,2025-04-18T17:02:31,https://api.quant-aq.com/v1/devices/MOD-00623/data/raw/366625058
0,639.6,40.69999999999993,680.3,1416.7,679.5,4.0,683.5,1645.7,-0.7000000000000455,1645.0,1645.1,8.799999999999955,1653.8,,,29.0,23.3,0.0,0.0,0.0,422.5,1.7,2.8,2.8,7.969,0.3432,0.0,0.0032,0.0,0.0,0.0,0.0,0.0,0.0,0.0,0.0,0.185,0.0,0.0,0.0,0.0,0.0521,0.0617,0.0357,0.013,0.0032,0.0,0.0,1.24,4.66,2.18,22.33,28.96,0,MOD-00623,2025-04-19T00:01:31,2025-04-18T17:01:31,https://api.quant-aq.com/v1/devices/MOD-00623/data/raw/366625056
0,637.3,43.0,680.3,1415.1,679.7,3.599999999999909,683.3,1645.7,-0.7999999999999545,1644.9,1645.1,8.799999999999955,1653.7,,,28.5,23.3,0.0,0.0,0.0,594.75,2.3,3.8,3.8,9.7045,0.3898,0.0034,0.0,0.0,0.0,0.0,0.0,0.0,0.0,0.0,0.0,0.1391,0.0,0.0,0.0,0.0,0.0475,0.0644,0.044,0.0237,0.0034,0.0136,0.0033,1.43,7.69,2.73,22.1,28.98,0,MOD-00623,2025-04-19T00:00:31,2025-04-18T17:00:31,https://api.quant-aq.com/v1/devices/MOD-00623/data/raw/366625057
