co,co2,geo,met,model,no,no2,o3,pm1,pm10,pm25,raw_data_id,rh,sn,temp,timestamp,timestamp_local,url
1319.04,1091.3,"{'lat': None, 'lon': None}","{'rh': 35.2, 'temp': 25.7, 'wd': 0.0, 'ws': 0.0, 'ws_scalar': 0.0}","{'gas': {'co': 13499, 'co2': 13261, 'no': 13587, 'no2': 13766, 'o3': 13746}, 'pm': {'pm1': 13203, 'pm10': 13205, 'pm25': 13204}}",3.8,18.22,25.28,1.62,2.93,1.84,780184064,35.2,MOD-00614,25.7,2026-09-13T23:43:56,2026-09-13T16:43:56,https://api.quant-aq.com/v1/devices/MOD-00614/data/780183739
1319.86,1088.29,"{'lat': None, 'lon': None}","{'rh': 35.2, 'temp': 25.7, 'wd': 0.0, 'ws': 0.0, 'ws_scalar': 0.0}","{'gas': {'co': 13499, 'co2': 13261, 'no': 13587, 'no2': 13766, 'o3': 13746}, 'pm': {'pm1': 13203, 'pm10': 13205, 'pm25': 13204}}",3.81,20.53,25.02,1.24,4.97,1.44,780184066,35.2,MOD-00614,25.7,2026-09-13T23:42:56,2026-09-13T16:42:56,https://api.quant-aq.com/v1/devices/MOD-00614/data/780183743
1320.68,1090.33,"{'lat': None, 'lon': None}","{'rh': 35.2, 'temp': 25.7, 'wd': 0.0, 'ws': 0.0, 'ws_scalar': 0.0}","{'gas': {'co': 13499, 'co2': 13261, 'no': 13587, 'no2': 13766, 'o3': 13746}, 'pm': {'pm1': 13203, 'pm10': 13205, 'pm25': 13204}}",3.8,18.22,24.22,1.19,1.54,1.41,780184065,35.2,MOD-00614,25.7,2026-09-13T23:41:55,2026-09-13T16:41:55,https://api.quant-aq.com/v1/devices/MOD-00614/data/780183741
1323.48,1095.63,"{'lat': None, 'lon': None}","{'rh': 35.3, 'temp': 25.7, 'wd': 0.0, 'ws': 0.0, 'ws_scalar': 0.0}","{'gas': {'co': 13499, 'co2': 13261, 'no': 13587, 'no2': 13766, 'o3': 13746}, 'pm': {'pm1': 13203, 'pm10': 13205, 'pm25': 13204}}",3.8,20.47,24.72,1.23,3.8,1.46,780184059,35.3,MOD-00614,25.7,2026-09-13T23:40:55,2026-09-13T16:40:55,https://api.quant-aq.com/v1/devices/MOD-00614/data/780183734
1319.79,1095.39,"{'lat': None, 'lon': None}","{'rh': 35.3, 'temp': 25.7, 'wd': 0.0, 'ws': 0.0, 'ws_scalar': 0.0}","{'gas': {'co': 13499, 'co2': 13261, 'no': 13587, 'no2': 13766, 'o3': 13746}, 'pm': {'pm1': 13203, 'pm10': 13205, 'pm25': 13204}}",3.8,18.88,24.99,1.55,3.64,1.67,780181805,35.3,MOD-00614,25.7,2026-09-13T23:39:55,2026-09-13T16:39:55,https://api.quant-aq.com/v1/devices/MOD-00614/data/780181481
1322.18,1104.43,"{'lat': None, 'lon': None}","{'rh': 35.4, 'temp': 25.7, 'wd': 0.0, 'ws': 0.0, 'ws_scalar': 0.0}","{'gas': {'co': 13499, 'co2': 13261, 'no': 13587, 'no2': 13766, 'o3': 13746}, 'pm': {'pm1': 13203, 'pm10': 13205, 'pm25': 13204}}",3.8,20.77,24.95,1.14,3.52,1.64,780181806,35.4,MOD-00614,25.7,2026-09-13T23:38:55,2026-09-13T16:38:55,https://api.quant-aq.com/v1/devices/MOD-00614/data/780181480
1327.18,1098.28,"{'lat': None, 'lon': None}","{'rh': 35.3, 'temp': 25.7, 'wd': 0.0, 'ws': 0.0, 'ws_scalar': 0.0}","{'gas': {'co': 13499, 'co2': 13261, 'no': 13587, 'no2': 13766, 'o3': 13746}, 'pm': {'pm1': 13203, 'pm10': 13205, 'pm25': 13204}}",3.8,18.88,24.99,1.16,2.95,1.45,780181803,35.3,MOD-00614,25.7,2026-09-13T23:37:55,2026-09-13T16:37:55,https://api.quant-aq.com/v1/devices/MOD-00614/data/780181478
1320.61,1099.61,"{'lat': None, 'lon': None}","{'rh': 35.3, 'temp': 25.7, 'wd': 0.0, 'ws': 0.0, 'ws_scalar': 0.0}","{'gas': {'co': 13499, 'co2': 13261, 'no': 13587, 'no2': 13766, 'o3': 13746}, 'pm': {'pm1': 13203, 'pm10': 13205, 'pm25': 13204}}",3.83,17.75,24.99,1.34,8.72,1.76,780181804,35.3,MOD-00614,25.7,2026-09-13T23:36:55,2026-09-13T16:36:55,https://api.quant-aq.com/v1/devices/MOD-00614/data/780181479
1327.59,1100.21,"{'lat': None, 'lon': None}","{'rh': 35.3, 'temp': 25.7, 'wd': 0.0, 'ws': 0.0, 'ws_scalar': 0.0}","{'gas': {'co': 13499, 'co2': 13261, 'no': 13587, 'no2': 13766, 'o3': 13746}, 'pm': {'pm1': 13203, 'pm10': 13205, 'pm25': 13204}}",3.81,16.24,24.45,1.31,3.74,1.51,780179521,35.3,MOD-00614,25.7,2026-09-13T23:35:55,2026-09-13T16:35:55,https://api.quant-aq.com/v1/devices/MOD-00614/data/780179196
1326.29,1102.5,"{'lat': None, 'lon': None}","{'rh': 35.4, 'temp': 25.7, 'wd': 0.0, 'ws': 0.0, 'ws_scalar': 0.0}","{'gas': {'co': 13499, 'co2': 13261, 'no': 13587, 'no2': 13766, 'o3': 13746}, 'pm': {'pm1': 13203, 'pm10': 13205, 'pm25': 13204}}",3.8,15.29,24.95,1.33,11.69,1.63,780179520,35.4,MOD-00614,25.7,2026-09-13T23:34:55,2026-09-13T16:34:55,https://api.quant-aq.com/v1/devices/MOD-00614/data/780179195
1323.82,1108.88,"{'lat': None, 'lon': None}","{'rh': 35.4, 'temp': 25.7, 'wd': 0.0, 'ws': 0.0, 'ws_scalar': 0.0}","{'gas': {'co': 13499, 'co2': 13261, 'no': 13587, 'no2': 13766, 'o3': 13746}, 'pm': {'pm1': 13203, 'pm10': 13205, 'pm25': 13204}}",3.82,18.42,24.69,1.15,6.72,1.53,780179519,35.4,MOD-00614,25.7,2026-09-13T23:33:55,2026-09-13T16:33:55,https://api.quant-aq.com/v1/devices/MOD-00614/data/780179194
1324.57,1111.17,"{'lat': None, 'lon': None}","{'rh': 35.5, 'temp': 25.7, 'wd': 0.0, 'ws': 0.0, 'ws_scalar': 0.0}","{'gas': {'co': 13499, 'co2': 13261, 'no': 13587, 'no2': 13766, 'o3': 13746}, 'pm': {'pm1': 13203, 'pm10': 13205, 'pm25': 13204}}",3.81,14.52,24.92,1.03,2.32,1.43,780179518,35.5,MOD-00614,25.7,2026-09-13T23:32:55,2026-09-13T16:32:55,https://api.quant-aq.com/v1/devices/MOD-00614/data/780179193
1332.3,1122.49,"{'lat': None, 'lon': None}","{'rh': 35.6, 'temp': 25.7, 'wd': 0.0, 'ws': 0.0, 'ws_scalar': 0.0}","{'gas': {'co': 13499, 'co2': 13261, 'no': 13587, 'no2': 13766, 'o3': 13746}, 'pm': {'pm1': 13203, 'pm10': 13205, 'pm25': 13204}}",3.81,18.0,24.62,1.27,2.93,1.73,780177205,35.6,MOD-00614,25.7,2026-09-13T23:31:55,2026-09-13T16:31:55,https://api.quant-aq.com/v1/devices/MOD-00614/data/780176879
1330.52,1138.15,"{'lat': None, 'lon': None}","{'rh': 35.8, 'temp': 25.7, 'wd': 0.0, 'ws': 0.0, 'ws_scalar': 0.0}","{'gas': {'co': 13499, 'co2': 13261, 'no': 13587, 'no2': 13766, 'o3': 13746}, 'pm': {'pm1': 13203, 'pm10': 13205, 'pm25': 13204}}",3.78,20.75,24.29,1.1,15.11,1.42,780177208,35.8,MOD-00614,25.7,2026-09-13T23:30:55,2026-09-13T16:30:55,https://api.quant-aq.com/v1/devices/MOD-00614/data/780176883
1324.84,1116.35,"{'lat': None, 'lon': None}","{'rh': 35.7, 'temp': 25.7, 'wd': 0.0, 'ws': 0.0, 'ws_scalar': 0.0}","{'gas': {'co': 13499, 'co2': 13261, 'no': 13587, 'no2': 13766, 'o3': 13746}, 'pm': {'pm1': 13203, 'pm10': 13205, 'pm25': 13204}}",3.79,20.62,25.66,1.23,4.84,1.82,780177207,35.7,MOD-00614,25.7,2026-09-13T23:29:55,2026-09-13T16:29:55,https://api.quant-aq.com/v1/devices/MOD-00614/data/780176882
1325.81,1110.93,"{'lat': None, 'lon': None}","{'rh': 35.5, 'temp': 25.7, 'wd': 0.0, 'ws': 0.0, 'ws_scalar': 0.0}","{'gas': {'co': 13499, 'co2': 13261, 'no': 13587, 'no2': 13766, 'o3': 13746}, 'pm': {'pm1': 13203, 'pm10': 13205, 'pm25': 13204}}",3.81,15.29,24.92,1.2,2.25,1.58,780177203,35.5,MOD-00614,25.7,2026-09-13T23:28:54,2026-09-13T16:28:54,https://api.quant-aq.com/v1/devices/MOD-00614/data/780176878
1322.11,1103.95,"{'lat': None, 'lon': None}","{'rh': 35.5, 'temp': 25.7, 'wd': 0.0, 'ws': 0.0, 'ws_scalar': 0.0}","{'gas': {'co': 13499, 'co2': 13261, 'no': 13587, 'no2': 13766, 'o3': 13746}, 'pm': {'pm1': 13203, 'pm10': 13205, 'pm25': 13204}}",3.8,14.52,24.92,1.38,4.39,1.77,780174917,35.5,MOD-00614,25.7,2026-09-13T23:27:54,2026-09-13T16:27:54,https://api.quant-aq.com/v1/devices/MOD-00614/data/780174592
1318.01,1106.96,"{'lat': None, 'lon': None}","{'rh': 35.5, 'temp': 25.7, 'wd': 0.0, 'ws': 0.0, 'ws_scalar': 0.0}","{'gas': {'co': 13499, 'co2': 13261, 'no': 13587, 'no2': 13766, 'o3': 13746}, 'pm': {'pm1': 13203, 'pm10': 13205, 'pm25': 13204}}",3.81,14.52,25.19,1.47,13.39,1.96,780174918,35.5,MOD-00614,25.7,2026-09-13T23:26:54,2026-09-13T16:26:54,https://api.quant-aq.com/v1/devices/MOD-00614/data/780174593
1327.45,1098.04,"{'lat': None, 'lon': None}","{'rh': 35.5, 'temp': 25.7, 'wd': 0.0, 'ws': 0.0, 'ws_scalar': 0.0}","{'gas': {'co': 13499, 'co2': 13261, 'no': 13587, 'no2': 13766, 'o3': 13746}, 'pm': {'pm1': 13203, 'pm10': 13205, 'pm25': 13204}}",3.83,16.73,24.39,1.53,9.13,1.87,780174919,35.5,MOD-00614,25.7,2026-09-13T23:25:54,2026-09-13T16:25:54,https://api.quant-aq.com/v1/devices/MOD-00614/data/780174594
1327.79,1111.41,"{'lat': None, 'lon': None}","{'rh': 35.6, 'temp': 25.7, 'wd': 0.0, 'ws': 0.0, 'ws_scalar': 0.0}","{'gas': {'co': 13499, 'co2': 13261, 'no': 13587, 'no2': 13766, 'o3': 13746}, 'pm': {'pm1': 13203, 'pm10': 13205, 'pm25': 13204}}",3.8,20.71,25.16,1.26,3.67,1.66,780174916,35.6,MOD-00614,25.7,2026-09-13T23:24:54,2026-09-13T16:24:54,https://api.quant-aq.com/v1/devices/MOD-00614/data/780174591
1315.88,1110.81,"{'lat': None, 'lon': None}","{'rh': 35.6, 'temp': 25.7, 'wd': 0.0, 'ws': 0.0, 'ws_scalar': 0.0}","{'gas': {'co': 13499, 'co2': 13261, 'no': 13587, 'no2': 13766, 'o3': 13746}, 'pm': {'pm1': 13203, 'pm10': 13205, 'pm25': 13204}}",3.8,18.64,24.89,0.96,3.15,1.37,780172620,35.6,MOD-00614,25.7,2026-09-13T23:23:54,2026-09-13T16:23:54,https://api.quant-aq.com/v1/devices/MOD-00614/data/780172295
1323.68,1108.88,"{'lat': None, 'lon': None}","{'rh': 35.6, 'temp': 25.7, 'wd': 0.0, 'ws': 0.0, 'ws_scalar': 0.0}","{'gas': {'co': 13499, 'co2': 13261, 'no': 13587, 'no2': 13766, 'o3': 13746}, 'pm': {'pm1': 13203, 'pm10': 13205, 'pm25': 13204}}",3.81,15.14,24.35,1.13,4.88,1.61,780172621,35.6,MOD-00614,25.7,2026-09-13T23:22:54,2026-09-13T16:22:54,https://api.quant-aq.com/v1/devices/MOD-00614/data/780172296
1323.68,1105.75,"{'lat': None, 'lon': None}","{'rh': 35.6, 'temp': 25.7, 'wd': 0.0, 'ws': 0.0, 'ws_scalar': 0.0}","{'gas': {'co': 13499, 'co2': 13261, 'no': 13587, 'no2': 13766, 'o3': 13746}, 'pm': {'pm1': 13203, 'pm10': 13205, 'pm25': 13204}}",3.82,15.14,25.42,1.17,10.47,1.64,780172622,35.6,MOD-00614,25.7,2026-09-13T23:21:54,2026-09-13T16:21:54,https://api.quant-aq.com/v1/devices/MOD-00614/data/780172297
1320.4,1099.61,"{'lat': None, 'lon': None}","{'rh': 35.6, 'temp': 25.7, 'wd': 0.0, 'ws': 0.0, 'ws_scalar': 0.0}","{'gas': {'co': 13499, 'co2': 13261, 'no': 13587, 'no2': 13766, 'o3': 13746}, 'pm': {'pm1': 13203, 'pm10': 13205, 'pm25': 13204}}",3.79,18.64,24.89,1.21,5.72,1.56,780172619,35.6,MOD-00614,25.7,2026-09-13T23:20:54,2026-09-13T16:20:54,https://api.quant-aq.com/v1/devices/MOD-00614/data/780172294
1317.52,1100.57,"{'lat': None, 'lon': None}","{'rh': 35.6, 'temp': 25.7, 'wd': 0.0, 'ws': 0.0, 'ws_scalar': 0.0}","{'gas': {'co': 13499, 'co2': 13261, 'no': 13587, 'no2': 13766, 'o3': 13746}, 'pm': {'pm1': 13203, 'pm10': 13205, 'pm25': 13204}}",3.8,18.64,24.89,1.28,4.97,1.66,780170375,35.6,MOD-00614,25.7,2026-09-13T23:19:54,2026-09-13T16:19:54,https://api.quant-aq.com/v1/devices/MOD-00614/data/780170049
1316.7,1096.36,"{'lat': None, 'lon': None}","{'rh': 35.6, 'temp': 25.7, 'wd': 0.0, 'ws': 0.0, 'ws_scalar': 0.0}","{'gas': {'co': 13499, 'co2': 13261, 'no': 13587, 'no2': 13766, 'o3': 13746}, 'pm': {'pm1': 13203, 'pm10': 13205, 'pm25': 13204}}",3.82,18.0,24.62,1.11,10.04,1.49,780170374,35.6,MOD-00614,25.7,2026-09-13T23:18:54,2026-09-13T16:18:54,https://api.quant-aq.com/v1/devices/MOD-00614/data/780170050
1318.68,1101.66,"{'lat': None, 'lon': None}","{'rh': 35.7, 'temp': 25.7, 'wd': 0.0, 'ws': 0.0, 'ws_scalar': 0.0}","{'gas': {'co': 13499, 'co2': 13261, 'no': 13587, 'no2': 13766, 'o3': 13746}, 'pm': {'pm1': 13203, 'pm10': 13205, 'pm25': 13204}}",3.79,14.31,24.86,1.56,4.57,2.24,780170376,35.7,MOD-00614,25.7,2026-09-13T23:17:54,2026-09-13T16:17:54,https://api.quant-aq.com/v1/devices/MOD-00614/data/780170051
1318.35,1092.86,"{'lat': None, 'lon': None}","{'rh': 35.6, 'temp': 25.7, 'wd': 0.0, 'ws': 0.0, 'ws_scalar': 0.0}","{'gas': {'co': 13499, 'co2': 13261, 'no': 13587, 'no2': 13766, 'o3': 13746}, 'pm': {'pm1': 13203, 'pm10': 13205, 'pm25': 13204}}",3.8,20.97,24.62,1.04,8.2,1.55,780170373,35.6,MOD-00614,25.7,2026-09-13T23:16:54,2026-09-13T16:16:54,https://api.quant-aq.com/v1/devices/MOD-00614/data/780170048
1310.14,1094.67,"{'lat': None, 'lon': None}","{'rh': 35.6, 'temp': 25.7, 'wd': 0.0, 'ws': 0.0, 'ws_scalar': 0.0}","{'gas': {'co': 13499, 'co2': 13261, 'no': 13587, 'no2': 13766, 'o3': 13746}, 'pm': {'pm1': 13203, 'pm10': 13205, 'pm25': 13204}}",3.81,18.64,24.62,1.16,7.19,1.64,780168102,35.6,MOD-00614,25.7,2026-09-13T23:15:53,2026-09-13T16:15:53,https://api.quant-aq.com/v1/devices/MOD-00614/data/780167777
1314.58,1084.07,"{'lat': None, 'lon': None}","{'rh': 35.7, 'temp': 25.7, 'wd': 0.0, 'ws': 0.0, 'ws_scalar': 0.0}","{'gas': {'co': 13499, 'co2': 13261, 'no': 13587, 'no2': 13766, 'o3': 13746}, 'pm': {'pm1': 13203, 'pm10': 13205, 'pm25': 13204}}",3.79,13.89,25.13,1.31,11.03,1.81,780168099,35.7,MOD-00614,25.7,2026-09-13T23:14:53,2026-09-13T16:14:53,https://api.quant-aq.com/v1/devices/MOD-00614/data/780167774
1315.47,1083.59,"{'lat': None, 'lon': None}","{'rh': 35.6, 'temp': 25.7, 'wd': 0.0, 'ws': 0.0, 'ws_scalar': 0.0}","{'gas': {'co': 13499, 'co2': 13261, 'no': 13587, 'no2': 13766, 'o3': 13746}, 'pm': {'pm1': 13203, 'pm10': 13205, 'pm25': 13204}}",3.81,18.64,24.35,1.13,8.39,1.73,780168101,35.6,MOD-00614,25.7,2026-09-13T23:13:53,2026-09-13T16:13:53,https://api.quant-aq.com/v1/devices/MOD-00614/data/780167781
1311.3,1087.2,"{'lat': None, 'lon': None}","{'rh': 35.7, 'temp': 25.7, 'wd': 0.0, 'ws': 0.0, 'ws_scalar': 0.0}","{'gas': {'co': 13499, 'co2': 13261, 'no': 13587, 'no2': 13766, 'o3': 13746}, 'pm': {'pm1': 13203, 'pm10': 13205, 'pm25': 13204}}",3.8,17.19,24.59,1.15,4.81,1.67,780168100,35.7,MOD-00614,25.7,2026-09-13T23:12:53,2026-09-13T16:12:53,https://api.quant-aq.com/v1/devices/MOD-00614/data/780167776
1311.78,1080.46,"{'lat': None, 'lon': None}","{'rh': 35.6, 'temp': 25.7, 'wd': 0.0, 'ws': 0.0, 'ws_scalar': 0.0}","{'gas': {'co': 13499, 'co2': 13261, 'no': 13587, 'no2': 13766, 'o3': 13746}, 'pm': {'pm1': 13203, 'pm10': 13205, 'pm25': 13204}}",3.81,15.14,25.16,1.22,10.17,1.73,780165784,35.6,MOD-00614,25.7,2026-09-13T23:11:53,2026-09-13T16:11:53,https://api.quant-aq.com/v1/devices/MOD-00614/data/780165458
1312.53,1080.22,"{'lat': None, 'lon': None}","{'rh': 35.7, 'temp': 25.7, 'wd': 0.0, 'ws': 0.0, 'ws_scalar': 0.0}","{'gas': {'co': 13499, 'co2': 13261, 'no': 13587, 'no2': 13766, 'o3': 13746}, 'pm': {'pm1': 13203, 'pm10': 13205, 'pm25': 13204}}",3.8,13.89,25.13,1.28,6.71,1.81,780165786,35.7,MOD-00614,25.7,2026-09-13T23:10:53,2026-09-13T16:10:53,https://api.quant-aq.com/v1/devices/MOD-00614/data/780165460
1311.3,1074.56,"{'lat': None, 'lon': None}","{'rh': 35.7, 'temp': 25.7, 'wd': 0.0, 'ws': 0.0, 'ws_scalar': 0.0}","{'gas': {'co': 13499, 'co2': 13261, 'no': 13587, 'no2': 13766, 'o3': 13746}, 'pm': {'pm1': 13203, 'pm10': 13205, 'pm25': 13204}}",3.8,13.89,25.13,1.93,5.96,2.29,780165785,35.7,MOD-00614,25.7,2026-09-13T23:09:53,2026-09-13T16:09:53,https://api.quant-aq.com/v1/devices/MOD-00614/data/780165461
1312.9,1069.62,"{'lat': None, 'lon': None}","{'rh': 35.6, 'temp': 25.6, 'wd': 0.0, 'ws': 0.0, 'ws_scalar': 0.0}","{'gas': {'co': 13499, 'co2': 13261, 'no': 13587, 'no2': 13766, 'o3': 13746}, 'pm': {'pm1': 13203, 'pm10': 13205, 'pm25': 13204}}",3.81,17.3,25.41,1.21,8.3,1.61,780165783,35.6,MOD-00614,25.6,2026-09-13T23:08:53,2026-09-13T16:08:53,https://api.quant-aq.com/v1/devices/MOD-00614/data/780165459
1309.21,1056.97,"{'lat': None, 'lon': None}","{'rh': 35.6, 'temp': 25.6, 'wd': 0.0, 'ws': 0.0, 'ws_scalar': 0.0}","{'gas': {'co': 13499, 'co2': 13261, 'no': 13587, 'no2': 13766, 'o3': 13746}, 'pm': {'pm1': 13203, 'pm10': 13205, 'pm25': 13204}}",3.84,20.78,24.6,1.35,6.04,1.84,780163508,35.6,MOD-00614,25.6,2026-09-13T23:07:53,2026-09-13T16:07:53,https://api.quant-aq.com/v1/devices/MOD-00614/data/780163183
1311.26,1058.18,"{'lat': None, 'lon': None}","{'rh': 35.6, 'temp': 25.6, 'wd': 0.0, 'ws': 0.0, 'ws_scalar': 0.0}","{'gas': {'co': 13499, 'co2': 13261, 'no': 13587, 'no2': 13766, 'o3': 13746}, 'pm': {'pm1': 13203, 'pm10': 13205, 'pm25': 13204}}",3.78,12.34,24.87,1.2,10.78,1.53,780163506,35.6,MOD-00614,25.6,2026-09-13T23:06:53,2026-09-13T16:06:53,https://api.quant-aq.com/v1/devices/MOD-00614/data/780163182
1309.62,1063.84,"{'lat': None, 'lon': None}","{'rh': 35.6, 'temp': 25.6, 'wd': 0.0, 'ws': 0.0, 'ws_scalar': 0.0}","{'gas': {'co': 13499, 'co2': 13261, 'no': 13587, 'no2': 13766, 'o3': 13746}, 'pm': {'pm1': 13203, 'pm10': 13205, 'pm25': 13204}}",3.8,20.78,24.6,1.14,11.95,1.6,780163507,35.6,MOD-00614,25.6,2026-09-13T23:05:53,2026-09-13T16:05:53,https://api.quant-aq.com/v1/devices/MOD-00614/data/780163181
1314.47,1065.28,"{'lat': None, 'lon': None}","{'rh': 35.7, 'temp': 25.6, 'wd': 0.0, 'ws': 0.0, 'ws_scalar': 0.0}","{'gas': {'co': 13499, 'co2': 13261, 'no': 13587, 'no2': 13766, 'o3': 13746}, 'pm': {'pm1': 13203, 'pm10': 13205, 'pm25': 13204}}",3.8,18.34,24.57,1.11,7.25,1.53,780163505,35.7,MOD-00614,25.6,2026-09-13T23:04:53,2026-09-13T16:04:53,https://api.quant-aq.com/v1/devices/MOD-00614/data/780163180
1316.11,1059.62,"{'lat': None, 'lon': None}","{'rh': 35.7, 'temp': 25.6, 'wd': 0.0, 'ws': 0.0, 'ws_scalar': 0.0}","{'gas': {'co': 13499, 'co2': 13261, 'no': 13587, 'no2': 13766, 'o3': 13746}, 'pm': {'pm1': 13203, 'pm10': 13205, 'pm25': 13204}}",3.8,17.17,24.57,1.37,3.54,1.83,780161204,35.7,MOD-00614,25.6,2026-09-13T23:03:53,2026-09-13T16:03:53,https://api.quant-aq.com/v1/devices/MOD-00614/data/780160878
1309.96,1051.19,"{'lat': None, 'lon': None}","{'rh': 35.7, 'temp': 25.6, 'wd': 0.0, 'ws': 0.0, 'ws_scalar': 0.0}","{'gas': {'co': 13499, 'co2': 13261, 'no': 13587, 'no2': 13766, 'o3': 13746}, 'pm': {'pm1': 13203, 'pm10': 13205, 'pm25': 13204}}",3.79,16.45,24.84,1.13,8.86,1.65,780161202,35.7,MOD-00614,25.6,2026-09-13T23:02:53,2026-09-13T16:02:53,https://api.quant-aq.com/v1/devices/MOD-00614/data/780160877
1310.71,1057.93,"{'lat': None, 'lon': None}","{'rh': 35.8, 'temp': 25.6, 'wd': 0.0, 'ws': 0.0, 'ws_scalar': 0.0}","{'gas': {'co': 13499, 'co2': 13261, 'no': 13587, 'no2': 13766, 'o3': 13746}, 'pm': {'pm1': 13203, 'pm10': 13205, 'pm25': 13204}}",3.81,17.36,24.27,1.53,10.72,1.95,780161203,35.8,MOD-00614,25.6,2026-09-13T23:01:52,2026-09-13T16:01:52,https://api.quant-aq.com/v1/devices/MOD-00614/data/780160879
1309.06,1055.65,"{'lat': None, 'lon': None}","{'rh': 35.8, 'temp': 25.6, 'wd': 0.0, 'ws': 0.0, 'ws_scalar': 0.0}","{'gas': {'co': 13499, 'co2': 13261, 'no': 13587, 'no2': 13766, 'o3': 13746}, 'pm': {'pm1': 13203, 'pm10': 13205, 'pm25': 13204}}",3.81,16.87,25.08,1.08,9.93,1.58,780161201,35.8,MOD-00614,25.6,2026-09-13T23:00:52,2026-09-13T16:00:52,https://api.quant-aq.com/v1/devices/MOD-00614/data/780160876
1310.37,1054.92,"{'lat': None, 'lon': None}","{'rh': 35.7, 'temp': 25.6, 'wd': 0.0, 'ws': 0.0, 'ws_scalar': 0.0}","{'gas': {'co': 13499, 'co2': 13261, 'no': 13587, 'no2': 13766, 'o3': 13746}, 'pm': {'pm1': 13203, 'pm10': 13205, 'pm25': 13204}}",3.8,18.34,25.11,1.26,14.43,1.81,780158952,35.7,MOD-00614,25.6,2026-09-13T22:59:52,2026-09-13T15:59:52,https://api.quant-aq.com/v1/devices/MOD-00614/data/780158627
1308.65,1054.56,"{'lat': None, 'lon': None}","{'rh': 35.8, 'temp': 25.6, 'wd': 0.0, 'ws': 0.0, 'ws_scalar': 0.0}","{'gas': {'co': 13499, 'co2': 13261, 'no': 13587, 'no2': 13766, 'o3': 13746}, 'pm': {'pm1': 13203, 'pm10': 13205, 'pm25': 13204}}",3.81,17.36,24.81,1.27,5.12,1.67,780158953,35.8,MOD-00614,25.6,2026-09-13T22:58:52,2026-09-13T15:58:52,https://api.quant-aq.com/v1/devices/MOD-00614/data/780158628
1306.94,1056.49,"{'lat': None, 'lon': None}","{'rh': 35.9, 'temp': 25.6, 'wd': 0.0, 'ws': 0.0, 'ws_scalar': 0.0}","{'gas': {'co': 13499, 'co2': 13261, 'no': 13587, 'no2': 13766, 'o3': 13746}, 'pm': {'pm1': 13203, 'pm10': 13205, 'pm25': 13204}}",3.78,16.01,25.04,0.99,3.62,1.51,780158954,35.9,MOD-00614,25.6,2026-09-13T22:57:52,2026-09-13T15:57:52,https://api.quant-aq.com/v1/devices/MOD-00614/data/780158629
1309.89,1049.38,"{'lat': None, 'lon': None}","{'rh': 35.8, 'temp': 25.6, 'wd': 0.0, 'ws': 0.0, 'ws_scalar': 0.0}","{'gas': {'co': 13499, 'co2': 13261, 'no': 13587, 'no2': 13766, 'o3': 13746}, 'pm': {'pm1': 13203, 'pm10': 13205, 'pm25': 13204}}",3.8,16.31,24.81,1.29,9.79,1.65,780158951,35.8,MOD-00614,25.6,2026-09-13T22:56:52,2026-09-13T15:56:52,https://api.quant-aq.com/v1/devices/MOD-00614/data/780158626
1312.28,1052.76,"{'lat': None, 'lon': None}","{'rh': 35.9, 'temp': 25.6, 'wd': 0.0, 'ws': 0.0, 'ws_scalar': 0.0}","{'gas': {'co': 13499, 'co2': 13261, 'no': 13587, 'no2': 13766, 'o3': 13746}, 'pm': {'pm1': 13203, 'pm10': 13205, 'pm25': 13204}}",3.79,18.85,24.78,1.36,3.38,1.87,780156669,35.9,MOD-00614,25.6,2026-09-13T22:55:52,2026-09-13T15:55:52,https://api.quant-aq.com/v1/devices/MOD-00614/data/780156345
1298.46,1038.18,"{'lat': None, 'lon': None}","{'rh': 35.7, 'temp': 25.6, 'wd': 0.0, 'ws': 0.0, 'ws_scalar': 0.0}","{'gas': {'co': 13499, 'co2': 13261, 'no': 13587, 'no2': 13766, 'o3': 13746}, 'pm': {'pm1': 13203, 'pm10': 13205, 'pm25': 13204}}",3.79,20.77,25.11,0.96,5.56,1.36,780156664,35.7,MOD-00614,25.6,2026-09-13T22:54:52,2026-09-13T15:54:52,https://api.quant-aq.com/v1/devices/MOD-00614/data/780156344
1304.62,1030.71,"{'lat': None, 'lon': None}","{'rh': 35.7, 'temp': 25.6, 'wd': 0.0, 'ws': 0.0, 'ws_scalar': 0.0}","{'gas': {'co': 13499, 'co2': 13261, 'no': 13587, 'no2': 13766, 'o3': 13746}, 'pm': {'pm1': 13203, 'pm10': 13205, 'pm25': 13204}}",3.79,17.8,24.04,1.11,4.66,1.6,780156663,35.7,MOD-00614,25.6,2026-09-13T22:53:52,2026-09-13T15:53:52,https://api.quant-aq.com/v1/devices/MOD-00614/data/780156342
1298.46,1029.03,"{'lat': None, 'lon': None}","{'rh': 35.7, 'temp': 25.6, 'wd': 0.0, 'ws': 0.0, 'ws_scalar': 0.0}","{'gas': {'co': 13499, 'co2': 13261, 'no': 13587, 'no2': 13766, 'o3': 13746}, 'pm': {'pm1': 13203, 'pm10': 13205, 'pm25': 13204}}",3.8,17.8,25.11,1.32,3.98,1.79,780156662,35.7,MOD-00614,25.6,2026-09-13T22:52:52,2026-09-13T15:52:52,https://api.quant-aq.com/v1/devices/MOD-00614/data/780156341
1302.64,1024.69,"{'lat': None, 'lon': None}","{'rh': 35.6, 'temp': 25.6, 'wd': 0.0, 'ws': 0.0, 'ws_scalar': 0.0}","{'gas': {'co': 13499, 'co2': 13261, 'no': 13587, 'no2': 13766, 'o3': 13746}, 'pm': {'pm1': 13203, 'pm10': 13205, 'pm25': 13204}}",3.8,19.2,24.6,1.42,7.08,1.93,780154362,35.6,MOD-00614,25.6,2026-09-13T22:51:52,2026-09-13T15:51:52,https://api.quant-aq.com/v1/devices/MOD-00614/data/780154037
1296.89,1022.04,"{'lat': None, 'lon': None}","{'rh': 35.6, 'temp': 25.6, 'wd': 0.0, 'ws': 0.0, 'ws_scalar': 0.0}","{'gas': {'co': 13499, 'co2': 13261, 'no': 13587, 'no2': 13766, 'o3': 13746}, 'pm': {'pm1': 13203, 'pm10': 13205, 'pm25': 13204}}",3.79,17.3,24.87,1.02,18.18,1.52,780154360,35.6,MOD-00614,25.6,2026-09-13T22:50:52,2026-09-13T15:50:52,https://api.quant-aq.com/v1/devices/MOD-00614/data/780154035
1295.18,1033.24,"{'lat': None, 'lon': None}","{'rh': 35.7, 'temp': 25.6, 'wd': 0.0, 'ws': 0.0, 'ws_scalar': 0.0}","{'gas': {'co': 13499, 'co2': 13261, 'no': 13587, 'no2': 13766, 'o3': 13746}, 'pm': {'pm1': 13203, 'pm10': 13205, 'pm25': 13204}}",3.79,17.8,24.84,1.44,5.81,2.04,780154361,35.7,MOD-00614,25.6,2026-09-13T22:49:52,2026-09-13T15:49:52,https://api.quant-aq.com/v1/devices/MOD-00614/data/780154036
1295.18,1031.68,"{'lat': None, 'lon': None}","{'rh': 35.7, 'temp': 25.6, 'wd': 0.0, 'ws': 0.0, 'ws_scalar': 0.0}","{'gas': {'co': 13499, 'co2': 13261, 'no': 13587, 'no2': 13766, 'o3': 13746}, 'pm': {'pm1': 13203, 'pm10': 13205, 'pm25': 13204}}",3.83,17.8,24.57,1.27,15.34,1.87,780154359,35.7,MOD-00614,25.6,2026-09-13T22:48:51,2026-09-13T15:48:51,https://api.quant-aq.com/v1/devices/MOD-00614/data/780154034
1295.59,1028.55,"{'lat': None, 'lon': None}","{'rh': 35.7, 'temp': 25.6, 'wd': 0.0, 'ws': 0.0, 'ws_scalar': 0.0}","{'gas': {'co': 13499, 'co2': 13261, 'no': 13587, 'no2': 13766, 'o3': 13746}, 'pm': {'pm1': 13203, 'pm10': 13205, 'pm25': 13204}}",3.78,17.17,24.84,1.19,8.99,1.72,780152053,35.7,MOD-00614,25.6,2026-09-13T22:47:51,2026-09-13T15:47:51,https://api.quant-aq.com/v1/devices/MOD-00614/data/780151728
1288.16,1021.56,"{'lat': None, 'lon': None}","{'rh': 35.6, 'temp': 25.5, 'wd': 0.0, 'ws': 0.0, 'ws_scalar': 0.0}","{'gas': {'co': 13499, 'co2': 13261, 'no': 13587, 'no2': 13766, 'o3': 13746}, 'pm': {'pm1': 13203, 'pm10': 13205, 'pm25': 13204}}",3.8,18.1,24.85,1.24,6.67,1.86,780152052,35.6,MOD-00614,25.5,2026-09-13T22:46:51,2026-09-13T15:46:51,https://api.quant-aq.com/v1/devices/MOD-00614/data/780151727
1292.27,1024.09,"{'lat': None, 'lon': None}","{'rh': 35.6, 'temp': 25.5, 'wd': 0.0, 'ws': 0.0, 'ws_scalar': 0.0}","{'gas': {'co': 13499, 'co2': 13261, 'no': 13587, 'no2': 13766, 'o3': 13746}, 'pm': {'pm1': 13203, 'pm10': 13205, 'pm25': 13204}}",3.79,18.7,25.12,0.82,8.73,1.09,780152047,35.6,MOD-00614,25.5,2026-09-13T22:45:51,2026-09-13T15:45:51,https://api.quant-aq.com/v1/devices/MOD-00614/data/780151722
1294.32,1025.66,"{'lat': None, 'lon': None}","{'rh': 35.6, 'temp': 25.5, 'wd': 0.0, 'ws': 0.0, 'ws_scalar': 0.0}","{'gas': {'co': 13499, 'co2': 13261, 'no': 13587, 'no2': 13766, 'o3': 13746}, 'pm': {'pm1': 13203, 'pm10': 13205, 'pm25': 13204}}",3.82,18.1,24.85,1.07,6.65,1.26,780152049,35.6,MOD-00614,25.5,2026-09-13T22:44:51,2026-09-13T15:44:51,https://api.quant-aq.com/v1/devices/MOD-00614/data/780151725
1295.07,1029.99,"{'lat': None, 'lon': None}","{'rh': 35.7, 'temp': 25.5, 'wd': 0.0, 'ws': 0.0, 'ws_scalar': 0.0}","{'gas': {'co': 13499, 'co2': 13261, 'no': 13587, 'no2': 13766, 'o3': 13746}, 'pm': {'pm1': 13203, 'pm10': 13205, 'pm25': 13204}}",3.82,17.18,24.28,1.32,3.47,1.66,780149735,35.7,MOD-00614,25.5,2026-09-13T22:43:51,2026-09-13T15:43:51,https://api.quant-aq.com/v1/devices/MOD-00614/data/780149410
1285.56,1038.54,"{'lat': None, 'lon': None}","{'rh': 35.8, 'temp': 25.5, 'wd': 0.0, 'ws': 0.0, 'ws_scalar': 0.0}","{'gas': {'co': 13499, 'co2': 13261, 'no': 13587, 'no2': 13766, 'o3': 13746}, 'pm': {'pm1': 13203, 'pm10': 13205, 'pm25': 13204}}",3.8,16.75,24.25,1.04,6.88,1.33,780149736,35.8,MOD-00614,25.5,2026-09-13T22:42:51,2026-09-13T15:42:51,https://api.quant-aq.com/v1/devices/MOD-00614/data/780149411
1283.92,1029.87,"{'lat': None, 'lon': None}","{'rh': 35.8, 'temp': 25.5, 'wd': 0.0, 'ws': 0.0, 'ws_scalar': 0.0}","{'gas': {'co': 13499, 'co2': 13261, 'no': 13587, 'no2': 13766, 'o3': 13746}, 'pm': {'pm1': 13203, 'pm10': 13205, 'pm25': 13204}}",3.8,20.75,24.25,1.05,5.96,1.26,780149733,35.8,MOD-00614,25.5,2026-09-13T22:41:51,2026-09-13T15:41:51,https://api.quant-aq.com/v1/devices/MOD-00614/data/780149408
1281.93,1015.9,"{'lat': None, 'lon': None}","{'rh': 35.7, 'temp': 25.5, 'wd': 0.0, 'ws': 0.0, 'ws_scalar': 0.0}","{'gas': {'co': 13499, 'co2': 13261, 'no': 13587, 'no2': 13766, 'o3': 13746}, 'pm': {'pm1': 13203, 'pm10': 13205, 'pm25': 13204}}",3.82,17.77,24.55,0.92,13.99,1.08,780149734,35.7,MOD-00614,25.5,2026-09-13T22:40:51,2026-09-13T15:40:51,https://api.quant-aq.com/v1/devices/MOD-00614/data/780149409
1278.24,1013.61,"{'lat': None, 'lon': None}","{'rh': 35.7, 'temp': 25.5, 'wd': 0.0, 'ws': 0.0, 'ws_scalar': 0.0}","{'gas': {'co': 13499, 'co2': 13261, 'no': 13587, 'no2': 13766, 'o3': 13746}, 'pm': {'pm1': 13203, 'pm10': 13205, 'pm25': 13204}}",3.8,17.18,24.82,1.46,2.07,1.78,780147511,35.7,MOD-00614,25.5,2026-09-13T22:39:51,2026-09-13T15:39:51,https://api.quant-aq.com/v1/devices/MOD-00614/data/780147187
1271.74,1007.59,"{'lat': None, 'lon': None}","{'rh': 35.6, 'temp': 25.5, 'wd': 0.0, 'ws': 0.0, 'ws_scalar': 0.0}","{'gas': {'co': 13499, 'co2': 13261, 'no': 13587, 'no2': 13766, 'o3': 13746}, 'pm': {'pm1': 13203, 'pm10': 13205, 'pm25': 13204}}",3.82,18.7,25.12,1.12,2.08,1.3,780147512,35.6,MOD-00614,25.5,2026-09-13T22:38:51,2026-09-13T15:38:51,https://api.quant-aq.com/v1/devices/MOD-00614/data/780147186
1265.51,1003.25,"{'lat': None, 'lon': None}","{'rh': 35.7, 'temp': 25.5, 'wd': 0.0, 'ws': 0.0, 'ws_scalar': 0.0}","{'gas': {'co': 13499, 'co2': 13261, 'no': 13587, 'no2': 13766, 'o3': 13746}, 'pm': {'pm1': 13203, 'pm10': 13205, 'pm25': 13204}}",3.8,17.77,24.55,0.75,1.32,0.97,780147510,35.7,MOD-00614,25.5,2026-09-13T22:37:51,2026-09-13T15:37:51,https://api.quant-aq.com/v1/devices/MOD-00614/data/780147185
1273.38,1001.08,"{'lat': None, 'lon': None}","{'rh': 35.6, 'temp': 25.5, 'wd': 0.0, 'ws': 0.0, 'ws_scalar': 0.0}","{'gas': {'co': 13499, 'co2': 13261, 'no': 13587, 'no2': 13766, 'o3': 13746}, 'pm': {'pm1': 13203, 'pm10': 13205, 'pm25': 13204}}",3.82,17.37,24.32,0.74,9.11,1.01,780147509,35.6,MOD-00614,25.5,2026-09-13T22:36:51,2026-09-13T15:36:51,https://api.quant-aq.com/v1/devices/MOD-00614/data/780147184
1261.07,997.47,"{'lat': None, 'lon': None}","{'rh': 35.6, 'temp': 25.5, 'wd': 0.0, 'ws': 0.0, 'ws_scalar': 0.0}","{'gas': {'co': 13499, 'co2': 13261, 'no': 13587, 'no2': 13766, 'o3': 13746}, 'pm': {'pm1': 13203, 'pm10': 13205, 'pm25': 13204}}",3.8,18.7,24.58,0.82,1.51,1.01,780145210,35.6,MOD-00614,25.5,2026-09-13T22:35:50,2026-09-13T15:35:50,https://api.quant-aq.com/v1/devices/MOD-00614/data/780144885
1260.59,999.52,"{'lat': None, 'lon': None}","{'rh': 35.7, 'temp': 25.5, 'wd': 0.0, 'ws': 0.0, 'ws_scalar': 0.0}","{'gas': {'co': 13499, 'co2': 13261, 'no': 13587, 'no2': 13766, 'o3': 13746}, 'pm': {'pm1': 13203, 'pm10': 13205, 'pm25': 13204}}",3.8,16.48,24.82,0.88,1.93,1.18,780145209,35.7,MOD-00614,25.5,2026-09-13T22:34:50,2026-09-13T15:34:50,https://api.quant-aq.com/v1/devices/MOD-00614/data/780144882
1263.46,996.63,"{'lat': None, 'lon': None}","{'rh': 35.7, 'temp': 25.5, 'wd': 0.0, 'ws': 0.0, 'ws_scalar': 0.0}","{'gas': {'co': 13499, 'co2': 13261, 'no': 13587, 'no2': 13766, 'o3': 13746}, 'pm': {'pm1': 13203, 'pm10': 13205, 'pm25': 13204}}",3.8,17.18,24.55,1.14,10.96,1.34,780145208,35.7,MOD-00614,25.5,2026-09-13T22:33:50,2026-09-13T15:33:50,https://api.quant-aq.com/v1/devices/MOD-00614/data/780144883
1256.78,999.76,"{'lat': None, 'lon': None}","{'rh': 35.7, 'temp': 25.4, 'wd': 0.0, 'ws': 0.0, 'ws_scalar': 0.0}","{'gas': {'co': 13499, 'co2': 13261, 'no': 13587, 'no2': 13766, 'o3': 13746}, 'pm': {'pm1': 13203, 'pm10': 13205, 'pm25': 13204}}",3.82,17.76,24.26,1.06,1.88,1.26,780145207,35.7,MOD-00614,25.4,2026-09-13T22:32:50,2026-09-13T15:32:50,https://api.quant-aq.com/v1/devices/MOD-00614/data/780144884
1252.61,1000.0,"{'lat': None, 'lon': None}","{'rh': 35.8, 'temp': 25.4, 'wd': 0.0, 'ws': 0.0, 'ws_scalar': 0.0}","{'gas': {'co': 13499, 'co2': 13261, 'no': 13587, 'no2': 13766, 'o3': 13746}, 'pm': {'pm1': 13203, 'pm10': 13205, 'pm25': 13204}}",3.8,20.72,24.5,1.03,3.11,1.32,780142892,35.8,MOD-00614,25.4,2026-09-13T22:31:50,2026-09-13T15:31:50,https://api.quant-aq.com/v1/devices/MOD-00614/data/780142567
1249.25,1004.7,"{'lat': None, 'lon': None}","{'rh': 35.9, 'temp': 25.4, 'wd': 0.0, 'ws': 0.0, 'ws_scalar': 0.0}","{'gas': {'co': 13499, 'co2': 13261, 'no': 13587, 'no2': 13766, 'o3': 13746}, 'pm': {'pm1': 13203, 'pm10': 13205, 'pm25': 13204}}",3.8,16.35,24.74,0.86,12.15,1.07,780142894,35.9,MOD-00614,25.4,2026-09-13T22:30:50,2026-09-13T15:30:50,https://api.quant-aq.com/v1/devices/MOD-00614/data/780142569
1248.02,1002.89,"{'lat': None, 'lon': None}","{'rh': 35.9, 'temp': 25.4, 'wd': 0.0, 'ws': 0.0, 'ws_scalar': 0.0}","{'gas': {'co': 13499, 'co2': 13261, 'no': 13587, 'no2': 13766, 'o3': 13746}, 'pm': {'pm1': 13203, 'pm10': 13205, 'pm25': 13204}}",3.77,14.94,24.47,0.99,3.45,1.17,780142893,35.9,MOD-00614,25.4,2026-09-13T22:29:50,2026-09-13T15:29:50,https://api.quant-aq.com/v1/devices/MOD-00614/data/780142568
1242.27,1000.24,"{'lat': None, 'lon': None}","{'rh': 35.9, 'temp': 25.4, 'wd': 0.0, 'ws': 0.0, 'ws_scalar': 0.0}","{'gas': {'co': 13499, 'co2': 13261, 'no': 13587, 'no2': 13766, 'o3': 13746}, 'pm': {'pm1': 13203, 'pm10': 13205, 'pm25': 13204}}",3.8,15.95,24.47,1.01,4.38,1.27,780142891,35.9,MOD-00614,25.4,2026-09-13T22:28:50,2026-09-13T15:28:50,https://api.quant-aq.com/v1/devices/MOD-00614/data/780142566
1241.94,985.67,"{'lat': None, 'lon': None}","{'rh': 35.8, 'temp': 25.4, 'wd': 0.0, 'ws': 0.0, 'ws_scalar': 0.0}","{'gas': {'co': 13499, 'co2': 13261, 'no': 13587, 'no2': 13766, 'o3': 13746}, 'pm': {'pm1': 13203, 'pm10': 13205, 'pm25': 13204}}",3.8,16.64,25.04,0.93,3.16,1.24,780140582,35.8,MOD-00614,25.4,2026-09-13T22:27:50,2026-09-13T15:27:50,https://api.quant-aq.com/v1/devices/MOD-00614/data/780140257
1243.51,990.12,"{'lat': None, 'lon': None}","{'rh': 35.9, 'temp': 25.4, 'wd': 0.0, 'ws': 0.0, 'ws_scalar': 0.0}","{'gas': {'co': 13499, 'co2': 13261, 'no': 13587, 'no2': 13766, 'o3': 13746}, 'pm': {'pm1': 13203, 'pm10': 13205, 'pm25': 13204}}",3.8,15.95,24.47,0.93,1.27,1.23,780140584,35.9,MOD-00614,25.4,2026-09-13T22:26:50,2026-09-13T15:26:50,https://api.quant-aq.com/v1/devices/MOD-00614/data/780140260
1234.14,979.77,"{'lat': None, 'lon': None}","{'rh': 35.8, 'temp': 25.4, 'wd': 0.0, 'ws': 0.0, 'ws_scalar': 0.0}","{'gas': {'co': 13499, 'co2': 13261, 'no': 13587, 'no2': 13766, 'o3': 13746}, 'pm': {'pm1': 13203, 'pm10': 13205, 'pm25': 13204}}",3.79,20.49,24.5,1.0,2.18,1.18,780140586,35.8,MOD-00614,25.4,2026-09-13T22:25:50,2026-09-13T15:25:50,https://api.quant-aq.com/v1/devices/MOD-00614/data/780140262
1236.6,975.91,"{'lat': None, 'lon': None}","{'rh': 35.8, 'temp': 25.4, 'wd': 0.0, 'ws': 0.0, 'ws_scalar': 0.0}","{'gas': {'co': 13499, 'co2': 13261, 'no': 13587, 'no2': 13766, 'o3': 13746}, 'pm': {'pm1': 13203, 'pm10': 13205, 'pm25': 13204}}",3.8,20.49,24.5,1.08,3.79,1.2,780140580,35.8,MOD-00614,25.4,2026-09-13T22:24:50,2026-09-13T15:24:50,https://api.quant-aq.com/v1/devices/MOD-00614/data/780140258
1231.26,973.62,"{'lat': None, 'lon': None}","{'rh': 35.8, 'temp': 25.4, 'wd': 0.0, 'ws': 0.0, 'ws_scalar': 0.0}","{'gas': {'co': 13499, 'co2': 13261, 'no': 13587, 'no2': 13766, 'o3': 13746}, 'pm': {'pm1': 13203, 'pm10': 13205, 'pm25': 13204}}",3.8,16.22,24.23,0.97,2.08,1.31,780138296,35.8,MOD-00614,25.4,2026-09-13T22:23:50,2026-09-13T15:23:50,https://api.quant-aq.com/v1/devices/MOD-00614/data/780137971
1235.3,976.15,"{'lat': None, 'lon': None}","{'rh': 35.9, 'temp': 25.4, 'wd': 0.0, 'ws': 0.0, 'ws_scalar': 0.0}","{'gas': {'co': 13499, 'co2': 13261, 'no': 13587, 'no2': 13766, 'o3': 13746}, 'pm': {'pm1': 13203, 'pm10': 13205, 'pm25': 13204}}",3.79,16.35,24.74,1.16,16.8,1.29,780138297,35.9,MOD-00614,25.4,2026-09-13T22:22:50,2026-09-13T15:22:50,https://api.quant-aq.com/v1/devices/MOD-00614/data/780137970
1225.0,974.71,"{'lat': None, 'lon': None}","{'rh': 35.8, 'temp': 25.3, 'wd': 0.0, 'ws': 0.0, 'ws_scalar': 0.0}","{'gas': {'co': 13499, 'co2': 13261, 'no': 13587, 'no2': 13766, 'o3': 13746}, 'pm': {'pm1': 13203, 'pm10': 13205, 'pm25': 13204}}",3.81,20.45,23.94,1.02,19.2,1.29,780138299,35.8,MOD-00614,25.3,2026-09-13T22:21:49,2026-09-13T15:21:49,https://api.quant-aq.com/v1/devices/MOD-00614/data/780137973
1231.49,974.23,"{'lat': None, 'lon': None}","{'rh': 35.9, 'temp': 25.3, 'wd': 0.0, 'ws': 0.0, 'ws_scalar': 0.0}","{'gas': {'co': 13499, 'co2': 13261, 'no': 13587, 'no2': 13766, 'o3': 13746}, 'pm': {'pm1': 13203, 'pm10': 13205, 'pm25': 13204}}",3.8,15.84,24.72,0.88,6.77,1.07,780138298,35.9,MOD-00614,25.3,2026-09-13T22:20:49,2026-09-13T15:20:49,https://api.quant-aq.com/v1/devices/MOD-00614/data/780137972
1222.53,963.39,"{'lat': None, 'lon': None}","{'rh': 35.8, 'temp': 25.3, 'wd': 0.0, 'ws': 0.0, 'ws_scalar': 0.0}","{'gas': {'co': 13499, 'co2': 13261, 'no': 13587, 'no2': 13766, 'o3': 13746}, 'pm': {'pm1': 13203, 'pm10': 13205, 'pm25': 13204}}",3.8,15.78,24.75,0.89,1.43,1.12,780136042,35.8,MOD-00614,25.3,2026-09-13T22:19:49,2026-09-13T15:19:49,https://api.quant-aq.com/v1/devices/MOD-00614/data/780135717
1220.48,969.41,"{'lat': None, 'lon': None}","{'rh': 35.8, 'temp': 25.3, 'wd': 0.0, 'ws': 0.0, 'ws_scalar': 0.0}","{'gas': {'co': 13499, 'co2': 13261, 'no': 13587, 'no2': 13766, 'o3': 13746}, 'pm': {'pm1': 13203, 'pm10': 13205, 'pm25': 13204}}",3.79,20.45,24.48,0.89,1.47,1.1,780136040,35.8,MOD-00614,25.3,2026-09-13T22:18:49,2026-09-13T15:18:49,https://api.quant-aq.com/v1/devices/MOD-00614/data/780135715
1221.23,969.41,"{'lat': None, 'lon': None}","{'rh': 35.9, 'temp': 25.3, 'wd': 0.0, 'ws': 0.0, 'ws_scalar': 0.0}","{'gas': {'co': 13499, 'co2': 13261, 'no': 13587, 'no2': 13766, 'o3': 13746}, 'pm': {'pm1': 13203, 'pm10': 13205, 'pm25': 13204}}",3.8,16.07,24.72,1.08,11.99,1.28,780136039,35.9,MOD-00614,25.3,2026-09-13T22:17:49,2026-09-13T15:17:49,https://api.quant-aq.com/v1/devices/MOD-00614/data/780135714
1224.18,961.46,"{'lat': None, 'lon': None}","{'rh': 35.8, 'temp': 25.3, 'wd': 0.0, 'ws': 0.0, 'ws_scalar': 0.0}","{'gas': {'co': 13499, 'co2': 13261, 'no': 13587, 'no2': 13766, 'o3': 13746}, 'pm': {'pm1': 13203, 'pm10': 13205, 'pm25': 13204}}",3.79,16.24,24.48,1.1,1.8,1.28,780136041,35.8,MOD-00614,25.3,2026-09-13T22:16:49,2026-09-13T15:16:49,https://api.quant-aq.com/v1/devices/MOD-00614/data/780135716
1221.3,960.13,"{'lat': None, 'lon': None}","{'rh': 35.8, 'temp': 25.3, 'wd': 0.0, 'ws': 0.0, 'ws_scalar': 0.0}","{'gas': {'co': 13499, 'co2': 13261, 'no': 13587, 'no2': 13766, 'o3': 13746}, 'pm': {'pm1': 13203, 'pm10': 13205, 'pm25': 13204}}",3.79,15.78,24.21,1.01,4.0,1.13,780133754,35.8,MOD-00614,25.3,2026-09-13T22:15:49,2026-09-13T15:15:49,https://api.quant-aq.com/v1/devices/MOD-00614/data/780133429
1221.71,956.76,"{'lat': None, 'lon': None}","{'rh': 35.8, 'temp': 25.3, 'wd': 0.0, 'ws': 0.0, 'ws_scalar': 0.0}","{'gas': {'co': 13499, 'co2': 13261, 'no': 13587, 'no2': 13766, 'o3': 13746}, 'pm': {'pm1': 13203, 'pm10': 13205, 'pm25': 13204}}",3.79,20.45,24.21,1.0,1.33,1.15,780133756,35.8,MOD-00614,25.3,2026-09-13T22:14:49,2026-09-13T15:14:49,https://api.quant-aq.com/v1/devices/MOD-00614/data/780133430
1221.71,951.82,"{'lat': None, 'lon': None}","{'rh': 35.8, 'temp': 25.3, 'wd': 0.0, 'ws': 0.0, 'ws_scalar': 0.0}","{'gas': {'co': 13499, 'co2': 13261, 'no': 13587, 'no2': 13766, 'o3': 13746}, 'pm': {'pm1': 13203, 'pm10': 13205, 'pm25': 13204}}",3.79,16.56,24.75,1.08,11.5,1.18,780133751,35.8,MOD-00614,25.3,2026-09-13T22:13:49,2026-09-13T15:13:49,https://api.quant-aq.com/v1/devices/MOD-00614/data/780133426
1218.02,954.59,"{'lat': None, 'lon': None}","{'rh': 35.8, 'temp': 25.3, 'wd': 0.0, 'ws': 0.0, 'ws_scalar': 0.0}","{'gas': {'co': 13499, 'co2': 13261, 'no': 13587, 'no2': 13766, 'o3': 13746}, 'pm': {'pm1': 13203, 'pm10': 13205, 'pm25': 13204}}",3.8,16.56,24.21,0.92,1.28,1.19,780133752,35.8,MOD-00614,25.3,2026-09-13T22:12:49,2026-09-13T15:12:49,https://api.quant-aq.com/v1/devices/MOD-00614/data/780133427
1218.77,957.0,"{'lat': None, 'lon': None}","{'rh': 35.9, 'temp': 25.3, 'wd': 0.0, 'ws': 0.0, 'ws_scalar': 0.0}","{'gas': {'co': 13499, 'co2': 13261, 'no': 13587, 'no2': 13766, 'o3': 13746}, 'pm': {'pm1': 13203, 'pm10': 13205, 'pm25': 13204}}",3.79,16.07,24.99,0.82,8.83,0.99,780133755,35.9,MOD-00614,25.3,2026-09-13T22:11:49,2026-09-13T15:11:49,https://api.quant-aq.com/v1/devices/MOD-00614/data/780133431
1217.13,954.71,"{'lat': None, 'lon': None}","{'rh': 35.9, 'temp': 25.3, 'wd': 0.0, 'ws': 0.0, 'ws_scalar': 0.0}","{'gas': {'co': 13499, 'co2': 13261, 'no': 13587, 'no2': 13766, 'o3': 13746}, 'pm': {'pm1': 13203, 'pm10': 13205, 'pm25': 13204}}",3.78,15.53,24.72,1.16,4.48,1.32,780130922,35.9,MOD-00614,25.3,2026-09-13T22:10:49,2026-09-13T15:10:49,https://api.quant-aq.com/v1/devices/MOD-00614/data/780130597
1220.0,951.82,"{'lat': None, 'lon': None}","{'rh': 35.9, 'temp': 25.3, 'wd': 0.0, 'ws': 0.0, 'ws_scalar': 0.0}","{'gas': {'co': 13499, 'co2': 13261, 'no': 13587, 'no2': 13766, 'o3': 13746}, 'pm': {'pm1': 13203, 'pm10': 13205, 'pm25': 13204}}",3.8,15.84,24.45,0.88,3.48,1.04,780130921,35.9,MOD-00614,25.3,2026-09-13T22:09:49,2026-09-13T15:09:49,https://api.quant-aq.com/v1/devices/MOD-00614/data/780130596
1212.91,945.32,"{'lat': None, 'lon': None}","{'rh': 35.9, 'temp': 25.2, 'wd': 0.0, 'ws': 0.0, 'ws_scalar': 0.0}","{'gas': {'co': 13499, 'co2': 13261, 'no': 13587, 'no2': 13766, 'o3': 13746}, 'pm': {'pm1': 13203, 'pm10': 13205, 'pm25': 13204}}",3.79,15.71,23.89,1.15,6.27,1.29,780130915,35.9,MOD-00614,25.2,2026-09-13T22:08:48,2026-09-13T15:08:48,https://api.quant-aq.com/v1/devices/MOD-00614/data/780130590
1212.5,941.22,"{'lat': None, 'lon': None}","{'rh': 35.9, 'temp': 25.2, 'wd': 0.0, 'ws': 0.0, 'ws_scalar': 0.0}","{'gas': {'co': 13499, 'co2': 13261, 'no': 13587, 'no2': 13766, 'o3': 13746}, 'pm': {'pm1': 13203, 'pm10': 13205, 'pm25': 13204}}",3.77,15.71,24.97,1.27,3.72,1.41,780130916,35.9,MOD-00614,25.2,2026-09-13T22:07:48,2026-09-13T15:07:48,https://api.quant-aq.com/v1/devices/MOD-00614/data/780130592
1206.34,941.71,"{'lat': None, 'lon': None}","{'rh': 35.9, 'temp': 25.2, 'wd': 0.0, 'ws': 0.0, 'ws_scalar': 0.0}","{'gas': {'co': 13499, 'co2': 13261, 'no': 13587, 'no2': 13766, 'o3': 13746}, 'pm': {'pm1': 13203, 'pm10': 13205, 'pm25': 13204}}",3.79,15.57,24.43,0.99,13.62,1.19,780128610,35.9,MOD-00614,25.2,2026-09-13T22:06:48,2026-09-13T15:06:48,https://api.quant-aq.com/v1/devices/MOD-00614/data/780128285
1214.97,937.49,"{'lat': None, 'lon': None}","{'rh': 35.9, 'temp': 25.2, 'wd': 0.0, 'ws': 0.0, 'ws_scalar': 0.0}","{'gas': {'co': 13499, 'co2': 13261, 'no': 13587, 'no2': 13766, 'o3': 13746}, 'pm': {'pm1': 13203, 'pm10': 13205, 'pm25': 13204}}",3.79,15.57,24.43,0.75,1.66,0.84,780128611,35.9,MOD-00614,25.2,2026-09-13T22:05:48,2026-09-13T15:05:48,https://api.quant-aq.com/v1/devices/MOD-00614/data/780128286
1207.99,939.42,"{'lat': None, 'lon': None}","{'rh': 35.9, 'temp': 25.2, 'wd': 0.0, 'ws': 0.0, 'ws_scalar': 0.0}","{'gas': {'co': 13499, 'co2': 13261, 'no': 13587, 'no2': 13766, 'o3': 13746}, 'pm': {'pm1': 13203, 'pm10': 13205, 'pm25': 13204}}",3.78,15.57,24.43,1.01,5.97,1.22,780128613,35.9,MOD-00614,25.2,2026-09-13T22:04:48,2026-09-13T15:04:48,https://api.quant-aq.com/v1/devices/MOD-00614/data/780128288
1207.99,937.85,"{'lat': None, 'lon': None}","{'rh': 35.9, 'temp': 25.2, 'wd': 0.0, 'ws': 0.0, 'ws_scalar': 0.0}","{'gas': {'co': 13499, 'co2': 13261, 'no': 13587, 'no2': 13766, 'o3': 13746}, 'pm': {'pm1': 13203, 'pm10': 13205, 'pm25': 13204}}",3.79,15.57,24.43,0.96,11.85,1.15,780128612,35.9,MOD-00614,25.2,2026-09-13T22:03:48,2026-09-13T15:03:48,https://api.quant-aq.com/v1/devices/MOD-00614/data/780128287
1211.27,936.89,"{'lat': None, 'lon': None}","{'rh': 35.9, 'temp': 25.2, 'wd': 0.0, 'ws': 0.0, 'ws_scalar': 0.0}","{'gas': {'co': 13499, 'co2': 13261, 'no': 13587, 'no2': 13766, 'o3': 13746}, 'pm': {'pm1': 13203, 'pm10': 13205, 'pm25': 13204}}",3.79,15.71,24.43,1.17,3.58,1.39,780126266,35.9,MOD-00614,25.2,2026-09-13T22:02:48,2026-09-13T15:02:48,https://api.quant-aq.com/v1/devices/MOD-00614/data/780125941
1203.06,935.68,"{'lat': None, 'lon': None}","{'rh': 35.9, 'temp': 25.2, 'wd': 0.0, 'ws': 0.0, 'ws_scalar': 0.0}","{'gas': {'co': 13499, 'co2': 13261, 'no': 13587, 'no2': 13766, 'o3': 13746}, 'pm': {'pm1': 13203, 'pm10': 13205, 'pm25': 13204}}",3.79,15.57,23.89,1.03,1.27,1.18,780126263,35.9,MOD-00614,25.2,2026-09-13T22:01:48,2026-09-13T15:01:48,https://api.quant-aq.com/v1/devices/MOD-00614/data/780125938
1198.88,931.59,"{'lat': None, 'lon': None}","{'rh': 36.0, 'temp': 25.2, 'wd': 0.0, 'ws': 0.0, 'ws_scalar': 0.0}","{'gas': {'co': 13499, 'co2': 13261, 'no': 13587, 'no2': 13766, 'o3': 13746}, 'pm': {'pm1': 13203, 'pm10': 13205, 'pm25': 13204}}",3.77,14.78,24.67,1.19,1.92,1.3,780126262,36.0,MOD-00614,25.2,2026-09-13T22:00:48,2026-09-13T15:00:48,https://api.quant-aq.com/v1/devices/MOD-00614/data/780125937
1202.06,934.36,"{'lat': None, 'lon': None}","{'rh': 36.0, 'temp': 25.1, 'wd': 0.0, 'ws': 0.0, 'ws_scalar': 0.0}","{'gas': {'co': 13499, 'co2': 13261, 'no': 13587, 'no2': 13766, 'o3': 13746}, 'pm': {'pm1': 13203, 'pm10': 13205, 'pm25': 13204}}",3.8,12.95,24.38,1.23,2.23,1.43,780126265,36.0,MOD-00614,25.1,2026-09-13T21:59:48,2026-09-13T14:59:48,https://api.quant-aq.com/v1/devices/MOD-00614/data/780125940
1204.52,934.6,"{'lat': None, 'lon': None}","{'rh': 36.0, 'temp': 25.1, 'wd': 0.0, 'ws': 0.0, 'ws_scalar': 0.0}","{'gas': {'co': 13499, 'co2': 13261, 'no': 13587, 'no2': 13766, 'o3': 13746}, 'pm': {'pm1': 13203, 'pm10': 13205, 'pm25': 13204}}",3.78,14.12,23.84,1.06,4.64,1.21,780126264,36.0,MOD-00614,25.1,2026-09-13T21:58:48,2026-09-13T14:58:48,https://api.quant-aq.com/v1/devices/MOD-00614/data/780125939
1195.08,936.77,"{'lat': None, 'lon': None}","{'rh': 36.0, 'temp': 25.1, 'wd': 0.0, 'ws': 0.0, 'ws_scalar': 0.0}","{'gas': {'co': 13499, 'co2': 13261, 'no': 13587, 'no2': 13766, 'o3': 13746}, 'pm': {'pm1': 13203, 'pm10': 13205, 'pm25': 13204}}",3.77,14.47,24.92,0.86,1.19,0.97,780123435,36.0,MOD-00614,25.1,2026-09-13T21:57:48,2026-09-13T14:57:48,https://api.quant-aq.com/v1/devices/MOD-00614/data/780123110
1206.58,932.79,"{'lat': None, 'lon': None}","{'rh': 36.0, 'temp': 25.1, 'wd': 0.0, 'ws': 0.0, 'ws_scalar': 0.0}","{'gas': {'co': 13499, 'co2': 13261, 'no': 13587, 'no2': 13766, 'o3': 13746}, 'pm': {'pm1': 13203, 'pm10': 13205, 'pm25': 13204}}",3.78,12.95,24.38,1.09,1.35,1.3,780123433,36.0,MOD-00614,25.1,2026-09-13T21:56:47,2026-09-13T14:56:47,https://api.quant-aq.com/v1/devices/MOD-00614/data/780123108
1198.37,931.35,"{'lat': None, 'lon': None}","{'rh': 36.0, 'temp': 25.1, 'wd': 0.0, 'ws': 0.0, 'ws_scalar': 0.0}","{'gas': {'co': 13499, 'co2': 13261, 'no': 13587, 'no2': 13766, 'o3': 13746}, 'pm': {'pm1': 13203, 'pm10': 13205, 'pm25': 13204}}",3.78,12.94,24.65,1.19,2.73,1.33,780123432,36.0,MOD-00614,25.1,2026-09-13T21:55:47,2026-09-13T14:55:47,https://api.quant-aq.com/v1/devices/MOD-00614/data/780123107
1195.42,929.06,"{'lat': None, 'lon': None}","{'rh': 36.1, 'temp': 25.1, 'wd': 0.0, 'ws': 0.0, 'ws_scalar': 0.0}","{'gas': {'co': 13499, 'co2': 13261, 'no': 13587, 'no2': 13766, 'o3': 13746}, 'pm': {'pm1': 13203, 'pm10': 13205, 'pm25': 13204}}",3.79,12.72,24.62,1.04,10.52,1.22,780123434,36.1,MOD-00614,25.1,2026-09-13T21:54:47,2026-09-13T14:54:47,https://api.quant-aq.com/v1/devices/MOD-00614/data/780123109
1197.06,926.53,"{'lat': None, 'lon': None}","{'rh': 36.1, 'temp': 25.1, 'wd': 0.0, 'ws': 0.0, 'ws_scalar': 0.0}","{'gas': {'co': 13499, 'co2': 13261, 'no': 13587, 'no2': 13766, 'o3': 13746}, 'pm': {'pm1': 13203, 'pm10': 13205, 'pm25': 13204}}",3.77,13.82,24.35,1.18,1.78,1.28,780123436,36.1,MOD-00614,25.1,2026-09-13T21:53:47,2026-09-13T14:53:47,https://api.quant-aq.com/v1/devices/MOD-00614/data/780123111
1191.73,923.52,"{'lat': None, 'lon': None}","{'rh': 36.1, 'temp': 25.1, 'wd': 0.0, 'ws': 0.0, 'ws_scalar': 0.0}","{'gas': {'co': 13499, 'co2': 13261, 'no': 13587, 'no2': 13766, 'o3': 13746}, 'pm': {'pm1': 13203, 'pm10': 13205, 'pm25': 13204}}",3.78,12.75,24.62,1.37,1.38,1.38,780120599,36.1,MOD-00614,25.1,2026-09-13T21:52:47,2026-09-13T14:52:47,https://api.quant-aq.com/v1/devices/MOD-00614/data/780120274
1192.14,925.08,"{'lat': None, 'lon': None}","{'rh': 36.1, 'temp': 25.1, 'wd': 0.0, 'ws': 0.0, 'ws_scalar': 0.0}","{'gas': {'co': 13499, 'co2': 13261, 'no': 13587, 'no2': 13766, 'o3': 13746}, 'pm': {'pm1': 13203, 'pm10': 13205, 'pm25': 13204}}",3.78,13.82,24.35,1.07,1.33,1.15,780120598,36.1,MOD-00614,25.1,2026-09-13T21:51:47,2026-09-13T14:51:47,https://api.quant-aq.com/v1/devices/MOD-00614/data/780120273
1190.5,928.94,"{'lat': None, 'lon': None}","{'rh': 36.1, 'temp': 25.1, 'wd': 0.0, 'ws': 0.0, 'ws_scalar': 0.0}","{'gas': {'co': 13499, 'co2': 13261, 'no': 13587, 'no2': 13766, 'o3': 13746}, 'pm': {'pm1': 13203, 'pm10': 13205, 'pm25': 13204}}",3.78,12.72,24.89,0.69,1.6,0.87,780120602,36.1,MOD-00614,25.1,2026-09-13T21:50:47,2026-09-13T14:50:47,https://api.quant-aq.com/v1/devices/MOD-00614/data/780120277
1188.44,926.89,"{'lat': None, 'lon': None}","{'rh': 36.1, 'temp': 25.1, 'wd': 0.0, 'ws': 0.0, 'ws_scalar': 0.0}","{'gas': {'co': 13499, 'co2': 13261, 'no': 13587, 'no2': 13766, 'o3': 13746}, 'pm': {'pm1': 13203, 'pm10': 13205, 'pm25': 13204}}",3.8,12.75,24.08,1.0,3.67,1.24,780120600,36.1,MOD-00614,25.1,2026-09-13T21:49:47,2026-09-13T14:49:47,https://api.quant-aq.com/v1/devices/MOD-00614/data/780120276
1190.84,922.92,"{'lat': None, 'lon': None}","{'rh': 36.2, 'temp': 25.1, 'wd': 0.0, 'ws': 0.0, 'ws_scalar': 0.0}","{'gas': {'co': 13499, 'co2': 13261, 'no': 13587, 'no2': 13766, 'o3': 13746}, 'pm': {'pm1': 13203, 'pm10': 13205, 'pm25': 13204}}",3.77,12.58,24.32,1.05,2.34,1.18,780120601,36.2,MOD-00614,25.1,2026-09-13T21:48:47,2026-09-13T14:48:47,https://api.quant-aq.com/v1/devices/MOD-00614/data/780120275
1186.28,915.21,"{'lat': None, 'lon': None}","{'rh': 36.1, 'temp': 25.0, 'wd': 0.0, 'ws': 0.0, 'ws_scalar': 0.0}","{'gas': {'co': 13499, 'co2': 13261, 'no': 13587, 'no2': 13766, 'o3': 13746}, 'pm': {'pm1': 13203, 'pm10': 13205, 'pm25': 13204}}",3.78,13.01,24.06,0.89,6.22,1.01,780117663,36.1,MOD-00614,25.0,2026-09-13T21:47:47,2026-09-13T14:47:47,https://api.quant-aq.com/v1/devices/MOD-00614/data/780117339
1181.36,917.74,"{'lat': None, 'lon': None}","{'rh': 36.1, 'temp': 25.0, 'wd': 0.0, 'ws': 0.0, 'ws_scalar': 0.0}","{'gas': {'co': 13499, 'co2': 13261, 'no': 13587, 'no2': 13766, 'o3': 13746}, 'pm': {'pm1': 13203, 'pm10': 13205, 'pm25': 13204}}",3.78,12.53,24.6,1.0,7.29,1.16,780117664,36.1,MOD-00614,25.0,2026-09-13T21:46:47,2026-09-13T14:46:47,https://api.quant-aq.com/v1/devices/MOD-00614/data/780117340
1180.95,914.0,"{'lat': None, 'lon': None}","{'rh': 36.1, 'temp': 25.0, 'wd': 0.0, 'ws': 0.0, 'ws_scalar': 0.0}","{'gas': {'co': 13499, 'co2': 13261, 'no': 13587, 'no2': 13766, 'o3': 13746}, 'pm': {'pm1': 13203, 'pm10': 13205, 'pm25': 13204}}",3.78,13.01,24.33,0.85,1.84,0.96,780117661,36.1,MOD-00614,25.0,2026-09-13T21:45:47,2026-09-13T14:45:47,https://api.quant-aq.com/v1/devices/MOD-00614/data/780117335
1177.59,914.0,"{'lat': None, 'lon': None}","{'rh': 36.2, 'temp': 25.0, 'wd': 0.0, 'ws': 0.0, 'ws_scalar': 0.0}","{'gas': {'co': 13499, 'co2': 13261, 'no': 13587, 'no2': 13766, 'o3': 13746}, 'pm': {'pm1': 13203, 'pm10': 13205, 'pm25': 13204}}",3.78,12.54,24.3,0.94,1.17,1.08,780117662,36.2,MOD-00614,25.0,2026-09-13T21:44:47,2026-09-13T14:44:47,https://api.quant-aq.com/v1/devices/MOD-00614/data/780117337
1184.57,917.38,"{'lat': None, 'lon': None}","{'rh': 36.2, 'temp': 25.0, 'wd': 0.0, 'ws': 0.0, 'ws_scalar': 0.0}","{'gas': {'co': 13499, 'co2': 13261, 'no': 13587, 'no2': 13766, 'o3': 13746}, 'pm': {'pm1': 13203, 'pm10': 13205, 'pm25': 13204}}",3.77,12.36,24.3,1.06,3.81,1.16,780117665,36.2,MOD-00614,25.0,2026-09-13T21:43:47,2026-09-13T14:43:47,https://api.quant-aq.com/v1/devices/MOD-00614/data/780117338
1170.68,909.06,"{'lat': None, 'lon': None}","{'rh': 36.1, 'temp': 25.0, 'wd': 0.0, 'ws': 0.0, 'ws_scalar': 0.0}","{'gas': {'co': 13499, 'co2': 13261, 'no': 13587, 'no2': 13766, 'o3': 13746}, 'pm': {'pm1': 13203, 'pm10': 13205, 'pm25': 13204}}",3.76,13.01,24.6,0.93,2.21,1.08,780114796,36.1,MOD-00614,25.0,2026-09-13T21:42:46,2026-09-13T14:42:46,https://api.quant-aq.com/v1/devices/MOD-00614/data/780114473
1173.29,896.54,"{'lat': None, 'lon': None}","{'rh': 35.9, 'temp': 25.0, 'wd': 0.0, 'ws': 0.0, 'ws_scalar': 0.0}","{'gas': {'co': 13499, 'co2': 13261, 'no': 13587, 'no2': 13766, 'o3': 13746}, 'pm': {'pm1': 13203, 'pm10': 13205, 'pm25': 13204}}",3.79,13.45,24.39,0.85,1.27,0.97,780114795,35.9,MOD-00614,25.0,2026-09-13T21:41:46,2026-09-13T14:41:46,https://api.quant-aq.com/v1/devices/MOD-00614/data/780114469
1171.99,899.55,"{'lat': None, 'lon': None}","{'rh': 36.0, 'temp': 25.0, 'wd': 0.0, 'ws': 0.0, 'ws_scalar': 0.0}","{'gas': {'co': 13499, 'co2': 13261, 'no': 13587, 'no2': 13766, 'o3': 13746}, 'pm': {'pm1': 13203, 'pm10': 13205, 'pm25': 13204}}",3.78,12.98,24.63,0.83,1.05,0.97,780114793,36.0,MOD-00614,25.0,2026-09-13T21:40:46,2026-09-13T14:40:46,https://api.quant-aq.com/v1/devices/MOD-00614/data/780114468
1172.33,902.2,"{'lat': None, 'lon': None}","{'rh': 36.1, 'temp': 25.0, 'wd': 0.0, 'ws': 0.0, 'ws_scalar': 0.0}","{'gas': {'co': 13499, 'co2': 13261, 'no': 13587, 'no2': 13766, 'o3': 13746}, 'pm': {'pm1': 13203, 'pm10': 13205, 'pm25': 13204}}",3.79,11.22,24.33,1.08,8.32,1.14,780114794,36.1,MOD-00614,25.0,2026-09-13T21:39:46,2026-09-13T14:39:46,https://api.quant-aq.com/v1/devices/MOD-00614/data/780114470
1171.5,898.95,"{'lat': None, 'lon': None}","{'rh': 36.1, 'temp': 25.0, 'wd': 0.0, 'ws': 0.0, 'ws_scalar': 0.0}","{'gas': {'co': 13499, 'co2': 13261, 'no': 13587, 'no2': 13766, 'o3': 13746}, 'pm': {'pm1': 13203, 'pm10': 13205, 'pm25': 13204}}",3.77,12.53,24.33,1.05,8.12,1.17,780114792,36.1,MOD-00614,25.0,2026-09-13T21:38:46,2026-09-13T14:38:46,https://api.quant-aq.com/v1/devices/MOD-00614/data/780114467
1166.24,899.19,"{'lat': None, 'lon': None}","{'rh': 36.0, 'temp': 25.0, 'wd': 0.0, 'ws': 0.0, 'ws_scalar': 0.0}","{'gas': {'co': 13499, 'co2': 13261, 'no': 13587, 'no2': 13766, 'o3': 13746}, 'pm': {'pm1': 13203, 'pm10': 13205, 'pm25': 13204}}",3.79,12.84,24.36,1.11,4.11,1.22,780111962,36.0,MOD-00614,25.0,2026-09-13T21:37:46,2026-09-13T14:37:46,https://api.quant-aq.com/v1/devices/MOD-00614/data/780111637
1166.24,892.56,"{'lat': None, 'lon': None}","{'rh': 36.0, 'temp': 25.0, 'wd': 0.0, 'ws': 0.0, 'ws_scalar': 0.0}","{'gas': {'co': 13499, 'co2': 13261, 'no': 13587, 'no2': 13766, 'o3': 13746}, 'pm': {'pm1': 13203, 'pm10': 13205, 'pm25': 13204}}",3.79,13.03,24.36,0.81,5.81,0.85,780111961,36.0,MOD-00614,25.0,2026-09-13T21:36:46,2026-09-13T14:36:46,https://api.quant-aq.com/v1/devices/MOD-00614/data/780111636
1157.62,889.79,"{'lat': None, 'lon': None}","{'rh': 36.0, 'temp': 25.0, 'wd': 0.0, 'ws': 0.0, 'ws_scalar': 0.0}","{'gas': {'co': 13499, 'co2': 13261, 'no': 13587, 'no2': 13766, 'o3': 13746}, 'pm': {'pm1': 13203, 'pm10': 13205, 'pm25': 13204}}",3.77,12.84,24.36,1.24,3.68,1.35,780111965,36.0,MOD-00614,25.0,2026-09-13T21:35:46,2026-09-13T14:35:46,https://api.quant-aq.com/v1/devices/MOD-00614/data/780111640
1167.88,895.82,"{'lat': None, 'lon': None}","{'rh': 36.0, 'temp': 25.0, 'wd': 0.0, 'ws': 0.0, 'ws_scalar': 0.0}","{'gas': {'co': 13499, 'co2': 13261, 'no': 13587, 'no2': 13766, 'o3': 13746}, 'pm': {'pm1': 13203, 'pm10': 13205, 'pm25': 13204}}",3.78,13.03,24.09,0.88,6.93,1.02,780111964,36.0,MOD-00614,25.0,2026-09-13T21:34:46,2026-09-13T14:34:46,https://api.quant-aq.com/v1/devices/MOD-00614/data/780111639
1160.01,899.67,"{'lat': None, 'lon': None}","{'rh': 36.1, 'temp': 25.0, 'wd': 0.0, 'ws': 0.0, 'ws_scalar': 0.0}","{'gas': {'co': 13499, 'co2': 13261, 'no': 13587, 'no2': 13766, 'o3': 13746}, 'pm': {'pm1': 13203, 'pm10': 13205, 'pm25': 13204}}",3.8,12.82,24.6,1.13,6.36,1.18,780111963,36.1,MOD-00614,25.0,2026-09-13T21:33:46,2026-09-13T14:33:46,https://api.quant-aq.com/v1/devices/MOD-00614/data/780111638
1163.12,894.25,"{'lat': None, 'lon': None}","{'rh': 36.2, 'temp': 24.9, 'wd': 0.0, 'ws': 0.0, 'ws_scalar': 0.0}","{'gas': {'co': 13499, 'co2': 13261, 'no': 13587, 'no2': 13766, 'o3': 13746}, 'pm': {'pm1': 13203, 'pm10': 13205, 'pm25': 13204}}",3.76,12.25,24.01,1.21,1.35,1.31,780109112,36.2,MOD-00614,24.9,2026-09-13T21:32:46,2026-09-13T14:32:46,https://api.quant-aq.com/v1/devices/MOD-00614/data/780108787
1164.42,894.49,"{'lat': None, 'lon': None}","{'rh': 36.1, 'temp': 24.9, 'wd': 0.0, 'ws': 0.0, 'ws_scalar': 0.0}","{'gas': {'co': 13499, 'co2': 13261, 'no': 13587, 'no2': 13766, 'o3': 13746}, 'pm': {'pm1': 13203, 'pm10': 13205, 'pm25': 13204}}",3.78,12.84,24.31,1.04,2.23,1.15,780109110,36.1,MOD-00614,24.9,2026-09-13T21:31:46,2026-09-13T14:31:46,https://api.quant-aq.com/v1/devices/MOD-00614/data/780108785
1159.83,892.8,"{'lat': None, 'lon': None}","{'rh': 36.2, 'temp': 24.9, 'wd': 0.0, 'ws': 0.0, 'ws_scalar': 0.0}","{'gas': {'co': 13499, 'co2': 13261, 'no': 13587, 'no2': 13766, 'o3': 13746}, 'pm': {'pm1': 13203, 'pm10': 13205, 'pm25': 13204}}",3.78,12.25,24.01,1.03,1.84,1.2,780109109,36.2,MOD-00614,24.9,2026-09-13T21:30:46,2026-09-13T14:30:46,https://api.quant-aq.com/v1/devices/MOD-00614/data/780108784
1159.49,887.87,"{'lat': None, 'lon': None}","{'rh': 36.1, 'temp': 24.9, 'wd': 0.0, 'ws': 0.0, 'ws_scalar': 0.0}","{'gas': {'co': 13499, 'co2': 13261, 'no': 13587, 'no2': 13766, 'o3': 13746}, 'pm': {'pm1': 13203, 'pm10': 13205, 'pm25': 13204}}",3.77,12.84,24.58,1.13,6.57,1.23,780109111,36.1,MOD-00614,24.9,2026-09-13T21:29:45,2026-09-13T14:29:45,https://api.quant-aq.com/v1/devices/MOD-00614/data/780108786
1155.39,886.54,"{'lat': None, 'lon': None}","{'rh': 36.1, 'temp': 24.9, 'wd': 0.0, 'ws': 0.0, 'ws_scalar': 0.0}","{'gas': {'co': 13499, 'co2': 13261, 'no': 13587, 'no2': 13766, 'o3': 13746}, 'pm': {'pm1': 13203, 'pm10': 13205, 'pm25': 13204}}",3.78,12.84,24.31,1.07,3.7,1.21,780109108,36.1,MOD-00614,24.9,2026-09-13T21:28:45,2026-09-13T14:28:45,https://api.quant-aq.com/v1/devices/MOD-00614/data/780108783
1155.8,888.71,"{'lat': None, 'lon': None}","{'rh': 36.1, 'temp': 24.9, 'wd': 0.0, 'ws': 0.0, 'ws_scalar': 0.0}","{'gas': {'co': 13499, 'co2': 13261, 'no': 13587, 'no2': 13766, 'o3': 13746}, 'pm': {'pm1': 13203, 'pm10': 13205, 'pm25': 13204}}",3.78,12.08,23.5,1.18,7.68,1.29,780106244,36.1,MOD-00614,24.9,2026-09-13T21:27:45,2026-09-13T14:27:45,https://api.quant-aq.com/v1/devices/MOD-00614/data/780105919
1152.92,886.78,"{'lat': None, 'lon': None}","{'rh': 36.1, 'temp': 24.9, 'wd': 0.0, 'ws': 0.0, 'ws_scalar': 0.0}","{'gas': {'co': 13499, 'co2': 13261, 'no': 13587, 'no2': 13766, 'o3': 13746}, 'pm': {'pm1': 13203, 'pm10': 13205, 'pm25': 13204}}",3.78,12.69,24.31,1.08,1.41,1.15,780106240,36.1,MOD-00614,24.9,2026-09-13T21:26:45,2026-09-13T14:26:45,https://api.quant-aq.com/v1/devices/MOD-00614/data/780105915
1154.08,884.13,"{'lat': None, 'lon': None}","{'rh': 36.2, 'temp': 24.9, 'wd': 0.0, 'ws': 0.0, 'ws_scalar': 0.0}","{'gas': {'co': 13499, 'co2': 13261, 'no': 13587, 'no2': 13766, 'o3': 13746}, 'pm': {'pm1': 13203, 'pm10': 13205, 'pm25': 13204}}",3.77,12.67,24.28,1.03,1.97,1.14,780106243,36.2,MOD-00614,24.9,2026-09-13T21:25:45,2026-09-13T14:25:45,https://api.quant-aq.com/v1/devices/MOD-00614/data/780105918
1152.03,885.82,"{'lat': None, 'lon': None}","{'rh': 36.2, 'temp': 24.9, 'wd': 0.0, 'ws': 0.0, 'ws_scalar': 0.0}","{'gas': {'co': 13499, 'co2': 13261, 'no': 13587, 'no2': 13766, 'o3': 13746}, 'pm': {'pm1': 13203, 'pm10': 13205, 'pm25': 13204}}",3.78,12.67,24.28,0.93,1.97,1.0,780106241,36.2,MOD-00614,24.9,2026-09-13T21:24:45,2026-09-13T14:24:45,https://api.quant-aq.com/v1/devices/MOD-00614/data/780105916
1149.98,882.45,"{'lat': None, 'lon': None}","{'rh': 36.2, 'temp': 24.9, 'wd': 0.0, 'ws': 0.0, 'ws_scalar': 0.0}","{'gas': {'co': 13499, 'co2': 13261, 'no': 13587, 'no2': 13766, 'o3': 13746}, 'pm': {'pm1': 13203, 'pm10': 13205, 'pm25': 13204}}",3.78,12.51,23.74,1.27,1.59,1.41,780106242,36.2,MOD-00614,24.9,2026-09-13T21:23:45,2026-09-13T14:23:45,https://api.quant-aq.com/v1/devices/MOD-00614/data/780105917
1147.93,881.0,"{'lat': None, 'lon': None}","{'rh': 36.2, 'temp': 24.9, 'wd': 0.0, 'ws': 0.0, 'ws_scalar': 0.0}","{'gas': {'co': 13499, 'co2': 13261, 'no': 13587, 'no2': 13766, 'o3': 13746}, 'pm': {'pm1': 13203, 'pm10': 13205, 'pm25': 13204}}",3.77,12.67,24.55,1.06,2.52,1.32,780103273,36.2,MOD-00614,24.9,2026-09-13T21:22:45,2026-09-13T14:22:45,https://api.quant-aq.com/v1/devices/MOD-00614/data/780102947
1146.69,879.07,"{'lat': None, 'lon': None}","{'rh': 36.2, 'temp': 24.9, 'wd': 0.0, 'ws': 0.0, 'ws_scalar': 0.0}","{'gas': {'co': 13499, 'co2': 13261, 'no': 13587, 'no2': 13766, 'o3': 13746}, 'pm': {'pm1': 13203, 'pm10': 13205, 'pm25': 13204}}",3.77,12.51,23.74,0.95,1.18,1.09,780103270,36.2,MOD-00614,24.9,2026-09-13T21:21:45,2026-09-13T14:21:45,https://api.quant-aq.com/v1/devices/MOD-00614/data/780102946
1147.86,880.16,"{'lat': None, 'lon': None}","{'rh': 36.3, 'temp': 24.9, 'wd': 0.0, 'ws': 0.0, 'ws_scalar': 0.0}","{'gas': {'co': 13499, 'co2': 13261, 'no': 13587, 'no2': 13766, 'o3': 13746}, 'pm': {'pm1': 13203, 'pm10': 13205, 'pm25': 13204}}",3.77,12.57,23.98,1.04,1.62,1.27,780103272,36.3,MOD-00614,24.9,2026-09-13T21:20:45,2026-09-13T14:20:45,https://api.quant-aq.com/v1/devices/MOD-00614/data/780102948
1144.57,879.43,"{'lat': None, 'lon': None}","{'rh': 36.3, 'temp': 24.9, 'wd': 0.0, 'ws': 0.0, 'ws_scalar': 0.0}","{'gas': {'co': 13499, 'co2': 13261, 'no': 13587, 'no2': 13766, 'o3': 13746}, 'pm': {'pm1': 13203, 'pm10': 13205, 'pm25': 13204}}",3.77,12.21,23.98,0.95,1.58,1.09,780103271,36.3,MOD-00614,24.9,2026-09-13T21:19:45,2026-09-13T14:19:45,https://api.quant-aq.com/v1/devices/MOD-00614/data/780102945
1145.32,879.92,"{'lat': None, 'lon': None}","{'rh': 36.4, 'temp': 24.9, 'wd': 0.0, 'ws': 0.0, 'ws_scalar': 0.0}","{'gas': {'co': 13499, 'co2': 13261, 'no': 13587, 'no2': 13766, 'o3': 13746}, 'pm': {'pm1': 13203, 'pm10': 13205, 'pm25': 13204}}",4.24,12.43,23.95,1.35,1.7,1.48,780103269,36.4,MOD-00614,24.9,2026-09-13T21:18:45,2026-09-13T14:18:45,https://api.quant-aq.com/v1/devices/MOD-00614/data/780102944
1145.73,877.39,"{'lat': None, 'lon': None}","{'rh': 36.4, 'temp': 24.9, 'wd': 0.0, 'ws': 0.0, 'ws_scalar': 0.0}","{'gas': {'co': 13499, 'co2': 13261, 'no': 13587, 'no2': 13766, 'o3': 13746}, 'pm': {'pm1': 13203, 'pm10': 13205, 'pm25': 13204}}",4.24,12.27,24.22,1.12,8.65,1.32,780100441,36.4,MOD-00614,24.9,2026-09-13T21:17:45,2026-09-13T14:17:45,https://api.quant-aq.com/v1/devices/MOD-00614/data/780100116
1146.96,875.1,"{'lat': None, 'lon': None}","{'rh': 36.4, 'temp': 24.9, 'wd': 0.0, 'ws': 0.0, 'ws_scalar': 0.0}","{'gas': {'co': 13499, 'co2': 13261, 'no': 13587, 'no2': 13766, 'o3': 13746}, 'pm': {'pm1': 13203, 'pm10': 13205, 'pm25': 13204}}",4.24,11.66,23.95,1.13,2.38,1.21,780100445,36.4,MOD-00614,24.9,2026-09-13T21:16:44,2026-09-13T14:16:44,https://api.quant-aq.com/v1/devices/MOD-00614/data/780100120
1149.43,877.87,"{'lat': None, 'lon': None}","{'rh': 36.4, 'temp': 24.9, 'wd': 0.0, 'ws': 0.0, 'ws_scalar': 0.0}","{'gas': {'co': 13499, 'co2': 13261, 'no': 13587, 'no2': 13766, 'o3': 13746}, 'pm': {'pm1': 13203, 'pm10': 13205, 'pm25': 13204}}",4.24,12.27,24.22,1.1,2.43,1.26,780100444,36.4,MOD-00614,24.9,2026-09-13T21:15:44,2026-09-13T14:15:44,https://api.quant-aq.com/v1/devices/MOD-00614/data/780100119
1144.09,876.18,"{'lat': None, 'lon': None}","{'rh': 36.4, 'temp': 24.9, 'wd': 0.0, 'ws': 0.0, 'ws_scalar': 0.0}","{'gas': {'co': 13499, 'co2': 13261, 'no': 13587, 'no2': 13766, 'o3': 13746}, 'pm': {'pm1': 13203, 'pm10': 13205, 'pm25': 13204}}",4.35,12.43,23.4,1.36,2.6,1.48,780100443,36.4,MOD-00614,24.9,2026-09-13T21:14:44,2026-09-13T14:14:44,https://api.quant-aq.com/v1/devices/MOD-00614/data/780100118
1149.77,876.06,"{'lat': None, 'lon': None}","{'rh': 36.5, 'temp': 24.9, 'wd': 0.0, 'ws': 0.0, 'ws_scalar': 0.0}","{'gas': {'co': 13499, 'co2': 13261, 'no': 13587, 'no2': 13766, 'o3': 13746}, 'pm': {'pm1': 13203, 'pm10': 13205, 'pm25': 13204}}",4.35,10.15,24.46,1.09,2.24,1.22,780100442,36.5,MOD-00614,24.9,2026-09-13T21:13:44,2026-09-13T14:13:44,https://api.quant-aq.com/v1/devices/MOD-00614/data/780100117
1148.05,875.22,"{'lat': None, 'lon': None}","{'rh': 36.6, 'temp': 24.9, 'wd': 0.0, 'ws': 0.0, 'ws_scalar': 0.0}","{'gas': {'co': 13499, 'co2': 13261, 'no': 13587, 'no2': 13766, 'o3': 13746}, 'pm': {'pm1': 13203, 'pm10': 13205, 'pm25': 13204}}",4.35,11.49,23.88,1.22,2.48,1.39,780097574,36.6,MOD-00614,24.9,2026-09-13T21:12:44,2026-09-13T14:12:44,https://api.quant-aq.com/v1/devices/MOD-00614/data/780097248
1151.0,876.54,"{'lat': None, 'lon': None}","{'rh': 36.5, 'temp': 24.9, 'wd': 0.0, 'ws': 0.0, 'ws_scalar': 0.0}","{'gas': {'co': 13499, 'co2': 13261, 'no': 13587, 'no2': 13766, 'o3': 13746}, 'pm': {'pm1': 13203, 'pm10': 13205, 'pm25': 13204}}",4.35,11.62,23.64,0.89,2.77,1.04,780097573,36.5,MOD-00614,24.9,2026-09-13T21:11:44,2026-09-13T14:11:44,https://api.quant-aq.com/v1/devices/MOD-00614/data/780097249
1153.8,878.83,"{'lat': None, 'lon': None}","{'rh': 36.6, 'temp': 24.9, 'wd': 0.0, 'ws': 0.0, 'ws_scalar': 0.0}","{'gas': {'co': 13499, 'co2': 13261, 'no': 13587, 'no2': 13766, 'o3': 13746}, 'pm': {'pm1': 13203, 'pm10': 13205, 'pm25': 13204}}",4.35,11.63,23.88,0.89,11.01,1.05,780097572,36.6,MOD-00614,24.9,2026-09-13T21:10:44,2026-09-13T14:10:44,https://api.quant-aq.com/v1/devices/MOD-00614/data/780097247
1154.14,881.36,"{'lat': None, 'lon': None}","{'rh': 36.7, 'temp': 24.9, 'wd': 0.0, 'ws': 0.0, 'ws_scalar': 0.0}","{'gas': {'co': 13499, 'co2': 13261, 'no': 13587, 'no2': 13766, 'o3': 13746}, 'pm': {'pm1': 13203, 'pm10': 13205, 'pm25': 13204}}",4.35,11.53,23.58,1.2,4.03,1.32,780097571,36.7,MOD-00614,24.9,2026-09-13T21:09:44,2026-09-13T14:09:44,https://api.quant-aq.com/v1/devices/MOD-00614/data/780097246
1160.23,886.18,"{'lat': None, 'lon': None}","{'rh': 36.8, 'temp': 24.9, 'wd': 0.0, 'ws': 0.0, 'ws_scalar': 0.0}","{'gas': {'co': 13499, 'co2': 13261, 'no': 13587, 'no2': 13766, 'o3': 13746}, 'pm': {'pm1': 13203, 'pm10': 13205, 'pm25': 13204}}",4.3,11.49,23.55,1.09,3.78,1.23,780095268,36.8,MOD-00614,24.9,2026-09-13T21:08:44,2026-09-13T14:08:44,https://api.quant-aq.com/v1/devices/MOD-00614/data/780094943
1162.21,892.68,"{'lat': None, 'lon': None}","{'rh': 36.9, 'temp': 24.9, 'wd': 0.0, 'ws': 0.0, 'ws_scalar': 0.0}","{'gas': {'co': 13499, 'co2': 13261, 'no': 13587, 'no2': 13766, 'o3': 13746}, 'pm': {'pm1': 13203, 'pm10': 13205, 'pm25': 13204}}",4.29,11.72,23.52,0.96,2.4,1.16,780095267,36.9,MOD-00614,24.9,2026-09-13T21:07:44,2026-09-13T14:07:44,https://api.quant-aq.com/v1/devices/MOD-00614/data/780094942
1167.37,891.0,"{'lat': None, 'lon': None}","{'rh': 37.0, 'temp': 24.8, 'wd': 0.0, 'ws': 0.0, 'ws_scalar': 0.0}","{'gas': {'co': 13499, 'co2': 13261, 'no': 13587, 'no2': 13766, 'o3': 13746}, 'pm': {'pm1': 13203, 'pm10': 13205, 'pm25': 13204}}",4.29,20.1,23.47,0.99,1.29,1.07,780095266,37.0,MOD-00614,24.8,2026-09-13T21:06:44,2026-09-13T14:06:44,https://api.quant-aq.com/v1/devices/MOD-00614/data/780094941
1166.88,898.34,"{'lat': None, 'lon': None}","{'rh': 37.1, 'temp': 24.8, 'wd': 0.0, 'ws': 0.0, 'ws_scalar': 0.0}","{'gas': {'co': 13499, 'co2': 13261, 'no': 13587, 'no2': 13766, 'o3': 13746}, 'pm': {'pm1': 13203, 'pm10': 13205, 'pm25': 13204}}",4.29,10.48,24.25,0.79,3.08,0.92,780095265,37.1,MOD-00614,24.8,2026-09-13T21:05:44,2026-09-13T14:05:44,https://api.quant-aq.com/v1/devices/MOD-00614/data/780094940
1176.74,900.99,"{'lat': None, 'lon': None}","{'rh': 37.1, 'temp': 24.8, 'wd': 0.0, 'ws': 0.0, 'ws_scalar': 0.0}","{'gas': {'co': 13499, 'co2': 13261, 'no': 13587, 'no2': 13766, 'o3': 13746}, 'pm': {'pm1': 13203, 'pm10': 13205, 'pm25': 13204}}",4.29,10.48,23.71,1.04,16.62,1.13,780093011,37.1,MOD-00614,24.8,2026-09-13T21:04:44,2026-09-13T14:04:44,https://api.quant-aq.com/v1/devices/MOD-00614/data/780092686
1172.42,911.59,"{'lat': None, 'lon': None}","{'rh': 37.4, 'temp': 24.8, 'wd': 0.0, 'ws': 0.0, 'ws_scalar': 0.0}","{'gas': {'co': 13499, 'co2': 13261, 'no': 13587, 'no2': 13766, 'o3': 13746}, 'pm': {'pm1': 13203, 'pm10': 13205, 'pm25': 13204}}",4.29,8.6,23.34,0.79,1.61,1.06,780093008,37.4,MOD-00614,24.8,2026-09-13T21:03:43,2026-09-13T14:03:43,https://api.quant-aq.com/v1/devices/MOD-00614/data/780092684
1177.27,915.09,"{'lat': None, 'lon': None}","{'rh': 37.5, 'temp': 24.8, 'wd': 0.0, 'ws': 0.0, 'ws_scalar': 0.0}","{'gas': {'co': 13499, 'co2': 13261, 'no': 13587, 'no2': 13766, 'o3': 13746}, 'pm': {'pm1': 13203, 'pm10': 13205, 'pm25': 13204}}",4.29,8.63,23.85,1.0,4.8,1.12,780093004,37.5,MOD-00614,24.8,2026-09-13T21:02:43,2026-09-13T14:02:43,https://api.quant-aq.com/v1/devices/MOD-00614/data/780092682
1175.63,916.41,"{'lat': None, 'lon': None}","{'rh': 37.5, 'temp': 24.8, 'wd': 0.0, 'ws': 0.0, 'ws_scalar': 0.0}","{'gas': {'co': 13499, 'co2': 13261, 'no': 13587, 'no2': 13766, 'o3': 13746}, 'pm': {'pm1': 13203, 'pm10': 13205, 'pm25': 13204}}",4.28,8.63,23.85,0.76,4.29,0.99,780093010,37.5,MOD-00614,24.8,2026-09-13T21:01:43,2026-09-13T14:01:43,https://api.quant-aq.com/v1/devices/MOD-00614/data/780092685
1175.97,917.62,"{'lat': None, 'lon': None}","{'rh': 37.6, 'temp': 24.8, 'wd': 0.0, 'ws': 0.0, 'ws_scalar': 0.0}","{'gas': {'co': 13499, 'co2': 13261, 'no': 13587, 'no2': 13766, 'o3': 13746}, 'pm': {'pm1': 13203, 'pm10': 13205, 'pm25': 13204}}",4.28,11.54,23.82,1.32,4.3,1.56,780093003,37.6,MOD-00614,24.8,2026-09-13T21:00:43,2026-09-13T14:00:43,https://api.quant-aq.com/v1/devices/MOD-00614/data/780092679
1179.74,917.5,"{'lat': None, 'lon': None}","{'rh': 37.5, 'temp': 24.8, 'wd': 0.0, 'ws': 0.0, 'ws_scalar': 0.0}","{'gas': {'co': 13499, 'co2': 13261, 'no': 13587, 'no2': 13766, 'o3': 13746}, 'pm': {'pm1': 13203, 'pm10': 13205, 'pm25': 13204}}",4.29,11.62,23.85,1.24,13.34,1.48,780090152,37.5,MOD-00614,24.8,2026-09-13T20:59:43,2026-09-13T13:59:43,https://api.quant-aq.com/v1/devices/MOD-00614/data/780089827
1185.34,915.45,"{'lat': None, 'lon': None}","{'rh': 37.7, 'temp': 24.8, 'wd': 0.0, 'ws': 0.0, 'ws_scalar': 0.0}","{'gas': {'co': 13499, 'co2': 13261, 'no': 13587, 'no2': 13766, 'o3': 13746}, 'pm': {'pm1': 13203, 'pm10': 13205, 'pm25': 13204}}",4.28,11.56,23.79,1.1,20.63,1.29,780090151,37.7,MOD-00614,24.8,2026-09-13T20:58:43,2026-09-13T13:58:43,https://api.quant-aq.com/v1/devices/MOD-00614/data/780089826
1175.49,917.25,"{'lat': None, 'lon': None}","{'rh': 37.7, 'temp': 24.8, 'wd': 0.0, 'ws': 0.0, 'ws_scalar': 0.0}","{'gas': {'co': 13499, 'co2': 13261, 'no': 13587, 'no2': 13766, 'o3': 13746}, 'pm': {'pm1': 13203, 'pm10': 13205, 'pm25': 13204}}",4.28,11.67,24.06,1.3,5.67,1.46,780090150,37.7,MOD-00614,24.8,2026-09-13T20:57:43,2026-09-13T13:57:43,https://api.quant-aq.com/v1/devices/MOD-00614/data/780089825
1180.08,912.44,"{'lat': None, 'lon': None}","{'rh': 37.6, 'temp': 24.8, 'wd': 0.0, 'ws': 0.0, 'ws_scalar': 0.0}","{'gas': {'co': 13499, 'co2': 13261, 'no': 13587, 'no2': 13766, 'o3': 13746}, 'pm': {'pm1': 13203, 'pm10': 13205, 'pm25': 13204}}",4.29,11.92,23.27,0.87,10.66,1.12,780090149,37.6,MOD-00614,24.8,2026-09-13T20:56:43,2026-09-13T13:56:43,https://api.quant-aq.com/v1/devices/MOD-00614/data/780089824
1177.88,920.75,"{'lat': None, 'lon': None}","{'rh': 37.8, 'temp': 24.8, 'wd': 0.0, 'ws': 0.0, 'ws_scalar': 0.0}","{'gas': {'co': 13499, 'co2': 13261, 'no': 13587, 'no2': 13766, 'o3': 13746}, 'pm': {'pm1': 13203, 'pm10': 13205, 'pm25': 13204}}",4.28,11.91,24.3,0.86,13.0,0.95,780087888,37.8,MOD-00614,24.8,2026-09-13T20:55:43,2026-09-13T13:55:43,https://api.quant-aq.com/v1/devices/MOD-00614/data/780087563
1175.35,924.48,"{'lat': None, 'lon': None}","{'rh': 37.9, 'temp': 24.8, 'wd': 0.0, 'ws': 0.0, 'ws_scalar': 0.0}","{'gas': {'co': 13499, 'co2': 13261, 'no': 13587, 'no2': 13766, 'o3': 13746}, 'pm': {'pm1': 13203, 'pm10': 13205, 'pm25': 13204}}",4.28,11.64,24.0,1.13,15.05,1.32,780087886,37.9,MOD-00614,24.8,2026-09-13T20:54:43,2026-09-13T13:54:43,https://api.quant-aq.com/v1/devices/MOD-00614/data/780087561
1179.52,916.53,"{'lat': None, 'lon': None}","{'rh': 37.8, 'temp': 24.8, 'wd': 0.0, 'ws': 0.0, 'ws_scalar': 0.0}","{'gas': {'co': 13499, 'co2': 13261, 'no': 13587, 'no2': 13766, 'o3': 13746}, 'pm': {'pm1': 13203, 'pm10': 13205, 'pm25': 13204}}",4.28,11.67,24.03,1.11,1.83,1.29,780087882,37.8,MOD-00614,24.8,2026-09-13T20:53:43,2026-09-13T13:53:43,https://api.quant-aq.com/v1/devices/MOD-00614/data/780087562
1182.81,919.3,"{'lat': None, 'lon': None}","{'rh': 37.8, 'temp': 24.8, 'wd': 0.0, 'ws': 0.0, 'ws_scalar': 0.0}","{'gas': {'co': 13499, 'co2': 13261, 'no': 13587, 'no2': 13766, 'o3': 13746}, 'pm': {'pm1': 13203, 'pm10': 13205, 'pm25': 13204}}",4.28,11.67,23.48,0.84,7.22,1.14,780087884,37.8,MOD-00614,24.8,2026-09-13T20:52:43,2026-09-13T13:52:43,https://api.quant-aq.com/v1/devices/MOD-00614/data/780087560
1179.38,929.3,"{'lat': None, 'lon': None}","{'rh': 38.0, 'temp': 24.8, 'wd': 0.0, 'ws': 0.0, 'ws_scalar': 0.0}","{'gas': {'co': 13499, 'co2': 13261, 'no': 13587, 'no2': 13766, 'o3': 13746}, 'pm': {'pm1': 13203, 'pm10': 13205, 'pm25': 13204}}",4.28,11.12,23.69,0.95,2.43,1.36,780085597,38.0,MOD-00614,24.8,2026-09-13T20:51:42,2026-09-13T13:51:42,https://api.quant-aq.com/v1/devices/MOD-00614/data/780085273
1184.31,924.96,"{'lat': None, 'lon': None}","{'rh': 38.0, 'temp': 24.8, 'wd': 0.0, 'ws': 0.0, 'ws_scalar': 0.0}","{'gas': {'co': 13499, 'co2': 13261, 'no': 13587, 'no2': 13766, 'o3': 13746}, 'pm': {'pm1': 13203, 'pm10': 13205, 'pm25': 13204}}",4.28,11.42,24.52,0.87,12.27,1.05,780085601,38.0,MOD-00614,24.8,2026-09-13T20:50:42,2026-09-13T13:50:42,https://api.quant-aq.com/v1/devices/MOD-00614/data/780085276
1176.51,918.34,"{'lat': None, 'lon': None}","{'rh': 38.0, 'temp': 24.8, 'wd': 0.0, 'ws': 0.0, 'ws_scalar': 0.0}","{'gas': {'co': 13499, 'co2': 13261, 'no': 13587, 'no2': 13766, 'o3': 13746}, 'pm': {'pm1': 13203, 'pm10': 13205, 'pm25': 13204}}",4.28,17.58,23.97,0.84,2.56,0.93,780085599,38.0,MOD-00614,24.8,2026-09-13T20:49:42,2026-09-13T13:49:42,https://api.quant-aq.com/v1/devices/MOD-00614/data/780085274
1178.11,909.06,"{'lat': None, 'lon': None}","{'rh': 37.9, 'temp': 24.7, 'wd': 0.0, 'ws': 0.0, 'ws_scalar': 0.0}","{'gas': {'co': 13499, 'co2': 13261, 'no': 13587, 'no2': 13766, 'o3': 13746}, 'pm': {'pm1': 13203, 'pm10': 13205, 'pm25': 13204}}",4.28,11.56,24.26,0.97,3.9,1.25,780085600,37.9,MOD-00614,24.7,2026-09-13T20:48:42,2026-09-13T13:48:42,https://api.quant-aq.com/v1/devices/MOD-00614/data/780085275
1180.09,906.66,"{'lat': None, 'lon': None}","{'rh': 38.0, 'temp': 24.7, 'wd': 0.0, 'ws': 0.0, 'ws_scalar': 0.0}","{'gas': {'co': 13499, 'co2': 13261, 'no': 13587, 'no2': 13766, 'o3': 13746}, 'pm': {'pm1': 13203, 'pm10': 13205, 'pm25': 13204}}",4.28,11.35,23.4,0.85,7.1,1.07,780083281,38.0,MOD-00614,24.7,2026-09-13T20:47:42,2026-09-13T13:47:42,https://api.quant-aq.com/v1/devices/MOD-00614/data/780082955
1185.36,914.6,"{'lat': None, 'lon': None}","{'rh': 38.1, 'temp': 24.7, 'wd': 0.0, 'ws': 0.0, 'ws_scalar': 0.0}","{'gas': {'co': 13499, 'co2': 13261, 'no': 13587, 'no2': 13766, 'o3': 13746}, 'pm': {'pm1': 13203, 'pm10': 13205, 'pm25': 13204}}",3.35,11.45,23.92,0.99,6.18,1.14,780083283,38.1,MOD-00614,24.7,2026-09-13T20:46:42,2026-09-13T13:46:42,https://api.quant-aq.com/v1/devices/MOD-00614/data/780082958
1178.86,910.27,"{'lat': None, 'lon': None}","{'rh': 38.0, 'temp': 24.7, 'wd': 0.0, 'ws': 0.0, 'ws_scalar': 0.0}","{'gas': {'co': 13499, 'co2': 13261, 'no': 13587, 'no2': 13766, 'o3': 13746}, 'pm': {'pm1': 13203, 'pm10': 13205, 'pm25': 13204}}",4.28,11.04,24.22,0.94,2.12,1.08,780083282,38.0,MOD-00614,24.7,2026-09-13T20:45:42,2026-09-13T13:45:42,https://api.quant-aq.com/v1/devices/MOD-00614/data/780082957
1180.09,914.48,"{'lat': None, 'lon': None}","{'rh': 38.0, 'temp': 24.7, 'wd': 0.0, 'ws': 0.0, 'ws_scalar': 0.0}","{'gas': {'co': 13499, 'co2': 13261, 'no': 13587, 'no2': 13766, 'o3': 13746}, 'pm': {'pm1': 13203, 'pm10': 13205, 'pm25': 13204}}",4.29,11.35,23.95,0.84,20.32,1.13,780083280,38.0,MOD-00614,24.7,2026-09-13T20:44:42,2026-09-13T13:44:42,https://api.quant-aq.com/v1/devices/MOD-00614/data/780082956
1180.91,912.92,"{'lat': None, 'lon': None}","{'rh': 38.0, 'temp': 24.7, 'wd': 0.0, 'ws': 0.0, 'ws_scalar': 0.0}","{'gas': {'co': 13499, 'co2': 13261, 'no': 13587, 'no2': 13766, 'o3': 13746}, 'pm': {'pm1': 13203, 'pm10': 13205, 'pm25': 13204}}",4.28,19.1,23.68,0.7,1.05,0.87,780080984,38.0,MOD-00614,24.7,2026-09-13T20:43:42,2026-09-13T13:43:42,https://api.quant-aq.com/v1/devices/MOD-00614/data/780080657
1177.97,908.34,"{'lat': None, 'lon': None}","{'rh': 38.1, 'temp': 24.7, 'wd': 0.0, 'ws': 0.0, 'ws_scalar': 0.0}","{'gas': {'co': 13499, 'co2': 13261, 'no': 13587, 'no2': 13766, 'o3': 13746}, 'pm': {'pm1': 13203, 'pm10': 13205, 'pm25': 13204}}",3.35,11.45,23.92,1.07,2.92,1.21,780080985,38.1,MOD-00614,24.7,2026-09-13T20:42:42,2026-09-13T13:42:42,https://api.quant-aq.com/v1/devices/MOD-00614/data/780080660
1179.68,910.39,"{'lat': None, 'lon': None}","{'rh': 38.0, 'temp': 24.7, 'wd': 0.0, 'ws': 0.0, 'ws_scalar': 0.0}","{'gas': {'co': 13499, 'co2': 13261, 'no': 13587, 'no2': 13766, 'o3': 13746}, 'pm': {'pm1': 13203, 'pm10': 13205, 'pm25': 13204}}",4.28,11.35,23.68,1.14,3.03,1.27,780080983,38.0,MOD-00614,24.7,2026-09-13T20:41:42,2026-09-13T13:41:42,https://api.quant-aq.com/v1/devices/MOD-00614/data/780080659
1180.02,916.29,"{'lat': None, 'lon': None}","{'rh': 38.1, 'temp': 24.7, 'wd': 0.0, 'ws': 0.0, 'ws_scalar': 0.0}","{'gas': {'co': 13499, 'co2': 13261, 'no': 13587, 'no2': 13766, 'o3': 13746}, 'pm': {'pm1': 13203, 'pm10': 13205, 'pm25': 13204}}",3.35,12.44,23.64,0.88,15.85,0.95,780080982,38.1,MOD-00614,24.7,2026-09-13T20:40:42,2026-09-13T13:40:42,https://api.quant-aq.com/v1/devices/MOD-00614/data/780080655
1185.36,913.52,"{'lat': None, 'lon': None}","{'rh': 38.1, 'temp': 24.7, 'wd': 0.0, 'ws': 0.0, 'ws_scalar': 0.0}","{'gas': {'co': 13499, 'co2': 13261, 'no': 13587, 'no2': 13766, 'o3': 13746}, 'pm': {'pm1': 13203, 'pm10': 13205, 'pm25': 13204}}",3.35,11.29,23.92,0.91,2.92,1.02,780078696,38.1,MOD-00614,24.7,2026-09-13T20:39:42,2026-09-13T13:39:42,https://api.quant-aq.com/v1/devices/MOD-00614/data/780078372
1184.06,919.54,"{'lat': None, 'lon': None}","{'rh': 38.2, 'temp': 24.7, 'wd': 0.0, 'ws': 0.0, 'ws_scalar': 0.0}","{'gas': {'co': 13499, 'co2': 13261, 'no': 13587, 'no2': 13766, 'o3': 13746}, 'pm': {'pm1': 13203, 'pm10': 13205, 'pm25': 13204}}",3.36,11.22,24.16,0.95,1.12,1.12,780078697,38.2,MOD-00614,24.7,2026-09-13T20:38:41,2026-09-13T13:38:41,https://api.quant-aq.com/v1/devices/MOD-00614/data/780078371
1184.06,921.83,"{'lat': None, 'lon': None}","{'rh': 38.2, 'temp': 24.7, 'wd': 0.0, 'ws': 0.0, 'ws_scalar': 0.0}","{'gas': {'co': 13499, 'co2': 13261, 'no': 13587, 'no2': 13766, 'o3': 13746}, 'pm': {'pm1': 13203, 'pm10': 13205, 'pm25': 13204}}",3.36,11.07,23.89,0.84,4.08,0.97,780078698,38.2,MOD-00614,24.7,2026-09-13T20:37:41,2026-09-13T13:37:41,https://api.quant-aq.com/v1/devices/MOD-00614/data/780078373
1176.26,914.97,"{'lat': None, 'lon': None}","{'rh': 38.2, 'temp': 24.7, 'wd': 0.0, 'ws': 0.0, 'ws_scalar': 0.0}","{'gas': {'co': 13499, 'co2': 13261, 'no': 13587, 'no2': 13766, 'o3': 13746}, 'pm': {'pm1': 13203, 'pm10': 13205, 'pm25': 13204}}",3.35,11.38,24.44,0.94,1.09,1.05,780078699,38.2,MOD-00614,24.7,2026-09-13T20:36:41,2026-09-13T13:36:41,https://api.quant-aq.com/v1/devices/MOD-00614/data/780078374
1182.41,907.98,"{'lat': None, 'lon': None}","{'rh': 38.2, 'temp': 24.7, 'wd': 0.0, 'ws': 0.0, 'ws_scalar': 0.0}","{'gas': {'co': 13499, 'co2': 13261, 'no': 13587, 'no2': 13766, 'o3': 13746}, 'pm': {'pm1': 13203, 'pm10': 13205, 'pm25': 13204}}",3.35,10.92,24.16,0.85,7.14,1.07,780078695,38.2,MOD-00614,24.7,2026-09-13T20:35:41,2026-09-13T13:35:41,https://api.quant-aq.com/v1/devices/MOD-00614/data/780078370
1179.95,906.78,"{'lat': None, 'lon': None}","{'rh': 38.2, 'temp': 24.7, 'wd': 0.0, 'ws': 0.0, 'ws_scalar': 0.0}","{'gas': {'co': 13499, 'co2': 13261, 'no': 13587, 'no2': 13766, 'o3': 13746}, 'pm': {'pm1': 13203, 'pm10': 13205, 'pm25': 13204}}",3.35,12.82,23.61,1.04,2.54,1.19,780075780,38.2,MOD-00614,24.7,2026-09-13T20:34:41,2026-09-13T13:34:41,https://api.quant-aq.com/v1/devices/MOD-00614/data/780075455
1176.26,901.72,"{'lat': None, 'lon': None}","{'rh': 38.2, 'temp': 24.7, 'wd': 0.0, 'ws': 0.0, 'ws_scalar': 0.0}","{'gas': {'co': 13499, 'co2': 13261, 'no': 13587, 'no2': 13766, 'o3': 13746}, 'pm': {'pm1': 13203, 'pm10': 13205, 'pm25': 13204}}",3.35,11.38,23.89,0.8,1.13,0.89,780075781,38.2,MOD-00614,24.7,2026-09-13T20:33:41,2026-09-13T13:33:41,https://api.quant-aq.com/v1/devices/MOD-00614/data/780075456
1178.38,897.74,"{'lat': None, 'lon': None}","{'rh': 38.1, 'temp': 24.7, 'wd': 0.0, 'ws': 0.0, 'ws_scalar': 0.0}","{'gas': {'co': 13499, 'co2': 13261, 'no': 13587, 'no2': 13766, 'o3': 13746}, 'pm': {'pm1': 13203, 'pm10': 13205, 'pm25': 13204}}",3.35,11.45,23.92,0.97,2.9,1.16,780075782,38.1,MOD-00614,24.7,2026-09-13T20:32:41,2026-09-13T13:32:41,https://api.quant-aq.com/v1/devices/MOD-00614/data/780075459
1180.02,898.59,"{'lat': None, 'lon': None}","{'rh': 38.1, 'temp': 24.7, 'wd': 0.0, 'ws': 0.0, 'ws_scalar': 0.0}","{'gas': {'co': 13499, 'co2': 13261, 'no': 13587, 'no2': 13766, 'o3': 13746}, 'pm': {'pm1': 13203, 'pm10': 13205, 'pm25': 13204}}",3.36,11.45,23.1,0.94,6.63,1.07,780075784,38.1,MOD-00614,24.7,2026-09-13T20:31:41,2026-09-13T13:31:41,https://api.quant-aq.com/v1/devices/MOD-00614/data/780075457
1178.61,907.86,"{'lat': None, 'lon': None}","{'rh': 38.2, 'temp': 24.6, 'wd': 0.0, 'ws': 0.0, 'ws_scalar': 0.0}","{'gas': {'co': 13499, 'co2': 13261, 'no': 13587, 'no2': 13766, 'o3': 13746}, 'pm': {'pm1': 13203, 'pm10': 13205, 'pm25': 13204}}",3.35,11.88,24.15,0.81,2.69,0.89,780075783,38.2,MOD-00614,24.6,2026-09-13T20:30:41,2026-09-13T13:30:41,https://api.quant-aq.com/v1/devices/MOD-00614/data/780075458
1174.92,902.08,"{'lat': None, 'lon': None}","{'rh': 38.2, 'temp': 24.6, 'wd': 0.0, 'ws': 0.0, 'ws_scalar': 0.0}","{'gas': {'co': 13499, 'co2': 13261, 'no': 13587, 'no2': 13766, 'o3': 13746}, 'pm': {'pm1': 13203, 'pm10': 13205, 'pm25': 13204}}",3.35,11.88,23.87,0.98,2.47,1.19,780072978,38.2,MOD-00614,24.6,2026-09-13T20:29:41,2026-09-13T13:29:41,https://api.quant-aq.com/v1/devices/MOD-00614/data/780072654
1177.86,900.51,"{'lat': None, 'lon': None}","{'rh': 38.1, 'temp': 24.6, 'wd': 0.0, 'ws': 0.0, 'ws_scalar': 0.0}","{'gas': {'co': 13499, 'co2': 13261, 'no': 13587, 'no2': 13766, 'o3': 13746}, 'pm': {'pm1': 13203, 'pm10': 13205, 'pm25': 13204}}",3.36,11.19,23.9,0.97,1.36,1.09,780072979,38.1,MOD-00614,24.6,2026-09-13T20:28:41,2026-09-13T13:28:41,https://api.quant-aq.com/v1/devices/MOD-00614/data/780072653
1181.9,912.92,"{'lat': None, 'lon': None}","{'rh': 38.2, 'temp': 24.6, 'wd': 0.0, 'ws': 0.0, 'ws_scalar': 0.0}","{'gas': {'co': 13499, 'co2': 13261, 'no': 13587, 'no2': 13766, 'o3': 13746}, 'pm': {'pm1': 13203, 'pm10': 13205, 'pm25': 13204}}",3.35,11.88,23.87,0.9,1.57,1.02,780072977,38.2,MOD-00614,24.6,2026-09-13T20:27:41,2026-09-13T13:27:41,https://api.quant-aq.com/v1/devices/MOD-00614/data/780072652
1182.16,921.71,"{'lat': None, 'lon': None}","{'rh': 38.4, 'temp': 24.6, 'wd': 0.0, 'ws': 0.0, 'ws_scalar': 0.0}","{'gas': {'co': 13499, 'co2': 13261, 'no': 13587, 'no2': 13766, 'o3': 13746}, 'pm': {'pm1': 13203, 'pm10': 13205, 'pm25': 13204}}",3.41,11.68,24.08,1.06,3.48,1.34,780072976,38.4,MOD-00614,24.6,2026-09-13T20:26:40,2026-09-13T13:26:40,https://api.quant-aq.com/v1/devices/MOD-00614/data/780072651
1178.88,914.36,"{'lat': None, 'lon': None}","{'rh': 38.4, 'temp': 24.6, 'wd': 0.0, 'ws': 0.0, 'ws_scalar': 0.0}","{'gas': {'co': 13499, 'co2': 13261, 'no': 13587, 'no2': 13766, 'o3': 13746}, 'pm': {'pm1': 13203, 'pm10': 13205, 'pm25': 13204}}",3.41,12.44,24.08,0.95,1.66,1.09,780070718,38.4,MOD-00614,24.6,2026-09-13T20:25:40,2026-09-13T13:25:40,https://api.quant-aq.com/v1/devices/MOD-00614/data/780070393
1179.7,916.29,"{'lat': None, 'lon': None}","{'rh': 38.4, 'temp': 24.6, 'wd': 0.0, 'ws': 0.0, 'ws_scalar': 0.0}","{'gas': {'co': 13499, 'co2': 13261, 'no': 13587, 'no2': 13766, 'o3': 13746}, 'pm': {'pm1': 13203, 'pm10': 13205, 'pm25': 13204}}",3.41,11.68,24.08,0.84,1.45,1.02,780070717,38.4,MOD-00614,24.6,2026-09-13T20:24:40,2026-09-13T13:24:40,https://api.quant-aq.com/v1/devices/MOD-00614/data/780070391
1180.11,917.5,"{'lat': None, 'lon': None}","{'rh': 38.4, 'temp': 24.6, 'wd': 0.0, 'ws': 0.0, 'ws_scalar': 0.0}","{'gas': {'co': 13499, 'co2': 13261, 'no': 13587, 'no2': 13766, 'o3': 13746}, 'pm': {'pm1': 13203, 'pm10': 13205, 'pm25': 13204}}",3.41,11.68,24.08,0.75,1.45,0.88,780070715,38.4,MOD-00614,24.6,2026-09-13T20:23:40,2026-09-13T13:23:40,https://api.quant-aq.com/v1/devices/MOD-00614/data/780070390
1177.24,914.0,"{'lat': None, 'lon': None}","{'rh': 38.4, 'temp': 24.6, 'wd': 0.0, 'ws': 0.0, 'ws_scalar': 0.0}","{'gas': {'co': 13499, 'co2': 13261, 'no': 13587, 'no2': 13766, 'o3': 13746}, 'pm': {'pm1': 13203, 'pm10': 13205, 'pm25': 13204}}",3.41,11.56,23.81,0.77,4.54,0.88,780070716,38.4,MOD-00614,24.6,2026-09-13T20:22:40,2026-09-13T13:22:40,https://api.quant-aq.com/v1/devices/MOD-00614/data/780070392
1182.16,915.33,"{'lat': None, 'lon': None}","{'rh': 38.4, 'temp': 24.6, 'wd': 0.0, 'ws': 0.0, 'ws_scalar': 0.0}","{'gas': {'co': 13499, 'co2': 13261, 'no': 13587, 'no2': 13766, 'o3': 13746}, 'pm': {'pm1': 13203, 'pm10': 13205, 'pm25': 13204}}",3.41,12.44,23.81,0.75,0.93,0.88,780068405,38.4,MOD-00614,24.6,2026-09-13T20:21:40,2026-09-13T13:21:40,https://api.quant-aq.com/v1/devices/MOD-00614/data/780068080
1177.17,916.29,"{'lat': None, 'lon': None}","{'rh': 38.5, 'temp': 24.6, 'wd': 0.0, 'ws': 0.0, 'ws_scalar': 0.0}","{'gas': {'co': 13499, 'co2': 13261, 'no': 13587, 'no2': 13766, 'o3': 13746}, 'pm': {'pm1': 13203, 'pm10': 13205, 'pm25': 13204}}",3.41,12.42,24.33,0.88,1.57,1.0,780068404,38.5,MOD-00614,24.6,2026-09-13T20:20:40,2026-09-13T13:20:40,https://api.quant-aq.com/v1/devices/MOD-00614/data/780068079
1175.19,912.8,"{'lat': None, 'lon': None}","{'rh': 38.4, 'temp': 24.6, 'wd': 0.0, 'ws': 0.0, 'ws_scalar': 0.0}","{'gas': {'co': 13499, 'co2': 13261, 'no': 13587, 'no2': 13766, 'o3': 13746}, 'pm': {'pm1': 13203, 'pm10': 13205, 'pm25': 13204}}",3.41,12.54,23.81,0.76,9.21,0.92,780068407,38.4,MOD-00614,24.6,2026-09-13T20:19:40,2026-09-13T13:19:40,https://api.quant-aq.com/v1/devices/MOD-00614/data/780068081
1175.19,912.92,"{'lat': None, 'lon': None}","{'rh': 38.4, 'temp': 24.6, 'wd': 0.0, 'ws': 0.0, 'ws_scalar': 0.0}","{'gas': {'co': 13499, 'co2': 13261, 'no': 13587, 'no2': 13766, 'o3': 13746}, 'pm': {'pm1': 13203, 'pm10': 13205, 'pm25': 13204}}",3.41,11.56,24.36,0.99,21.79,1.11,780068406,38.4,MOD-00614,24.6,2026-09-13T20:18:40,2026-09-13T13:18:40,https://api.quant-aq.com/v1/devices/MOD-00614/data/780068082
1171.08,906.41,"{'lat': None, 'lon': None}","{'rh': 38.4, 'temp': 24.6, 'wd': 0.0, 'ws': 0.0, 'ws_scalar': 0.0}","{'gas': {'co': 13499, 'co2': 13261, 'no': 13587, 'no2': 13766, 'o3': 13746}, 'pm': {'pm1': 13203, 'pm10': 13205, 'pm25': 13204}}",3.41,11.68,23.81,1.16,7.33,1.33,780066096,38.4,MOD-00614,24.6,2026-09-13T20:17:39,2026-09-13T13:17:39,https://api.quant-aq.com/v1/devices/MOD-00614/data/780065772
1179.29,909.91,"{'lat': None, 'lon': None}","{'rh': 38.4, 'temp': 24.6, 'wd': 0.0, 'ws': 0.0, 'ws_scalar': 0.0}","{'gas': {'co': 13499, 'co2': 13261, 'no': 13587, 'no2': 13766, 'o3': 13746}, 'pm': {'pm1': 13203, 'pm10': 13205, 'pm25': 13204}}",3.41,11.56,24.36,1.08,15.37,1.16,780066097,38.4,MOD-00614,24.6,2026-09-13T20:16:39,2026-09-13T13:16:39,https://api.quant-aq.com/v1/devices/MOD-00614/data/780065771
1171.97,902.68,"{'lat': None, 'lon': None}","{'rh': 38.3, 'temp': 24.6, 'wd': 0.0, 'ws': 0.0, 'ws_scalar': 0.0}","{'gas': {'co': 13499, 'co2': 13261, 'no': 13587, 'no2': 13766, 'o3': 13746}, 'pm': {'pm1': 13203, 'pm10': 13205, 'pm25': 13204}}",3.35,11.05,24.39,0.77,1.32,0.95,780066095,38.3,MOD-00614,24.6,2026-09-13T20:15:39,2026-09-13T13:15:39,https://api.quant-aq.com/v1/devices/MOD-00614/data/780065770
1165.74,908.22,"{'lat': None, 'lon': None}","{'rh': 38.4, 'temp': 24.6, 'wd': 0.0, 'ws': 0.0, 'ws_scalar': 0.0}","{'gas': {'co': 13499, 'co2': 13261, 'no': 13587, 'no2': 13766, 'o3': 13746}, 'pm': {'pm1': 13203, 'pm10': 13205, 'pm25': 13204}}",3.35,12.54,23.81,0.65,8.92,0.74,780066098,38.4,MOD-00614,24.6,2026-09-13T20:14:39,2026-09-13T13:14:39,https://api.quant-aq.com/v1/devices/MOD-00614/data/780065773
1168.69,896.78,"{'lat': None, 'lon': None}","{'rh': 38.3, 'temp': 24.6, 'wd': 0.0, 'ws': 0.0, 'ws_scalar': 0.0}","{'gas': {'co': 13499, 'co2': 13261, 'no': 13587, 'no2': 13766, 'o3': 13746}, 'pm': {'pm1': 13203, 'pm10': 13205, 'pm25': 13204}}",3.35,12.7,24.39,1.01,7.72,1.12,780063794,38.3,MOD-00614,24.6,2026-09-13T20:13:39,2026-09-13T13:13:39,https://api.quant-aq.com/v1/devices/MOD-00614/data/780063469
1164.99,894.13,"{'lat': None, 'lon': None}","{'rh': 38.3, 'temp': 24.6, 'wd': 0.0, 'ws': 0.0, 'ws_scalar': 0.0}","{'gas': {'co': 13499, 'co2': 13261, 'no': 13587, 'no2': 13766, 'o3': 13746}, 'pm': {'pm1': 13203, 'pm10': 13205, 'pm25': 13204}}",3.35,11.92,24.11,1.11,1.74,1.34,780063795,38.3,MOD-00614,24.6,2026-09-13T20:12:39,2026-09-13T13:12:39,https://api.quant-aq.com/v1/devices/MOD-00614/data/780063470
1160.82,897.14,"{'lat': None, 'lon': None}","{'rh': 38.4, 'temp': 24.6, 'wd': 0.0, 'ws': 0.0, 'ws_scalar': 0.0}","{'gas': {'co': 13499, 'co2': 13261, 'no': 13587, 'no2': 13766, 'o3': 13746}, 'pm': {'pm1': 13203, 'pm10': 13205, 'pm25': 13204}}",3.35,12.54,24.63,0.63,1.73,0.7,780063793,38.4,MOD-00614,24.6,2026-09-13T20:11:39,2026-09-13T13:11:39,https://api.quant-aq.com/v1/devices/MOD-00614/data/780063468
1169.1,884.01,"{'lat': None, 'lon': None}","{'rh': 38.3, 'temp': 24.6, 'wd': 0.0, 'ws': 0.0, 'ws_scalar': 0.0}","{'gas': {'co': 13499, 'co2': 13261, 'no': 13587, 'no2': 13766, 'o3': 13746}, 'pm': {'pm1': 13203, 'pm10': 13205, 'pm25': 13204}}",3.35,11.78,23.84,0.85,1.64,0.98,780063792,38.3,MOD-00614,24.6,2026-09-13T20:10:39,2026-09-13T13:10:39,https://api.quant-aq.com/v1/devices/MOD-00614/data/780063467
1161.37,887.38,"{'lat': None, 'lon': None}","{'rh': 38.2, 'temp': 24.6, 'wd': 0.0, 'ws': 0.0, 'ws_scalar': 0.0}","{'gas': {'co': 13499, 'co2': 13261, 'no': 13587, 'no2': 13766, 'o3': 13746}, 'pm': {'pm1': 13203, 'pm10': 13205, 'pm25': 13204}}",3.35,11.28,23.87,1.0,1.65,1.16,780061520,38.2,MOD-00614,24.6,2026-09-13T20:09:39,2026-09-13T13:09:39,https://api.quant-aq.com/v1/devices/MOD-00614/data/780061195
1159.25,889.91,"{'lat': None, 'lon': None}","{'rh': 38.3, 'temp': 24.6, 'wd': 0.0, 'ws': 0.0, 'ws_scalar': 0.0}","{'gas': {'co': 13499, 'co2': 13261, 'no': 13587, 'no2': 13766, 'o3': 13746}, 'pm': {'pm1': 13203, 'pm10': 13205, 'pm25': 13204}}",3.35,12.7,24.11,1.04,1.42,1.2,780061519,38.3,MOD-00614,24.6,2026-09-13T20:08:39,2026-09-13T13:08:39,https://api.quant-aq.com/v1/devices/MOD-00614/data/780061194
1163.83,881.96,"{'lat': None, 'lon': None}","{'rh': 38.2, 'temp': 24.6, 'wd': 0.0, 'ws': 0.0, 'ws_scalar': 0.0}","{'gas': {'co': 13499, 'co2': 13261, 'no': 13587, 'no2': 13766, 'o3': 13746}, 'pm': {'pm1': 13203, 'pm10': 13205, 'pm25': 13204}}",3.35,12.03,23.87,0.92,9.79,1.1,780061517,38.2,MOD-00614,24.6,2026-09-13T20:07:39,2026-09-13T13:07:39,https://api.quant-aq.com/v1/devices/MOD-00614/data/780061192
1160.62,877.15,"{'lat': None, 'lon': None}","{'rh': 38.1, 'temp': 24.6, 'wd': 0.0, 'ws': 0.0, 'ws_scalar': 0.0}","{'gas': {'co': 13499, 'co2': 13261, 'no': 13587, 'no2': 13766, 'o3': 13746}, 'pm': {'pm1': 13203, 'pm10': 13205, 'pm25': 13204}}",3.35,11.53,23.63,0.92,3.68,1.07,780061518,38.1,MOD-00614,24.6,2026-09-13T20:06:39,2026-09-13T13:06:39,https://api.quant-aq.com/v1/devices/MOD-00614/data/780061193
1155.96,883.65,"{'lat': None, 'lon': None}","{'rh': 38.3, 'temp': 24.6, 'wd': 0.0, 'ws': 0.0, 'ws_scalar': 0.0}","{'gas': {'co': 13499, 'co2': 13261, 'no': 13587, 'no2': 13766, 'o3': 13746}, 'pm': {'pm1': 13203, 'pm10': 13205, 'pm25': 13204}}",3.35,11.92,24.11,1.13,8.41,1.22,780059240,38.3,MOD-00614,24.6,2026-09-13T20:05:38,2026-09-13T13:05:38,https://api.quant-aq.com/v1/devices/MOD-00614/data/780058915
1159.62,877.63,"{'lat': None, 'lon': None}","{'rh': 38.2, 'temp': 24.5, 'wd': 0.0, 'ws': 0.0, 'ws_scalar': 0.0}","{'gas': {'co': 13499, 'co2': 13261, 'no': 13587, 'no2': 13766, 'o3': 13746}, 'pm': {'pm1': 13203, 'pm10': 13205, 'pm25': 13204}}",3.35,11.89,24.4,0.97,17.51,1.09,780059241,38.2,MOD-00614,24.5,2026-09-13T20:04:38,2026-09-13T13:04:38,https://api.quant-aq.com/v1/devices/MOD-00614/data/780058916
1153.68,856.91,"{'lat': None, 'lon': None}","{'rh': 37.9, 'temp': 24.5, 'wd': 0.0, 'ws': 0.0, 'ws_scalar': 0.0}","{'gas': {'co': 13499, 'co2': 13261, 'no': 13587, 'no2': 13766, 'o3': 13746}, 'pm': {'pm1': 13203, 'pm10': 13205, 'pm25': 13204}}",4.28,11.56,23.67,1.08,1.37,1.25,780059239,37.9,MOD-00614,24.5,2026-09-13T20:03:38,2026-09-13T13:03:38,https://api.quant-aq.com/v1/devices/MOD-00614/data/780058914
1152.71,872.57,"{'lat': None, 'lon': None}","{'rh': 38.1, 'temp': 24.5, 'wd': 0.0, 'ws': 0.0, 'ws_scalar': 0.0}","{'gas': {'co': 13499, 'co2': 13261, 'no': 13587, 'no2': 13766, 'o3': 13746}, 'pm': {'pm1': 13203, 'pm10': 13205, 'pm25': 13204}}",3.35,11.08,23.89,0.98,7.27,1.11,780059242,38.1,MOD-00614,24.5,2026-09-13T20:02:38,2026-09-13T13:02:38,https://api.quant-aq.com/v1/devices/MOD-00614/data/780058917
1150.7,882.93,"{'lat': None, 'lon': None}","{'rh': 38.2, 'temp': 24.6, 'wd': 0.0, 'ws': 0.0, 'ws_scalar': 0.0}","{'gas': {'co': 13499, 'co2': 13261, 'no': 13587, 'no2': 13766, 'o3': 13746}, 'pm': {'pm1': 13203, 'pm10': 13205, 'pm25': 13204}}",3.35,12.03,24.15,1.01,11.73,1.13,780056950,38.2,MOD-00614,24.6,2026-09-13T20:01:38,2026-09-13T13:01:38,https://api.quant-aq.com/v1/devices/MOD-00614/data/780056625
1153.94,862.09,"{'lat': None, 'lon': None}","{'rh': 38.1, 'temp': 24.5, 'wd': 0.0, 'ws': 0.0, 'ws_scalar': 0.0}","{'gas': {'co': 13499, 'co2': 13261, 'no': 13587, 'no2': 13766, 'o3': 13746}, 'pm': {'pm1': 13203, 'pm10': 13205, 'pm25': 13204}}",3.35,12.01,24.16,0.89,1.28,1.03,780056952,38.1,MOD-00614,24.5,2026-09-13T20:00:38,2026-09-13T13:00:38,https://api.quant-aq.com/v1/devices/MOD-00614/data/780056627
1148.68,865.82,"{'lat': None, 'lon': None}","{'rh': 38.0, 'temp': 24.5, 'wd': 0.0, 'ws': 0.0, 'ws_scalar': 0.0}","{'gas': {'co': 13499, 'co2': 13261, 'no': 13587, 'no2': 13766, 'o3': 13746}, 'pm': {'pm1': 13203, 'pm10': 13205, 'pm25': 13204}}",3.35,11.5,24.47,1.03,1.79,1.16,780056951,38.0,MOD-00614,24.5,2026-09-13T19:59:38,2026-09-13T12:59:38,https://api.quant-aq.com/v1/devices/MOD-00614/data/780056626
1146.15,869.32,"{'lat': None, 'lon': None}","{'rh': 38.1, 'temp': 24.5, 'wd': 0.0, 'ws': 0.0, 'ws_scalar': 0.0}","{'gas': {'co': 13499, 'co2': 13261, 'no': 13587, 'no2': 13766, 'o3': 13746}, 'pm': {'pm1': 13203, 'pm10': 13205, 'pm25': 13204}}",3.35,12.01,24.16,1.01,1.08,1.08,780056953,38.1,MOD-00614,24.5,2026-09-13T19:58:38,2026-09-13T12:58:38,https://api.quant-aq.com/v1/devices/MOD-00614/data/780056628
1153.87,874.38,"{'lat': None, 'lon': None}","{'rh': 38.2, 'temp': 24.5, 'wd': 0.0, 'ws': 0.0, 'ws_scalar': 0.0}","{'gas': {'co': 13499, 'co2': 13261, 'no': 13587, 'no2': 13766, 'o3': 13746}, 'pm': {'pm1': 13203, 'pm10': 13205, 'pm25': 13204}}",3.35,11.89,24.13,0.93,12.54,1.09,780056954,38.2,MOD-00614,24.5,2026-09-13T19:57:38,2026-09-13T12:57:38,https://api.quant-aq.com/v1/devices/MOD-00614/data/780056630
1139.17,868.23,"{'lat': None, 'lon': None}","{'rh': 38.1, 'temp': 24.5, 'wd': 0.0, 'ws': 0.0, 'ws_scalar': 0.0}","{'gas': {'co': 13499, 'co2': 13261, 'no': 13587, 'no2': 13766, 'o3': 13746}, 'pm': {'pm1': 13203, 'pm10': 13205, 'pm25': 13204}}",3.35,21.78,24.16,1.02,1.35,1.13,780054060,38.1,MOD-00614,24.5,2026-09-13T19:56:38,2026-09-13T12:56:38,https://api.quant-aq.com/v1/devices/MOD-00614/data/780053735
1143.41,848.84,"{'lat': None, 'lon': None}","{'rh': 37.9, 'temp': 24.5, 'wd': 0.0, 'ws': 0.0, 'ws_scalar': 0.0}","{'gas': {'co': 13499, 'co2': 13261, 'no': 13587, 'no2': 13766, 'o3': 13746}, 'pm': {'pm1': 13203, 'pm10': 13205, 'pm25': 13204}}",4.28,11.74,23.95,0.96,1.09,1.05,780054059,37.9,MOD-00614,24.5,2026-09-13T19:55:38,2026-09-13T12:55:38,https://api.quant-aq.com/v1/devices/MOD-00614/data/780053734
1138.9,848.12,"{'lat': None, 'lon': None}","{'rh': 37.9, 'temp': 24.5, 'wd': 0.0, 'ws': 0.0, 'ws_scalar': 0.0}","{'gas': {'co': 13499, 'co2': 13261, 'no': 13587, 'no2': 13766, 'o3': 13746}, 'pm': {'pm1': 13203, 'pm10': 13205, 'pm25': 13204}}",4.28,20.73,23.67,0.89,12.71,1.0,780054057,37.9,MOD-00614,24.5,2026-09-13T19:54:38,2026-09-13T12:54:38,https://api.quant-aq.com/v1/devices/MOD-00614/data/780053732
1136.85,852.33,"{'lat': None, 'lon': None}","{'rh': 37.9, 'temp': 24.5, 'wd': 0.0, 'ws': 0.0, 'ws_scalar': 0.0}","{'gas': {'co': 13499, 'co2': 13261, 'no': 13587, 'no2': 13766, 'o3': 13746}, 'pm': {'pm1': 13203, 'pm10': 13205, 'pm25': 13204}}",4.28,11.74,23.67,0.89,11.41,0.93,780054056,37.9,MOD-00614,24.5,2026-09-13T19:53:38,2026-09-13T12:53:38,https://api.quant-aq.com/v1/devices/MOD-00614/data/780053731
1132.33,844.87,"{'lat': None, 'lon': None}","{'rh': 37.9, 'temp': 24.5, 'wd': 0.0, 'ws': 0.0, 'ws_scalar': 0.0}","{'gas': {'co': 13499, 'co2': 13261, 'no': 13587, 'no2': 13766, 'o3': 13746}, 'pm': {'pm1': 13203, 'pm10': 13205, 'pm25': 13204}}",4.28,11.56,24.22,1.18,6.33,1.27,780054058,37.9,MOD-00614,24.5,2026-09-13T19:52:37,2026-09-13T12:52:37,https://api.quant-aq.com/v1/devices/MOD-00614/data/780053733
1125.83,836.68,"{'lat': None, 'lon': None}","{'rh': 37.8, 'temp': 24.5, 'wd': 0.0, 'ws': 0.0, 'ws_scalar': 0.0}","{'gas': {'co': 13499, 'co2': 13261, 'no': 13587, 'no2': 13766, 'o3': 13746}, 'pm': {'pm1': 13203, 'pm10': 13205, 'pm25': 13204}}",4.28,11.43,23.98,1.3,13.15,1.31,780051239,37.8,MOD-00614,24.5,2026-09-13T19:51:37,2026-09-13T12:51:37,https://api.quant-aq.com/v1/devices/MOD-00614/data/780050914
1128.3,834.15,"{'lat': None, 'lon': None}","{'rh': 37.8, 'temp': 24.5, 'wd': 0.0, 'ws': 0.0, 'ws_scalar': 0.0}","{'gas': {'co': 13499, 'co2': 13261, 'no': 13587, 'no2': 13766, 'o3': 13746}, 'pm': {'pm1': 13203, 'pm10': 13205, 'pm25': 13204}}",4.28,11.78,23.98,1.07,1.65,1.3,780051238,37.8,MOD-00614,24.5,2026-09-13T19:50:37,2026-09-13T12:50:37,https://api.quant-aq.com/v1/devices/MOD-00614/data/780050913
1126.31,830.41,"{'lat': None, 'lon': None}","{'rh': 37.7, 'temp': 24.5, 'wd': 0.0, 'ws': 0.0, 'ws_scalar': 0.0}","{'gas': {'co': 13499, 'co2': 13261, 'no': 13587, 'no2': 13766, 'o3': 13746}, 'pm': {'pm1': 13203, 'pm10': 13205, 'pm25': 13204}}",4.28,11.67,24.01,1.21,1.38,1.34,780051240,37.7,MOD-00614,24.5,2026-09-13T19:49:37,2026-09-13T12:49:37,https://api.quant-aq.com/v1/devices/MOD-00614/data/780050915
1123.44,826.2,"{'lat': None, 'lon': None}","{'rh': 37.7, 'temp': 24.5, 'wd': 0.0, 'ws': 0.0, 'ws_scalar': 0.0}","{'gas': {'co': 13499, 'co2': 13261, 'no': 13587, 'no2': 13766, 'o3': 13746}, 'pm': {'pm1': 13203, 'pm10': 13205, 'pm25': 13204}}",4.28,19.85,23.74,1.17,2.01,1.24,780051241,37.7,MOD-00614,24.5,2026-09-13T19:48:37,2026-09-13T12:48:37,https://api.quant-aq.com/v1/devices/MOD-00614/data/780050916
1125.42,828.0,"{'lat': None, 'lon': None}","{'rh': 37.8, 'temp': 24.5, 'wd': 0.0, 'ws': 0.0, 'ws_scalar': 0.0}","{'gas': {'co': 13499, 'co2': 13261, 'no': 13587, 'no2': 13766, 'o3': 13746}, 'pm': {'pm1': 13203, 'pm10': 13205, 'pm25': 13204}}",4.28,11.6,24.25,1.19,1.81,1.27,780051242,37.8,MOD-00614,24.5,2026-09-13T19:47:37,2026-09-13T12:47:37,https://api.quant-aq.com/v1/devices/MOD-00614/data/780050917
1125.49,819.21,"{'lat': None, 'lon': None}","{'rh': 37.7, 'temp': 24.5, 'wd': 0.0, 'ws': 0.0, 'ws_scalar': 0.0}","{'gas': {'co': 13499, 'co2': 13261, 'no': 13587, 'no2': 13766, 'o3': 13746}, 'pm': {'pm1': 13203, 'pm10': 13205, 'pm25': 13204}}",4.28,11.67,24.01,1.19,1.32,1.27,780048341,37.7,MOD-00614,24.5,2026-09-13T19:46:37,2026-09-13T12:46:37,https://api.quant-aq.com/v1/devices/MOD-00614/data/780048016
1123.78,823.43,"{'lat': None, 'lon': None}","{'rh': 37.8, 'temp': 24.5, 'wd': 0.0, 'ws': 0.0, 'ws_scalar': 0.0}","{'gas': {'co': 13499, 'co2': 13261, 'no': 13587, 'no2': 13766, 'o3': 13746}, 'pm': {'pm1': 13203, 'pm10': 13205, 'pm25': 13204}}",4.28,11.27,23.98,0.74,1.61,0.84,780048342,37.8,MOD-00614,24.5,2026-09-13T19:45:37,2026-09-13T12:45:37,https://api.quant-aq.com/v1/devices/MOD-00614/data/780048017
1124.6,821.5,"{'lat': None, 'lon': None}","{'rh': 37.8, 'temp': 24.5, 'wd': 0.0, 'ws': 0.0, 'ws_scalar': 0.0}","{'gas': {'co': 13499, 'co2': 13261, 'no': 13587, 'no2': 13766, 'o3': 13746}, 'pm': {'pm1': 13203, 'pm10': 13205, 'pm25': 13204}}",4.28,11.43,23.98,0.85,5.83,0.88,780048343,37.8,MOD-00614,24.5,2026-09-13T19:44:37,2026-09-13T12:44:37,https://api.quant-aq.com/v1/devices/MOD-00614/data/780048018
1121.39,821.26,"{'lat': None, 'lon': None}","{'rh': 37.7, 'temp': 24.5, 'wd': 0.0, 'ws': 0.0, 'ws_scalar': 0.0}","{'gas': {'co': 13499, 'co2': 13261, 'no': 13587, 'no2': 13766, 'o3': 13746}, 'pm': {'pm1': 13203, 'pm10': 13205, 'pm25': 13204}}",4.28,19.85,24.01,1.14,1.92,1.23,780048344,37.7,MOD-00614,24.5,2026-09-13T19:43:37,2026-09-13T12:43:37,https://api.quant-aq.com/v1/devices/MOD-00614/data/780048019
1123.78,818.37,"{'lat': None, 'lon': None}","{'rh': 37.8, 'temp': 24.5, 'wd': 0.0, 'ws': 0.0, 'ws_scalar': 0.0}","{'gas': {'co': 13499, 'co2': 13261, 'no': 13587, 'no2': 13766, 'o3': 13746}, 'pm': {'pm1': 13203, 'pm10': 13205, 'pm25': 13204}}",4.28,11.43,24.53,0.88,2.89,0.9,780048340,37.8,MOD-00614,24.5,2026-09-13T19:42:37,2026-09-13T12:42:37,https://api.quant-aq.com/v1/devices/MOD-00614/data/780048015
1121.32,821.26,"{'lat': None, 'lon': None}","{'rh': 37.8, 'temp': 24.5, 'wd': 0.0, 'ws': 0.0, 'ws_scalar': 0.0}","{'gas': {'co': 13499, 'co2': 13261, 'no': 13587, 'no2': 13766, 'o3': 13746}, 'pm': {'pm1': 13203, 'pm10': 13205, 'pm25': 13204}}",4.28,21.32,23.98,0.98,2.1,1.14,780045470,37.8,MOD-00614,24.5,2026-09-13T19:41:37,2026-09-13T12:41:37,https://api.quant-aq.com/v1/devices/MOD-00614/data/780045149
1118.44,817.65,"{'lat': None, 'lon': None}","{'rh': 37.8, 'temp': 24.5, 'wd': 0.0, 'ws': 0.0, 'ws_scalar': 0.0}","{'gas': {'co': 13499, 'co2': 13261, 'no': 13587, 'no2': 13766, 'o3': 13746}, 'pm': {'pm1': 13203, 'pm10': 13205, 'pm25': 13204}}",4.28,11.6,23.98,0.82,1.0,0.95,780045474,37.8,MOD-00614,24.5,2026-09-13T19:40:36,2026-09-13T12:40:36,https://api.quant-aq.com/v1/devices/MOD-00614/data/780045150
1116.87,815.24,"{'lat': None, 'lon': None}","{'rh': 37.7, 'temp': 24.5, 'wd': 0.0, 'ws': 0.0, 'ws_scalar': 0.0}","{'gas': {'co': 13499, 'co2': 13261, 'no': 13587, 'no2': 13766, 'o3': 13746}, 'pm': {'pm1': 13203, 'pm10': 13205, 'pm25': 13204}}",4.28,11.3,24.28,0.85,1.62,0.96,780045472,37.7,MOD-00614,24.5,2026-09-13T19:39:36,2026-09-13T12:39:36,https://api.quant-aq.com/v1/devices/MOD-00614/data/780045148
1123.37,819.21,"{'lat': None, 'lon': None}","{'rh': 37.8, 'temp': 24.5, 'wd': 0.0, 'ws': 0.0, 'ws_scalar': 0.0}","{'gas': {'co': 13499, 'co2': 13261, 'no': 13587, 'no2': 13766, 'o3': 13746}, 'pm': {'pm1': 13203, 'pm10': 13205, 'pm25': 13204}}",4.28,11.6,23.98,0.83,7.86,0.93,780045468,37.8,MOD-00614,24.5,2026-09-13T19:38:36,2026-09-13T12:38:36,https://api.quant-aq.com/v1/devices/MOD-00614/data/780045145
1122.89,823.91,"{'lat': None, 'lon': None}","{'rh': 37.9, 'temp': 24.5, 'wd': 0.0, 'ws': 0.0, 'ws_scalar': 0.0}","{'gas': {'co': 13499, 'co2': 13261, 'no': 13587, 'no2': 13766, 'o3': 13746}, 'pm': {'pm1': 13203, 'pm10': 13205, 'pm25': 13204}}",4.28,11.22,24.5,0.86,10.71,0.93,780045476,37.9,MOD-00614,24.5,2026-09-13T19:37:36,2026-09-13T12:37:36,https://api.quant-aq.com/v1/devices/MOD-00614/data/780045151
1122.14,818.85,"{'lat': None, 'lon': None}","{'rh': 37.8, 'temp': 24.5, 'wd': 0.0, 'ws': 0.0, 'ws_scalar': 0.0}","{'gas': {'co': 13499, 'co2': 13261, 'no': 13587, 'no2': 13766, 'o3': 13746}, 'pm': {'pm1': 13203, 'pm10': 13205, 'pm25': 13204}}",4.28,11.6,24.8,0.92,1.13,1.05,780042622,37.8,MOD-00614,24.5,2026-09-13T19:36:36,2026-09-13T12:36:36,https://api.quant-aq.com/v1/devices/MOD-00614/data/780042297
1118.03,817.89,"{'lat': None, 'lon': None}","{'rh': 37.8, 'temp': 24.5, 'wd': 0.0, 'ws': 0.0, 'ws_scalar': 0.0}","{'gas': {'co': 13499, 'co2': 13261, 'no': 13587, 'no2': 13766, 'o3': 13746}, 'pm': {'pm1': 13203, 'pm10': 13205, 'pm25': 13204}}",4.28,11.6,23.7,1.21,10.95,1.3,780042626,37.8,MOD-00614,24.5,2026-09-13T19:35:36,2026-09-13T12:35:36,https://api.quant-aq.com/v1/devices/MOD-00614/data/780042302
1117.8,813.79,"{'lat': None, 'lon': None}","{'rh': 37.7, 'temp': 24.6, 'wd': 0.0, 'ws': 0.0, 'ws_scalar': 0.0}","{'gas': {'co': 13499, 'co2': 13261, 'no': 13587, 'no2': 13766, 'o3': 13746}, 'pm': {'pm1': 13203, 'pm10': 13205, 'pm25': 13204}}",4.28,11.39,23.75,1.07,11.17,1.22,780042624,37.7,MOD-00614,24.6,2026-09-13T19:34:36,2026-09-13T12:34:36,https://api.quant-aq.com/v1/devices/MOD-00614/data/780042298
1116.98,812.35,"{'lat': None, 'lon': None}","{'rh': 37.7, 'temp': 24.6, 'wd': 0.0, 'ws': 0.0, 'ws_scalar': 0.0}","{'gas': {'co': 13499, 'co2': 13261, 'no': 13587, 'no2': 13766, 'o3': 13746}, 'pm': {'pm1': 13203, 'pm10': 13205, 'pm25': 13204}}",4.28,11.24,23.75,0.79,1.05,0.84,780042623,37.7,MOD-00614,24.6,2026-09-13T19:33:36,2026-09-13T12:33:36,https://api.quant-aq.com/v1/devices/MOD-00614/data/780042299
1120.26,820.06,"{'lat': None, 'lon': None}","{'rh': 37.7, 'temp': 24.6, 'wd': 0.0, 'ws': 0.0, 'ws_scalar': 0.0}","{'gas': {'co': 13499, 'co2': 13261, 'no': 13587, 'no2': 13766, 'o3': 13746}, 'pm': {'pm1': 13203, 'pm10': 13205, 'pm25': 13204}}",4.28,11.39,24.03,1.18,12.3,1.24,780042625,37.7,MOD-00614,24.6,2026-09-13T19:32:36,2026-09-13T12:32:36,https://api.quant-aq.com/v1/devices/MOD-00614/data/780042301
1121.84,818.85,"{'lat': None, 'lon': None}","{'rh': 37.8, 'temp': 24.6, 'wd': 0.0, 'ws': 0.0, 'ws_scalar': 0.0}","{'gas': {'co': 13499, 'co2': 13261, 'no': 13587, 'no2': 13766, 'o3': 13746}, 'pm': {'pm1': 13203, 'pm10': 13205, 'pm25': 13204}}",4.28,11.69,24.54,1.12,10.43,1.17,780039755,37.8,MOD-00614,24.6,2026-09-13T19:31:36,2026-09-13T12:31:36,https://api.quant-aq.com/v1/devices/MOD-00614/data/780039429
1119.85,818.01,"{'lat': None, 'lon': None}","{'rh': 37.7, 'temp': 24.6, 'wd': 0.0, 'ws': 0.0, 'ws_scalar': 0.0}","{'gas': {'co': 13499, 'co2': 13261, 'no': 13587, 'no2': 13766, 'o3': 13746}, 'pm': {'pm1': 13203, 'pm10': 13205, 'pm25': 13204}}",4.28,12.15,24.57,1.2,2.41,1.32,780039754,37.7,MOD-00614,24.6,2026-09-13T19:30:36,2026-09-13T12:30:36,https://api.quant-aq.com/v1/devices/MOD-00614/data/780039430
1119.44,812.11,"{'lat': None, 'lon': None}","{'rh': 37.7, 'temp': 24.6, 'wd': 0.0, 'ws': 0.0, 'ws_scalar': 0.0}","{'gas': {'co': 13499, 'co2': 13261, 'no': 13587, 'no2': 13766, 'o3': 13746}, 'pm': {'pm1': 13203, 'pm10': 13205, 'pm25': 13204}}",4.28,11.39,24.3,0.94,1.06,1.02,780039753,37.7,MOD-00614,24.6,2026-09-13T19:29:36,2026-09-13T12:29:36,https://api.quant-aq.com/v1/devices/MOD-00614/data/780039428
1115.75,807.53,"{'lat': None, 'lon': None}","{'rh': 37.7, 'temp': 24.6, 'wd': 0.0, 'ws': 0.0, 'ws_scalar': 0.0}","{'gas': {'co': 13499, 'co2': 13261, 'no': 13587, 'no2': 13766, 'o3': 13746}, 'pm': {'pm1': 13203, 'pm10': 13205, 'pm25': 13204}}",4.28,12.04,24.03,0.91,1.49,0.95,780039752,37.7,MOD-00614,24.6,2026-09-13T19:28:36,2026-09-13T12:28:36,https://api.quant-aq.com/v1/devices/MOD-00614/data/780039427
1115.82,807.65,"{'lat': None, 'lon': None}","{'rh': 37.6, 'temp': 24.6, 'wd': 0.0, 'ws': 0.0, 'ws_scalar': 0.0}","{'gas': {'co': 13499, 'co2': 13261, 'no': 13587, 'no2': 13766, 'o3': 13746}, 'pm': {'pm1': 13203, 'pm10': 13205, 'pm25': 13204}}",4.29,12.02,23.51,0.99,7.24,1.1,780039751,37.6,MOD-00614,24.6,2026-09-13T19:27:35,2026-09-13T12:27:35,https://api.quant-aq.com/v1/devices/MOD-00614/data/780039426
1115.48,801.63,"{'lat': None, 'lon': None}","{'rh': 37.5, 'temp': 24.6, 'wd': 0.0, 'ws': 0.0, 'ws_scalar': 0.0}","{'gas': {'co': 13499, 'co2': 13261, 'no': 13587, 'no2': 13766, 'o3': 13746}, 'pm': {'pm1': 13203, 'pm10': 13205, 'pm25': 13204}}",4.28,11.76,24.09,1.12,3.08,1.24,780036880,37.5,MOD-00614,24.6,2026-09-13T19:26:35,2026-09-13T12:26:35,https://api.quant-aq.com/v1/devices/MOD-00614/data/780036555
1116.3,800.06,"{'lat': None, 'lon': None}","{'rh': 37.5, 'temp': 24.6, 'wd': 0.0, 'ws': 0.0, 'ws_scalar': 0.0}","{'gas': {'co': 13499, 'co2': 13261, 'no': 13587, 'no2': 13766, 'o3': 13746}, 'pm': {'pm1': 13203, 'pm10': 13205, 'pm25': 13204}}",4.28,11.76,24.09,0.93,1.19,0.97,780036877,37.5,MOD-00614,24.6,2026-09-13T19:25:35,2026-09-13T12:25:35,https://api.quant-aq.com/v1/devices/MOD-00614/data/780036552
1111.79,801.51,"{'lat': None, 'lon': None}","{'rh': 37.5, 'temp': 24.6, 'wd': 0.0, 'ws': 0.0, 'ws_scalar': 0.0}","{'gas': {'co': 13499, 'co2': 13261, 'no': 13587, 'no2': 13766, 'o3': 13746}, 'pm': {'pm1': 13203, 'pm10': 13205, 'pm25': 13204}}",4.29,10.86,24.09,1.14,1.48,1.22,780036876,37.5,MOD-00614,24.6,2026-09-13T19:24:35,2026-09-13T12:24:35,https://api.quant-aq.com/v1/devices/MOD-00614/data/780036551
1115.48,804.16,"{'lat': None, 'lon': None}","{'rh': 37.5, 'temp': 24.6, 'wd': 0.0, 'ws': 0.0, 'ws_scalar': 0.0}","{'gas': {'co': 13499, 'co2': 13261, 'no': 13587, 'no2': 13766, 'o3': 13746}, 'pm': {'pm1': 13203, 'pm10': 13205, 'pm25': 13204}}",4.28,11.76,23.82,1.18,2.35,1.27,780036879,37.5,MOD-00614,24.6,2026-09-13T19:23:35,2026-09-13T12:23:35,https://api.quant-aq.com/v1/devices/MOD-00614/data/780036553
1113.02,800.06,"{'lat': None, 'lon': None}","{'rh': 37.5, 'temp': 24.6, 'wd': 0.0, 'ws': 0.0, 'ws_scalar': 0.0}","{'gas': {'co': 13499, 'co2': 13261, 'no': 13587, 'no2': 13766, 'o3': 13746}, 'pm': {'pm1': 13203, 'pm10': 13205, 'pm25': 13204}}",4.28,11.76,24.64,1.07,1.42,1.16,780036878,37.5,MOD-00614,24.6,2026-09-13T19:22:35,2026-09-13T12:22:35,https://api.quant-aq.com/v1/devices/MOD-00614/data/780036554
1114.73,792.59,"{'lat': None, 'lon': None}","{'rh': 37.4, 'temp': 24.6, 'wd': 0.0, 'ws': 0.0, 'ws_scalar': 0.0}","{'gas': {'co': 13499, 'co2': 13261, 'no': 13587, 'no2': 13766, 'o3': 13746}, 'pm': {'pm1': 13203, 'pm10': 13205, 'pm25': 13204}}",4.29,11.25,23.85,0.94,1.58,1.04,780034036,37.4,MOD-00614,24.6,2026-09-13T19:21:35,2026-09-13T12:21:35,https://api.quant-aq.com/v1/devices/MOD-00614/data/780033711
1118.43,795.85,"{'lat': None, 'lon': None}","{'rh': 37.4, 'temp': 24.6, 'wd': 0.0, 'ws': 0.0, 'ws_scalar': 0.0}","{'gas': {'co': 13499, 'co2': 13261, 'no': 13587, 'no2': 13766, 'o3': 13746}, 'pm': {'pm1': 13203, 'pm10': 13205, 'pm25': 13204}}",4.29,11.25,24.12,0.9,1.13,0.95,780034035,37.4,MOD-00614,24.6,2026-09-13T19:20:35,2026-09-13T12:20:35,https://api.quant-aq.com/v1/devices/MOD-00614/data/780033710
1112.68,792.47,"{'lat': None, 'lon': None}","{'rh': 37.4, 'temp': 24.6, 'wd': 0.0, 'ws': 0.0, 'ws_scalar': 0.0}","{'gas': {'co': 13499, 'co2': 13261, 'no': 13587, 'no2': 13766, 'o3': 13746}, 'pm': {'pm1': 13203, 'pm10': 13205, 'pm25': 13204}}",4.28,11.25,24.12,1.0,2.13,1.05,780034037,37.4,MOD-00614,24.6,2026-09-13T19:19:35,2026-09-13T12:19:35,https://api.quant-aq.com/v1/devices/MOD-00614/data/780033712
1116.78,794.28,"{'lat': None, 'lon': None}","{'rh': 37.4, 'temp': 24.6, 'wd': 0.0, 'ws': 0.0, 'ws_scalar': 0.0}","{'gas': {'co': 13499, 'co2': 13261, 'no': 13587, 'no2': 13766, 'o3': 13746}, 'pm': {'pm1': 13203, 'pm10': 13205, 'pm25': 13204}}",4.29,11.25,24.12,1.2,1.81,1.3,780034038,37.4,MOD-00614,24.6,2026-09-13T19:18:35,2026-09-13T12:18:35,https://api.quant-aq.com/v1/devices/MOD-00614/data/780033713
1122.94,786.69,"{'lat': None, 'lon': None}","{'rh': 37.4, 'temp': 24.6, 'wd': 0.0, 'ws': 0.0, 'ws_scalar': 0.0}","{'gas': {'co': 13499, 'co2': 13261, 'no': 13587, 'no2': 13766, 'o3': 13746}, 'pm': {'pm1': 13203, 'pm10': 13205, 'pm25': 13204}}",4.28,13.43,23.57,1.19,1.72,1.22,780034039,37.4,MOD-00614,24.6,2026-09-13T19:17:35,2026-09-13T12:17:35,https://api.quant-aq.com/v1/devices/MOD-00614/data/780033714
1118.91,784.28,"{'lat': None, 'lon': None}","{'rh': 37.3, 'temp': 24.6, 'wd': 0.0, 'ws': 0.0, 'ws_scalar': 0.0}","{'gas': {'co': 13499, 'co2': 13261, 'no': 13587, 'no2': 13766, 'o3': 13746}, 'pm': {'pm1': 13203, 'pm10': 13205, 'pm25': 13204}}",4.28,12.65,24.15,1.22,1.3,1.3,780030970,37.3,MOD-00614,24.6,2026-09-13T19:16:35,2026-09-13T12:16:35,https://api.quant-aq.com/v1/devices/MOD-00614/data/780030645
1123.42,781.15,"{'lat': None, 'lon': None}","{'rh': 37.3, 'temp': 24.6, 'wd': 0.0, 'ws': 0.0, 'ws_scalar': 0.0}","{'gas': {'co': 13499, 'co2': 13261, 'no': 13587, 'no2': 13766, 'o3': 13746}, 'pm': {'pm1': 13203, 'pm10': 13205, 'pm25': 13204}}",4.29,12.65,23.88,1.13,1.25,1.21,780030971,37.3,MOD-00614,24.6,2026-09-13T19:15:34,2026-09-13T12:15:34,https://api.quant-aq.com/v1/devices/MOD-00614/data/780030646
1117.68,784.28,"{'lat': None, 'lon': None}","{'rh': 37.3, 'temp': 24.6, 'wd': 0.0, 'ws': 0.0, 'ws_scalar': 0.0}","{'gas': {'co': 13499, 'co2': 13261, 'no': 13587, 'no2': 13766, 'o3': 13746}, 'pm': {'pm1': 13203, 'pm10': 13205, 'pm25': 13204}}",4.29,8.3,23.61,1.01,2.32,1.1,780030969,37.3,MOD-00614,24.6,2026-09-13T19:14:34,2026-09-13T12:14:34,https://api.quant-aq.com/v1/devices/MOD-00614/data/780030644
1121.37,779.1,"{'lat': None, 'lon': None}","{'rh': 37.3, 'temp': 24.6, 'wd': 0.0, 'ws': 0.0, 'ws_scalar': 0.0}","{'gas': {'co': 13499, 'co2': 13261, 'no': 13587, 'no2': 13766, 'o3': 13746}, 'pm': {'pm1': 13203, 'pm10': 13205, 'pm25': 13204}}",4.28,21.08,23.88,0.88,1.89,0.89,780030968,37.3,MOD-00614,24.6,2026-09-13T19:13:34,2026-09-13T12:13:34,https://api.quant-aq.com/v1/devices/MOD-00614/data/780030642
1124.72,778.98,"{'lat': None, 'lon': None}","{'rh': 37.2, 'temp': 24.6, 'wd': 0.0, 'ws': 0.0, 'ws_scalar': 0.0}","{'gas': {'co': 13499, 'co2': 13261, 'no': 13587, 'no2': 13766, 'o3': 13746}, 'pm': {'pm1': 13203, 'pm10': 13205, 'pm25': 13204}}",4.28,9.61,23.64,0.82,0.93,0.88,780030967,37.2,MOD-00614,24.6,2026-09-13T19:12:34,2026-09-13T12:12:34,https://api.quant-aq.com/v1/devices/MOD-00614/data/780030643
1123.08,779.59,"{'lat': None, 'lon': None}","{'rh': 37.2, 'temp': 24.6, 'wd': 0.0, 'ws': 0.0, 'ws_scalar': 0.0}","{'gas': {'co': 13499, 'co2': 13261, 'no': 13587, 'no2': 13766, 'o3': 13746}, 'pm': {'pm1': 13203, 'pm10': 13205, 'pm25': 13204}}",4.28,9.74,24.18,1.03,1.43,1.14,780027885,37.2,MOD-00614,24.6,2026-09-13T19:11:34,2026-09-13T12:11:34,https://api.quant-aq.com/v1/devices/MOD-00614/data/780027560
1129.65,786.09,"{'lat': None, 'lon': None}","{'rh': 37.2, 'temp': 24.6, 'wd': 0.0, 'ws': 0.0, 'ws_scalar': 0.0}","{'gas': {'co': 13499, 'co2': 13261, 'no': 13587, 'no2': 13766, 'o3': 13746}, 'pm': {'pm1': 13203, 'pm10': 13205, 'pm25': 13204}}",4.29,9.74,23.91,0.88,1.15,1.01,780027888,37.2,MOD-00614,24.6,2026-09-13T19:10:34,2026-09-13T12:10:34,https://api.quant-aq.com/v1/devices/MOD-00614/data/780027563
1130.4,788.74,"{'lat': None, 'lon': None}","{'rh': 37.3, 'temp': 24.6, 'wd': 0.0, 'ws': 0.0, 'ws_scalar': 0.0}","{'gas': {'co': 13499, 'co2': 13261, 'no': 13587, 'no2': 13766, 'o3': 13746}, 'pm': {'pm1': 13203, 'pm10': 13205, 'pm25': 13204}}",4.28,8.3,24.15,1.1,1.23,1.18,780027886,37.3,MOD-00614,24.6,2026-09-13T19:09:34,2026-09-13T12:09:34,https://api.quant-aq.com/v1/devices/MOD-00614/data/780027562
1137.31,786.69,"{'lat': None, 'lon': None}","{'rh': 37.4, 'temp': 24.6, 'wd': 0.0, 'ws': 0.0, 'ws_scalar': 0.0}","{'gas': {'co': 13499, 'co2': 13261, 'no': 13587, 'no2': 13766, 'o3': 13746}, 'pm': {'pm1': 13203, 'pm10': 13205, 'pm25': 13204}}",4.28,13.24,23.85,1.27,1.4,1.35,780027884,37.4,MOD-00614,24.6,2026-09-13T19:08:34,2026-09-13T12:08:34,https://api.quant-aq.com/v1/devices/MOD-00614/data/780027559
1137.72,783.8,"{'lat': None, 'lon': None}","{'rh': 37.4, 'temp': 24.6, 'wd': 0.0, 'ws': 0.0, 'ws_scalar': 0.0}","{'gas': {'co': 13499, 'co2': 13261, 'no': 13587, 'no2': 13766, 'o3': 13746}, 'pm': {'pm1': 13203, 'pm10': 13205, 'pm25': 13204}}",4.28,13.24,23.57,0.99,1.91,1.11,780027887,37.4,MOD-00614,24.6,2026-09-13T19:07:34,2026-09-13T12:07:34,https://api.quant-aq.com/v1/devices/MOD-00614/data/780027561
1135.26,781.63,"{'lat': None, 'lon': None}","{'rh': 37.4, 'temp': 24.6, 'wd': 0.0, 'ws': 0.0, 'ws_scalar': 0.0}","{'gas': {'co': 13499, 'co2': 13261, 'no': 13587, 'no2': 13766, 'o3': 13746}, 'pm': {'pm1': 13203, 'pm10': 13205, 'pm25': 13204}}",4.28,13.24,23.85,1.06,6.43,1.13,780025002,37.4,MOD-00614,24.6,2026-09-13T19:06:34,2026-09-13T12:06:34,https://api.quant-aq.com/v1/devices/MOD-00614/data/780024677
1140.18,780.67,"{'lat': None, 'lon': None}","{'rh': 37.4, 'temp': 24.6, 'wd': 0.0, 'ws': 0.0, 'ws_scalar': 0.0}","{'gas': {'co': 13499, 'co2': 13261, 'no': 13587, 'no2': 13766, 'o3': 13746}, 'pm': {'pm1': 13203, 'pm10': 13205, 'pm25': 13204}}",4.29,10.42,23.85,1.03,3.72,1.13,780025001,37.4,MOD-00614,24.6,2026-09-13T19:05:34,2026-09-13T12:05:34,https://api.quant-aq.com/v1/devices/MOD-00614/data/780024676
1133.61,781.15,"{'lat': None, 'lon': None}","{'rh': 37.4, 'temp': 24.6, 'wd': 0.0, 'ws': 0.0, 'ws_scalar': 0.0}","{'gas': {'co': 13499, 'co2': 13261, 'no': 13587, 'no2': 13766, 'o3': 13746}, 'pm': {'pm1': 13203, 'pm10': 13205, 'pm25': 13204}}",4.28,11.25,23.57,1.24,2.2,1.29,780025000,37.4,MOD-00614,24.6,2026-09-13T19:04:34,2026-09-13T12:04:34,https://api.quant-aq.com/v1/devices/MOD-00614/data/780024675
1133.61,774.17,"{'lat': None, 'lon': None}","{'rh': 37.4, 'temp': 24.6, 'wd': 0.0, 'ws': 0.0, 'ws_scalar': 0.0}","{'gas': {'co': 13499, 'co2': 13261, 'no': 13587, 'no2': 13766, 'o3': 13746}, 'pm': {'pm1': 13203, 'pm10': 13205, 'pm25': 13204}}",4.29,10.42,23.85,1.2,2.02,1.32,780025003,37.4,MOD-00614,24.6,2026-09-13T19:03:34,2026-09-13T12:03:34,https://api.quant-aq.com/v1/devices/MOD-00614/data/780024678
1131.97,778.62,"{'lat': None, 'lon': None}","{'rh': 37.4, 'temp': 24.6, 'wd': 0.0, 'ws': 0.0, 'ws_scalar': 0.0}","{'gas': {'co': 13499, 'co2': 13261, 'no': 13587, 'no2': 13766, 'o3': 13746}, 'pm': {'pm1': 13203, 'pm10': 13205, 'pm25': 13204}}",4.29,10.42,24.12,0.77,0.89,0.89,780024999,37.4,MOD-00614,24.6,2026-09-13T19:02:34,2026-09-13T12:02:34,https://api.quant-aq.com/v1/devices/MOD-00614/data/780024674
1141.82,778.38,"{'lat': None, 'lon': None}","{'rh': 37.4, 'temp': 24.6, 'wd': 0.0, 'ws': 0.0, 'ws_scalar': 0.0}","{'gas': {'co': 13499, 'co2': 13261, 'no': 13587, 'no2': 13766, 'o3': 13746}, 'pm': {'pm1': 13203, 'pm10': 13205, 'pm25': 13204}}",4.29,10.42,23.85,0.93,12.0,1.07,780022158,37.4,MOD-00614,24.6,2026-09-13T19:01:33,2026-09-13T12:01:33,https://api.quant-aq.com/v1/devices/MOD-00614/data/780021831
1140.59,779.71,"{'lat': None, 'lon': None}","{'rh': 37.4, 'temp': 24.6, 'wd': 0.0, 'ws': 0.0, 'ws_scalar': 0.0}","{'gas': {'co': 13499, 'co2': 13261, 'no': 13587, 'no2': 13766, 'o3': 13746}, 'pm': {'pm1': 13203, 'pm10': 13205, 'pm25': 13204}}",4.29,10.42,23.85,1.42,2.91,1.47,780022157,37.4,MOD-00614,24.6,2026-09-13T19:00:33,2026-09-13T12:00:33,https://api.quant-aq.com/v1/devices/MOD-00614/data/780021833
1136.49,775.61,"{'lat': None, 'lon': None}","{'rh': 37.4, 'temp': 24.6, 'wd': 0.0, 'ws': 0.0, 'ws_scalar': 0.0}","{'gas': {'co': 13499, 'co2': 13261, 'no': 13587, 'no2': 13766, 'o3': 13746}, 'pm': {'pm1': 13203, 'pm10': 13205, 'pm25': 13204}}",4.29,11.25,23.57,1.13,3.45,1.24,780022156,37.4,MOD-00614,24.6,2026-09-13T18:59:33,2026-09-13T11:59:33,https://api.quant-aq.com/v1/devices/MOD-00614/data/780021832
1139.36,775.13,"{'lat': None, 'lon': None}","{'rh': 37.4, 'temp': 24.6, 'wd': 0.0, 'ws': 0.0, 'ws_scalar': 0.0}","{'gas': {'co': 13499, 'co2': 13261, 'no': 13587, 'no2': 13766, 'o3': 13746}, 'pm': {'pm1': 13203, 'pm10': 13205, 'pm25': 13204}}",4.29,10.42,24.39,1.05,1.8,1.19,780022159,37.4,MOD-00614,24.6,2026-09-13T18:58:33,2026-09-13T11:58:33,https://api.quant-aq.com/v1/devices/MOD-00614/data/780021834
1140.93,773.08,"{'lat': None, 'lon': None}","{'rh': 37.5, 'temp': 24.6, 'wd': 0.0, 'ws': 0.0, 'ws_scalar': 0.0}","{'gas': {'co': 13499, 'co2': 13261, 'no': 13587, 'no2': 13766, 'o3': 13746}, 'pm': {'pm1': 13203, 'pm10': 13205, 'pm25': 13204}}",4.29,8.56,23.82,1.09,1.78,1.12,780022155,37.5,MOD-00614,24.6,2026-09-13T18:57:33,2026-09-13T11:57:33,https://api.quant-aq.com/v1/devices/MOD-00614/data/780021830
1141.82,775.49,"{'lat': None, 'lon': None}","{'rh': 37.4, 'temp': 24.6, 'wd': 0.0, 'ws': 0.0, 'ws_scalar': 0.0}","{'gas': {'co': 13499, 'co2': 13261, 'no': 13587, 'no2': 13766, 'o3': 13746}, 'pm': {'pm1': 13203, 'pm10': 13205, 'pm25': 13204}}",4.29,13.24,23.03,1.14,12.1,1.21,780019332,37.4,MOD-00614,24.6,2026-09-13T18:56:33,2026-09-13T11:56:33,https://api.quant-aq.com/v1/devices/MOD-00614/data/780019007
1140.52,778.38,"{'lat': None, 'lon': None}","{'rh': 37.5, 'temp': 24.6, 'wd': 0.0, 'ws': 0.0, 'ws_scalar': 0.0}","{'gas': {'co': 13499, 'co2': 13261, 'no': 13587, 'no2': 13766, 'o3': 13746}, 'pm': {'pm1': 13203, 'pm10': 13205, 'pm25': 13204}}",4.29,11.73,24.09,1.26,3.99,1.31,780019328,37.5,MOD-00614,24.6,2026-09-13T18:55:33,2026-09-13T11:55:33,https://api.quant-aq.com/v1/devices/MOD-00614/data/780019003
1146.27,774.53,"{'lat': None, 'lon': None}","{'rh': 37.5, 'temp': 24.6, 'wd': 0.0, 'ws': 0.0, 'ws_scalar': 0.0}","{'gas': {'co': 13499, 'co2': 13261, 'no': 13587, 'no2': 13766, 'o3': 13746}, 'pm': {'pm1': 13203, 'pm10': 13205, 'pm25': 13204}}",4.29,10.86,23.82,1.11,3.02,1.22,780019330,37.5,MOD-00614,24.6,2026-09-13T18:54:33,2026-09-13T11:54:33,https://api.quant-aq.com/v1/devices/MOD-00614/data/780019004
1140.11,775.61,"{'lat': None, 'lon': None}","{'rh': 37.5, 'temp': 24.6, 'wd': 0.0, 'ws': 0.0, 'ws_scalar': 0.0}","{'gas': {'co': 13499, 'co2': 13261, 'no': 13587, 'no2': 13766, 'o3': 13746}, 'pm': {'pm1': 13203, 'pm10': 13205, 'pm25': 13204}}",4.29,11.76,23.27,0.93,1.77,1.06,780019326,37.5,MOD-00614,24.6,2026-09-13T18:53:33,2026-09-13T11:53:33,https://api.quant-aq.com/v1/devices/MOD-00614/data/780018999
1145.86,772.6,"{'lat': None, 'lon': None}","{'rh': 37.5, 'temp': 24.6, 'wd': 0.0, 'ws': 0.0, 'ws_scalar': 0.0}","{'gas': {'co': 13499, 'co2': 13261, 'no': 13587, 'no2': 13766, 'o3': 13746}, 'pm': {'pm1': 13203, 'pm10': 13205, 'pm25': 13204}}",4.29,10.86,24.09,1.0,3.44,1.07,780019323,37.5,MOD-00614,24.6,2026-09-13T18:52:33,2026-09-13T11:52:33,https://api.quant-aq.com/v1/devices/MOD-00614/data/780018996
1148.73,778.02,"{'lat': None, 'lon': None}","{'rh': 37.5, 'temp': 24.6, 'wd': 0.0, 'ws': 0.0, 'ws_scalar': 0.0}","{'gas': {'co': 13499, 'co2': 13261, 'no': 13587, 'no2': 13766, 'o3': 13746}, 'pm': {'pm1': 13203, 'pm10': 13205, 'pm25': 13204}}",4.29,11.73,23.27,1.21,2.04,1.28,780016287,37.5,MOD-00614,24.6,2026-09-13T18:51:33,2026-09-13T11:51:33,https://api.quant-aq.com/v1/devices/MOD-00614/data/780015962
1147.5,773.92,"{'lat': None, 'lon': None}","{'rh': 37.5, 'temp': 24.6, 'wd': 0.0, 'ws': 0.0, 'ws_scalar': 0.0}","{'gas': {'co': 13499, 'co2': 13261, 'no': 13587, 'no2': 13766, 'o3': 13746}, 'pm': {'pm1': 13203, 'pm10': 13205, 'pm25': 13204}}",4.29,11.73,24.09,1.03,1.63,1.06,780016279,37.5,MOD-00614,24.6,2026-09-13T18:50:33,2026-09-13T11:50:33,https://api.quant-aq.com/v1/devices/MOD-00614/data/780015955
1149.14,774.77,"{'lat': None, 'lon': None}","{'rh': 37.5, 'temp': 24.6, 'wd': 0.0, 'ws': 0.0, 'ws_scalar': 0.0}","{'gas': {'co': 13499, 'co2': 13261, 'no': 13587, 'no2': 13766, 'o3': 13746}, 'pm': {'pm1': 13203, 'pm10': 13205, 'pm25': 13204}}",4.29,10.86,23.27,1.07,1.9,1.15,780016284,37.5,MOD-00614,24.6,2026-09-13T18:49:33,2026-09-13T11:49:33,https://api.quant-aq.com/v1/devices/MOD-00614/data/780015961
1149.14,771.15,"{'lat': None, 'lon': None}","{'rh': 37.5, 'temp': 24.6, 'wd': 0.0, 'ws': 0.0, 'ws_scalar': 0.0}","{'gas': {'co': 13499, 'co2': 13261, 'no': 13587, 'no2': 13766, 'o3': 13746}, 'pm': {'pm1': 13203, 'pm10': 13205, 'pm25': 13204}}",4.29,10.86,23.82,1.24,1.68,1.37,780016285,37.5,MOD-00614,24.6,2026-09-13T18:48:32,2026-09-13T11:48:32,https://api.quant-aq.com/v1/devices/MOD-00614/data/780015959
1149.14,768.63,"{'lat': None, 'lon': None}","{'rh': 37.5, 'temp': 24.6, 'wd': 0.0, 'ws': 0.0, 'ws_scalar': 0.0}","{'gas': {'co': 13499, 'co2': 13261, 'no': 13587, 'no2': 13766, 'o3': 13746}, 'pm': {'pm1': 13203, 'pm10': 13205, 'pm25': 13204}}",4.28,10.86,23.27,0.87,0.94,0.9,780016282,37.5,MOD-00614,24.6,2026-09-13T18:47:32,2026-09-13T11:47:32,https://api.quant-aq.com/v1/devices/MOD-00614/data/780015957
1146.68,768.63,"{'lat': None, 'lon': None}","{'rh': 37.5, 'temp': 24.6, 'wd': 0.0, 'ws': 0.0, 'ws_scalar': 0.0}","{'gas': {'co': 13499, 'co2': 13261, 'no': 13587, 'no2': 13766, 'o3': 13746}, 'pm': {'pm1': 13203, 'pm10': 13205, 'pm25': 13204}}",4.29,11.76,23.0,1.11,3.35,1.18,780013406,37.5,MOD-00614,24.6,2026-09-13T18:46:32,2026-09-13T11:46:32,https://api.quant-aq.com/v1/devices/MOD-00614/data/780013082
1151.61,763.81,"{'lat': None, 'lon': None}","{'rh': 37.5, 'temp': 24.6, 'wd': 0.0, 'ws': 0.0, 'ws_scalar': 0.0}","{'gas': {'co': 13499, 'co2': 13261, 'no': 13587, 'no2': 13766, 'o3': 13746}, 'pm': {'pm1': 13203, 'pm10': 13205, 'pm25': 13204}}",4.28,11.73,23.54,1.19,1.51,1.28,780013407,37.5,MOD-00614,24.6,2026-09-13T18:45:32,2026-09-13T11:45:32,https://api.quant-aq.com/v1/devices/MOD-00614/data/780013080
1150.78,765.13,"{'lat': None, 'lon': None}","{'rh': 37.5, 'temp': 24.6, 'wd': 0.0, 'ws': 0.0, 'ws_scalar': 0.0}","{'gas': {'co': 13499, 'co2': 13261, 'no': 13587, 'no2': 13766, 'o3': 13746}, 'pm': {'pm1': 13203, 'pm10': 13205, 'pm25': 13204}}",4.28,11.73,23.54,0.81,1.84,0.92,780013405,37.5,MOD-00614,24.6,2026-09-13T18:44:32,2026-09-13T11:44:32,https://api.quant-aq.com/v1/devices/MOD-00614/data/780013081
1150.37,763.08,"{'lat': None, 'lon': None}","{'rh': 37.5, 'temp': 24.6, 'wd': 0.0, 'ws': 0.0, 'ws_scalar': 0.0}","{'gas': {'co': 13499, 'co2': 13261, 'no': 13587, 'no2': 13766, 'o3': 13746}, 'pm': {'pm1': 13203, 'pm10': 13205, 'pm25': 13204}}",4.29,11.73,23.54,1.33,1.8,1.41,780013408,37.5,MOD-00614,24.6,2026-09-13T18:43:32,2026-09-13T11:43:32,https://api.quant-aq.com/v1/devices/MOD-00614/data/780013083
1151.19,759.11,"{'lat': None, 'lon': None}","{'rh': 37.5, 'temp': 24.6, 'wd': 0.0, 'ws': 0.0, 'ws_scalar': 0.0}","{'gas': {'co': 13499, 'co2': 13261, 'no': 13587, 'no2': 13766, 'o3': 13746}, 'pm': {'pm1': 13203, 'pm10': 13205, 'pm25': 13204}}",4.28,8.56,23.54,0.94,1.48,0.99,780013404,37.5,MOD-00614,24.6,2026-09-13T18:42:32,2026-09-13T11:42:32,https://api.quant-aq.com/v1/devices/MOD-00614/data/780013079
1151.19,763.81,"{'lat': None, 'lon': None}","{'rh': 37.5, 'temp': 24.6, 'wd': 0.0, 'ws': 0.0, 'ws_scalar': 0.0}","{'gas': {'co': 13499, 'co2': 13261, 'no': 13587, 'no2': 13766, 'o3': 13746}, 'pm': {'pm1': 13203, 'pm10': 13205, 'pm25': 13204}}",4.29,11.73,23.54,0.96,6.83,1.03,780010533,37.5,MOD-00614,24.6,2026-09-13T18:41:32,2026-09-13T11:41:32,https://api.quant-aq.com/v1/devices/MOD-00614/data/780010207
1151.19,764.77,"{'lat': None, 'lon': None}","{'rh': 37.5, 'temp': 24.6, 'wd': 0.0, 'ws': 0.0, 'ws_scalar': 0.0}","{'gas': {'co': 13499, 'co2': 13261, 'no': 13587, 'no2': 13766, 'o3': 13746}, 'pm': {'pm1': 13203, 'pm10': 13205, 'pm25': 13204}}",4.28,10.86,23.82,1.12,1.29,1.21,780010531,37.5,MOD-00614,24.6,2026-09-13T18:40:32,2026-09-13T11:40:32,https://api.quant-aq.com/v1/devices/MOD-00614/data/780010206
1151.12,766.1,"{'lat': None, 'lon': None}","{'rh': 37.6, 'temp': 24.6, 'wd': 0.0, 'ws': 0.0, 'ws_scalar': 0.0}","{'gas': {'co': 13499, 'co2': 13261, 'no': 13587, 'no2': 13766, 'o3': 13746}, 'pm': {'pm1': 13203, 'pm10': 13205, 'pm25': 13204}}",4.29,11.39,23.51,1.08,12.52,1.16,780010534,37.6,MOD-00614,24.6,2026-09-13T18:39:32,2026-09-13T11:39:32,https://api.quant-aq.com/v1/devices/MOD-00614/data/780010209
1157.69,764.89,"{'lat': None, 'lon': None}","{'rh': 37.6, 'temp': 24.6, 'wd': 0.0, 'ws': 0.0, 'ws_scalar': 0.0}","{'gas': {'co': 13499, 'co2': 13261, 'no': 13587, 'no2': 13766, 'o3': 13746}, 'pm': {'pm1': 13203, 'pm10': 13205, 'pm25': 13204}}",4.28,9.06,23.51,1.19,10.67,1.29,780010532,37.6,MOD-00614,24.6,2026-09-13T18:38:32,2026-09-13T11:38:32,https://api.quant-aq.com/v1/devices/MOD-00614/data/780010208
1160.15,765.25,"{'lat': None, 'lon': None}","{'rh': 37.6, 'temp': 24.6, 'wd': 0.0, 'ws': 0.0, 'ws_scalar': 0.0}","{'gas': {'co': 13499, 'co2': 13261, 'no': 13587, 'no2': 13766, 'o3': 13746}, 'pm': {'pm1': 13203, 'pm10': 13205, 'pm25': 13204}}",4.29,11.11,23.78,1.16,1.64,1.25,780010530,37.6,MOD-00614,24.6,2026-09-13T18:37:32,2026-09-13T11:37:32,https://api.quant-aq.com/v1/devices/MOD-00614/data/780010205
1159.33,768.75,"{'lat': None, 'lon': None}","{'rh': 37.6, 'temp': 24.6, 'wd': 0.0, 'ws': 0.0, 'ws_scalar': 0.0}","{'gas': {'co': 13499, 'co2': 13261, 'no': 13587, 'no2': 13766, 'o3': 13746}, 'pm': {'pm1': 13203, 'pm10': 13205, 'pm25': 13204}}",4.28,11.11,23.24,1.24,2.08,1.35,780007715,37.6,MOD-00614,24.6,2026-09-13T18:36:32,2026-09-13T11:36:32,https://api.quant-aq.com/v1/devices/MOD-00614/data/780007390
1157.69,766.7,"{'lat': None, 'lon': None}","{'rh': 37.6, 'temp': 24.6, 'wd': 0.0, 'ws': 0.0, 'ws_scalar': 0.0}","{'gas': {'co': 13499, 'co2': 13261, 'no': 13587, 'no2': 13766, 'o3': 13746}, 'pm': {'pm1': 13203, 'pm10': 13205, 'pm25': 13204}}",4.28,11.24,23.24,0.8,1.33,0.82,780007711,37.6,MOD-00614,24.6,2026-09-13T18:35:32,2026-09-13T11:35:32,https://api.quant-aq.com/v1/devices/MOD-00614/data/780007387
1162.14,771.15,"{'lat': None, 'lon': None}","{'rh': 37.7, 'temp': 24.6, 'wd': 0.0, 'ws': 0.0, 'ws_scalar': 0.0}","{'gas': {'co': 13499, 'co2': 13261, 'no': 13587, 'no2': 13766, 'o3': 13746}, 'pm': {'pm1': 13203, 'pm10': 13205, 'pm25': 13204}}",4.28,11.09,23.21,1.04,1.22,1.17,780007714,37.7,MOD-00614,24.6,2026-09-13T18:34:31,2026-09-13T11:34:31,https://api.quant-aq.com/v1/devices/MOD-00614/data/780007389
1164.19,772.48,"{'lat': None, 'lon': None}","{'rh': 37.7, 'temp': 24.6, 'wd': 0.0, 'ws': 0.0, 'ws_scalar': 0.0}","{'gas': {'co': 13499, 'co2': 13261, 'no': 13587, 'no2': 13766, 'o3': 13746}, 'pm': {'pm1': 13203, 'pm10': 13205, 'pm25': 13204}}",4.28,11.09,23.48,0.93,1.32,1.06,780007713,37.7,MOD-00614,24.6,2026-09-13T18:33:31,2026-09-13T11:33:31,https://api.quant-aq.com/v1/devices/MOD-00614/data/780007388
1166.65,771.64,"{'lat': None, 'lon': None}","{'rh': 37.7, 'temp': 24.6, 'wd': 0.0, 'ws': 0.0, 'ws_scalar': 0.0}","{'gas': {'co': 13499, 'co2': 13261, 'no': 13587, 'no2': 13766, 'o3': 13746}, 'pm': {'pm1': 13203, 'pm10': 13205, 'pm25': 13204}}",4.28,11.24,23.21,1.31,2.34,1.44,780007712,37.7,MOD-00614,24.6,2026-09-13T18:32:31,2026-09-13T11:32:31,https://api.quant-aq.com/v1/devices/MOD-00614/data/780007386
1168.22,771.52,"{'lat': None, 'lon': None}","{'rh': 37.8, 'temp': 24.6, 'wd': 0.0, 'ws': 0.0, 'ws_scalar': 0.0}","{'gas': {'co': 13499, 'co2': 13261, 'no': 13587, 'no2': 13766, 'o3': 13746}, 'pm': {'pm1': 13203, 'pm10': 13205, 'pm25': 13204}}",4.29,11.36,23.45,1.31,11.57,1.39,780004820,37.8,MOD-00614,24.6,2026-09-13T18:31:31,2026-09-13T11:31:31,https://api.quant-aq.com/v1/devices/MOD-00614/data/780004495
1165.83,770.91,"{'lat': None, 'lon': None}","{'rh': 37.7, 'temp': 24.6, 'wd': 0.0, 'ws': 0.0, 'ws_scalar': 0.0}","{'gas': {'co': 13499, 'co2': 13261, 'no': 13587, 'no2': 13766, 'o3': 13746}, 'pm': {'pm1': 13203, 'pm10': 13205, 'pm25': 13204}}",4.28,10.78,23.21,0.96,1.79,1.11,780004818,37.7,MOD-00614,24.6,2026-09-13T18:30:31,2026-09-13T11:30:31,https://api.quant-aq.com/v1/devices/MOD-00614/data/780004492
1166.58,775.85,"{'lat': None, 'lon': None}","{'rh': 37.8, 'temp': 24.6, 'wd': 0.0, 'ws': 0.0, 'ws_scalar': 0.0}","{'gas': {'co': 13499, 'co2': 13261, 'no': 13587, 'no2': 13766, 'o3': 13746}, 'pm': {'pm1': 13203, 'pm10': 13205, 'pm25': 13204}}",4.28,11.36,23.17,1.24,1.36,1.32,780004819,37.8,MOD-00614,24.6,2026-09-13T18:29:31,2026-09-13T11:29:31,https://api.quant-aq.com/v1/devices/MOD-00614/data/780004494
1166.58,771.76,"{'lat': None, 'lon': None}","{'rh': 37.8, 'temp': 24.6, 'wd': 0.0, 'ws': 0.0, 'ws_scalar': 0.0}","{'gas': {'co': 13499, 'co2': 13261, 'no': 13587, 'no2': 13766, 'o3': 13746}, 'pm': {'pm1': 13203, 'pm10': 13205, 'pm25': 13204}}",4.28,10.7,23.45,1.13,1.47,1.23,780004816,37.8,MOD-00614,24.6,2026-09-13T18:28:31,2026-09-13T11:28:31,https://api.quant-aq.com/v1/devices/MOD-00614/data/780004491
1170.69,770.07,"{'lat': None, 'lon': None}","{'rh': 37.8, 'temp': 24.6, 'wd': 0.0, 'ws': 0.0, 'ws_scalar': 0.0}","{'gas': {'co': 13499, 'co2': 13261, 'no': 13587, 'no2': 13766, 'o3': 13746}, 'pm': {'pm1': 13203, 'pm10': 13205, 'pm25': 13204}}",4.29,11.21,23.72,0.96,1.25,1.01,780004817,37.8,MOD-00614,24.6,2026-09-13T18:27:31,2026-09-13T11:27:31,https://api.quant-aq.com/v1/devices/MOD-00614/data/780004493
1172.74,773.56,"{'lat': None, 'lon': None}","{'rh': 37.8, 'temp': 24.6, 'wd': 0.0, 'ws': 0.0, 'ws_scalar': 0.0}","{'gas': {'co': 13499, 'co2': 13261, 'no': 13587, 'no2': 13766, 'o3': 13746}, 'pm': {'pm1': 13203, 'pm10': 13205, 'pm25': 13204}}",4.28,11.36,22.9,0.92,1.27,1.13,780001966,37.8,MOD-00614,24.6,2026-09-13T18:26:31,2026-09-13T11:26:31,https://api.quant-aq.com/v1/devices/MOD-00614/data/780001641
1166.17,774.05,"{'lat': None, 'lon': None}","{'rh': 37.8, 'temp': 24.6, 'wd': 0.0, 'ws': 0.0, 'ws_scalar': 0.0}","{'gas': {'co': 13499, 'co2': 13261, 'no': 13587, 'no2': 13766, 'o3': 13746}, 'pm': {'pm1': 13203, 'pm10': 13205, 'pm25': 13204}}",4.28,11.36,23.45,0.86,1.53,0.99,780001964,37.8,MOD-00614,24.6,2026-09-13T18:25:31,2026-09-13T11:25:31,https://api.quant-aq.com/v1/devices/MOD-00614/data/780001639
1177.25,773.32,"{'lat': None, 'lon': None}","{'rh': 37.8, 'temp': 24.6, 'wd': 0.0, 'ws': 0.0, 'ws_scalar': 0.0}","{'gas': {'co': 13499, 'co2': 13261, 'no': 13587, 'no2': 13766, 'o3': 13746}, 'pm': {'pm1': 13203, 'pm10': 13205, 'pm25': 13204}}",4.29,11.36,23.17,1.22,2.24,1.3,780001965,37.8,MOD-00614,24.6,2026-09-13T18:24:31,2026-09-13T11:24:31,https://api.quant-aq.com/v1/devices/MOD-00614/data/780001640
1167.33,772.0,"{'lat': None, 'lon': None}","{'rh': 37.9, 'temp': 24.6, 'wd': 0.0, 'ws': 0.0, 'ws_scalar': 0.0}","{'gas': {'co': 13499, 'co2': 13261, 'no': 13587, 'no2': 13766, 'o3': 13746}, 'pm': {'pm1': 13203, 'pm10': 13205, 'pm25': 13204}}",4.28,11.31,23.69,0.98,1.21,1.03,780001963,37.9,MOD-00614,24.6,2026-09-13T18:23:31,2026-09-13T11:23:31,https://api.quant-aq.com/v1/devices/MOD-00614/data/780001638
1172.74,769.95,"{'lat': None, 'lon': None}","{'rh': 37.8, 'temp': 24.6, 'wd': 0.0, 'ws': 0.0, 'ws_scalar': 0.0}","{'gas': {'co': 13499, 'co2': 13261, 'no': 13587, 'no2': 13766, 'o3': 13746}, 'pm': {'pm1': 13203, 'pm10': 13205, 'pm25': 13204}}",4.29,10.7,23.72,0.99,1.76,1.05,780001962,37.8,MOD-00614,24.6,2026-09-13T18:22:30,2026-09-13T11:22:30,https://api.quant-aq.com/v1/devices/MOD-00614/data/780001637
1167.74,770.43,"{'lat': None, 'lon': None}","{'rh': 37.9, 'temp': 24.6, 'wd': 0.0, 'ws': 0.0, 'ws_scalar': 0.0}","{'gas': {'co': 13499, 'co2': 13261, 'no': 13587, 'no2': 13766, 'o3': 13746}, 'pm': {'pm1': 13203, 'pm10': 13205, 'pm25': 13204}}",4.28,10.65,23.42,0.98,1.92,1.06,779999111,37.9,MOD-00614,24.6,2026-09-13T18:21:30,2026-09-13T11:21:30,https://api.quant-aq.com/v1/devices/MOD-00614/data/779998786
1175.13,771.76,"{'lat': None, 'lon': None}","{'rh': 37.9, 'temp': 24.6, 'wd': 0.0, 'ws': 0.0, 'ws_scalar': 0.0}","{'gas': {'co': 13499, 'co2': 13261, 'no': 13587, 'no2': 13766, 'o3': 13746}, 'pm': {'pm1': 13203, 'pm10': 13205, 'pm25': 13204}}",4.28,10.65,23.69,1.12,1.16,1.16,779999107,37.9,MOD-00614,24.6,2026-09-13T18:20:30,2026-09-13T11:20:30,https://api.quant-aq.com/v1/devices/MOD-00614/data/779998782
1174.72,769.59,"{'lat': None, 'lon': None}","{'rh': 37.9, 'temp': 24.6, 'wd': 0.0, 'ws': 0.0, 'ws_scalar': 0.0}","{'gas': {'co': 13499, 'co2': 13261, 'no': 13587, 'no2': 13766, 'o3': 13746}, 'pm': {'pm1': 13203, 'pm10': 13205, 'pm25': 13204}}",4.28,11.31,23.69,1.3,14.4,1.38,779999108,37.9,MOD-00614,24.6,2026-09-13T18:19:30,2026-09-13T11:19:30,https://api.quant-aq.com/v1/devices/MOD-00614/data/779998783
1171.03,769.71,"{'lat': None, 'lon': None}","{'rh': 37.9, 'temp': 24.6, 'wd': 0.0, 'ws': 0.0, 'ws_scalar': 0.0}","{'gas': {'co': 13499, 'co2': 13261, 'no': 13587, 'no2': 13766, 'o3': 13746}, 'pm': {'pm1': 13203, 'pm10': 13205, 'pm25': 13204}}",4.28,10.65,23.69,1.44,5.72,1.51,779999110,37.9,MOD-00614,24.6,2026-09-13T18:18:30,2026-09-13T11:18:30,https://api.quant-aq.com/v1/devices/MOD-00614/data/779998785
1168.15,766.34,"{'lat': None, 'lon': None}","{'rh': 37.9, 'temp': 24.6, 'wd': 0.0, 'ws': 0.0, 'ws_scalar': 0.0}","{'gas': {'co': 13499, 'co2': 13261, 'no': 13587, 'no2': 13766, 'o3': 13746}, 'pm': {'pm1': 13203, 'pm10': 13205, 'pm25': 13204}}",4.28,9.99,23.14,1.02,1.41,1.14,779999109,37.9,MOD-00614,24.6,2026-09-13T18:17:30,2026-09-13T11:17:30,https://api.quant-aq.com/v1/devices/MOD-00614/data/779998784
1174.72,764.65,"{'lat': None, 'lon': None}","{'rh': 37.9, 'temp': 24.6, 'wd': 0.0, 'ws': 0.0, 'ws_scalar': 0.0}","{'gas': {'co': 13499, 'co2': 13261, 'no': 13587, 'no2': 13766, 'o3': 13746}, 'pm': {'pm1': 13203, 'pm10': 13205, 'pm25': 13204}}",4.28,11.16,22.87,0.94,3.18,1.01,779996293,37.9,MOD-00614,24.6,2026-09-13T18:16:30,2026-09-13T11:16:30,https://api.quant-aq.com/v1/devices/MOD-00614/data/779995968
1172.26,765.37,"{'lat': None, 'lon': None}","{'rh': 37.9, 'temp': 24.6, 'wd': 0.0, 'ws': 0.0, 'ws_scalar': 0.0}","{'gas': {'co': 13499, 'co2': 13261, 'no': 13587, 'no2': 13766, 'o3': 13746}, 'pm': {'pm1': 13203, 'pm10': 13205, 'pm25': 13204}}",4.28,11.48,23.69,0.94,1.7,0.99,779996292,37.9,MOD-00614,24.6,2026-09-13T18:15:30,2026-09-13T11:15:30,https://api.quant-aq.com/v1/devices/MOD-00614/data/779995969
1168.56,765.61,"{'lat': None, 'lon': None}","{'rh': 37.9, 'temp': 24.6, 'wd': 0.0, 'ws': 0.0, 'ws_scalar': 0.0}","{'gas': {'co': 13499, 'co2': 13261, 'no': 13587, 'no2': 13766, 'o3': 13746}, 'pm': {'pm1': 13203, 'pm10': 13205, 'pm25': 13204}}",4.28,11.16,23.42,0.94,1.61,1.08,779996291,37.9,MOD-00614,24.6,2026-09-13T18:14:30,2026-09-13T11:14:30,https://api.quant-aq.com/v1/devices/MOD-00614/data/779995966
1173.08,764.17,"{'lat': None, 'lon': None}","{'rh': 37.9, 'temp': 24.6, 'wd': 0.0, 'ws': 0.0, 'ws_scalar': 0.0}","{'gas': {'co': 13499, 'co2': 13261, 'no': 13587, 'no2': 13766, 'o3': 13746}, 'pm': {'pm1': 13203, 'pm10': 13205, 'pm25': 13204}}",4.29,11.31,23.42,0.96,1.19,1.11,779996290,37.9,MOD-00614,24.6,2026-09-13T18:13:30,2026-09-13T11:13:30,https://api.quant-aq.com/v1/devices/MOD-00614/data/779995965
1175.77,763.81,"{'lat': None, 'lon': None}","{'rh': 38.0, 'temp': 24.5, 'wd': 0.0, 'ws': 0.0, 'ws_scalar': 0.0}","{'gas': {'co': 13499, 'co2': 13261, 'no': 13587, 'no2': 13766, 'o3': 13746}, 'pm': {'pm1': 13203, 'pm10': 13205, 'pm25': 13204}}",3.35,11.15,23.64,1.2,1.27,1.27,779996289,38.0,MOD-00614,24.5,2026-09-13T18:12:30,2026-09-13T11:12:30,https://api.quant-aq.com/v1/devices/MOD-00614/data/779995964
1174.2,761.4,"{'lat': None, 'lon': None}","{'rh': 37.9, 'temp': 24.5, 'wd': 0.0, 'ws': 0.0, 'ws_scalar': 0.0}","{'gas': {'co': 13499, 'co2': 13261, 'no': 13587, 'no2': 13766, 'o3': 13746}, 'pm': {'pm1': 13203, 'pm10': 13205, 'pm25': 13204}}",4.28,11.22,23.12,1.03,1.3,1.1,779993422,37.9,MOD-00614,24.5,2026-09-13T18:11:30,2026-09-13T11:11:30,https://api.quant-aq.com/v1/devices/MOD-00614/data/779993099
1170.51,760.92,"{'lat': None, 'lon': None}","{'rh': 37.9, 'temp': 24.5, 'wd': 0.0, 'ws': 0.0, 'ws_scalar': 0.0}","{'gas': {'co': 13499, 'co2': 13261, 'no': 13587, 'no2': 13766, 'o3': 13746}, 'pm': {'pm1': 13203, 'pm10': 13205, 'pm25': 13204}}",4.28,11.38,23.12,0.8,1.07,0.89,779993420,37.9,MOD-00614,24.5,2026-09-13T18:10:30,2026-09-13T11:10:30,https://api.quant-aq.com/v1/devices/MOD-00614/data/779993095
1176.59,762.0,"{'lat': None, 'lon': None}","{'rh': 38.0, 'temp': 24.5, 'wd': 0.0, 'ws': 0.0, 'ws_scalar': 0.0}","{'gas': {'co': 13499, 'co2': 13261, 'no': 13587, 'no2': 13766, 'o3': 13746}, 'pm': {'pm1': 13203, 'pm10': 13205, 'pm25': 13204}}",3.35,11.32,23.09,1.02,1.18,1.09,779993426,38.0,MOD-00614,24.5,2026-09-13T18:09:29,2026-09-13T11:09:29,https://api.quant-aq.com/v1/devices/MOD-00614/data/779993101
1170.44,760.07,"{'lat': None, 'lon': None}","{'rh': 38.0, 'temp': 24.5, 'wd': 0.0, 'ws': 0.0, 'ws_scalar': 0.0}","{'gas': {'co': 13499, 'co2': 13261, 'no': 13587, 'no2': 13766, 'o3': 13746}, 'pm': {'pm1': 13203, 'pm10': 13205, 'pm25': 13204}}",3.35,10.61,23.64,0.78,6.88,0.85,779993421,38.0,MOD-00614,24.5,2026-09-13T18:08:29,2026-09-13T11:08:29,https://api.quant-aq.com/v1/devices/MOD-00614/data/779993096
1172.08,759.11,"{'lat': None, 'lon': None}","{'rh': 38.0, 'temp': 24.5, 'wd': 0.0, 'ws': 0.0, 'ws_scalar': 0.0}","{'gas': {'co': 13499, 'co2': 13261, 'no': 13587, 'no2': 13766, 'o3': 13746}, 'pm': {'pm1': 13203, 'pm10': 13205, 'pm25': 13204}}",3.35,11.15,23.09,0.87,3.0,1.06,779993424,38.0,MOD-00614,24.5,2026-09-13T18:07:29,2026-09-13T11:07:29,https://api.quant-aq.com/v1/devices/MOD-00614/data/779993100
1174.54,758.03,"{'lat': None, 'lon': None}","{'rh': 38.0, 'temp': 24.5, 'wd': 0.0, 'ws': 0.0, 'ws_scalar': 0.0}","{'gas': {'co': 13499, 'co2': 13261, 'no': 13587, 'no2': 13766, 'o3': 13746}, 'pm': {'pm1': 13203, 'pm10': 13205, 'pm25': 13204}}",3.35,11.15,23.64,0.99,1.44,1.07,779990509,38.0,MOD-00614,24.5,2026-09-13T18:06:29,2026-09-13T11:06:29,https://api.quant-aq.com/v1/devices/MOD-00614/data/779990183
1175.77,755.74,"{'lat': None, 'lon': None}","{'rh': 38.0, 'temp': 24.5, 'wd': 0.0, 'ws': 0.0, 'ws_scalar': 0.0}","{'gas': {'co': 13499, 'co2': 13261, 'no': 13587, 'no2': 13766, 'o3': 13746}, 'pm': {'pm1': 13203, 'pm10': 13205, 'pm25': 13204}}",3.35,10.63,23.37,1.4,2.22,1.47,779990507,38.0,MOD-00614,24.5,2026-09-13T18:05:29,2026-09-13T11:05:29,https://api.quant-aq.com/v1/devices/MOD-00614/data/779990185
1175.77,757.42,"{'lat': None, 'lon': None}","{'rh': 38.0, 'temp': 24.5, 'wd': 0.0, 'ws': 0.0, 'ws_scalar': 0.0}","{'gas': {'co': 13499, 'co2': 13261, 'no': 13587, 'no2': 13766, 'o3': 13746}, 'pm': {'pm1': 13203, 'pm10': 13205, 'pm25': 13204}}",3.35,11.15,23.37,1.36,1.45,1.41,779990505,38.0,MOD-00614,24.5,2026-09-13T18:04:29,2026-09-13T11:04:29,https://api.quant-aq.com/v1/devices/MOD-00614/data/779990180
1179.06,754.65,"{'lat': None, 'lon': None}","{'rh': 38.0, 'temp': 24.5, 'wd': 0.0, 'ws': 0.0, 'ws_scalar': 0.0}","{'gas': {'co': 13499, 'co2': 13261, 'no': 13587, 'no2': 13766, 'o3': 13746}, 'pm': {'pm1': 13203, 'pm10': 13205, 'pm25': 13204}}",3.35,11.32,23.09,1.04,1.07,1.07,779990504,38.0,MOD-00614,24.5,2026-09-13T18:03:29,2026-09-13T11:03:29,https://api.quant-aq.com/v1/devices/MOD-00614/data/779990179
1173.72,755.5,"{'lat': None, 'lon': None}","{'rh': 38.0, 'temp': 24.5, 'wd': 0.0, 'ws': 0.0, 'ws_scalar': 0.0}","{'gas': {'co': 13499, 'co2': 13261, 'no': 13587, 'no2': 13766, 'o3': 13746}, 'pm': {'pm1': 13203, 'pm10': 13205, 'pm25': 13204}}",3.36,10.63,23.64,1.2,2.11,1.32,779990502,38.0,MOD-00614,24.5,2026-09-13T18:02:29,2026-09-13T11:02:29,https://api.quant-aq.com/v1/devices/MOD-00614/data/779990178
1178.24,752.97,"{'lat': None, 'lon': None}","{'rh': 38.0, 'temp': 24.5, 'wd': 0.0, 'ws': 0.0, 'ws_scalar': 0.0}","{'gas': {'co': 13499, 'co2': 13261, 'no': 13587, 'no2': 13766, 'o3': 13746}, 'pm': {'pm1': 13203, 'pm10': 13205, 'pm25': 13204}}",3.35,10.61,23.64,0.81,0.89,0.89,779987639,38.0,MOD-00614,24.5,2026-09-13T18:01:29,2026-09-13T11:01:29,https://api.quant-aq.com/v1/devices/MOD-00614/data/779987313
1174.95,748.39,"{'lat': None, 'lon': None}","{'rh': 38.0, 'temp': 24.5, 'wd': 0.0, 'ws': 0.0, 'ws_scalar': 0.0}","{'gas': {'co': 13499, 'co2': 13261, 'no': 13587, 'no2': 13766, 'o3': 13746}, 'pm': {'pm1': 13203, 'pm10': 13205, 'pm25': 13204}}",3.35,11.15,23.09,0.92,0.98,0.98,779987638,38.0,MOD-00614,24.5,2026-09-13T18:00:29,2026-09-13T11:00:29,https://api.quant-aq.com/v1/devices/MOD-00614/data/779987314
1173.31,750.56,"{'lat': None, 'lon': None}","{'rh': 38.0, 'temp': 24.5, 'wd': 0.0, 'ws': 0.0, 'ws_scalar': 0.0}","{'gas': {'co': 13499, 'co2': 13261, 'no': 13587, 'no2': 13766, 'o3': 13746}, 'pm': {'pm1': 13203, 'pm10': 13205, 'pm25': 13204}}",3.35,10.63,23.64,1.0,1.18,1.01,779987641,38.0,MOD-00614,24.5,2026-09-13T17:59:29,2026-09-13T10:59:29,https://api.quant-aq.com/v1/devices/MOD-00614/data/779987315
1177.41,753.33,"{'lat': None, 'lon': None}","{'rh': 38.0, 'temp': 24.5, 'wd': 0.0, 'ws': 0.0, 'ws_scalar': 0.0}","{'gas': {'co': 13499, 'co2': 13261, 'no': 13587, 'no2': 13766, 'o3': 13746}, 'pm': {'pm1': 13203, 'pm10': 13205, 'pm25': 13204}}",3.35,11.32,23.09,1.07,1.12,1.12,779987642,38.0,MOD-00614,24.5,2026-09-13T17:58:29,2026-09-13T10:58:29,https://api.quant-aq.com/v1/devices/MOD-00614/data/779987317
1177.83,749.11,"{'lat': None, 'lon': None}","{'rh': 38.0, 'temp': 24.5, 'wd': 0.0, 'ws': 0.0, 'ws_scalar': 0.0}","{'gas': {'co': 13499, 'co2': 13261, 'no': 13587, 'no2': 13766, 'o3': 13746}, 'pm': {'pm1': 13203, 'pm10': 13205, 'pm25': 13204}}",3.35,11.32,23.37,0.66,0.86,0.68,779987640,38.0,MOD-00614,24.5,2026-09-13T17:57:29,2026-09-13T10:57:29,https://api.quant-aq.com/v1/devices/MOD-00614/data/779987316
1170.44,749.84,"{'lat': None, 'lon': None}","{'rh': 38.0, 'temp': 24.5, 'wd': 0.0, 'ws': 0.0, 'ws_scalar': 0.0}","{'gas': {'co': 13499, 'co2': 13261, 'no': 13587, 'no2': 13766, 'o3': 13746}, 'pm': {'pm1': 13203, 'pm10': 13205, 'pm25': 13204}}",3.35,11.32,23.09,0.79,1.95,0.86,779984809,38.0,MOD-00614,24.5,2026-09-13T17:56:28,2026-09-13T10:56:28,https://api.quant-aq.com/v1/devices/MOD-00614/data/779984484
1178.58,756.34,"{'lat': None, 'lon': None}","{'rh': 38.1, 'temp': 24.5, 'wd': 0.0, 'ws': 0.0, 'ws_scalar': 0.0}","{'gas': {'co': 13499, 'co2': 13261, 'no': 13587, 'no2': 13766, 'o3': 13746}, 'pm': {'pm1': 13203, 'pm10': 13205, 'pm25': 13204}}",3.35,11.08,23.61,0.94,2.97,1.0,779984808,38.1,MOD-00614,24.5,2026-09-13T17:55:28,2026-09-13T10:55:28,https://api.quant-aq.com/v1/devices/MOD-00614/data/779984482
1178.65,750.92,"{'lat': None, 'lon': None}","{'rh': 38.0, 'temp': 24.5, 'wd': 0.0, 'ws': 0.0, 'ws_scalar': 0.0}","{'gas': {'co': 13499, 'co2': 13261, 'no': 13587, 'no2': 13766, 'o3': 13746}, 'pm': {'pm1': 13203, 'pm10': 13205, 'pm25': 13204}}",3.35,11.32,22.82,1.04,6.63,1.11,779984805,38.0,MOD-00614,24.5,2026-09-13T17:54:28,2026-09-13T10:54:28,https://api.quant-aq.com/v1/devices/MOD-00614/data/779984481
1171.56,754.05,"{'lat': None, 'lon': None}","{'rh': 38.0, 'temp': 24.4, 'wd': 0.0, 'ws': 0.0, 'ws_scalar': 0.0}","{'gas': {'co': 13499, 'co2': 13261, 'no': 13587, 'no2': 13766, 'o3': 13746}, 'pm': {'pm1': 13203, 'pm10': 13205, 'pm25': 13204}}",3.35,11.2,23.35,1.09,2.96,1.15,779984806,38.0,MOD-00614,24.4,2026-09-13T17:53:28,2026-09-13T10:53:28,https://api.quant-aq.com/v1/devices/MOD-00614/data/779984483
1172.79,748.99,"{'lat': None, 'lon': None}","{'rh': 38.0, 'temp': 24.4, 'wd': 0.0, 'ws': 0.0, 'ws_scalar': 0.0}","{'gas': {'co': 13499, 'co2': 13261, 'no': 13587, 'no2': 13766, 'o3': 13746}, 'pm': {'pm1': 13203, 'pm10': 13205, 'pm25': 13204}}",3.35,10.63,23.62,1.19,1.32,1.32,779984807,38.0,MOD-00614,24.4,2026-09-13T17:52:28,2026-09-13T10:52:28,https://api.quant-aq.com/v1/devices/MOD-00614/data/779984480
1170.33,754.41,"{'lat': None, 'lon': None}","{'rh': 38.0, 'temp': 24.4, 'wd': 0.0, 'ws': 0.0, 'ws_scalar': 0.0}","{'gas': {'co': 13499, 'co2': 13261, 'no': 13587, 'no2': 13766, 'o3': 13746}, 'pm': {'pm1': 13203, 'pm10': 13205, 'pm25': 13204}}",3.35,10.63,23.62,1.07,3.06,1.15,779981953,38.0,MOD-00614,24.4,2026-09-13T17:51:28,2026-09-13T10:51:28,https://api.quant-aq.com/v1/devices/MOD-00614/data/779981628
1169.44,752.49,"{'lat': None, 'lon': None}","{'rh': 38.1, 'temp': 24.4, 'wd': 0.0, 'ws': 0.0, 'ws_scalar': 0.0}","{'gas': {'co': 13499, 'co2': 13261, 'no': 13587, 'no2': 13766, 'o3': 13746}, 'pm': {'pm1': 13203, 'pm10': 13205, 'pm25': 13204}}",3.35,10.85,23.04,0.86,0.98,0.94,779981952,38.1,MOD-00614,24.4,2026-09-13T17:50:28,2026-09-13T10:50:28,https://api.quant-aq.com/v1/devices/MOD-00614/data/779981627
1169.44,751.4,"{'lat': None, 'lon': None}","{'rh': 38.1, 'temp': 24.4, 'wd': 0.0, 'ws': 0.0, 'ws_scalar': 0.0}","{'gas': {'co': 13499, 'co2': 13261, 'no': 13587, 'no2': 13766, 'o3': 13746}, 'pm': {'pm1': 13203, 'pm10': 13205, 'pm25': 13204}}",3.35,10.85,22.49,0.95,1.71,1.02,779981951,38.1,MOD-00614,24.4,2026-09-13T17:49:28,2026-09-13T10:49:28,https://api.quant-aq.com/v1/devices/MOD-00614/data/779981626
1169.85,749.84,"{'lat': None, 'lon': None}","{'rh': 38.1, 'temp': 24.4, 'wd': 0.0, 'ws': 0.0, 'ws_scalar': 0.0}","{'gas': {'co': 13499, 'co2': 13261, 'no': 13587, 'no2': 13766, 'o3': 13746}, 'pm': {'pm1': 13203, 'pm10': 13205, 'pm25': 13204}}",3.35,11.73,23.59,1.06,1.66,1.15,779981950,38.1,MOD-00614,24.4,2026-09-13T17:48:28,2026-09-13T10:48:28,https://api.quant-aq.com/v1/devices/MOD-00614/data/779981624
1169.44,750.44,"{'lat': None, 'lon': None}","{'rh': 38.1, 'temp': 24.4, 'wd': 0.0, 'ws': 0.0, 'ws_scalar': 0.0}","{'gas': {'co': 13499, 'co2': 13261, 'no': 13587, 'no2': 13766, 'o3': 13746}, 'pm': {'pm1': 13203, 'pm10': 13205, 'pm25': 13204}}",3.35,10.85,23.32,1.01,3.58,1.08,779981949,38.1,MOD-00614,24.4,2026-09-13T17:47:28,2026-09-13T10:47:28,https://api.quant-aq.com/v1/devices/MOD-00614/data/779981625
1169.44,749.11,"{'lat': None, 'lon': None}","{'rh': 38.1, 'temp': 24.4, 'wd': 0.0, 'ws': 0.0, 'ws_scalar': 0.0}","{'gas': {'co': 13499, 'co2': 13261, 'no': 13587, 'no2': 13766, 'o3': 13746}, 'pm': {'pm1': 13203, 'pm10': 13205, 'pm25': 13204}}",3.35,10.85,23.59,1.24,1.35,1.3,779979027,38.1,MOD-00614,24.4,2026-09-13T17:46:28,2026-09-13T10:46:28,https://api.quant-aq.com/v1/devices/MOD-00614/data/779978703
1166.56,749.96,"{'lat': None, 'lon': None}","{'rh': 38.1, 'temp': 24.4, 'wd': 0.0, 'ws': 0.0, 'ws_scalar': 0.0}","{'gas': {'co': 13499, 'co2': 13261, 'no': 13587, 'no2': 13766, 'o3': 13746}, 'pm': {'pm1': 13203, 'pm10': 13205, 'pm25': 13204}}",3.35,10.85,23.04,0.85,2.85,0.96,779979026,38.1,MOD-00614,24.4,2026-09-13T17:45:28,2026-09-13T10:45:28,https://api.quant-aq.com/v1/devices/MOD-00614/data/779978700
1162.05,747.91,"{'lat': None, 'lon': None}","{'rh': 38.1, 'temp': 24.4, 'wd': 0.0, 'ws': 0.0, 'ws_scalar': 0.0}","{'gas': {'co': 13499, 'co2': 13261, 'no': 13587, 'no2': 13766, 'o3': 13746}, 'pm': {'pm1': 13203, 'pm10': 13205, 'pm25': 13204}}",3.35,10.85,23.32,1.13,1.2,1.15,779979025,38.1,MOD-00614,24.4,2026-09-13T17:44:28,2026-09-13T10:44:28,https://api.quant-aq.com/v1/devices/MOD-00614/data/779978699
1165.33,748.75,"{'lat': None, 'lon': None}","{'rh': 38.1, 'temp': 24.4, 'wd': 0.0, 'ws': 0.0, 'ws_scalar': 0.0}","{'gas': {'co': 13499, 'co2': 13261, 'no': 13587, 'no2': 13766, 'o3': 13746}, 'pm': {'pm1': 13203, 'pm10': 13205, 'pm25': 13204}}",3.35,10.16,23.59,0.82,1.18,0.92,779979024,38.1,MOD-00614,24.4,2026-09-13T17:43:28,2026-09-13T10:43:28,https://api.quant-aq.com/v1/devices/MOD-00614/data/779978701
1165.67,750.44,"{'lat': None, 'lon': None}","{'rh': 38.2, 'temp': 24.4, 'wd': 0.0, 'ws': 0.0, 'ws_scalar': 0.0}","{'gas': {'co': 13499, 'co2': 13261, 'no': 13587, 'no2': 13766, 'o3': 13746}, 'pm': {'pm1': 13203, 'pm10': 13205, 'pm25': 13204}}",3.35,11.76,23.29,0.88,5.14,0.91,779979028,38.2,MOD-00614,24.4,2026-09-13T17:42:28,2026-09-13T10:42:28,https://api.quant-aq.com/v1/devices/MOD-00614/data/779978702
1158.69,746.82,"{'lat': None, 'lon': None}","{'rh': 38.2, 'temp': 24.4, 'wd': 0.0, 'ws': 0.0, 'ws_scalar': 0.0}","{'gas': {'co': 13499, 'co2': 13261, 'no': 13587, 'no2': 13766, 'o3': 13746}, 'pm': {'pm1': 13203, 'pm10': 13205, 'pm25': 13204}}",3.35,10.76,23.01,1.42,2.37,1.51,779976068,38.2,MOD-00614,24.4,2026-09-13T17:41:27,2026-09-13T10:41:27,https://api.quant-aq.com/v1/devices/MOD-00614/data/779975742
1149.66,749.84,"{'lat': None, 'lon': None}","{'rh': 38.2, 'temp': 24.4, 'wd': 0.0, 'ws': 0.0, 'ws_scalar': 0.0}","{'gas': {'co': 13499, 'co2': 13261, 'no': 13587, 'no2': 13766, 'o3': 13746}, 'pm': {'pm1': 13203, 'pm10': 13205, 'pm25': 13204}}",3.35,10.1,23.29,0.77,0.83,0.83,779976064,38.2,MOD-00614,24.4,2026-09-13T17:40:27,2026-09-13T10:40:27,https://api.quant-aq.com/v1/devices/MOD-00614/data/779975741
1153.77,749.35,"{'lat': None, 'lon': None}","{'rh': 38.2, 'temp': 24.4, 'wd': 0.0, 'ws': 0.0, 'ws_scalar': 0.0}","{'gas': {'co': 13499, 'co2': 13261, 'no': 13587, 'no2': 13766, 'o3': 13746}, 'pm': {'pm1': 13203, 'pm10': 13205, 'pm25': 13204}}",3.35,10.76,23.56,0.9,3.32,1.0,779976066,38.2,MOD-00614,24.4,2026-09-13T17:39:27,2026-09-13T10:39:27,https://api.quant-aq.com/v1/devices/MOD-00614/data/779975740
1152.02,748.99,"{'lat': None, 'lon': None}","{'rh': 38.2, 'temp': 24.3, 'wd': 0.0, 'ws': 0.0, 'ws_scalar': 0.0}","{'gas': {'co': 13499, 'co2': 13261, 'no': 13587, 'no2': 13766, 'o3': 13746}, 'pm': {'pm1': 13203, 'pm10': 13205, 'pm25': 13204}}",3.35,10.78,22.99,1.13,1.87,1.21,779976065,38.2,MOD-00614,24.3,2026-09-13T17:38:27,2026-09-13T10:38:27,https://api.quant-aq.com/v1/devices/MOD-00614/data/779975739
1148.32,749.35,"{'lat': None, 'lon': None}","{'rh': 38.2, 'temp': 24.3, 'wd': 0.0, 'ws': 0.0, 'ws_scalar': 0.0}","{'gas': {'co': 13499, 'co2': 13261, 'no': 13587, 'no2': 13766, 'o3': 13746}, 'pm': {'pm1': 13203, 'pm10': 13205, 'pm25': 13204}}",3.35,11.65,23.27,1.24,1.92,1.32,779976067,38.2,MOD-00614,24.3,2026-09-13T17:37:27,2026-09-13T10:37:27,https://api.quant-aq.com/v1/devices/MOD-00614/data/779975743
1144.56,746.94,"{'lat': None, 'lon': None}","{'rh': 38.3, 'temp': 24.3, 'wd': 0.0, 'ws': 0.0, 'ws_scalar': 0.0}","{'gas': {'co': 13499, 'co2': 13261, 'no': 13587, 'no2': 13766, 'o3': 13746}, 'pm': {'pm1': 13203, 'pm10': 13205, 'pm25': 13204}}",3.35,10.1,23.24,1.11,12.5,1.18,779973221,38.3,MOD-00614,24.3,2026-09-13T17:36:27,2026-09-13T10:36:27,https://api.quant-aq.com/v1/devices/MOD-00614/data/779972896
1145.38,746.1,"{'lat': None, 'lon': None}","{'rh': 38.3, 'temp': 24.3, 'wd': 0.0, 'ws': 0.0, 'ws_scalar': 0.0}","{'gas': {'co': 13499, 'co2': 13261, 'no': 13587, 'no2': 13766, 'o3': 13746}, 'pm': {'pm1': 13203, 'pm10': 13205, 'pm25': 13204}}",3.35,11.72,22.96,0.87,0.93,0.93,779973224,38.3,MOD-00614,24.3,2026-09-13T17:35:27,2026-09-13T10:35:27,https://api.quant-aq.com/v1/devices/MOD-00614/data/779972899
1140.04,745.74,"{'lat': None, 'lon': None}","{'rh': 38.3, 'temp': 24.3, 'wd': 0.0, 'ws': 0.0, 'ws_scalar': 0.0}","{'gas': {'co': 13499, 'co2': 13261, 'no': 13587, 'no2': 13766, 'o3': 13746}, 'pm': {'pm1': 13203, 'pm10': 13205, 'pm25': 13204}}",3.35,11.72,23.79,1.15,1.86,1.18,779973223,38.3,MOD-00614,24.3,2026-09-13T17:34:27,2026-09-13T10:34:27,https://api.quant-aq.com/v1/devices/MOD-00614/data/779972898
1136.76,744.3,"{'lat': None, 'lon': None}","{'rh': 38.3, 'temp': 24.3, 'wd': 0.0, 'ws': 0.0, 'ws_scalar': 0.0}","{'gas': {'co': 13499, 'co2': 13261, 'no': 13587, 'no2': 13766, 'o3': 13746}, 'pm': {'pm1': 13203, 'pm10': 13205, 'pm25': 13204}}",3.35,10.33,23.51,0.99,1.34,1.09,779973220,38.3,MOD-00614,24.3,2026-09-13T17:33:27,2026-09-13T10:33:27,https://api.quant-aq.com/v1/devices/MOD-00614/data/779972895
1135.52,746.22,"{'lat': None, 'lon': None}","{'rh': 38.3, 'temp': 24.3, 'wd': 0.0, 'ws': 0.0, 'ws_scalar': 0.0}","{'gas': {'co': 13499, 'co2': 13261, 'no': 13587, 'no2': 13766, 'o3': 13746}, 'pm': {'pm1': 13203, 'pm10': 13205, 'pm25': 13204}}",3.35,11.26,23.24,0.81,1.73,0.96,779973222,38.3,MOD-00614,24.3,2026-09-13T17:32:27,2026-09-13T10:32:27,https://api.quant-aq.com/v1/devices/MOD-00614/data/779972897
1131.42,747.07,"{'lat': None, 'lon': None}","{'rh': 38.3, 'temp': 24.3, 'wd': 0.0, 'ws': 0.0, 'ws_scalar': 0.0}","{'gas': {'co': 13499, 'co2': 13261, 'no': 13587, 'no2': 13766, 'o3': 13746}, 'pm': {'pm1': 13203, 'pm10': 13205, 'pm25': 13204}}",3.35,11.26,22.96,1.19,3.3,1.21,779970413,38.3,MOD-00614,24.3,2026-09-13T17:31:27,2026-09-13T10:31:27,https://api.quant-aq.com/v1/devices/MOD-00614/data/779970088
1126.01,745.5,"{'lat': None, 'lon': None}","{'rh': 38.4, 'temp': 24.3, 'wd': 0.0, 'ws': 0.0, 'ws_scalar': 0.0}","{'gas': {'co': 13499, 'co2': 13261, 'no': 13587, 'no2': 13766, 'o3': 13746}, 'pm': {'pm1': 13203, 'pm10': 13205, 'pm25': 13204}}",3.47,9.6,22.93,0.95,2.78,0.98,779970410,38.4,MOD-00614,24.3,2026-09-13T17:30:27,2026-09-13T10:30:27,https://api.quant-aq.com/v1/devices/MOD-00614/data/779970085
1130.53,742.49,"{'lat': None, 'lon': None}","{'rh': 38.4, 'temp': 24.3, 'wd': 0.0, 'ws': 0.0, 'ws_scalar': 0.0}","{'gas': {'co': 13499, 'co2': 13261, 'no': 13587, 'no2': 13766, 'o3': 13746}, 'pm': {'pm1': 13203, 'pm10': 13205, 'pm25': 13204}}",3.35,10.26,23.48,0.85,1.18,0.96,779970409,38.4,MOD-00614,24.3,2026-09-13T17:29:27,2026-09-13T10:29:27,https://api.quant-aq.com/v1/devices/MOD-00614/data/779970084
1118.21,740.92,"{'lat': None, 'lon': None}","{'rh': 38.4, 'temp': 24.3, 'wd': 0.0, 'ws': 0.0, 'ws_scalar': 0.0}","{'gas': {'co': 13499, 'co2': 13261, 'no': 13587, 'no2': 13766, 'o3': 13746}, 'pm': {'pm1': 13203, 'pm10': 13205, 'pm25': 13204}}",3.34,11.61,22.93,1.03,1.11,1.07,779970411,38.4,MOD-00614,24.3,2026-09-13T17:28:26,2026-09-13T10:28:26,https://api.quant-aq.com/v1/devices/MOD-00614/data/779970086
1124.37,741.4,"{'lat': None, 'lon': None}","{'rh': 38.4, 'temp': 24.3, 'wd': 0.0, 'ws': 0.0, 'ws_scalar': 0.0}","{'gas': {'co': 13499, 'co2': 13261, 'no': 13587, 'no2': 13766, 'o3': 13746}, 'pm': {'pm1': 13203, 'pm10': 13205, 'pm25': 13204}}",3.35,11.17,23.48,1.07,1.18,1.14,779970412,38.4,MOD-00614,24.3,2026-09-13T17:27:26,2026-09-13T10:27:26,https://api.quant-aq.com/v1/devices/MOD-00614/data/779970087
1116.57,737.07,"{'lat': None, 'lon': None}","{'rh': 38.4, 'temp': 24.3, 'wd': 0.0, 'ws': 0.0, 'ws_scalar': 0.0}","{'gas': {'co': 13499, 'co2': 13261, 'no': 13587, 'no2': 13766, 'o3': 13746}, 'pm': {'pm1': 13203, 'pm10': 13205, 'pm25': 13204}}",3.35,10.26,23.21,0.79,1.05,0.88,779967475,38.4,MOD-00614,24.3,2026-09-13T17:26:26,2026-09-13T10:26:26,https://api.quant-aq.com/v1/devices/MOD-00614/data/779967150
1116.57,735.38,"{'lat': None, 'lon': None}","{'rh': 38.4, 'temp': 24.3, 'wd': 0.0, 'ws': 0.0, 'ws_scalar': 0.0}","{'gas': {'co': 13499, 'co2': 13261, 'no': 13587, 'no2': 13766, 'o3': 13746}, 'pm': {'pm1': 13203, 'pm10': 13205, 'pm25': 13204}}",3.47,10.26,23.48,0.69,1.01,0.75,779967472,38.4,MOD-00614,24.3,2026-09-13T17:25:26,2026-09-13T10:25:26,https://api.quant-aq.com/v1/devices/MOD-00614/data/779967146
1121.5,737.31,"{'lat': None, 'lon': None}","{'rh': 38.4, 'temp': 24.3, 'wd': 0.0, 'ws': 0.0, 'ws_scalar': 0.0}","{'gas': {'co': 13499, 'co2': 13261, 'no': 13587, 'no2': 13766, 'o3': 13746}, 'pm': {'pm1': 13203, 'pm10': 13205, 'pm25': 13204}}",3.35,11.61,23.21,0.87,0.91,0.91,779967477,38.4,MOD-00614,24.3,2026-09-13T17:24:26,2026-09-13T10:24:26,https://api.quant-aq.com/v1/devices/MOD-00614/data/779967152
1118.21,741.77,"{'lat': None, 'lon': None}","{'rh': 38.4, 'temp': 24.3, 'wd': 0.0, 'ws': 0.0, 'ws_scalar': 0.0}","{'gas': {'co': 13499, 'co2': 13261, 'no': 13587, 'no2': 13766, 'o3': 13746}, 'pm': {'pm1': 13203, 'pm10': 13205, 'pm25': 13204}}",3.35,11.17,23.48,0.97,1.06,1.02,779967474,38.4,MOD-00614,24.3,2026-09-13T17:23:26,2026-09-13T10:23:26,https://api.quant-aq.com/v1/devices/MOD-00614/data/779967151
1115.16,740.8,"{'lat': None, 'lon': None}","{'rh': 38.5, 'temp': 24.2, 'wd': 0.0, 'ws': 0.0, 'ws_scalar': 0.0}","{'gas': {'co': 13499, 'co2': 13261, 'no': 13587, 'no2': 13766, 'o3': 13746}, 'pm': {'pm1': 13203, 'pm10': 13205, 'pm25': 13204}}",3.46,11.39,22.61,1.25,1.87,1.34,779967476,38.5,MOD-00614,24.2,2026-09-13T17:22:26,2026-09-13T10:22:26,https://api.quant-aq.com/v1/devices/MOD-00614/data/779967149
1119.26,740.44,"{'lat': None, 'lon': None}","{'rh': 38.5, 'temp': 24.2, 'wd': 0.0, 'ws': 0.0, 'ws_scalar': 0.0}","{'gas': {'co': 13499, 'co2': 13261, 'no': 13587, 'no2': 13766, 'o3': 13746}, 'pm': {'pm1': 13203, 'pm10': 13205, 'pm25': 13204}}",3.46,10.55,23.43,1.06,2.8,1.11,779964272,38.5,MOD-00614,24.2,2026-09-13T17:21:26,2026-09-13T10:21:26,https://api.quant-aq.com/v1/devices/MOD-00614/data/779963946
1115.57,737.67,"{'lat': None, 'lon': None}","{'rh': 38.5, 'temp': 24.2, 'wd': 0.0, 'ws': 0.0, 'ws_scalar': 0.0}","{'gas': {'co': 13499, 'co2': 13261, 'no': 13587, 'no2': 13766, 'o3': 13746}, 'pm': {'pm1': 13203, 'pm10': 13205, 'pm25': 13204}}",3.46,10.55,23.16,0.94,1.23,1.01,779964269,38.5,MOD-00614,24.2,2026-09-13T17:20:26,2026-09-13T10:20:26,https://api.quant-aq.com/v1/devices/MOD-00614/data/779963944
1121.32,739.36,"{'lat': None, 'lon': None}","{'rh': 38.5, 'temp': 24.2, 'wd': 0.0, 'ws': 0.0, 'ws_scalar': 0.0}","{'gas': {'co': 13499, 'co2': 13261, 'no': 13587, 'no2': 13766, 'o3': 13746}, 'pm': {'pm1': 13203, 'pm10': 13205, 'pm25': 13204}}",3.46,11.39,23.16,0.75,0.95,0.77,779964268,38.5,MOD-00614,24.2,2026-09-13T17:19:26,2026-09-13T10:19:26,https://api.quant-aq.com/v1/devices/MOD-00614/data/779963943
1113.93,735.62,"{'lat': None, 'lon': None}","{'rh': 38.5, 'temp': 24.2, 'wd': 0.0, 'ws': 0.0, 'ws_scalar': 0.0}","{'gas': {'co': 13499, 'co2': 13261, 'no': 13587, 'no2': 13766, 'o3': 13746}, 'pm': {'pm1': 13203, 'pm10': 13205, 'pm25': 13204}}",3.46,10.78,23.16,1.19,2.25,1.25,779964271,38.5,MOD-00614,24.2,2026-09-13T17:18:26,2026-09-13T10:18:26,https://api.quant-aq.com/v1/devices/MOD-00614/data/779963947
1116.8,731.77,"{'lat': None, 'lon': None}","{'rh': 38.5, 'temp': 24.2, 'wd': 0.0, 'ws': 0.0, 'ws_scalar': 0.0}","{'gas': {'co': 13499, 'co2': 13261, 'no': 13587, 'no2': 13766, 'o3': 13746}, 'pm': {'pm1': 13203, 'pm10': 13205, 'pm25': 13204}}",3.46,10.78,22.88,0.88,6.16,1.0,779964270,38.5,MOD-00614,24.2,2026-09-13T17:17:26,2026-09-13T10:17:26,https://api.quant-aq.com/v1/devices/MOD-00614/data/779963945
1119.26,735.14,"{'lat': None, 'lon': None}","{'rh': 38.5, 'temp': 24.2, 'wd': 0.0, 'ws': 0.0, 'ws_scalar': 0.0}","{'gas': {'co': 13499, 'co2': 13261, 'no': 13587, 'no2': 13766, 'o3': 13746}, 'pm': {'pm1': 13203, 'pm10': 13205, 'pm25': 13204}}",3.46,10.78,23.43,0.87,1.11,0.92,779961357,38.5,MOD-00614,24.2,2026-09-13T17:16:26,2026-09-13T10:16:26,https://api.quant-aq.com/v1/devices/MOD-00614/data/779961034
1113.93,732.37,"{'lat': None, 'lon': None}","{'rh': 38.5, 'temp': 24.2, 'wd': 0.0, 'ws': 0.0, 'ws_scalar': 0.0}","{'gas': {'co': 13499, 'co2': 13261, 'no': 13587, 'no2': 13766, 'o3': 13746}, 'pm': {'pm1': 13203, 'pm10': 13205, 'pm25': 13204}}",3.46,10.55,23.16,0.96,2.92,1.01,779961354,38.5,MOD-00614,24.2,2026-09-13T17:15:26,2026-09-13T10:15:26,https://api.quant-aq.com/v1/devices/MOD-00614/data/779961031
1120.01,733.82,"{'lat': None, 'lon': None}","{'rh': 38.6, 'temp': 24.2, 'wd': 0.0, 'ws': 0.0, 'ws_scalar': 0.0}","{'gas': {'co': 13499, 'co2': 13261, 'no': 13587, 'no2': 13766, 'o3': 13746}, 'pm': {'pm1': 13203, 'pm10': 13205, 'pm25': 13204}}",3.46,11.12,23.13,0.92,1.68,1.05,779961353,38.6,MOD-00614,24.2,2026-09-13T17:14:25,2026-09-13T10:14:25,https://api.quant-aq.com/v1/devices/MOD-00614/data/779961028
1119.6,735.14,"{'lat': None, 'lon': None}","{'rh': 38.6, 'temp': 24.2, 'wd': 0.0, 'ws': 0.0, 'ws_scalar': 0.0}","{'gas': {'co': 13499, 'co2': 13261, 'no': 13587, 'no2': 13766, 'o3': 13746}, 'pm': {'pm1': 13203, 'pm10': 13205, 'pm25': 13204}}",3.46,11.17,23.4,1.02,1.3,1.07,779961355,38.6,MOD-00614,24.2,2026-09-13T17:13:25,2026-09-13T10:13:25,https://api.quant-aq.com/v1/devices/MOD-00614/data/779961032
1120.43,732.01,"{'lat': None, 'lon': None}","{'rh': 38.6, 'temp': 24.2, 'wd': 0.0, 'ws': 0.0, 'ws_scalar': 0.0}","{'gas': {'co': 13499, 'co2': 13261, 'no': 13587, 'no2': 13766, 'o3': 13746}, 'pm': {'pm1': 13203, 'pm10': 13205, 'pm25': 13204}}",3.46,11.17,23.4,0.83,1.41,0.89,779961352,38.6,MOD-00614,24.2,2026-09-13T17:12:25,2026-09-13T10:12:25,https://api.quant-aq.com/v1/devices/MOD-00614/data/779961027
1118.37,730.08,"{'lat': None, 'lon': None}","{'rh': 38.6, 'temp': 24.2, 'wd': 0.0, 'ws': 0.0, 'ws_scalar': 0.0}","{'gas': {'co': 13499, 'co2': 13261, 'no': 13587, 'no2': 13766, 'o3': 13746}, 'pm': {'pm1': 13203, 'pm10': 13205, 'pm25': 13204}}",3.46,11.17,23.13,0.71,1.04,0.81,779958538,38.6,MOD-00614,24.2,2026-09-13T17:11:25,2026-09-13T10:11:25,https://api.quant-aq.com/v1/devices/MOD-00614/data/779958213
1123.71,732.49,"{'lat': None, 'lon': None}","{'rh': 38.6, 'temp': 24.2, 'wd': 0.0, 'ws': 0.0, 'ws_scalar': 0.0}","{'gas': {'co': 13499, 'co2': 13261, 'no': 13587, 'no2': 13766, 'o3': 13746}, 'pm': {'pm1': 13203, 'pm10': 13205, 'pm25': 13204}}",3.46,10.99,23.13,0.86,0.95,0.9,779958537,38.6,MOD-00614,24.2,2026-09-13T17:10:25,2026-09-13T10:10:25,https://api.quant-aq.com/v1/devices/MOD-00614/data/779958212
1123.6,727.43,"{'lat': None, 'lon': None}","{'rh': 38.6, 'temp': 24.1, 'wd': 0.0, 'ws': 0.0, 'ws_scalar': 0.0}","{'gas': {'co': 13499, 'co2': 13261, 'no': 13587, 'no2': 13766, 'o3': 13746}, 'pm': {'pm1': 13203, 'pm10': 13205, 'pm25': 13204}}",3.46,11.0,23.39,0.9,3.11,0.95,779958536,38.6,MOD-00614,24.1,2026-09-13T17:09:25,2026-09-13T10:09:25,https://api.quant-aq.com/v1/devices/MOD-00614/data/779958211
1120.66,729.24,"{'lat': None, 'lon': None}","{'rh': 38.7, 'temp': 24.1, 'wd': 0.0, 'ws': 0.0, 'ws_scalar': 0.0}","{'gas': {'co': 13499, 'co2': 13261, 'no': 13587, 'no2': 13766, 'o3': 13746}, 'pm': {'pm1': 13203, 'pm10': 13205, 'pm25': 13204}}",3.46,11.26,23.35,1.03,2.92,1.05,779958533,38.7,MOD-00614,24.1,2026-09-13T17:08:25,2026-09-13T10:08:25,https://api.quant-aq.com/v1/devices/MOD-00614/data/779958209
1117.37,728.64,"{'lat': None, 'lon': None}","{'rh': 38.7, 'temp': 24.1, 'wd': 0.0, 'ws': 0.0, 'ws_scalar': 0.0}","{'gas': {'co': 13499, 'co2': 13261, 'no': 13587, 'no2': 13766, 'o3': 13746}, 'pm': {'pm1': 13203, 'pm10': 13205, 'pm25': 13204}}",3.46,11.11,23.08,0.89,2.77,0.97,779958535,38.7,MOD-00614,24.1,2026-09-13T17:07:25,2026-09-13T10:07:25,https://api.quant-aq.com/v1/devices/MOD-00614/data/779958210
1121.48,731.05,"{'lat': None, 'lon': None}","{'rh': 38.7, 'temp': 24.1, 'wd': 0.0, 'ws': 0.0, 'ws_scalar': 0.0}","{'gas': {'co': 13499, 'co2': 13261, 'no': 13587, 'no2': 13766, 'o3': 13746}, 'pm': {'pm1': 13203, 'pm10': 13205, 'pm25': 13204}}",3.46,10.95,23.08,1.13,2.95,1.2,779955664,38.7,MOD-00614,24.1,2026-09-13T17:06:25,2026-09-13T10:06:25,https://api.quant-aq.com/v1/devices/MOD-00614/data/779955338
1116.96,729.84,"{'lat': None, 'lon': None}","{'rh': 38.7, 'temp': 24.1, 'wd': 0.0, 'ws': 0.0, 'ws_scalar': 0.0}","{'gas': {'co': 13499, 'co2': 13261, 'no': 13587, 'no2': 13766, 'o3': 13746}, 'pm': {'pm1': 13203, 'pm10': 13205, 'pm25': 13204}}",3.46,11.21,23.35,1.26,11.05,1.3,779955663,38.7,MOD-00614,24.1,2026-09-13T17:05:25,2026-09-13T10:05:25,https://api.quant-aq.com/v1/devices/MOD-00614/data/779955339
1122.71,729.12,"{'lat': None, 'lon': None}","{'rh': 38.7, 'temp': 24.1, 'wd': 0.0, 'ws': 0.0, 'ws_scalar': 0.0}","{'gas': {'co': 13499, 'co2': 13261, 'no': 13587, 'no2': 13766, 'o3': 13746}, 'pm': {'pm1': 13203, 'pm10': 13205, 'pm25': 13204}}",3.46,11.11,22.8,0.81,1.59,0.91,779955662,38.7,MOD-00614,24.1,2026-09-13T17:04:25,2026-09-13T10:04:25,https://api.quant-aq.com/v1/devices/MOD-00614/data/779955337
1127.64,728.88,"{'lat': None, 'lon': None}","{'rh': 38.7, 'temp': 24.1, 'wd': 0.0, 'ws': 0.0, 'ws_scalar': 0.0}","{'gas': {'co': 13499, 'co2': 13261, 'no': 13587, 'no2': 13766, 'o3': 13746}, 'pm': {'pm1': 13203, 'pm10': 13205, 'pm25': 13204}}",3.46,11.21,23.08,0.87,1.12,0.95,779955661,38.7,MOD-00614,24.1,2026-09-13T17:03:25,2026-09-13T10:03:25,https://api.quant-aq.com/v1/devices/MOD-00614/data/779955336
1119.01,727.79,"{'lat': None, 'lon': None}","{'rh': 38.7, 'temp': 24.1, 'wd': 0.0, 'ws': 0.0, 'ws_scalar': 0.0}","{'gas': {'co': 13499, 'co2': 13261, 'no': 13587, 'no2': 13766, 'o3': 13746}, 'pm': {'pm1': 13203, 'pm10': 13205, 'pm25': 13204}}",3.46,10.45,22.8,0.91,10.94,0.99,779955660,38.7,MOD-00614,24.1,2026-09-13T17:02:25,2026-09-13T10:02:25,https://api.quant-aq.com/v1/devices/MOD-00614/data/779955335
1119.01,725.51,"{'lat': None, 'lon': None}","{'rh': 38.7, 'temp': 24.1, 'wd': 0.0, 'ws': 0.0, 'ws_scalar': 0.0}","{'gas': {'co': 13499, 'co2': 13261, 'no': 13587, 'no2': 13766, 'o3': 13746}, 'pm': {'pm1': 13203, 'pm10': 13205, 'pm25': 13204}}",3.46,11.21,23.08,0.87,0.99,0.95,779952817,38.7,MOD-00614,24.1,2026-09-13T17:01:24,2026-09-13T10:01:24,https://api.quant-aq.com/v1/devices/MOD-00614/data/779952492
1117.78,726.59,"{'lat': None, 'lon': None}","{'rh': 38.7, 'temp': 24.1, 'wd': 0.0, 'ws': 0.0, 'ws_scalar': 0.0}","{'gas': {'co': 13499, 'co2': 13261, 'no': 13587, 'no2': 13766, 'o3': 13746}, 'pm': {'pm1': 13203, 'pm10': 13205, 'pm25': 13204}}",3.46,11.29,23.08,0.99,1.07,1.03,779952815,38.7,MOD-00614,24.1,2026-09-13T17:00:24,2026-09-13T10:00:24,https://api.quant-aq.com/v1/devices/MOD-00614/data/779952489
1117.37,727.31,"{'lat': None, 'lon': None}","{'rh': 38.7, 'temp': 24.1, 'wd': 0.0, 'ws': 0.0, 'ws_scalar': 0.0}","{'gas': {'co': 13499, 'co2': 13261, 'no': 13587, 'no2': 13766, 'o3': 13746}, 'pm': {'pm1': 13203, 'pm10': 13205, 'pm25': 13204}}",3.46,10.95,23.35,1.18,3.6,1.22,779952816,38.7,MOD-00614,24.1,2026-09-13T16:59:24,2026-09-13T09:59:24,https://api.quant-aq.com/v1/devices/MOD-00614/data/779952490
1121.89,728.76,"{'lat': None, 'lon': None}","{'rh': 38.7, 'temp': 24.1, 'wd': 0.0, 'ws': 0.0, 'ws_scalar': 0.0}","{'gas': {'co': 13499, 'co2': 13261, 'no': 13587, 'no2': 13766, 'o3': 13746}, 'pm': {'pm1': 13203, 'pm10': 13205, 'pm25': 13204}}",3.46,11.11,23.35,1.02,2.27,1.11,779952814,38.7,MOD-00614,24.1,2026-09-13T16:58:24,2026-09-13T09:58:24,https://api.quant-aq.com/v1/devices/MOD-00614/data/779952491
1120.66,725.51,"{'lat': None, 'lon': None}","{'rh': 38.7, 'temp': 24.1, 'wd': 0.0, 'ws': 0.0, 'ws_scalar': 0.0}","{'gas': {'co': 13499, 'co2': 13261, 'no': 13587, 'no2': 13766, 'o3': 13746}, 'pm': {'pm1': 13203, 'pm10': 13205, 'pm25': 13204}}",3.46,11.11,23.08,0.69,1.25,0.73,779952813,38.7,MOD-00614,24.1,2026-09-13T16:57:24,2026-09-13T09:57:24,https://api.quant-aq.com/v1/devices/MOD-00614/data/779952488
1120.25,721.77,"{'lat': None, 'lon': None}","{'rh': 38.7, 'temp': 24.1, 'wd': 0.0, 'ws': 0.0, 'ws_scalar': 0.0}","{'gas': {'co': 13499, 'co2': 13261, 'no': 13587, 'no2': 13766, 'o3': 13746}, 'pm': {'pm1': 13203, 'pm10': 13205, 'pm25': 13204}}",3.46,11.11,23.35,0.94,1.23,1.01,779949963,38.7,MOD-00614,24.1,2026-09-13T16:56:24,2026-09-13T09:56:24,https://api.quant-aq.com/v1/devices/MOD-00614/data/779949638
1123.94,723.22,"{'lat': None, 'lon': None}","{'rh': 38.7, 'temp': 24.1, 'wd': 0.0, 'ws': 0.0, 'ws_scalar': 0.0}","{'gas': {'co': 13499, 'co2': 13261, 'no': 13587, 'no2': 13766, 'o3': 13746}, 'pm': {'pm1': 13203, 'pm10': 13205, 'pm25': 13204}}",3.46,11.26,23.35,1.05,1.12,1.12,779949959,38.7,MOD-00614,24.1,2026-09-13T16:55:24,2026-09-13T09:55:24,https://api.quant-aq.com/v1/devices/MOD-00614/data/779949634
1121.07,723.22,"{'lat': None, 'lon': None}","{'rh': 38.7, 'temp': 24.1, 'wd': 0.0, 'ws': 0.0, 'ws_scalar': 0.0}","{'gas': {'co': 13499, 'co2': 13261, 'no': 13587, 'no2': 13766, 'o3': 13746}, 'pm': {'pm1': 13203, 'pm10': 13205, 'pm25': 13204}}",3.46,10.95,23.91,0.85,1.41,0.87,779949960,38.7,MOD-00614,24.1,2026-09-13T16:54:24,2026-09-13T09:54:24,https://api.quant-aq.com/v1/devices/MOD-00614/data/779949636
1118.5,719.12,"{'lat': None, 'lon': None}","{'rh': 38.7, 'temp': 24.0, 'wd': 0.0, 'ws': 0.0, 'ws_scalar': 0.0}","{'gas': {'co': 13499, 'co2': 13261, 'no': 13587, 'no2': 13766, 'o3': 13746}, 'pm': {'pm1': 13203, 'pm10': 13205, 'pm25': 13204}}",3.46,10.97,23.34,0.82,0.92,0.88,779949962,38.7,MOD-00614,24.0,2026-09-13T16:53:24,2026-09-13T09:53:24,https://api.quant-aq.com/v1/devices/MOD-00614/data/779949637
1118.09,721.89,"{'lat': None, 'lon': None}","{'rh': 38.7, 'temp': 24.0, 'wd': 0.0, 'ws': 0.0, 'ws_scalar': 0.0}","{'gas': {'co': 13499, 'co2': 13261, 'no': 13587, 'no2': 13766, 'o3': 13746}, 'pm': {'pm1': 13203, 'pm10': 13205, 'pm25': 13204}}",3.46,11.15,22.78,0.87,0.98,0.94,779949961,38.7,MOD-00614,24.0,2026-09-13T16:52:24,2026-09-13T09:52:24,https://api.quant-aq.com/v1/devices/MOD-00614/data/779949635
1123.01,719.84,"{'lat': None, 'lon': None}","{'rh': 38.7, 'temp': 24.0, 'wd': 0.0, 'ws': 0.0, 'ws_scalar': 0.0}","{'gas': {'co': 13499, 'co2': 13261, 'no': 13587, 'no2': 13766, 'o3': 13746}, 'pm': {'pm1': 13203, 'pm10': 13205, 'pm25': 13204}}",3.46,11.38,23.06,1.1,1.36,1.23,779947116,38.7,MOD-00614,24.0,2026-09-13T16:51:24,2026-09-13T09:51:24,https://api.quant-aq.com/v1/devices/MOD-00614/data/779946793
1116.44,718.64,"{'lat': None, 'lon': None}","{'rh': 38.7, 'temp': 24.0, 'wd': 0.0, 'ws': 0.0, 'ws_scalar': 0.0}","{'gas': {'co': 13499, 'co2': 13261, 'no': 13587, 'no2': 13766, 'o3': 13746}, 'pm': {'pm1': 13203, 'pm10': 13205, 'pm25': 13204}}",3.46,11.28,23.06,0.77,10.35,0.79,779947119,38.7,MOD-00614,24.0,2026-09-13T16:50:24,2026-09-13T09:50:24,https://api.quant-aq.com/v1/devices/MOD-00614/data/779946795
1120.96,718.16,"{'lat': None, 'lon': None}","{'rh': 38.7, 'temp': 24.0, 'wd': 0.0, 'ws': 0.0, 'ws_scalar': 0.0}","{'gas': {'co': 13499, 'co2': 13261, 'no': 13587, 'no2': 13766, 'o3': 13746}, 'pm': {'pm1': 13203, 'pm10': 13205, 'pm25': 13204}}",3.46,11.38,23.06,1.16,1.9,1.29,779947118,38.7,MOD-00614,24.0,2026-09-13T16:49:24,2026-09-13T09:49:24,https://api.quant-aq.com/v1/devices/MOD-00614/data/779946792
1117.75,716.23,"{'lat': None, 'lon': None}","{'rh': 38.6, 'temp': 24.0, 'wd': 0.0, 'ws': 0.0, 'ws_scalar': 0.0}","{'gas': {'co': 13499, 'co2': 13261, 'no': 13587, 'no2': 13766, 'o3': 13746}, 'pm': {'pm1': 13203, 'pm10': 13205, 'pm25': 13204}}",3.46,11.19,22.81,0.88,0.92,0.92,779947113,38.6,MOD-00614,24.0,2026-09-13T16:48:23,2026-09-13T09:48:23,https://api.quant-aq.com/v1/devices/MOD-00614/data/779946788
1115.28,716.11,"{'lat': None, 'lon': None}","{'rh': 38.6, 'temp': 24.0, 'wd': 0.0, 'ws': 0.0, 'ws_scalar': 0.0}","{'gas': {'co': 13499, 'co2': 13261, 'no': 13587, 'no2': 13766, 'o3': 13746}, 'pm': {'pm1': 13203, 'pm10': 13205, 'pm25': 13204}}",3.46,11.02,23.65,0.87,0.95,0.92,779947114,38.6,MOD-00614,24.0,2026-09-13T16:47:23,2026-09-13T09:47:23,https://api.quant-aq.com/v1/devices/MOD-00614/data/779946789
1116.1,714.3,"{'lat': None, 'lon': None}","{'rh': 38.6, 'temp': 24.0, 'wd': 0.0, 'ws': 0.0, 'ws_scalar': 0.0}","{'gas': {'co': 13499, 'co2': 13261, 'no': 13587, 'no2': 13766, 'o3': 13746}, 'pm': {'pm1': 13203, 'pm10': 13205, 'pm25': 13204}}",3.46,11.19,23.37,1.14,1.63,1.18,779944279,38.6,MOD-00614,24.0,2026-09-13T16:46:23,2026-09-13T09:46:23,https://api.quant-aq.com/v1/devices/MOD-00614/data/779943954
1109.54,713.58,"{'lat': None, 'lon': None}","{'rh': 38.6, 'temp': 24.0, 'wd': 0.0, 'ws': 0.0, 'ws_scalar': 0.0}","{'gas': {'co': 13499, 'co2': 13261, 'no': 13587, 'no2': 13766, 'o3': 13746}, 'pm': {'pm1': 13203, 'pm10': 13205, 'pm25': 13204}}",3.46,11.3,22.54,0.73,1.05,0.81,779944282,38.6,MOD-00614,24.0,2026-09-13T16:45:23,2026-09-13T09:45:23,https://api.quant-aq.com/v1/devices/MOD-00614/data/779943956
1107.89,714.06,"{'lat': None, 'lon': None}","{'rh': 38.6, 'temp': 24.0, 'wd': 0.0, 'ws': 0.0, 'ws_scalar': 0.0}","{'gas': {'co': 13499, 'co2': 13261, 'no': 13587, 'no2': 13766, 'o3': 13746}, 'pm': {'pm1': 13203, 'pm10': 13205, 'pm25': 13204}}",3.46,11.02,23.37,0.9,0.98,0.98,779944281,38.6,MOD-00614,24.0,2026-09-13T16:44:23,2026-09-13T09:44:23,https://api.quant-aq.com/v1/devices/MOD-00614/data/779943957
1106.66,711.17,"{'lat': None, 'lon': None}","{'rh': 38.6, 'temp': 24.0, 'wd': 0.0, 'ws': 0.0, 'ws_scalar': 0.0}","{'gas': {'co': 13499, 'co2': 13261, 'no': 13587, 'no2': 13766, 'o3': 13746}, 'pm': {'pm1': 13203, 'pm10': 13205, 'pm25': 13204}}",3.46,11.3,23.09,0.9,1.17,0.96,779944283,38.6,MOD-00614,24.0,2026-09-13T16:43:23,2026-09-13T09:43:23,https://api.quant-aq.com/v1/devices/MOD-00614/data/779943958
1109.13,711.41,"{'lat': None, 'lon': None}","{'rh': 38.6, 'temp': 24.0, 'wd': 0.0, 'ws': 0.0, 'ws_scalar': 0.0}","{'gas': {'co': 13499, 'co2': 13261, 'no': 13587, 'no2': 13766, 'o3': 13746}, 'pm': {'pm1': 13203, 'pm10': 13205, 'pm25': 13204}}",3.46,11.02,23.09,1.32,10.75,1.33,779944280,38.6,MOD-00614,24.0,2026-09-13T16:42:23,2026-09-13T09:42:23,https://api.quant-aq.com/v1/devices/MOD-00614/data/779943955
1105.84,711.53,"{'lat': None, 'lon': None}","{'rh': 38.6, 'temp': 24.0, 'wd': 0.0, 'ws': 0.0, 'ws_scalar': 0.0}","{'gas': {'co': 13499, 'co2': 13261, 'no': 13587, 'no2': 13766, 'o3': 13746}, 'pm': {'pm1': 13203, 'pm10': 13205, 'pm25': 13204}}",3.46,11.3,22.81,0.97,1.48,1.0,779941424,38.6,MOD-00614,24.0,2026-09-13T16:41:23,2026-09-13T09:41:23,https://api.quant-aq.com/v1/devices/MOD-00614/data/779941099
1106.66,708.88,"{'lat': None, 'lon': None}","{'rh': 38.6, 'temp': 24.0, 'wd': 0.0, 'ws': 0.0, 'ws_scalar': 0.0}","{'gas': {'co': 13499, 'co2': 13261, 'no': 13587, 'no2': 13766, 'o3': 13746}, 'pm': {'pm1': 13203, 'pm10': 13205, 'pm25': 13204}}",3.46,11.3,23.09,1.07,1.47,1.1,779941423,38.6,MOD-00614,24.0,2026-09-13T16:40:23,2026-09-13T09:40:23,https://api.quant-aq.com/v1/devices/MOD-00614/data/779941098
1106.25,710.33,"{'lat': None, 'lon': None}","{'rh': 38.6, 'temp': 24.0, 'wd': 0.0, 'ws': 0.0, 'ws_scalar': 0.0}","{'gas': {'co': 13499, 'co2': 13261, 'no': 13587, 'no2': 13766, 'o3': 13746}, 'pm': {'pm1': 13203, 'pm10': 13205, 'pm25': 13204}}",3.46,11.02,22.81,1.02,1.31,1.08,779941422,38.6,MOD-00614,24.0,2026-09-13T16:39:23,2026-09-13T09:39:23,https://api.quant-aq.com/v1/devices/MOD-00614/data/779941097
1100.99,706.6,"{'lat': None, 'lon': None}","{'rh': 38.5, 'temp': 24.0, 'wd': 0.0, 'ws': 0.0, 'ws_scalar': 0.0}","{'gas': {'co': 13499, 'co2': 13261, 'no': 13587, 'no2': 13766, 'o3': 13746}, 'pm': {'pm1': 13203, 'pm10': 13205, 'pm25': 13204}}",3.46,10.82,23.4,0.79,0.88,0.88,779941421,38.5,MOD-00614,24.0,2026-09-13T16:38:23,2026-09-13T09:38:23,https://api.quant-aq.com/v1/devices/MOD-00614/data/779941095
1096.29,707.68,"{'lat': None, 'lon': None}","{'rh': 38.6, 'temp': 23.9, 'wd': 0.0, 'ws': 0.0, 'ws_scalar': 0.0}","{'gas': {'co': 13499, 'co2': 13261, 'no': 13587, 'no2': 13766, 'o3': 13746}, 'pm': {'pm1': 13203, 'pm10': 13205, 'pm25': 13204}}",3.46,11.25,22.8,0.97,1.02,1.02,779941420,38.6,MOD-00614,23.9,2026-09-13T16:37:23,2026-09-13T09:37:23,https://api.quant-aq.com/v1/devices/MOD-00614/data/779941096
1102.45,705.39,"{'lat': None, 'lon': None}","{'rh': 38.6, 'temp': 23.9, 'wd': 0.0, 'ws': 0.0, 'ws_scalar': 0.0}","{'gas': {'co': 13499, 'co2': 13261, 'no': 13587, 'no2': 13766, 'o3': 13746}, 'pm': {'pm1': 13203, 'pm10': 13205, 'pm25': 13204}}",3.46,11.25,22.52,0.8,2.74,0.84,779938526,38.6,MOD-00614,23.9,2026-09-13T16:36:22,2026-09-13T09:36:22,https://api.quant-aq.com/v1/devices/MOD-00614/data/779938203
1094.24,704.31,"{'lat': None, 'lon': None}","{'rh': 38.6, 'temp': 23.9, 'wd': 0.0, 'ws': 0.0, 'ws_scalar': 0.0}","{'gas': {'co': 13499, 'co2': 13261, 'no': 13587, 'no2': 13766, 'o3': 13746}, 'pm': {'pm1': 13203, 'pm10': 13205, 'pm25': 13204}}",3.46,11.25,23.35,1.1,1.38,1.16,779938528,38.6,MOD-00614,23.9,2026-09-13T16:35:22,2026-09-13T09:35:22,https://api.quant-aq.com/v1/devices/MOD-00614/data/779938202
1095.47,702.26,"{'lat': None, 'lon': None}","{'rh': 38.6, 'temp': 23.9, 'wd': 0.0, 'ws': 0.0, 'ws_scalar': 0.0}","{'gas': {'co': 13499, 'co2': 13261, 'no': 13587, 'no2': 13766, 'o3': 13746}, 'pm': {'pm1': 13203, 'pm10': 13205, 'pm25': 13204}}",3.46,11.06,23.07,0.93,1.1,0.93,779938521,38.6,MOD-00614,23.9,2026-09-13T16:34:22,2026-09-13T09:34:22,https://api.quant-aq.com/v1/devices/MOD-00614/data/779938198
1092.26,705.03,"{'lat': None, 'lon': None}","{'rh': 38.5, 'temp': 23.9, 'wd': 0.0, 'ws': 0.0, 'ws_scalar': 0.0}","{'gas': {'co': 13499, 'co2': 13261, 'no': 13587, 'no2': 13766, 'o3': 13746}, 'pm': {'pm1': 13203, 'pm10': 13205, 'pm25': 13204}}",3.4,11.47,23.11,0.8,0.92,0.88,779938525,38.5,MOD-00614,23.9,2026-09-13T16:33:22,2026-09-13T09:33:22,https://api.quant-aq.com/v1/devices/MOD-00614/data/779938200
1084.8,704.67,"{'lat': None, 'lon': None}","{'rh': 38.6, 'temp': 23.9, 'wd': 0.0, 'ws': 0.0, 'ws_scalar': 0.0}","{'gas': {'co': 13499, 'co2': 13261, 'no': 13587, 'no2': 13766, 'o3': 13746}, 'pm': {'pm1': 13203, 'pm10': 13205, 'pm25': 13204}}",3.46,11.4,23.35,1.0,4.55,1.04,779938523,38.6,MOD-00614,23.9,2026-09-13T16:32:22,2026-09-13T09:32:22,https://api.quant-aq.com/v1/devices/MOD-00614/data/779938196
1084.87,706.11,"{'lat': None, 'lon': None}","{'rh': 38.5, 'temp': 23.9, 'wd': 0.0, 'ws': 0.0, 'ws_scalar': 0.0}","{'gas': {'co': 13499, 'co2': 13261, 'no': 13587, 'no2': 13766, 'o3': 13746}, 'pm': {'pm1': 13203, 'pm10': 13205, 'pm25': 13204}}",3.4,10.86,22.83,0.99,1.01,1.01,779935706,38.5,MOD-00614,23.9,2026-09-13T16:31:22,2026-09-13T09:31:22,https://api.quant-aq.com/v1/devices/MOD-00614/data/779935381
1084.05,703.83,"{'lat': None, 'lon': None}","{'rh': 38.5, 'temp': 23.9, 'wd': 0.0, 'ws': 0.0, 'ws_scalar': 0.0}","{'gas': {'co': 13499, 'co2': 13261, 'no': 13587, 'no2': 13766, 'o3': 13746}, 'pm': {'pm1': 13203, 'pm10': 13205, 'pm25': 13204}}",3.4,11.32,22.55,0.96,1.45,0.96,779935707,38.5,MOD-00614,23.9,2026-09-13T16:30:22,2026-09-13T09:30:22,https://api.quant-aq.com/v1/devices/MOD-00614/data/779935382
1084.05,705.87,"{'lat': None, 'lon': None}","{'rh': 38.5, 'temp': 23.9, 'wd': 0.0, 'ws': 0.0, 'ws_scalar': 0.0}","{'gas': {'co': 13499, 'co2': 13261, 'no': 13587, 'no2': 13766, 'o3': 13746}, 'pm': {'pm1': 13203, 'pm10': 13205, 'pm25': 13204}}",3.4,9.87,23.38,1.03,1.6,1.07,779935703,38.5,MOD-00614,23.9,2026-09-13T16:29:22,2026-09-13T09:29:22,https://api.quant-aq.com/v1/devices/MOD-00614/data/779935378
1077.48,704.55,"{'lat': None, 'lon': None}","{'rh': 38.5, 'temp': 23.9, 'wd': 0.0, 'ws': 0.0, 'ws_scalar': 0.0}","{'gas': {'co': 13499, 'co2': 13261, 'no': 13587, 'no2': 13766, 'o3': 13746}, 'pm': {'pm1': 13203, 'pm10': 13205, 'pm25': 13204}}",3.4,11.32,22.55,0.97,1.1,1.02,779935704,38.5,MOD-00614,23.9,2026-09-13T16:28:22,2026-09-13T09:28:22,https://api.quant-aq.com/v1/devices/MOD-00614/data/779935380
1071.32,705.87,"{'lat': None, 'lon': None}","{'rh': 38.5, 'temp': 23.9, 'wd': 0.0, 'ws': 0.0, 'ws_scalar': 0.0}","{'gas': {'co': 13499, 'co2': 13261, 'no': 13587, 'no2': 13766, 'o3': 13746}, 'pm': {'pm1': 13203, 'pm10': 13205, 'pm25': 13204}}",3.4,11.47,22.83,1.18,1.27,1.23,779935705,38.5,MOD-00614,23.9,2026-09-13T16:27:22,2026-09-13T09:27:22,https://api.quant-aq.com/v1/devices/MOD-00614/data/779935379
1076.25,701.42,"{'lat': None, 'lon': None}","{'rh': 38.5, 'temp': 23.9, 'wd': 0.0, 'ws': 0.0, 'ws_scalar': 0.0}","{'gas': {'co': 13499, 'co2': 13261, 'no': 13587, 'no2': 13766, 'o3': 13746}, 'pm': {'pm1': 13203, 'pm10': 13205, 'pm25': 13204}}",3.4,9.87,22.55,1.18,1.38,1.25,779932860,38.5,MOD-00614,23.9,2026-09-13T16:26:22,2026-09-13T09:26:22,https://api.quant-aq.com/v1/devices/MOD-00614/data/779932535
1071.32,701.06,"{'lat': None, 'lon': None}","{'rh': 38.5, 'temp': 23.9, 'wd': 0.0, 'ws': 0.0, 'ws_scalar': 0.0}","{'gas': {'co': 13499, 'co2': 13261, 'no': 13587, 'no2': 13766, 'o3': 13746}, 'pm': {'pm1': 13203, 'pm10': 13205, 'pm25': 13204}}",3.4,10.86,23.11,1.16,1.68,1.18,779932859,38.5,MOD-00614,23.9,2026-09-13T16:25:22,2026-09-13T09:25:22,https://api.quant-aq.com/v1/devices/MOD-00614/data/779932534
1072.55,701.3,"{'lat': None, 'lon': None}","{'rh': 38.5, 'temp': 23.9, 'wd': 0.0, 'ws': 0.0, 'ws_scalar': 0.0}","{'gas': {'co': 13499, 'co2': 13261, 'no': 13587, 'no2': 13766, 'o3': 13746}, 'pm': {'pm1': 13203, 'pm10': 13205, 'pm25': 13204}}",3.4,10.86,23.11,0.89,0.92,0.92,779932858,38.5,MOD-00614,23.9,2026-09-13T16:24:21,2026-09-13T09:24:21,https://api.quant-aq.com/v1/devices/MOD-00614/data/779932532
1067.22,701.78,"{'lat': None, 'lon': None}","{'rh': 38.5, 'temp': 23.9, 'wd': 0.0, 'ws': 0.0, 'ws_scalar': 0.0}","{'gas': {'co': 13499, 'co2': 13261, 'no': 13587, 'no2': 13766, 'o3': 13746}, 'pm': {'pm1': 13203, 'pm10': 13205, 'pm25': 13204}}",3.4,11.32,22.28,1.07,1.07,1.07,779932855,38.5,MOD-00614,23.9,2026-09-13T16:23:21,2026-09-13T09:23:21,https://api.quant-aq.com/v1/devices/MOD-00614/data/779932531
1065.16,702.26,"{'lat': None, 'lon': None}","{'rh': 38.5, 'temp': 23.9, 'wd': 0.0, 'ws': 0.0, 'ws_scalar': 0.0}","{'gas': {'co': 13499, 'co2': 13261, 'no': 13587, 'no2': 13766, 'o3': 13746}, 'pm': {'pm1': 13203, 'pm10': 13205, 'pm25': 13204}}",3.4,11.32,23.11,0.91,0.91,0.91,779932856,38.5,MOD-00614,23.9,2026-09-13T16:22:21,2026-09-13T09:22:21,https://api.quant-aq.com/v1/devices/MOD-00614/data/779932533
1069.68,702.62,"{'lat': None, 'lon': None}","{'rh': 38.5, 'temp': 23.9, 'wd': 0.0, 'ws': 0.0, 'ws_scalar': 0.0}","{'gas': {'co': 13499, 'co2': 13261, 'no': 13587, 'no2': 13766, 'o3': 13746}, 'pm': {'pm1': 13203, 'pm10': 13205, 'pm25': 13204}}",3.4,11.32,23.11,1.0,1.19,1.0,779930001,38.5,MOD-00614,23.9,2026-09-13T16:21:21,2026-09-13T09:21:21,https://api.quant-aq.com/v1/devices/MOD-00614/data/779929677
1065.57,701.54,"{'lat': None, 'lon': None}","{'rh': 38.5, 'temp': 23.9, 'wd': 0.0, 'ws': 0.0, 'ws_scalar': 0.0}","{'gas': {'co': 13499, 'co2': 13261, 'no': 13587, 'no2': 13766, 'o3': 13746}, 'pm': {'pm1': 13203, 'pm10': 13205, 'pm25': 13204}}",3.4,10.86,23.11,1.14,1.15,1.15,779930000,38.5,MOD-00614,23.9,2026-09-13T16:20:21,2026-09-13T09:20:21,https://api.quant-aq.com/v1/devices/MOD-00614/data/779929675
1062.7,700.81,"{'lat': None, 'lon': None}","{'rh': 38.5, 'temp': 23.9, 'wd': 0.0, 'ws': 0.0, 'ws_scalar': 0.0}","{'gas': {'co': 13499, 'co2': 13261, 'no': 13587, 'no2': 13766, 'o3': 13746}, 'pm': {'pm1': 13203, 'pm10': 13205, 'pm25': 13204}}",3.4,10.58,22.83,1.02,1.15,1.07,779929997,38.5,MOD-00614,23.9,2026-09-13T16:19:21,2026-09-13T09:19:21,https://api.quant-aq.com/v1/devices/MOD-00614/data/779929672
1058.49,701.3,"{'lat': None, 'lon': None}","{'rh': 38.5, 'temp': 23.8, 'wd': 0.0, 'ws': 0.0, 'ws_scalar': 0.0}","{'gas': {'co': 13499, 'co2': 13261, 'no': 13587, 'no2': 13766, 'o3': 13746}, 'pm': {'pm1': 13203, 'pm10': 13205, 'pm25': 13204}}",3.4,10.9,22.53,1.05,1.05,1.05,779929999,38.5,MOD-00614,23.8,2026-09-13T16:18:21,2026-09-13T09:18:21,https://api.quant-aq.com/v1/devices/MOD-00614/data/779929674
1058.49,699.13,"{'lat': None, 'lon': None}","{'rh': 38.5, 'temp': 23.8, 'wd': 0.0, 'ws': 0.0, 'ws_scalar': 0.0}","{'gas': {'co': 13499, 'co2': 13261, 'no': 13587, 'no2': 13766, 'o3': 13746}, 'pm': {'pm1': 13203, 'pm10': 13205, 'pm25': 13204}}",3.4,10.9,22.81,1.16,1.32,1.16,779929998,38.5,MOD-00614,23.8,2026-09-13T16:17:21,2026-09-13T09:17:21,https://api.quant-aq.com/v1/devices/MOD-00614/data/779929673
1054.38,701.66,"{'lat': None, 'lon': None}","{'rh': 38.5, 'temp': 23.8, 'wd': 0.0, 'ws': 0.0, 'ws_scalar': 0.0}","{'gas': {'co': 13499, 'co2': 13261, 'no': 13587, 'no2': 13766, 'o3': 13746}, 'pm': {'pm1': 13203, 'pm10': 13205, 'pm25': 13204}}",3.4,10.9,23.09,1.12,1.58,1.12,779927159,38.5,MOD-00614,23.8,2026-09-13T16:16:21,2026-09-13T09:16:21,https://api.quant-aq.com/v1/devices/MOD-00614/data/779926834
1059.31,702.02,"{'lat': None, 'lon': None}","{'rh': 38.5, 'temp': 23.8, 'wd': 0.0, 'ws': 0.0, 'ws_scalar': 0.0}","{'gas': {'co': 13499, 'co2': 13261, 'no': 13587, 'no2': 13766, 'o3': 13746}, 'pm': {'pm1': 13203, 'pm10': 13205, 'pm25': 13204}}",3.4,10.62,23.09,0.99,1.51,1.01,779927157,38.5,MOD-00614,23.8,2026-09-13T16:15:21,2026-09-13T09:15:21,https://api.quant-aq.com/v1/devices/MOD-00614/data/779926832
1058.08,696.6,"{'lat': None, 'lon': None}","{'rh': 38.5, 'temp': 23.8, 'wd': 0.0, 'ws': 0.0, 'ws_scalar': 0.0}","{'gas': {'co': 13499, 'co2': 13261, 'no': 13587, 'no2': 13766, 'o3': 13746}, 'pm': {'pm1': 13203, 'pm10': 13205, 'pm25': 13204}}",3.4,9.9,23.09,0.76,0.78,0.78,779927158,38.5,MOD-00614,23.8,2026-09-13T16:14:21,2026-09-13T09:14:21,https://api.quant-aq.com/v1/devices/MOD-00614/data/779926833
1056.85,700.33,"{'lat': None, 'lon': None}","{'rh': 38.5, 'temp': 23.8, 'wd': 0.0, 'ws': 0.0, 'ws_scalar': 0.0}","{'gas': {'co': 13499, 'co2': 13261, 'no': 13587, 'no2': 13766, 'o3': 13746}, 'pm': {'pm1': 13203, 'pm10': 13205, 'pm25': 13204}}",3.4,11.38,22.81,0.84,0.86,0.86,779927155,38.5,MOD-00614,23.8,2026-09-13T16:13:21,2026-09-13T09:13:21,https://api.quant-aq.com/v1/devices/MOD-00614/data/779926830
1057.6,700.45,"{'lat': None, 'lon': None}","{'rh': 38.6, 'temp': 23.8, 'wd': 0.0, 'ws': 0.0, 'ws_scalar': 0.0}","{'gas': {'co': 13499, 'co2': 13261, 'no': 13587, 'no2': 13766, 'o3': 13746}, 'pm': {'pm1': 13203, 'pm10': 13205, 'pm25': 13204}}",3.4,11.1,22.78,1.06,1.73,1.12,779927156,38.6,MOD-00614,23.8,2026-09-13T16:12:21,2026-09-13T09:12:21,https://api.quant-aq.com/v1/devices/MOD-00614/data/779926831
1057.67,696.72,"{'lat': None, 'lon': None}","{'rh': 38.5, 'temp': 23.8, 'wd': 0.0, 'ws': 0.0, 'ws_scalar': 0.0}","{'gas': {'co': 13499, 'co2': 13261, 'no': 13587, 'no2': 13766, 'o3': 13746}, 'pm': {'pm1': 13203, 'pm10': 13205, 'pm25': 13204}}",3.4,10.9,23.09,0.83,0.85,0.85,779924382,38.5,MOD-00614,23.8,2026-09-13T16:11:20,2026-09-13T09:11:20,https://api.quant-aq.com/v1/devices/MOD-00614/data/779924057
1056.36,699.61,"{'lat': None, 'lon': None}","{'rh': 38.6, 'temp': 23.8, 'wd': 0.0, 'ws': 0.0, 'ws_scalar': 0.0}","{'gas': {'co': 13499, 'co2': 13261, 'no': 13587, 'no2': 13766, 'o3': 13746}, 'pm': {'pm1': 13203, 'pm10': 13205, 'pm25': 13204}}",3.4,10.56,23.06,0.96,0.97,0.97,779924381,38.6,MOD-00614,23.8,2026-09-13T16:10:20,2026-09-13T09:10:20,https://api.quant-aq.com/v1/devices/MOD-00614/data/779924056
1058.42,700.45,"{'lat': None, 'lon': None}","{'rh': 38.6, 'temp': 23.8, 'wd': 0.0, 'ws': 0.0, 'ws_scalar': 0.0}","{'gas': {'co': 13499, 'co2': 13261, 'no': 13587, 'no2': 13766, 'o3': 13746}, 'pm': {'pm1': 13203, 'pm10': 13205, 'pm25': 13204}}",3.4,11.1,22.5,0.98,0.98,0.98,779924379,38.6,MOD-00614,23.8,2026-09-13T16:09:20,2026-09-13T09:09:20,https://api.quant-aq.com/v1/devices/MOD-00614/data/779924054
1049.39,701.9,"{'lat': None, 'lon': None}","{'rh': 38.6, 'temp': 23.8, 'wd': 0.0, 'ws': 0.0, 'ws_scalar': 0.0}","{'gas': {'co': 13499, 'co2': 13261, 'no': 13587, 'no2': 13766, 'o3': 13746}, 'pm': {'pm1': 13203, 'pm10': 13205, 'pm25': 13204}}",3.4,11.1,22.23,1.13,1.13,1.13,779924380,38.6,MOD-00614,23.8,2026-09-13T16:08:20,2026-09-13T09:08:20,https://api.quant-aq.com/v1/devices/MOD-00614/data/779924055
1051.85,699.73,"{'lat': None, 'lon': None}","{'rh': 38.6, 'temp': 23.8, 'wd': 0.0, 'ws': 0.0, 'ws_scalar': 0.0}","{'gas': {'co': 13499, 'co2': 13261, 'no': 13587, 'no2': 13766, 'o3': 13746}, 'pm': {'pm1': 13203, 'pm10': 13205, 'pm25': 13204}}",3.4,10.56,23.33,1.21,3.38,1.21,779924378,38.6,MOD-00614,23.8,2026-09-13T16:07:20,2026-09-13T09:07:20,https://api.quant-aq.com/v1/devices/MOD-00614/data/779924053
1056.78,700.57,"{'lat': None, 'lon': None}","{'rh': 38.6, 'temp': 23.8, 'wd': 0.0, 'ws': 0.0, 'ws_scalar': 0.0}","{'gas': {'co': 13499, 'co2': 13261, 'no': 13587, 'no2': 13766, 'o3': 13746}, 'pm': {'pm1': 13203, 'pm10': 13205, 'pm25': 13204}}",3.4,11.31,22.5,0.94,0.94,0.94,779921459,38.6,MOD-00614,23.8,2026-09-13T16:06:20,2026-09-13T09:06:20,https://api.quant-aq.com/v1/devices/MOD-00614/data/779921136
1054.72,700.57,"{'lat': None, 'lon': None}","{'rh': 38.6, 'temp': 23.8, 'wd': 0.0, 'ws': 0.0, 'ws_scalar': 0.0}","{'gas': {'co': 13499, 'co2': 13261, 'no': 13587, 'no2': 13766, 'o3': 13746}, 'pm': {'pm1': 13203, 'pm10': 13205, 'pm25': 13204}}",3.45,10.56,23.33,0.95,0.98,0.98,779921461,38.6,MOD-00614,23.8,2026-09-13T16:05:20,2026-09-13T09:05:20,https://api.quant-aq.com/v1/devices/MOD-00614/data/779921135
1054.31,697.68,"{'lat': None, 'lon': None}","{'rh': 38.6, 'temp': 23.8, 'wd': 0.0, 'ws': 0.0, 'ws_scalar': 0.0}","{'gas': {'co': 13499, 'co2': 13261, 'no': 13587, 'no2': 13766, 'o3': 13746}, 'pm': {'pm1': 13203, 'pm10': 13205, 'pm25': 13204}}",3.4,10.56,22.78,0.93,0.93,0.93,779921460,38.6,MOD-00614,23.8,2026-09-13T16:04:20,2026-09-13T09:04:20,https://api.quant-aq.com/v1/devices/MOD-00614/data/779921134
1056.36,699.97,"{'lat': None, 'lon': None}","{'rh': 38.6, 'temp': 23.8, 'wd': 0.0, 'ws': 0.0, 'ws_scalar': 0.0}","{'gas': {'co': 13499, 'co2': 13261, 'no': 13587, 'no2': 13766, 'o3': 13746}, 'pm': {'pm1': 13203, 'pm10': 13205, 'pm25': 13204}}",3.4,11.31,23.06,1.21,11.07,1.21,779921457,38.6,MOD-00614,23.8,2026-09-13T16:03:20,2026-09-13T09:03:20,https://api.quant-aq.com/v1/devices/MOD-00614/data/779921132
1057.6,697.8,"{'lat': None, 'lon': None}","{'rh': 38.6, 'temp': 23.8, 'wd': 0.0, 'ws': 0.0, 'ws_scalar': 0.0}","{'gas': {'co': 13499, 'co2': 13261, 'no': 13587, 'no2': 13766, 'o3': 13746}, 'pm': {'pm1': 13203, 'pm10': 13205, 'pm25': 13204}}",3.4,10.56,22.23,0.94,1.97,0.94,779921458,38.6,MOD-00614,23.8,2026-09-13T16:02:20,2026-09-13T09:02:20,https://api.quant-aq.com/v1/devices/MOD-00614/data/779921133
1050.96,699.97,"{'lat': None, 'lon': None}","{'rh': 38.7, 'temp': 23.8, 'wd': 0.0, 'ws': 0.0, 'ws_scalar': 0.0}","{'gas': {'co': 13499, 'co2': 13261, 'no': 13587, 'no2': 13766, 'o3': 13746}, 'pm': {'pm1': 13203, 'pm10': 13205, 'pm25': 13204}}",3.45,11.43,22.75,0.96,0.96,0.96,779918587,38.7,MOD-00614,23.8,2026-09-13T16:01:20,2026-09-13T09:01:20,https://api.quant-aq.com/v1/devices/MOD-00614/data/779918263
1057.94,699.37,"{'lat': None, 'lon': None}","{'rh': 38.7, 'temp': 23.8, 'wd': 0.0, 'ws': 0.0, 'ws_scalar': 0.0}","{'gas': {'co': 13499, 'co2': 13261, 'no': 13587, 'no2': 13766, 'o3': 13746}, 'pm': {'pm1': 13203, 'pm10': 13205, 'pm25': 13204}}",3.45,11.05,22.75,1.22,1.39,1.22,779918590,38.7,MOD-00614,23.8,2026-09-13T16:00:20,2026-09-13T09:00:20,https://api.quant-aq.com/v1/devices/MOD-00614/data/779918265
1056.7,697.08,"{'lat': None, 'lon': None}","{'rh': 38.7, 'temp': 23.8, 'wd': 0.0, 'ws': 0.0, 'ws_scalar': 0.0}","{'gas': {'co': 13499, 'co2': 13261, 'no': 13587, 'no2': 13766, 'o3': 13746}, 'pm': {'pm1': 13203, 'pm10': 13205, 'pm25': 13204}}",3.45,11.43,22.47,1.24,1.24,1.24,779918586,38.7,MOD-00614,23.8,2026-09-13T15:59:20,2026-09-13T08:59:20,https://api.quant-aq.com/v1/devices/MOD-00614/data/779918261
1057.53,699.85,"{'lat': None, 'lon': None}","{'rh': 38.7, 'temp': 23.8, 'wd': 0.0, 'ws': 0.0, 'ws_scalar': 0.0}","{'gas': {'co': 13499, 'co2': 13261, 'no': 13587, 'no2': 13766, 'o3': 13746}, 'pm': {'pm1': 13203, 'pm10': 13205, 'pm25': 13204}}",3.45,11.05,22.75,1.15,1.15,1.15,779918589,38.7,MOD-00614,23.8,2026-09-13T15:58:20,2026-09-13T08:58:20,https://api.quant-aq.com/v1/devices/MOD-00614/data/779918264
1064.09,700.81,"{'lat': None, 'lon': None}","{'rh': 38.7, 'temp': 23.8, 'wd': 0.0, 'ws': 0.0, 'ws_scalar': 0.0}","{'gas': {'co': 13499, 'co2': 13261, 'no': 13587, 'no2': 13766, 'o3': 13746}, 'pm': {'pm1': 13203, 'pm10': 13205, 'pm25': 13204}}",3.46,11.25,23.03,0.82,0.82,0.82,779918588,38.7,MOD-00614,23.8,2026-09-13T15:57:19,2026-09-13T08:57:19,https://api.quant-aq.com/v1/devices/MOD-00614/data/779918262
1055.78,698.41,"{'lat': None, 'lon': None}","{'rh': 38.7, 'temp': 23.7, 'wd': 0.0, 'ws': 0.0, 'ws_scalar': 0.0}","{'gas': {'co': 13499, 'co2': 13261, 'no': 13587, 'no2': 13766, 'o3': 13746}, 'pm': {'pm1': 13203, 'pm10': 13205, 'pm25': 13204}}",3.45,11.1,22.73,1.19,1.55,1.2,779915743,38.7,MOD-00614,23.7,2026-09-13T15:56:19,2026-09-13T08:56:19,https://api.quant-aq.com/v1/devices/MOD-00614/data/779915419
1054.58,699.49,"{'lat': None, 'lon': None}","{'rh': 38.8, 'temp': 23.8, 'wd': 0.0, 'ws': 0.0, 'ws_scalar': 0.0}","{'gas': {'co': 13499, 'co2': 13261, 'no': 13587, 'no2': 13766, 'o3': 13746}, 'pm': {'pm1': 13203, 'pm10': 13205, 'pm25': 13204}}",3.45,10.0,22.72,0.88,0.95,0.9,779915742,38.8,MOD-00614,23.8,2026-09-13T15:55:19,2026-09-13T08:55:19,https://api.quant-aq.com/v1/devices/MOD-00614/data/779915417
1058.99,694.19,"{'lat': None, 'lon': None}","{'rh': 38.8, 'temp': 23.7, 'wd': 0.0, 'ws': 0.0, 'ws_scalar': 0.0}","{'gas': {'co': 13499, 'co2': 13261, 'no': 13587, 'no2': 13766, 'o3': 13746}, 'pm': {'pm1': 13203, 'pm10': 13205, 'pm25': 13204}}",3.45,11.25,22.98,1.04,1.04,1.04,779915741,38.8,MOD-00614,23.7,2026-09-13T15:54:19,2026-09-13T08:54:19,https://api.quant-aq.com/v1/devices/MOD-00614/data/779915416
1059.4,696.72,"{'lat': None, 'lon': None}","{'rh': 38.8, 'temp': 23.7, 'wd': 0.0, 'ws': 0.0, 'ws_scalar': 0.0}","{'gas': {'co': 13499, 'co2': 13261, 'no': 13587, 'no2': 13766, 'o3': 13746}, 'pm': {'pm1': 13203, 'pm10': 13205, 'pm25': 13204}}",3.45,11.06,22.42,0.92,0.92,0.92,779915739,38.8,MOD-00614,23.7,2026-09-13T15:53:19,2026-09-13T08:53:19,https://api.quant-aq.com/v1/devices/MOD-00614/data/779915414
1067.2,699.13,"{'lat': None, 'lon': None}","{'rh': 38.8, 'temp': 23.7, 'wd': 0.0, 'ws': 0.0, 'ws_scalar': 0.0}","{'gas': {'co': 13499, 'co2': 13261, 'no': 13587, 'no2': 13766, 'o3': 13746}, 'pm': {'pm1': 13203, 'pm10': 13205, 'pm25': 13204}}",3.45,11.06,22.42,1.0,1.21,1.04,779915740,38.8,MOD-00614,23.7,2026-09-13T15:52:19,2026-09-13T08:52:19,https://api.quant-aq.com/v1/devices/MOD-00614/data/779915415
1058.99,695.03,"{'lat': None, 'lon': None}","{'rh': 38.8, 'temp': 23.7, 'wd': 0.0, 'ws': 0.0, 'ws_scalar': 0.0}","{'gas': {'co': 13499, 'co2': 13261, 'no': 13587, 'no2': 13766, 'o3': 13746}, 'pm': {'pm1': 13203, 'pm10': 13205, 'pm25': 13204}}",3.45,10.66,23.26,1.06,1.15,1.11,779912915,38.8,MOD-00614,23.7,2026-09-13T15:51:19,2026-09-13T08:51:19,https://api.quant-aq.com/v1/devices/MOD-00614/data/779912592
1065.56,700.93,"{'lat': None, 'lon': None}","{'rh': 38.8, 'temp': 23.7, 'wd': 0.0, 'ws': 0.0, 'ws_scalar': 0.0}","{'gas': {'co': 13499, 'co2': 13261, 'no': 13587, 'no2': 13766, 'o3': 13746}, 'pm': {'pm1': 13203, 'pm10': 13205, 'pm25': 13204}}",3.45,11.25,22.98,0.85,1.21,0.85,779912918,38.8,MOD-00614,23.7,2026-09-13T15:50:19,2026-09-13T08:50:19,https://api.quant-aq.com/v1/devices/MOD-00614/data/779912593
1061.04,699.97,"{'lat': None, 'lon': None}","{'rh': 38.8, 'temp': 23.7, 'wd': 0.0, 'ws': 0.0, 'ws_scalar': 0.0}","{'gas': {'co': 13499, 'co2': 13261, 'no': 13587, 'no2': 13766, 'o3': 13746}, 'pm': {'pm1': 13203, 'pm10': 13205, 'pm25': 13204}}",3.45,11.25,22.7,0.75,0.75,0.75,779912910,38.8,MOD-00614,23.7,2026-09-13T15:49:19,2026-09-13T08:49:19,https://api.quant-aq.com/v1/devices/MOD-00614/data/779912588
1065.07,700.09,"{'lat': None, 'lon': None}","{'rh': 38.9, 'temp': 23.7, 'wd': 0.0, 'ws': 0.0, 'ws_scalar': 0.0}","{'gas': {'co': 13499, 'co2': 13261, 'no': 13587, 'no2': 13766, 'o3': 13746}, 'pm': {'pm1': 13203, 'pm10': 13205, 'pm25': 13204}}",3.45,10.64,22.95,0.92,0.93,0.93,779912912,38.9,MOD-00614,23.7,2026-09-13T15:48:19,2026-09-13T08:48:19,https://api.quant-aq.com/v1/devices/MOD-00614/data/779912590
1062.2,701.18,"{'lat': None, 'lon': None}","{'rh': 38.9, 'temp': 23.7, 'wd': 0.0, 'ws': 0.0, 'ws_scalar': 0.0}","{'gas': {'co': 13499, 'co2': 13261, 'no': 13587, 'no2': 13766, 'o3': 13746}, 'pm': {'pm1': 13203, 'pm10': 13205, 'pm25': 13204}}",3.45,10.64,22.39,1.01,2.78,1.04,779912917,38.9,MOD-00614,23.7,2026-09-13T15:47:19,2026-09-13T08:47:19,https://api.quant-aq.com/v1/devices/MOD-00614/data/779912591
1062.2,701.42,"{'lat': None, 'lon': None}","{'rh': 38.9, 'temp': 23.7, 'wd': 0.0, 'ws': 0.0, 'ws_scalar': 0.0}","{'gas': {'co': 13499, 'co2': 13261, 'no': 13587, 'no2': 13766, 'o3': 13746}, 'pm': {'pm1': 13203, 'pm10': 13205, 'pm25': 13204}}",3.45,11.52,22.39,0.95,5.76,0.97,779909879,38.9,MOD-00614,23.7,2026-09-13T15:46:19,2026-09-13T08:46:19,https://api.quant-aq.com/v1/devices/MOD-00614/data/779909556
1067.13,702.74,"{'lat': None, 'lon': None}","{'rh': 38.9, 'temp': 23.7, 'wd': 0.0, 'ws': 0.0, 'ws_scalar': 0.0}","{'gas': {'co': 13499, 'co2': 13261, 'no': 13587, 'no2': 13766, 'o3': 13746}, 'pm': {'pm1': 13203, 'pm10': 13205, 'pm25': 13204}}",3.45,10.64,22.67,1.01,1.08,1.04,779909883,38.9,MOD-00614,23.7,2026-09-13T15:45:19,2026-09-13T08:45:19,https://api.quant-aq.com/v1/devices/MOD-00614/data/779909560
1068.36,702.5,"{'lat': None, 'lon': None}","{'rh': 38.9, 'temp': 23.7, 'wd': 0.0, 'ws': 0.0, 'ws_scalar': 0.0}","{'gas': {'co': 13499, 'co2': 13261, 'no': 13587, 'no2': 13766, 'o3': 13746}, 'pm': {'pm1': 13203, 'pm10': 13205, 'pm25': 13204}}",3.45,11.04,23.23,1.2,1.2,1.2,779909887,38.9,MOD-00614,23.7,2026-09-13T15:44:19,2026-09-13T08:44:19,https://api.quant-aq.com/v1/devices/MOD-00614/data/779909558
1068.36,702.62,"{'lat': None, 'lon': None}","{'rh': 38.9, 'temp': 23.7, 'wd': 0.0, 'ws': 0.0, 'ws_scalar': 0.0}","{'gas': {'co': 13499, 'co2': 13261, 'no': 13587, 'no2': 13766, 'o3': 13746}, 'pm': {'pm1': 13203, 'pm10': 13205, 'pm25': 13204}}",3.45,11.22,22.39,1.07,1.08,1.08,779909885,38.9,MOD-00614,23.7,2026-09-13T15:43:18,2026-09-13T08:43:18,https://api.quant-aq.com/v1/devices/MOD-00614/data/779909559
1065.07,704.55,"{'lat': None, 'lon': None}","{'rh': 38.9, 'temp': 23.7, 'wd': 0.0, 'ws': 0.0, 'ws_scalar': 0.0}","{'gas': {'co': 13499, 'co2': 13261, 'no': 13587, 'no2': 13766, 'o3': 13746}, 'pm': {'pm1': 13203, 'pm10': 13205, 'pm25': 13204}}",3.45,11.22,22.39,1.05,1.07,1.07,779909881,38.9,MOD-00614,23.7,2026-09-13T15:42:18,2026-09-13T08:42:18,https://api.quant-aq.com/v1/devices/MOD-00614/data/779909555
1065.82,703.34,"{'lat': None, 'lon': None}","{'rh': 39.0, 'temp': 23.7, 'wd': 0.0, 'ws': 0.0, 'ws_scalar': 0.0}","{'gas': {'co': 13499, 'co2': 13261, 'no': 13587, 'no2': 13766, 'o3': 13746}, 'pm': {'pm1': 13203, 'pm10': 13205, 'pm25': 13204}}",3.45,10.86,22.92,1.05,1.06,1.06,779906999,39.0,MOD-00614,23.7,2026-09-13T15:41:18,2026-09-13T08:41:18,https://api.quant-aq.com/v1/devices/MOD-00614/data/779906674
1065.82,703.46,"{'lat': None, 'lon': None}","{'rh': 39.0, 'temp': 23.7, 'wd': 0.0, 'ws': 0.0, 'ws_scalar': 0.0}","{'gas': {'co': 13499, 'co2': 13261, 'no': 13587, 'no2': 13766, 'o3': 13746}, 'pm': {'pm1': 13203, 'pm10': 13205, 'pm25': 13204}}",3.45,11.2,22.36,0.97,0.97,0.97,779907001,39.0,MOD-00614,23.7,2026-09-13T15:40:18,2026-09-13T08:40:18,https://api.quant-aq.com/v1/devices/MOD-00614/data/779906676
1066.24,705.75,"{'lat': None, 'lon': None}","{'rh': 39.0, 'temp': 23.7, 'wd': 0.0, 'ws': 0.0, 'ws_scalar': 0.0}","{'gas': {'co': 13499, 'co2': 13261, 'no': 13587, 'no2': 13766, 'o3': 13746}, 'pm': {'pm1': 13203, 'pm10': 13205, 'pm25': 13204}}",3.45,10.86,23.19,0.96,0.96,0.96,779907000,39.0,MOD-00614,23.7,2026-09-13T15:39:18,2026-09-13T08:39:18,https://api.quant-aq.com/v1/devices/MOD-00614/data/779906675
1073.62,705.15,"{'lat': None, 'lon': None}","{'rh': 39.0, 'temp': 23.7, 'wd': 0.0, 'ws': 0.0, 'ws_scalar': 0.0}","{'gas': {'co': 13499, 'co2': 13261, 'no': 13587, 'no2': 13766, 'o3': 13746}, 'pm': {'pm1': 13203, 'pm10': 13205, 'pm25': 13204}}",3.45,10.86,22.92,0.75,0.75,0.75,779907002,39.0,MOD-00614,23.7,2026-09-13T15:38:18,2026-09-13T08:38:18,https://api.quant-aq.com/v1/devices/MOD-00614/data/779906677
1071.57,706.35,"{'lat': None, 'lon': None}","{'rh': 39.0, 'temp': 23.7, 'wd': 0.0, 'ws': 0.0, 'ws_scalar': 0.0}","{'gas': {'co': 13499, 'co2': 13261, 'no': 13587, 'no2': 13766, 'o3': 13746}, 'pm': {'pm1': 13203, 'pm10': 13205, 'pm25': 13204}}",3.45,11.2,22.64,0.76,0.76,0.76,779907003,39.0,MOD-00614,23.7,2026-09-13T15:37:18,2026-09-13T08:37:18,https://api.quant-aq.com/v1/devices/MOD-00614/data/779906678
1072.8,703.22,"{'lat': None, 'lon': None}","{'rh': 39.0, 'temp': 23.7, 'wd': 0.0, 'ws': 0.0, 'ws_scalar': 0.0}","{'gas': {'co': 13499, 'co2': 13261, 'no': 13587, 'no2': 13766, 'o3': 13746}, 'pm': {'pm1': 13203, 'pm10': 13205, 'pm25': 13204}}",3.45,11.34,22.36,0.87,0.87,0.87,779904159,39.0,MOD-00614,23.7,2026-09-13T15:36:18,2026-09-13T08:36:18,https://api.quant-aq.com/v1/devices/MOD-00614/data/779903835
1070.75,704.31,"{'lat': None, 'lon': None}","{'rh': 39.0, 'temp': 23.7, 'wd': 0.0, 'ws': 0.0, 'ws_scalar': 0.0}","{'gas': {'co': 13499, 'co2': 13261, 'no': 13587, 'no2': 13766, 'o3': 13746}, 'pm': {'pm1': 13203, 'pm10': 13205, 'pm25': 13204}}",3.45,11.34,22.64,0.88,0.88,0.88,779904164,39.0,MOD-00614,23.7,2026-09-13T15:35:18,2026-09-13T08:35:18,https://api.quant-aq.com/v1/devices/MOD-00614/data/779903839
1071.91,705.03,"{'lat': None, 'lon': None}","{'rh': 39.1, 'temp': 23.7, 'wd': 0.0, 'ws': 0.0, 'ws_scalar': 0.0}","{'gas': {'co': 13499, 'co2': 13261, 'no': 13587, 'no2': 13766, 'o3': 13746}, 'pm': {'pm1': 13203, 'pm10': 13205, 'pm25': 13204}}",3.45,11.19,22.61,0.9,0.91,0.91,779904162,39.1,MOD-00614,23.7,2026-09-13T15:34:18,2026-09-13T08:34:18,https://api.quant-aq.com/v1/devices/MOD-00614/data/779903838
1074.37,706.23,"{'lat': None, 'lon': None}","{'rh': 39.1, 'temp': 23.7, 'wd': 0.0, 'ws': 0.0, 'ws_scalar': 0.0}","{'gas': {'co': 13499, 'co2': 13261, 'no': 13587, 'no2': 13766, 'o3': 13746}, 'pm': {'pm1': 13203, 'pm10': 13205, 'pm25': 13204}}",3.45,11.19,22.88,1.09,1.1,1.1,779904157,39.1,MOD-00614,23.7,2026-09-13T15:33:18,2026-09-13T08:33:18,https://api.quant-aq.com/v1/devices/MOD-00614/data/779903833
1077.18,705.87,"{'lat': None, 'lon': None}","{'rh': 39.2, 'temp': 23.7, 'wd': 0.0, 'ws': 0.0, 'ws_scalar': 0.0}","{'gas': {'co': 13499, 'co2': 13261, 'no': 13587, 'no2': 13766, 'o3': 13746}, 'pm': {'pm1': 13203, 'pm10': 13205, 'pm25': 13204}}",3.45,9.54,23.13,0.88,0.94,0.9,779904161,39.2,MOD-00614,23.7,2026-09-13T15:32:18,2026-09-13T08:32:18,https://api.quant-aq.com/v1/devices/MOD-00614/data/779903836
1075.53,707.08,"{'lat': None, 'lon': None}","{'rh': 39.2, 'temp': 23.7, 'wd': 0.0, 'ws': 0.0, 'ws_scalar': 0.0}","{'gas': {'co': 13499, 'co2': 13261, 'no': 13587, 'no2': 13766, 'o3': 13746}, 'pm': {'pm1': 13203, 'pm10': 13205, 'pm25': 13204}}",3.45,9.97,22.58,0.89,0.9,0.9,779901310,39.2,MOD-00614,23.7,2026-09-13T15:31:18,2026-09-13T08:31:18,https://api.quant-aq.com/v1/devices/MOD-00614/data/779900985
1082.1,705.27,"{'lat': None, 'lon': None}","{'rh': 39.2, 'temp': 23.7, 'wd': 0.0, 'ws': 0.0, 'ws_scalar': 0.0}","{'gas': {'co': 13499, 'co2': 13261, 'no': 13587, 'no2': 13766, 'o3': 13746}, 'pm': {'pm1': 13203, 'pm10': 13205, 'pm25': 13204}}",3.45,8.78,22.58,0.85,0.87,0.87,779901311,39.2,MOD-00614,23.7,2026-09-13T15:30:17,2026-09-13T08:30:17,https://api.quant-aq.com/v1/devices/MOD-00614/data/779900987
1075.53,703.58,"{'lat': None, 'lon': None}","{'rh': 39.2, 'temp': 23.7, 'wd': 0.0, 'ws': 0.0, 'ws_scalar': 0.0}","{'gas': {'co': 13499, 'co2': 13261, 'no': 13587, 'no2': 13766, 'o3': 13746}, 'pm': {'pm1': 13203, 'pm10': 13205, 'pm25': 13204}}",3.45,9.54,22.85,1.18,1.42,1.21,779901309,39.2,MOD-00614,23.7,2026-09-13T15:29:17,2026-09-13T08:29:17,https://api.quant-aq.com/v1/devices/MOD-00614/data/779900984
1080.8,707.2,"{'lat': None, 'lon': None}","{'rh': 39.3, 'temp': 23.7, 'wd': 0.0, 'ws': 0.0, 'ws_scalar': 0.0}","{'gas': {'co': 13499, 'co2': 13261, 'no': 13587, 'no2': 13766, 'o3': 13746}, 'pm': {'pm1': 13203, 'pm10': 13205, 'pm25': 13204}}",3.45,10.1,22.82,1.26,1.26,1.26,779901312,39.3,MOD-00614,23.7,2026-09-13T15:28:17,2026-09-13T08:28:17,https://api.quant-aq.com/v1/devices/MOD-00614/data/779900986
1083.08,708.52,"{'lat': None, 'lon': None}","{'rh': 39.4, 'temp': 23.6, 'wd': 0.0, 'ws': 0.0, 'ws_scalar': 0.0}","{'gas': {'co': 13499, 'co2': 13261, 'no': 13587, 'no2': 13766, 'o3': 13746}, 'pm': {'pm1': 13203, 'pm10': 13205, 'pm25': 13204}}",3.44,9.66,23.05,0.73,0.75,0.75,779901308,39.4,MOD-00614,23.6,2026-09-13T15:27:17,2026-09-13T08:27:17,https://api.quant-aq.com/v1/devices/MOD-00614/data/779900983
1088.83,707.56,"{'lat': None, 'lon': None}","{'rh': 39.4, 'temp': 23.6, 'wd': 0.0, 'ws': 0.0, 'ws_scalar': 0.0}","{'gas': {'co': 13499, 'co2': 13261, 'no': 13587, 'no2': 13766, 'o3': 13746}, 'pm': {'pm1': 13203, 'pm10': 13205, 'pm25': 13204}}",3.44,10.35,22.5,0.87,0.87,0.87,779898483,39.4,MOD-00614,23.6,2026-09-13T15:26:17,2026-09-13T08:26:17,https://api.quant-aq.com/v1/devices/MOD-00614/data/779898158
1082.26,708.4,"{'lat': None, 'lon': None}","{'rh': 39.4, 'temp': 23.6, 'wd': 0.0, 'ws': 0.0, 'ws_scalar': 0.0}","{'gas': {'co': 13499, 'co2': 13261, 'no': 13587, 'no2': 13766, 'o3': 13746}, 'pm': {'pm1': 13203, 'pm10': 13205, 'pm25': 13204}}",3.44,10.35,23.05,0.92,0.93,0.93,779898481,39.4,MOD-00614,23.6,2026-09-13T15:25:17,2026-09-13T08:25:17,https://api.quant-aq.com/v1/devices/MOD-00614/data/779898156
1079.39,706.96,"{'lat': None, 'lon': None}","{'rh': 39.4, 'temp': 23.6, 'wd': 0.0, 'ws': 0.0, 'ws_scalar': 0.0}","{'gas': {'co': 13499, 'co2': 13261, 'no': 13587, 'no2': 13766, 'o3': 13746}, 'pm': {'pm1': 13203, 'pm10': 13205, 'pm25': 13204}}",3.44,9.66,22.78,1.11,1.11,1.11,779898484,39.4,MOD-00614,23.6,2026-09-13T15:24:17,2026-09-13T08:24:17,https://api.quant-aq.com/v1/devices/MOD-00614/data/779898160
1082.26,707.56,"{'lat': None, 'lon': None}","{'rh': 39.4, 'temp': 23.6, 'wd': 0.0, 'ws': 0.0, 'ws_scalar': 0.0}","{'gas': {'co': 13499, 'co2': 13261, 'no': 13587, 'no2': 13766, 'o3': 13746}, 'pm': {'pm1': 13203, 'pm10': 13205, 'pm25': 13204}}",3.44,11.88,22.78,0.88,1.05,0.88,779898482,39.4,MOD-00614,23.6,2026-09-13T15:23:17,2026-09-13T08:23:17,https://api.quant-aq.com/v1/devices/MOD-00614/data/779898157
1084.73,704.19,"{'lat': None, 'lon': None}","{'rh': 39.4, 'temp': 23.6, 'wd': 0.0, 'ws': 0.0, 'ws_scalar': 0.0}","{'gas': {'co': 13499, 'co2': 13261, 'no': 13587, 'no2': 13766, 'o3': 13746}, 'pm': {'pm1': 13203, 'pm10': 13205, 'pm25': 13204}}",3.44,10.35,22.78,0.96,0.96,0.96,779898485,39.4,MOD-00614,23.6,2026-09-13T15:22:17,2026-09-13T08:22:17,https://api.quant-aq.com/v1/devices/MOD-00614/data/779898159
1089.58,708.04,"{'lat': None, 'lon': None}","{'rh': 39.5, 'temp': 23.6, 'wd': 0.0, 'ws': 0.0, 'ws_scalar': 0.0}","{'gas': {'co': 13499, 'co2': 13261, 'no': 13587, 'no2': 13766, 'o3': 13746}, 'pm': {'pm1': 13203, 'pm10': 13205, 'pm25': 13204}}",3.44,10.23,23.02,1.25,1.49,1.28,779895393,39.5,MOD-00614,23.6,2026-09-13T15:21:17,2026-09-13T08:21:17,https://api.quant-aq.com/v1/devices/MOD-00614/data/779895068
1080.96,704.19,"{'lat': None, 'lon': None}","{'rh': 39.5, 'temp': 23.6, 'wd': 0.0, 'ws': 0.0, 'ws_scalar': 0.0}","{'gas': {'co': 13499, 'co2': 13261, 'no': 13587, 'no2': 13766, 'o3': 13746}, 'pm': {'pm1': 13203, 'pm10': 13205, 'pm25': 13204}}",3.44,11.41,22.74,0.92,0.92,0.92,779895397,39.5,MOD-00614,23.6,2026-09-13T15:20:17,2026-09-13T08:20:17,https://api.quant-aq.com/v1/devices/MOD-00614/data/779895072
1084.25,712.62,"{'lat': None, 'lon': None}","{'rh': 39.5, 'temp': 23.6, 'wd': 0.0, 'ws': 0.0, 'ws_scalar': 0.0}","{'gas': {'co': 13499, 'co2': 13261, 'no': 13587, 'no2': 13766, 'o3': 13746}, 'pm': {'pm1': 13203, 'pm10': 13205, 'pm25': 13204}}",3.44,11.41,22.46,0.82,0.82,0.82,779895395,39.5,MOD-00614,23.6,2026-09-13T15:19:17,2026-09-13T08:19:17,https://api.quant-aq.com/v1/devices/MOD-00614/data/779895069
1082.6,706.48,"{'lat': None, 'lon': None}","{'rh': 39.5, 'temp': 23.6, 'wd': 0.0, 'ws': 0.0, 'ws_scalar': 0.0}","{'gas': {'co': 13499, 'co2': 13261, 'no': 13587, 'no2': 13766, 'o3': 13746}, 'pm': {'pm1': 13203, 'pm10': 13205, 'pm25': 13204}}",3.44,10.23,23.02,1.29,1.46,1.29,779895394,39.5,MOD-00614,23.6,2026-09-13T15:18:17,2026-09-13T08:18:17,https://api.quant-aq.com/v1/devices/MOD-00614/data/779895070
1087.94,707.56,"{'lat': None, 'lon': None}","{'rh': 39.5, 'temp': 23.6, 'wd': 0.0, 'ws': 0.0, 'ws_scalar': 0.0}","{'gas': {'co': 13499, 'co2': 13261, 'no': 13587, 'no2': 13766, 'o3': 13746}, 'pm': {'pm1': 13203, 'pm10': 13205, 'pm25': 13204}}",3.44,11.66,22.46,1.05,1.06,1.06,779895396,39.5,MOD-00614,23.6,2026-09-13T15:17:16,2026-09-13T08:17:16,https://api.quant-aq.com/v1/devices/MOD-00614/data/779895071
1088.76,706.11,"{'lat': None, 'lon': None}","{'rh': 39.5, 'temp': 23.6, 'wd': 0.0, 'ws': 0.0, 'ws_scalar': 0.0}","{'gas': {'co': 13499, 'co2': 13261, 'no': 13587, 'no2': 13766, 'o3': 13746}, 'pm': {'pm1': 13203, 'pm10': 13205, 'pm25': 13204}}",3.44,11.66,23.02,0.99,1.13,1.05,779892565,39.5,MOD-00614,23.6,2026-09-13T15:16:16,2026-09-13T08:16:16,https://api.quant-aq.com/v1/devices/MOD-00614/data/779892240
1087.53,709.0,"{'lat': None, 'lon': None}","{'rh': 39.5, 'temp': 23.6, 'wd': 0.0, 'ws': 0.0, 'ws_scalar': 0.0}","{'gas': {'co': 13499, 'co2': 13261, 'no': 13587, 'no2': 13766, 'o3': 13746}, 'pm': {'pm1': 13203, 'pm10': 13205, 'pm25': 13204}}",3.44,11.41,22.74,1.14,1.14,1.14,779892567,39.5,MOD-00614,23.6,2026-09-13T15:15:16,2026-09-13T08:15:16,https://api.quant-aq.com/v1/devices/MOD-00614/data/779892242
1087.12,703.1,"{'lat': None, 'lon': None}","{'rh': 39.5, 'temp': 23.6, 'wd': 0.0, 'ws': 0.0, 'ws_scalar': 0.0}","{'gas': {'co': 13499, 'co2': 13261, 'no': 13587, 'no2': 13766, 'o3': 13746}, 'pm': {'pm1': 13203, 'pm10': 13205, 'pm25': 13204}}",3.44,11.66,23.02,1.34,1.34,1.34,779892568,39.5,MOD-00614,23.6,2026-09-13T15:14:16,2026-09-13T08:14:16,https://api.quant-aq.com/v1/devices/MOD-00614/data/779892243
1085.48,705.51,"{'lat': None, 'lon': None}","{'rh': 39.5, 'temp': 23.6, 'wd': 0.0, 'ws': 0.0, 'ws_scalar': 0.0}","{'gas': {'co': 13499, 'co2': 13261, 'no': 13587, 'no2': 13766, 'o3': 13746}, 'pm': {'pm1': 13203, 'pm10': 13205, 'pm25': 13204}}",3.44,11.41,22.46,1.18,1.35,1.18,779892566,39.5,MOD-00614,23.6,2026-09-13T15:13:16,2026-09-13T08:13:16,https://api.quant-aq.com/v1/devices/MOD-00614/data/779892241
1091.22,705.63,"{'lat': None, 'lon': None}","{'rh': 39.5, 'temp': 23.6, 'wd': 0.0, 'ws': 0.0, 'ws_scalar': 0.0}","{'gas': {'co': 13499, 'co2': 13261, 'no': 13587, 'no2': 13766, 'o3': 13746}, 'pm': {'pm1': 13203, 'pm10': 13205, 'pm25': 13204}}",3.44,11.66,22.74,1.39,1.39,1.39,779892569,39.5,MOD-00614,23.6,2026-09-13T15:12:16,2026-09-13T08:12:16,https://api.quant-aq.com/v1/devices/MOD-00614/data/779892244
1092.87,705.87,"{'lat': None, 'lon': None}","{'rh': 39.5, 'temp': 23.6, 'wd': 0.0, 'ws': 0.0, 'ws_scalar': 0.0}","{'gas': {'co': 13499, 'co2': 13261, 'no': 13587, 'no2': 13766, 'o3': 13746}, 'pm': {'pm1': 13203, 'pm10': 13205, 'pm25': 13204}}",3.44,9.24,22.46,0.96,1.03,0.98,779889725,39.5,MOD-00614,23.6,2026-09-13T15:11:16,2026-09-13T08:11:16,https://api.quant-aq.com/v1/devices/MOD-00614/data/779889398
1083.35,706.11,"{'lat': None, 'lon': None}","{'rh': 39.6, 'temp': 23.6, 'wd': 0.0, 'ws': 0.0, 'ws_scalar': 0.0}","{'gas': {'co': 13499, 'co2': 13261, 'no': 13587, 'no2': 13766, 'o3': 13746}, 'pm': {'pm1': 13203, 'pm10': 13205, 'pm25': 13204}}",3.44,11.44,23.55,1.0,1.0,1.0,779889726,39.6,MOD-00614,23.6,2026-09-13T15:10:16,2026-09-13T08:10:16,https://api.quant-aq.com/v1/devices/MOD-00614/data/779889401
1087.83,707.44,"{'lat': None, 'lon': None}","{'rh': 39.5, 'temp': 23.5, 'wd': 0.0, 'ws': 0.0, 'ws_scalar': 0.0}","{'gas': {'co': 13499, 'co2': 13261, 'no': 13587, 'no2': 13766, 'o3': 13746}, 'pm': {'pm1': 13203, 'pm10': 13205, 'pm25': 13204}}",3.44,11.38,22.73,1.04,1.1,1.06,779889723,39.5,MOD-00614,23.5,2026-09-13T15:09:16,2026-09-13T08:09:16,https://api.quant-aq.com/v1/devices/MOD-00614/data/779889399
1087.87,706.35,"{'lat': None, 'lon': None}","{'rh': 39.6, 'temp': 23.6, 'wd': 0.0, 'ws': 0.0, 'ws_scalar': 0.0}","{'gas': {'co': 13499, 'co2': 13261, 'no': 13587, 'no2': 13766, 'o3': 13746}, 'pm': {'pm1': 13203, 'pm10': 13205, 'pm25': 13204}}",3.44,11.44,22.99,0.69,0.69,0.69,779889720,39.6,MOD-00614,23.6,2026-09-13T15:08:16,2026-09-13T08:08:16,https://api.quant-aq.com/v1/devices/MOD-00614/data/779889397
1091.46,707.92,"{'lat': None, 'lon': None}","{'rh': 39.6, 'temp': 23.5, 'wd': 0.0, 'ws': 0.0, 'ws_scalar': 0.0}","{'gas': {'co': 13499, 'co2': 13261, 'no': 13587, 'no2': 13766, 'o3': 13746}, 'pm': {'pm1': 13203, 'pm10': 13205, 'pm25': 13204}}",3.44,11.61,22.98,0.82,0.84,0.84,779889719,39.6,MOD-00614,23.5,2026-09-13T15:07:16,2026-09-13T08:07:16,https://api.quant-aq.com/v1/devices/MOD-00614/data/779889395
1093.51,706.6,"{'lat': None, 'lon': None}","{'rh': 39.6, 'temp': 23.5, 'wd': 0.0, 'ws': 0.0, 'ws_scalar': 0.0}","{'gas': {'co': 13499, 'co2': 13261, 'no': 13587, 'no2': 13766, 'o3': 13746}, 'pm': {'pm1': 13203, 'pm10': 13205, 'pm25': 13204}}",3.44,11.48,22.7,0.87,0.89,0.89,779886892,39.6,MOD-00614,23.5,2026-09-13T15:06:16,2026-09-13T08:06:16,https://api.quant-aq.com/v1/devices/MOD-00614/data/779886567
1085.3,705.87,"{'lat': None, 'lon': None}","{'rh': 39.6, 'temp': 23.5, 'wd': 0.0, 'ws': 0.0, 'ws_scalar': 0.0}","{'gas': {'co': 13499, 'co2': 13261, 'no': 13587, 'no2': 13766, 'o3': 13746}, 'pm': {'pm1': 13203, 'pm10': 13205, 'pm25': 13204}}",3.44,11.61,22.7,1.08,1.09,1.09,779886888,39.6,MOD-00614,23.5,2026-09-13T15:05:16,2026-09-13T08:05:16,https://api.quant-aq.com/v1/devices/MOD-00614/data/779886564
1093.1,701.9,"{'lat': None, 'lon': None}","{'rh': 39.6, 'temp': 23.5, 'wd': 0.0, 'ws': 0.0, 'ws_scalar': 0.0}","{'gas': {'co': 13499, 'co2': 13261, 'no': 13587, 'no2': 13766, 'o3': 13746}, 'pm': {'pm1': 13203, 'pm10': 13205, 'pm25': 13204}}",3.44,9.4,22.98,0.91,0.93,0.93,779886889,39.6,MOD-00614,23.5,2026-09-13T15:04:16,2026-09-13T08:04:16,https://api.quant-aq.com/v1/devices/MOD-00614/data/779886563
1094.33,706.72,"{'lat': None, 'lon': None}","{'rh': 39.6, 'temp': 23.5, 'wd': 0.0, 'ws': 0.0, 'ws_scalar': 0.0}","{'gas': {'co': 13499, 'co2': 13261, 'no': 13587, 'no2': 13766, 'o3': 13746}, 'pm': {'pm1': 13203, 'pm10': 13205, 'pm25': 13204}}",3.44,11.61,22.7,0.93,0.93,0.93,779886891,39.6,MOD-00614,23.5,2026-09-13T15:03:15,2026-09-13T08:03:15,https://api.quant-aq.com/v1/devices/MOD-00614/data/779886566
1083.66,710.69,"{'lat': None, 'lon': None}","{'rh': 39.6, 'temp': 23.5, 'wd': 0.0, 'ws': 0.0, 'ws_scalar': 0.0}","{'gas': {'co': 13499, 'co2': 13261, 'no': 13587, 'no2': 13766, 'o3': 13746}, 'pm': {'pm1': 13203, 'pm10': 13205, 'pm25': 13204}}",3.44,12.04,22.7,0.78,0.8,0.8,779886890,39.6,MOD-00614,23.5,2026-09-13T15:02:15,2026-09-13T08:02:15,https://api.quant-aq.com/v1/devices/MOD-00614/data/779886565
1092.62,707.92,"{'lat': None, 'lon': None}","{'rh': 39.7, 'temp': 23.5, 'wd': 0.0, 'ws': 0.0, 'ws_scalar': 0.0}","{'gas': {'co': 13499, 'co2': 13261, 'no': 13587, 'no2': 13766, 'o3': 13746}, 'pm': {'pm1': 13203, 'pm10': 13205, 'pm25': 13204}}",3.44,11.49,22.67,0.95,0.95,0.95,779884033,39.7,MOD-00614,23.5,2026-09-13T15:01:15,2026-09-13T08:01:15,https://api.quant-aq.com/v1/devices/MOD-00614/data/779883709
1090.63,711.29,"{'lat': None, 'lon': None}","{'rh': 39.6, 'temp': 23.5, 'wd': 0.0, 'ws': 0.0, 'ws_scalar': 0.0}","{'gas': {'co': 13499, 'co2': 13261, 'no': 13587, 'no2': 13766, 'o3': 13746}, 'pm': {'pm1': 13203, 'pm10': 13205, 'pm25': 13204}}",3.44,11.77,22.7,0.86,0.92,0.88,779884037,39.6,MOD-00614,23.5,2026-09-13T15:00:15,2026-09-13T08:00:15,https://api.quant-aq.com/v1/devices/MOD-00614/data/779883712
1092.21,710.57,"{'lat': None, 'lon': None}","{'rh': 39.7, 'temp': 23.5, 'wd': 0.0, 'ws': 0.0, 'ws_scalar': 0.0}","{'gas': {'co': 13499, 'co2': 13261, 'no': 13587, 'no2': 13766, 'o3': 13746}, 'pm': {'pm1': 13203, 'pm10': 13205, 'pm25': 13204}}",3.44,11.64,22.39,0.85,0.85,0.85,779884034,39.7,MOD-00614,23.5,2026-09-13T14:59:15,2026-09-13T07:59:15,https://api.quant-aq.com/v1/devices/MOD-00614/data/779883708
1093.03,710.69,"{'lat': None, 'lon': None}","{'rh': 39.7, 'temp': 23.5, 'wd': 0.0, 'ws': 0.0, 'ws_scalar': 0.0}","{'gas': {'co': 13499, 'co2': 13261, 'no': 13587, 'no2': 13766, 'o3': 13746}, 'pm': {'pm1': 13203, 'pm10': 13205, 'pm25': 13204}}",3.42,11.33,22.95,0.69,0.69,0.69,779884036,39.7,MOD-00614,23.5,2026-09-13T14:58:15,2026-09-13T07:58:15,https://api.quant-aq.com/v1/devices/MOD-00614/data/779883711
1093.44,710.81,"{'lat': None, 'lon': None}","{'rh': 39.7, 'temp': 23.5, 'wd': 0.0, 'ws': 0.0, 'ws_scalar': 0.0}","{'gas': {'co': 13499, 'co2': 13261, 'no': 13587, 'no2': 13766, 'o3': 13746}, 'pm': {'pm1': 13203, 'pm10': 13205, 'pm25': 13204}}",3.44,11.49,22.67,0.8,0.8,0.8,779884035,39.7,MOD-00614,23.5,2026-09-13T14:57:15,2026-09-13T07:57:15,https://api.quant-aq.com/v1/devices/MOD-00614/data/779883710
1095.9,711.17,"{'lat': None, 'lon': None}","{'rh': 39.7, 'temp': 23.5, 'wd': 0.0, 'ws': 0.0, 'ws_scalar': 0.0}","{'gas': {'co': 13499, 'co2': 13261, 'no': 13587, 'no2': 13766, 'o3': 13746}, 'pm': {'pm1': 13203, 'pm10': 13205, 'pm25': 13204}}",3.44,11.49,22.95,0.99,0.99,0.99,779881197,39.7,MOD-00614,23.5,2026-09-13T14:56:15,2026-09-13T07:56:15,https://api.quant-aq.com/v1/devices/MOD-00614/data/779880871
1095.9,709.97,"{'lat': None, 'lon': None}","{'rh': 39.7, 'temp': 23.5, 'wd': 0.0, 'ws': 0.0, 'ws_scalar': 0.0}","{'gas': {'co': 13499, 'co2': 13261, 'no': 13587, 'no2': 13766, 'o3': 13746}, 'pm': {'pm1': 13203, 'pm10': 13205, 'pm25': 13204}}",3.42,11.49,22.95,0.94,1.0,0.96,779881196,39.7,MOD-00614,23.5,2026-09-13T14:55:15,2026-09-13T07:55:15,https://api.quant-aq.com/v1/devices/MOD-00614/data/779880872
1091.79,709.85,"{'lat': None, 'lon': None}","{'rh': 39.7, 'temp': 23.5, 'wd': 0.0, 'ws': 0.0, 'ws_scalar': 0.0}","{'gas': {'co': 13499, 'co2': 13261, 'no': 13587, 'no2': 13766, 'o3': 13746}, 'pm': {'pm1': 13203, 'pm10': 13205, 'pm25': 13204}}",3.44,11.49,22.67,0.87,0.87,0.87,779881198,39.7,MOD-00614,23.5,2026-09-13T14:54:15,2026-09-13T07:54:15,https://api.quant-aq.com/v1/devices/MOD-00614/data/779880874
1097.88,709.49,"{'lat': None, 'lon': None}","{'rh': 39.8, 'temp': 23.5, 'wd': 0.0, 'ws': 0.0, 'ws_scalar': 0.0}","{'gas': {'co': 13499, 'co2': 13261, 'no': 13587, 'no2': 13766, 'o3': 13746}, 'pm': {'pm1': 13203, 'pm10': 13205, 'pm25': 13204}}",3.43,11.66,22.63,1.07,1.07,1.07,779881199,39.8,MOD-00614,23.5,2026-09-13T14:53:15,2026-09-13T07:53:15,https://api.quant-aq.com/v1/devices/MOD-00614/data/779880873
1093.85,707.92,"{'lat': None, 'lon': None}","{'rh': 39.7, 'temp': 23.5, 'wd': 0.0, 'ws': 0.0, 'ws_scalar': 0.0}","{'gas': {'co': 13499, 'co2': 13261, 'no': 13587, 'no2': 13766, 'o3': 13746}, 'pm': {'pm1': 13203, 'pm10': 13205, 'pm25': 13204}}",3.44,11.64,22.39,0.73,0.89,0.73,779881195,39.7,MOD-00614,23.5,2026-09-13T14:52:15,2026-09-13T07:52:15,https://api.quant-aq.com/v1/devices/MOD-00614/data/779880870
1094.6,710.93,"{'lat': None, 'lon': None}","{'rh': 39.8, 'temp': 23.5, 'wd': 0.0, 'ws': 0.0, 'ws_scalar': 0.0}","{'gas': {'co': 13499, 'co2': 13261, 'no': 13587, 'no2': 13766, 'o3': 13746}, 'pm': {'pm1': 13203, 'pm10': 13205, 'pm25': 13204}}",3.42,11.66,22.91,0.89,0.89,0.89,779878368,39.8,MOD-00614,23.5,2026-09-13T14:51:15,2026-09-13T07:51:15,https://api.quant-aq.com/v1/devices/MOD-00614/data/779878042
1097.47,709.61,"{'lat': None, 'lon': None}","{'rh': 39.8, 'temp': 23.5, 'wd': 0.0, 'ws': 0.0, 'ws_scalar': 0.0}","{'gas': {'co': 13499, 'co2': 13261, 'no': 13587, 'no2': 13766, 'o3': 13746}, 'pm': {'pm1': 13203, 'pm10': 13205, 'pm25': 13204}}",3.43,11.48,22.91,1.0,1.0,1.0,779878367,39.8,MOD-00614,23.5,2026-09-13T14:50:14,2026-09-13T07:50:14,https://api.quant-aq.com/v1/devices/MOD-00614/data/779878043
1093.78,709.25,"{'lat': None, 'lon': None}","{'rh': 39.8, 'temp': 23.5, 'wd': 0.0, 'ws': 0.0, 'ws_scalar': 0.0}","{'gas': {'co': 13499, 'co2': 13261, 'no': 13587, 'no2': 13766, 'o3': 13746}, 'pm': {'pm1': 13203, 'pm10': 13205, 'pm25': 13204}}",3.43,9.2,22.91,1.04,1.06,1.06,779878370,39.8,MOD-00614,23.5,2026-09-13T14:49:14,2026-09-13T07:49:14,https://api.quant-aq.com/v1/devices/MOD-00614/data/779878045
1096.24,711.53,"{'lat': None, 'lon': None}","{'rh': 39.8, 'temp': 23.5, 'wd': 0.0, 'ws': 0.0, 'ws_scalar': 0.0}","{'gas': {'co': 13499, 'co2': 13261, 'no': 13587, 'no2': 13766, 'o3': 13746}, 'pm': {'pm1': 13203, 'pm10': 13205, 'pm25': 13204}}",3.44,11.95,22.63,0.95,0.95,0.95,779878366,39.8,MOD-00614,23.5,2026-09-13T14:48:14,2026-09-13T07:48:14,https://api.quant-aq.com/v1/devices/MOD-00614/data/779878041
1093.78,709.25,"{'lat': None, 'lon': None}","{'rh': 39.8, 'temp': 23.5, 'wd': 0.0, 'ws': 0.0, 'ws_scalar': 0.0}","{'gas': {'co': 13499, 'co2': 13261, 'no': 13587, 'no2': 13766, 'o3': 13746}, 'pm': {'pm1': 13203, 'pm10': 13205, 'pm25': 13204}}",3.43,10.88,23.2,1.12,1.12,1.12,779878369,39.8,MOD-00614,23.5,2026-09-13T14:47:14,2026-09-13T07:47:14,https://api.quant-aq.com/v1/devices/MOD-00614/data/779878044
1101.58,709.73,"{'lat': None, 'lon': None}","{'rh': 39.8, 'temp': 23.5, 'wd': 0.0, 'ws': 0.0, 'ws_scalar': 0.0}","{'gas': {'co': 13499, 'co2': 13261, 'no': 13587, 'no2': 13766, 'o3': 13746}, 'pm': {'pm1': 13203, 'pm10': 13205, 'pm25': 13204}}",3.43,12.1,22.91,1.26,1.34,1.3,779875503,39.8,MOD-00614,23.5,2026-09-13T14:46:14,2026-09-13T07:46:14,https://api.quant-aq.com/v1/devices/MOD-00614/data/779875178
1101.58,707.92,"{'lat': None, 'lon': None}","{'rh': 39.8, 'temp': 23.5, 'wd': 0.0, 'ws': 0.0, 'ws_scalar': 0.0}","{'gas': {'co': 13499, 'co2': 13261, 'no': 13587, 'no2': 13766, 'o3': 13746}, 'pm': {'pm1': 13203, 'pm10': 13205, 'pm25': 13204}}",3.43,11.48,22.63,0.92,0.96,0.96,779875502,39.8,MOD-00614,23.5,2026-09-13T14:45:14,2026-09-13T07:45:14,https://api.quant-aq.com/v1/devices/MOD-00614/data/779875177
1097.06,706.35,"{'lat': None, 'lon': None}","{'rh': 39.8, 'temp': 23.5, 'wd': 0.0, 'ws': 0.0, 'ws_scalar': 0.0}","{'gas': {'co': 13499, 'co2': 13261, 'no': 13587, 'no2': 13766, 'o3': 13746}, 'pm': {'pm1': 13203, 'pm10': 13205, 'pm25': 13204}}",3.43,11.48,22.63,0.84,0.84,0.84,779875493,39.8,MOD-00614,23.5,2026-09-13T14:44:14,2026-09-13T07:44:14,https://api.quant-aq.com/v1/devices/MOD-00614/data/779875168
1104.86,707.44,"{'lat': None, 'lon': None}","{'rh': 39.8, 'temp': 23.5, 'wd': 0.0, 'ws': 0.0, 'ws_scalar': 0.0}","{'gas': {'co': 13499, 'co2': 13261, 'no': 13587, 'no2': 13766, 'o3': 13746}, 'pm': {'pm1': 13203, 'pm10': 13205, 'pm25': 13204}}",3.43,11.66,22.35,1.01,1.01,1.01,779875488,39.8,MOD-00614,23.5,2026-09-13T14:43:14,2026-09-13T07:43:14,https://api.quant-aq.com/v1/devices/MOD-00614/data/779875163
1097.47,708.4,"{'lat': None, 'lon': None}","{'rh': 39.8, 'temp': 23.5, 'wd': 0.0, 'ws': 0.0, 'ws_scalar': 0.0}","{'gas': {'co': 13499, 'co2': 13261, 'no': 13587, 'no2': 13766, 'o3': 13746}, 'pm': {'pm1': 13203, 'pm10': 13205, 'pm25': 13204}}",3.43,11.48,22.91,0.89,0.89,0.89,779875482,39.8,MOD-00614,23.5,2026-09-13T14:42:14,2026-09-13T07:42:14,https://api.quant-aq.com/v1/devices/MOD-00614/data/779875156
1096.17,709.37,"{'lat': None, 'lon': None}","{'rh': 39.9, 'temp': 23.5, 'wd': 0.0, 'ws': 0.0, 'ws_scalar': 0.0}","{'gas': {'co': 13499, 'co2': 13261, 'no': 13587, 'no2': 13766, 'o3': 13746}, 'pm': {'pm1': 13203, 'pm10': 13205, 'pm25': 13204}}",3.42,10.58,23.16,0.93,0.95,0.95,779872558,39.9,MOD-00614,23.5,2026-09-13T14:41:14,2026-09-13T07:41:14,https://api.quant-aq.com/v1/devices/MOD-00614/data/779872233
1099.86,708.52,"{'lat': None, 'lon': None}","{'rh': 39.9, 'temp': 23.5, 'wd': 0.0, 'ws': 0.0, 'ws_scalar': 0.0}","{'gas': {'co': 13499, 'co2': 13261, 'no': 13587, 'no2': 13766, 'o3': 13746}, 'pm': {'pm1': 13203, 'pm10': 13205, 'pm25': 13204}}",3.43,11.79,22.6,0.98,1.16,0.98,779872557,39.9,MOD-00614,23.5,2026-09-13T14:40:14,2026-09-13T07:40:14,https://api.quant-aq.com/v1/devices/MOD-00614/data/779872232
1099.45,710.09,"{'lat': None, 'lon': None}","{'rh': 39.9, 'temp': 23.5, 'wd': 0.0, 'ws': 0.0, 'ws_scalar': 0.0}","{'gas': {'co': 13499, 'co2': 13261, 'no': 13587, 'no2': 13766, 'o3': 13746}, 'pm': {'pm1': 13203, 'pm10': 13205, 'pm25': 13204}}",3.43,11.94,22.6,0.86,0.86,0.86,779872556,39.9,MOD-00614,23.5,2026-09-13T14:39:14,2026-09-13T07:39:14,https://api.quant-aq.com/v1/devices/MOD-00614/data/779872231
1097.81,704.55,"{'lat': None, 'lon': None}","{'rh': 39.9, 'temp': 23.5, 'wd': 0.0, 'ws': 0.0, 'ws_scalar': 0.0}","{'gas': {'co': 13499, 'co2': 13261, 'no': 13587, 'no2': 13766, 'o3': 13746}, 'pm': {'pm1': 13203, 'pm10': 13205, 'pm25': 13204}}",3.43,10.81,22.88,0.91,0.91,0.91,779872555,39.9,MOD-00614,23.5,2026-09-13T14:38:14,2026-09-13T07:38:14,https://api.quant-aq.com/v1/devices/MOD-00614/data/779872230
1098.63,709.25,"{'lat': None, 'lon': None}","{'rh': 39.9, 'temp': 23.5, 'wd': 0.0, 'ws': 0.0, 'ws_scalar': 0.0}","{'gas': {'co': 13499, 'co2': 13261, 'no': 13587, 'no2': 13766, 'o3': 13746}, 'pm': {'pm1': 13203, 'pm10': 13205, 'pm25': 13204}}",3.43,11.03,22.88,0.99,1.17,1.0,779872554,39.9,MOD-00614,23.5,2026-09-13T14:37:14,2026-09-13T07:37:14,https://api.quant-aq.com/v1/devices/MOD-00614/data/779872229
1106.02,709.12,"{'lat': None, 'lon': None}","{'rh': 39.9, 'temp': 23.5, 'wd': 0.0, 'ws': 0.0, 'ws_scalar': 0.0}","{'gas': {'co': 13499, 'co2': 13261, 'no': 13587, 'no2': 13766, 'o3': 13746}, 'pm': {'pm1': 13203, 'pm10': 13205, 'pm25': 13204}}",3.43,11.94,22.6,0.91,0.91,0.91,779869725,39.9,MOD-00614,23.5,2026-09-13T14:36:14,2026-09-13T07:36:14,https://api.quant-aq.com/v1/devices/MOD-00614/data/779869401
1102.33,707.44,"{'lat': None, 'lon': None}","{'rh': 39.9, 'temp': 23.5, 'wd': 0.0, 'ws': 0.0, 'ws_scalar': 0.0}","{'gas': {'co': 13499, 'co2': 13261, 'no': 13587, 'no2': 13766, 'o3': 13746}, 'pm': {'pm1': 13203, 'pm10': 13205, 'pm25': 13204}}",3.43,11.03,22.88,1.08,1.09,1.09,779869724,39.9,MOD-00614,23.5,2026-09-13T14:35:13,2026-09-13T07:35:13,https://api.quant-aq.com/v1/devices/MOD-00614/data/779869399
1097.7,709.61,"{'lat': None, 'lon': None}","{'rh': 39.9, 'temp': 23.4, 'wd': 0.0, 'ws': 0.0, 'ws_scalar': 0.0}","{'gas': {'co': 13499, 'co2': 13261, 'no': 13587, 'no2': 13766, 'o3': 13746}, 'pm': {'pm1': 13203, 'pm10': 13205, 'pm25': 13204}}",3.43,12.09,22.87,1.08,1.08,1.08,779869727,39.9,MOD-00614,23.4,2026-09-13T14:34:13,2026-09-13T07:34:13,https://api.quant-aq.com/v1/devices/MOD-00614/data/779869402
1104.31,709.61,"{'lat': None, 'lon': None}","{'rh': 40.0, 'temp': 23.5, 'wd': 0.0, 'ws': 0.0, 'ws_scalar': 0.0}","{'gas': {'co': 13499, 'co2': 13261, 'no': 13587, 'no2': 13766, 'o3': 13746}, 'pm': {'pm1': 13203, 'pm10': 13205, 'pm25': 13204}}",3.43,11.77,22.57,1.14,1.14,1.14,779869726,40.0,MOD-00614,23.5,2026-09-13T14:33:13,2026-09-13T07:33:13,https://api.quant-aq.com/v1/devices/MOD-00614/data/779869400
1106.25,709.12,"{'lat': None, 'lon': None}","{'rh': 40.0, 'temp': 23.4, 'wd': 0.0, 'ws': 0.0, 'ws_scalar': 0.0}","{'gas': {'co': 13499, 'co2': 13261, 'no': 13587, 'no2': 13766, 'o3': 13746}, 'pm': {'pm1': 13203, 'pm10': 13205, 'pm25': 13204}}",3.43,11.35,22.84,1.01,1.01,1.01,779869728,40.0,MOD-00614,23.4,2026-09-13T14:32:13,2026-09-13T07:32:13,https://api.quant-aq.com/v1/devices/MOD-00614/data/779869403
1105.84,709.49,"{'lat': None, 'lon': None}","{'rh': 40.0, 'temp': 23.4, 'wd': 0.0, 'ws': 0.0, 'ws_scalar': 0.0}","{'gas': {'co': 13499, 'co2': 13261, 'no': 13587, 'no2': 13766, 'o3': 13746}, 'pm': {'pm1': 13203, 'pm10': 13205, 'pm25': 13204}}",3.43,12.69,23.12,0.92,0.94,0.94,779866891,40.0,MOD-00614,23.4,2026-09-13T14:31:13,2026-09-13T07:31:13,https://api.quant-aq.com/v1/devices/MOD-00614/data/779866566
1099.27,712.74,"{'lat': None, 'lon': None}","{'rh': 40.0, 'temp': 23.4, 'wd': 0.0, 'ws': 0.0, 'ws_scalar': 0.0}","{'gas': {'co': 13499, 'co2': 13261, 'no': 13587, 'no2': 13766, 'o3': 13746}, 'pm': {'pm1': 13203, 'pm10': 13205, 'pm25': 13204}}",3.43,11.75,22.56,1.03,1.05,1.05,779866890,40.0,MOD-00614,23.4,2026-09-13T14:30:13,2026-09-13T07:30:13,https://api.quant-aq.com/v1/devices/MOD-00614/data/779866565
1102.97,704.43,"{'lat': None, 'lon': None}","{'rh': 40.0, 'temp': 23.4, 'wd': 0.0, 'ws': 0.0, 'ws_scalar': 0.0}","{'gas': {'co': 13499, 'co2': 13261, 'no': 13587, 'no2': 13766, 'o3': 13746}, 'pm': {'pm1': 13203, 'pm10': 13205, 'pm25': 13204}}",3.43,11.08,23.12,0.6,0.61,0.61,779866887,40.0,MOD-00614,23.4,2026-09-13T14:29:13,2026-09-13T07:29:13,https://api.quant-aq.com/v1/devices/MOD-00614/data/779866562
1100.09,710.33,"{'lat': None, 'lon': None}","{'rh': 40.0, 'temp': 23.4, 'wd': 0.0, 'ws': 0.0, 'ws_scalar': 0.0}","{'gas': {'co': 13499, 'co2': 13261, 'no': 13587, 'no2': 13766, 'o3': 13746}, 'pm': {'pm1': 13203, 'pm10': 13205, 'pm25': 13204}}",3.43,12.69,22.56,1.05,1.05,1.05,779866889,40.0,MOD-00614,23.4,2026-09-13T14:28:13,2026-09-13T07:28:13,https://api.quant-aq.com/v1/devices/MOD-00614/data/779866564
1105.43,708.88,"{'lat': None, 'lon': None}","{'rh': 40.0, 'temp': 23.4, 'wd': 0.0, 'ws': 0.0, 'ws_scalar': 0.0}","{'gas': {'co': 13499, 'co2': 13261, 'no': 13587, 'no2': 13766, 'o3': 13746}, 'pm': {'pm1': 13203, 'pm10': 13205, 'pm25': 13204}}",3.43,12.69,22.56,1.07,1.07,1.07,779866888,40.0,MOD-00614,23.4,2026-09-13T14:27:13,2026-09-13T07:27:13,https://api.quant-aq.com/v1/devices/MOD-00614/data/779866563
1108.3,709.12,"{'lat': None, 'lon': None}","{'rh': 40.0, 'temp': 23.4, 'wd': 0.0, 'ws': 0.0, 'ws_scalar': 0.0}","{'gas': {'co': 13499, 'co2': 13261, 'no': 13587, 'no2': 13766, 'o3': 13746}, 'pm': {'pm1': 13203, 'pm10': 13205, 'pm25': 13204}}",3.43,11.35,23.4,0.76,0.76,0.76,779864053,40.0,MOD-00614,23.4,2026-09-13T14:26:13,2026-09-13T07:26:13,https://api.quant-aq.com/v1/devices/MOD-00614/data/779863728
1105.84,707.92,"{'lat': None, 'lon': None}","{'rh': 40.0, 'temp': 23.4, 'wd': 0.0, 'ws': 0.0, 'ws_scalar': 0.0}","{'gas': {'co': 13499, 'co2': 13261, 'no': 13587, 'no2': 13766, 'o3': 13746}, 'pm': {'pm1': 13203, 'pm10': 13205, 'pm25': 13204}}",3.43,12.69,22.84,0.86,0.86,0.86,779864049,40.0,MOD-00614,23.4,2026-09-13T14:25:13,2026-09-13T07:25:13,https://api.quant-aq.com/v1/devices/MOD-00614/data/779863724
1106.25,707.08,"{'lat': None, 'lon': None}","{'rh': 40.0, 'temp': 23.4, 'wd': 0.0, 'ws': 0.0, 'ws_scalar': 0.0}","{'gas': {'co': 13499, 'co2': 13261, 'no': 13587, 'no2': 13766, 'o3': 13746}, 'pm': {'pm1': 13203, 'pm10': 13205, 'pm25': 13204}}",3.43,11.75,23.12,1.17,1.19,1.19,779864052,40.0,MOD-00614,23.4,2026-09-13T14:24:12,2026-09-13T07:24:12,https://api.quant-aq.com/v1/devices/MOD-00614/data/779863727
1102.56,713.7,"{'lat': None, 'lon': None}","{'rh': 40.0, 'temp': 23.4, 'wd': 0.0, 'ws': 0.0, 'ws_scalar': 0.0}","{'gas': {'co': 13499, 'co2': 13261, 'no': 13587, 'no2': 13766, 'o3': 13746}, 'pm': {'pm1': 13203, 'pm10': 13205, 'pm25': 13204}}",3.43,11.75,22.56,0.89,0.89,0.89,779864050,40.0,MOD-00614,23.4,2026-09-13T14:23:12,2026-09-13T07:23:12,https://api.quant-aq.com/v1/devices/MOD-00614/data/779863725
1107.82,707.56,"{'lat': None, 'lon': None}","{'rh': 40.1, 'temp': 23.4, 'wd': 0.0, 'ws': 0.0, 'ws_scalar': 0.0}","{'gas': {'co': 13499, 'co2': 13261, 'no': 13587, 'no2': 13766, 'o3': 13746}, 'pm': {'pm1': 13203, 'pm10': 13205, 'pm25': 13204}}",4.29,11.3,22.81,1.15,1.69,1.18,779864051,40.1,MOD-00614,23.4,2026-09-13T14:22:12,2026-09-13T07:22:12,https://api.quant-aq.com/v1/devices/MOD-00614/data/779863726
1104.95,707.92,"{'lat': None, 'lon': None}","{'rh': 40.1, 'temp': 23.4, 'wd': 0.0, 'ws': 0.0, 'ws_scalar': 0.0}","{'gas': {'co': 13499, 'co2': 13261, 'no': 13587, 'no2': 13766, 'o3': 13746}, 'pm': {'pm1': 13203, 'pm10': 13205, 'pm25': 13204}}",4.29,11.92,23.09,0.95,0.95,0.95,779861217,40.1,MOD-00614,23.4,2026-09-13T14:21:12,2026-09-13T07:21:12,https://api.quant-aq.com/v1/devices/MOD-00614/data/779860892
1109.05,709.73,"{'lat': None, 'lon': None}","{'rh': 40.1, 'temp': 23.4, 'wd': 0.0, 'ws': 0.0, 'ws_scalar': 0.0}","{'gas': {'co': 13499, 'co2': 13261, 'no': 13587, 'no2': 13766, 'o3': 13746}, 'pm': {'pm1': 13203, 'pm10': 13205, 'pm25': 13204}}",4.29,12.78,22.81,1.19,1.28,1.24,779861218,40.1,MOD-00614,23.4,2026-09-13T14:20:12,2026-09-13T07:20:12,https://api.quant-aq.com/v1/devices/MOD-00614/data/779860893
1109.95,708.88,"{'lat': None, 'lon': None}","{'rh': 40.0, 'temp': 23.4, 'wd': 0.0, 'ws': 0.0, 'ws_scalar': 0.0}","{'gas': {'co': 13499, 'co2': 13261, 'no': 13587, 'no2': 13766, 'o3': 13746}, 'pm': {'pm1': 13203, 'pm10': 13205, 'pm25': 13204}}",3.43,12.69,23.12,0.85,0.85,0.85,779861214,40.0,MOD-00614,23.4,2026-09-13T14:19:12,2026-09-13T07:19:12,https://api.quant-aq.com/v1/devices/MOD-00614/data/779860890
1107.0,708.64,"{'lat': None, 'lon': None}","{'rh': 40.1, 'temp': 23.4, 'wd': 0.0, 'ws': 0.0, 'ws_scalar': 0.0}","{'gas': {'co': 13499, 'co2': 13261, 'no': 13587, 'no2': 13766, 'o3': 13746}, 'pm': {'pm1': 13203, 'pm10': 13205, 'pm25': 13204}}",4.29,11.92,22.81,1.12,1.12,1.12,779861215,40.1,MOD-00614,23.4,2026-09-13T14:18:12,2026-09-13T07:18:12,https://api.quant-aq.com/v1/devices/MOD-00614/data/779860889
1109.47,710.33,"{'lat': None, 'lon': None}","{'rh': 40.1, 'temp': 23.4, 'wd': 0.0, 'ws': 0.0, 'ws_scalar': 0.0}","{'gas': {'co': 13499, 'co2': 13261, 'no': 13587, 'no2': 13766, 'o3': 13746}, 'pm': {'pm1': 13203, 'pm10': 13205, 'pm25': 13204}}",4.29,11.72,22.53,1.01,1.01,1.01,779861216,40.1,MOD-00614,23.4,2026-09-13T14:17:12,2026-09-13T07:17:12,https://api.quant-aq.com/v1/devices/MOD-00614/data/779860891
1108.23,705.75,"{'lat': None, 'lon': None}","{'rh': 40.1, 'temp': 23.4, 'wd': 0.0, 'ws': 0.0, 'ws_scalar': 0.0}","{'gas': {'co': 13499, 'co2': 13261, 'no': 13587, 'no2': 13766, 'o3': 13746}, 'pm': {'pm1': 13203, 'pm10': 13205, 'pm25': 13204}}",4.47,12.78,23.37,0.7,0.72,0.72,779858387,40.1,MOD-00614,23.4,2026-09-13T14:16:12,2026-09-13T07:16:12,https://api.quant-aq.com/v1/devices/MOD-00614/data/779858062
1103.72,708.88,"{'lat': None, 'lon': None}","{'rh': 40.1, 'temp': 23.4, 'wd': 0.0, 'ws': 0.0, 'ws_scalar': 0.0}","{'gas': {'co': 13499, 'co2': 13261, 'no': 13587, 'no2': 13766, 'o3': 13746}, 'pm': {'pm1': 13203, 'pm10': 13205, 'pm25': 13204}}",4.29,11.02,23.37,0.9,0.9,0.9,779858385,40.1,MOD-00614,23.4,2026-09-13T14:15:12,2026-09-13T07:15:12,https://api.quant-aq.com/v1/devices/MOD-00614/data/779858059
1113.57,710.45,"{'lat': None, 'lon': None}","{'rh': 40.1, 'temp': 23.4, 'wd': 0.0, 'ws': 0.0, 'ws_scalar': 0.0}","{'gas': {'co': 13499, 'co2': 13261, 'no': 13587, 'no2': 13766, 'o3': 13746}, 'pm': {'pm1': 13203, 'pm10': 13205, 'pm25': 13204}}",4.29,11.92,23.37,1.1,1.11,1.11,779858386,40.1,MOD-00614,23.4,2026-09-13T14:14:12,2026-09-13T07:14:12,https://api.quant-aq.com/v1/devices/MOD-00614/data/779858061
1104.54,706.11,"{'lat': None, 'lon': None}","{'rh': 40.1, 'temp': 23.4, 'wd': 0.0, 'ws': 0.0, 'ws_scalar': 0.0}","{'gas': {'co': 13499, 'co2': 13261, 'no': 13587, 'no2': 13766, 'o3': 13746}, 'pm': {'pm1': 13203, 'pm10': 13205, 'pm25': 13204}}",4.29,11.92,23.09,0.76,0.78,0.78,779858383,40.1,MOD-00614,23.4,2026-09-13T14:13:12,2026-09-13T07:13:12,https://api.quant-aq.com/v1/devices/MOD-00614/data/779858058
1109.88,709.0,"{'lat': None, 'lon': None}","{'rh': 40.1, 'temp': 23.4, 'wd': 0.0, 'ws': 0.0, 'ws_scalar': 0.0}","{'gas': {'co': 13499, 'co2': 13261, 'no': 13587, 'no2': 13766, 'o3': 13746}, 'pm': {'pm1': 13203, 'pm10': 13205, 'pm25': 13204}}",4.29,11.92,22.53,0.94,0.94,0.94,779858384,40.1,MOD-00614,23.4,2026-09-13T14:12:11,2026-09-13T07:12:11,https://api.quant-aq.com/v1/devices/MOD-00614/data/779858060
1112.75,709.25,"{'lat': None, 'lon': None}","{'rh': 40.1, 'temp': 23.4, 'wd': 0.0, 'ws': 0.0, 'ws_scalar': 0.0}","{'gas': {'co': 13499, 'co2': 13261, 'no': 13587, 'no2': 13766, 'o3': 13746}, 'pm': {'pm1': 13203, 'pm10': 13205, 'pm25': 13204}}",4.29,11.92,22.81,0.98,0.99,0.99,779855528,40.1,MOD-00614,23.4,2026-09-13T14:11:11,2026-09-13T07:11:11,https://api.quant-aq.com/v1/devices/MOD-00614/data/779855203
1111.63,710.69,"{'lat': None, 'lon': None}","{'rh': 40.1, 'temp': 23.5, 'wd': 0.0, 'ws': 0.0, 'ws_scalar': 0.0}","{'gas': {'co': 13499, 'co2': 13261, 'no': 13587, 'no2': 13766, 'o3': 13746}, 'pm': {'pm1': 13203, 'pm10': 13205, 'pm25': 13204}}",4.48,11.77,22.82,0.78,0.79,0.79,779855527,40.1,MOD-00614,23.5,2026-09-13T14:10:11,2026-09-13T07:10:11,https://api.quant-aq.com/v1/devices/MOD-00614/data/779855201
1106.59,710.45,"{'lat': None, 'lon': None}","{'rh': 40.1, 'temp': 23.4, 'wd': 0.0, 'ws': 0.0, 'ws_scalar': 0.0}","{'gas': {'co': 13499, 'co2': 13261, 'no': 13587, 'no2': 13766, 'o3': 13746}, 'pm': {'pm1': 13203, 'pm10': 13205, 'pm25': 13204}}",4.29,12.78,22.81,0.78,0.79,0.79,779855530,40.1,MOD-00614,23.4,2026-09-13T14:09:11,2026-09-13T07:09:11,https://api.quant-aq.com/v1/devices/MOD-00614/data/779855205
1109.88,708.88,"{'lat': None, 'lon': None}","{'rh': 40.1, 'temp': 23.4, 'wd': 0.0, 'ws': 0.0, 'ws_scalar': 0.0}","{'gas': {'co': 13499, 'co2': 13261, 'no': 13587, 'no2': 13766, 'o3': 13746}, 'pm': {'pm1': 13203, 'pm10': 13205, 'pm25': 13204}}",4.29,11.72,22.53,0.76,0.76,0.76,779855529,40.1,MOD-00614,23.4,2026-09-13T14:08:11,2026-09-13T07:08:11,https://api.quant-aq.com/v1/devices/MOD-00614/data/779855204
1109.57,709.37,"{'lat': None, 'lon': None}","{'rh': 40.1, 'temp': 23.5, 'wd': 0.0, 'ws': 0.0, 'ws_scalar': 0.0}","{'gas': {'co': 13499, 'co2': 13261, 'no': 13587, 'no2': 13766, 'o3': 13746}, 'pm': {'pm1': 13203, 'pm10': 13205, 'pm25': 13204}}",4.48,11.62,23.1,1.2,1.21,1.21,779855526,40.1,MOD-00614,23.5,2026-09-13T14:07:11,2026-09-13T07:07:11,https://api.quant-aq.com/v1/devices/MOD-00614/data/779855202
1112.45,711.05,"{'lat': None, 'lon': None}","{'rh': 40.1, 'temp': 23.5, 'wd': 0.0, 'ws': 0.0, 'ws_scalar': 0.0}","{'gas': {'co': 13499, 'co2': 13261, 'no': 13587, 'no2': 13766, 'o3': 13746}, 'pm': {'pm1': 13203, 'pm10': 13205, 'pm25': 13204}}",4.48,11.77,22.82,1.13,1.16,1.16,779852713,40.1,MOD-00614,23.5,2026-09-13T14:06:11,2026-09-13T07:06:11,https://api.quant-aq.com/v1/devices/MOD-00614/data/779852388
1108.34,709.73,"{'lat': None, 'lon': None}","{'rh': 40.1, 'temp': 23.5, 'wd': 0.0, 'ws': 0.0, 'ws_scalar': 0.0}","{'gas': {'co': 13499, 'co2': 13261, 'no': 13587, 'no2': 13766, 'o3': 13746}, 'pm': {'pm1': 13203, 'pm10': 13205, 'pm25': 13204}}",4.48,11.25,23.1,1.19,1.19,1.19,779852710,40.1,MOD-00614,23.5,2026-09-13T14:05:11,2026-09-13T07:05:11,https://api.quant-aq.com/v1/devices/MOD-00614/data/779852385
1110.8,709.25,"{'lat': None, 'lon': None}","{'rh': 40.1, 'temp': 23.5, 'wd': 0.0, 'ws': 0.0, 'ws_scalar': 0.0}","{'gas': {'co': 13499, 'co2': 13261, 'no': 13587, 'no2': 13766, 'o3': 13746}, 'pm': {'pm1': 13203, 'pm10': 13205, 'pm25': 13204}}",4.48,11.62,23.66,1.14,1.17,1.17,779852711,40.1,MOD-00614,23.5,2026-09-13T14:04:11,2026-09-13T07:04:11,https://api.quant-aq.com/v1/devices/MOD-00614/data/779852387
1113.68,710.45,"{'lat': None, 'lon': None}","{'rh': 40.1, 'temp': 23.5, 'wd': 0.0, 'ws': 0.0, 'ws_scalar': 0.0}","{'gas': {'co': 13499, 'co2': 13261, 'no': 13587, 'no2': 13766, 'o3': 13746}, 'pm': {'pm1': 13203, 'pm10': 13205, 'pm25': 13204}}",4.48,11.62,22.82,1.06,1.06,1.06,779852714,40.1,MOD-00614,23.5,2026-09-13T14:03:11,2026-09-13T07:03:11,https://api.quant-aq.com/v1/devices/MOD-00614/data/779852389
1111.22,709.85,"{'lat': None, 'lon': None}","{'rh': 40.1, 'temp': 23.5, 'wd': 0.0, 'ws': 0.0, 'ws_scalar': 0.0}","{'gas': {'co': 13499, 'co2': 13261, 'no': 13587, 'no2': 13766, 'o3': 13746}, 'pm': {'pm1': 13203, 'pm10': 13205, 'pm25': 13204}}",4.48,11.62,22.82,0.8,0.8,0.8,779852712,40.1,MOD-00614,23.5,2026-09-13T14:02:11,2026-09-13T07:02:11,https://api.quant-aq.com/v1/devices/MOD-00614/data/779852386
1112.86,712.14,"{'lat': None, 'lon': None}","{'rh': 40.1, 'temp': 23.5, 'wd': 0.0, 'ws': 0.0, 'ws_scalar': 0.0}","{'gas': {'co': 13499, 'co2': 13261, 'no': 13587, 'no2': 13766, 'o3': 13746}, 'pm': {'pm1': 13203, 'pm10': 13205, 'pm25': 13204}}",4.48,11.77,22.82,0.87,0.93,0.89,779849880,40.1,MOD-00614,23.5,2026-09-13T14:01:11,2026-09-13T07:01:11,https://api.quant-aq.com/v1/devices/MOD-00614/data/779849555
1114.91,709.37,"{'lat': None, 'lon': None}","{'rh': 40.1, 'temp': 23.5, 'wd': 0.0, 'ws': 0.0, 'ws_scalar': 0.0}","{'gas': {'co': 13499, 'co2': 13261, 'no': 13587, 'no2': 13766, 'o3': 13746}, 'pm': {'pm1': 13203, 'pm10': 13205, 'pm25': 13204}}",4.48,11.25,23.1,0.95,1.02,0.98,779849882,40.1,MOD-00614,23.5,2026-09-13T14:00:11,2026-09-13T07:00:11,https://api.quant-aq.com/v1/devices/MOD-00614/data/779849556
1111.22,708.28,"{'lat': None, 'lon': None}","{'rh': 40.1, 'temp': 23.5, 'wd': 0.0, 'ws': 0.0, 'ws_scalar': 0.0}","{'gas': {'co': 13499, 'co2': 13261, 'no': 13587, 'no2': 13766, 'o3': 13746}, 'pm': {'pm1': 13203, 'pm10': 13205, 'pm25': 13204}}",4.48,11.77,22.82,1.06,1.06,1.06,779849883,40.1,MOD-00614,23.5,2026-09-13T13:59:10,2026-09-13T06:59:10,https://api.quant-aq.com/v1/devices/MOD-00614/data/779849558
1117.78,709.49,"{'lat': None, 'lon': None}","{'rh': 40.1, 'temp': 23.5, 'wd': 0.0, 'ws': 0.0, 'ws_scalar': 0.0}","{'gas': {'co': 13499, 'co2': 13261, 'no': 13587, 'no2': 13766, 'o3': 13746}, 'pm': {'pm1': 13203, 'pm10': 13205, 'pm25': 13204}}",4.48,12.32,22.82,1.13,1.14,1.14,779849881,40.1,MOD-00614,23.5,2026-09-13T13:58:10,2026-09-13T06:58:10,https://api.quant-aq.com/v1/devices/MOD-00614/data/779849557
1109.98,711.41,"{'lat': None, 'lon': None}","{'rh': 40.1, 'temp': 23.5, 'wd': 0.0, 'ws': 0.0, 'ws_scalar': 0.0}","{'gas': {'co': 13499, 'co2': 13261, 'no': 13587, 'no2': 13766, 'o3': 13746}, 'pm': {'pm1': 13203, 'pm10': 13205, 'pm25': 13204}}",4.48,11.25,23.1,0.84,0.87,0.87,779849884,40.1,MOD-00614,23.5,2026-09-13T13:57:10,2026-09-13T06:57:10,https://api.quant-aq.com/v1/devices/MOD-00614/data/779849559
1112.86,713.58,"{'lat': None, 'lon': None}","{'rh': 40.1, 'temp': 23.5, 'wd': 0.0, 'ws': 0.0, 'ws_scalar': 0.0}","{'gas': {'co': 13499, 'co2': 13261, 'no': 13587, 'no2': 13766, 'o3': 13746}, 'pm': {'pm1': 13203, 'pm10': 13205, 'pm25': 13204}}",4.48,11.77,23.1,1.3,1.3,1.3,779847061,40.1,MOD-00614,23.5,2026-09-13T13:56:10,2026-09-13T06:56:10,https://api.quant-aq.com/v1/devices/MOD-00614/data/779846736
1105.88,707.56,"{'lat': None, 'lon': None}","{'rh': 40.1, 'temp': 23.5, 'wd': 0.0, 'ws': 0.0, 'ws_scalar': 0.0}","{'gas': {'co': 13499, 'co2': 13261, 'no': 13587, 'no2': 13766, 'o3': 13746}, 'pm': {'pm1': 13203, 'pm10': 13205, 'pm25': 13204}}",4.48,11.77,23.1,1.02,1.08,1.04,779847060,40.1,MOD-00614,23.5,2026-09-13T13:55:10,2026-09-13T06:55:10,https://api.quant-aq.com/v1/devices/MOD-00614/data/779846735
1116.96,712.14,"{'lat': None, 'lon': None}","{'rh': 40.1, 'temp': 23.5, 'wd': 0.0, 'ws': 0.0, 'ws_scalar': 0.0}","{'gas': {'co': 13499, 'co2': 13261, 'no': 13587, 'no2': 13766, 'o3': 13746}, 'pm': {'pm1': 13203, 'pm10': 13205, 'pm25': 13204}}",4.48,11.25,23.66,1.03,1.03,1.03,779847059,40.1,MOD-00614,23.5,2026-09-13T13:54:10,2026-09-13T06:54:10,https://api.quant-aq.com/v1/devices/MOD-00614/data/779846734
1112.86,713.22,"{'lat': None, 'lon': None}","{'rh': 40.1, 'temp': 23.5, 'wd': 0.0, 'ws': 0.0, 'ws_scalar': 0.0}","{'gas': {'co': 13499, 'co2': 13261, 'no': 13587, 'no2': 13766, 'o3': 13746}, 'pm': {'pm1': 13203, 'pm10': 13205, 'pm25': 13204}}",4.48,12.48,23.38,1.07,1.09,1.09,779847057,40.1,MOD-00614,23.5,2026-09-13T13:53:10,2026-09-13T06:53:10,https://api.quant-aq.com/v1/devices/MOD-00614/data/779846732
1108.82,709.73,"{'lat': None, 'lon': None}","{'rh': 40.0, 'temp': 23.5, 'wd': 0.0, 'ws': 0.0, 'ws_scalar': 0.0}","{'gas': {'co': 13499, 'co2': 13261, 'no': 13587, 'no2': 13766, 'o3': 13746}, 'pm': {'pm1': 13203, 'pm10': 13205, 'pm25': 13204}}",3.43,11.77,23.13,0.93,0.94,0.94,779847058,40.0,MOD-00614,23.5,2026-09-13T13:52:10,2026-09-13T06:52:10,https://api.quant-aq.com/v1/devices/MOD-00614/data/779846733
1114.98,708.28,"{'lat': None, 'lon': None}","{'rh': 40.0, 'temp': 23.5, 'wd': 0.0, 'ws': 0.0, 'ws_scalar': 0.0}","{'gas': {'co': 13499, 'co2': 13261, 'no': 13587, 'no2': 13766, 'o3': 13746}, 'pm': {'pm1': 13203, 'pm10': 13205, 'pm25': 13204}}",3.43,11.77,23.13,1.27,1.27,1.27,779844385,40.0,MOD-00614,23.5,2026-09-13T13:51:10,2026-09-13T06:51:10,https://api.quant-aq.com/v1/devices/MOD-00614/data/779844060
1113.82,711.65,"{'lat': None, 'lon': None}","{'rh': 39.9, 'temp': 23.5, 'wd': 0.0, 'ws': 0.0, 'ws_scalar': 0.0}","{'gas': {'co': 13499, 'co2': 13261, 'no': 13587, 'no2': 13766, 'o3': 13746}, 'pm': {'pm1': 13203, 'pm10': 13205, 'pm25': 13204}}",3.43,11.03,22.6,1.11,1.27,1.11,779844384,39.9,MOD-00614,23.5,2026-09-13T13:50:10,2026-09-13T06:50:10,https://api.quant-aq.com/v1/devices/MOD-00614/data/779844059
1112.59,711.9,"{'lat': None, 'lon': None}","{'rh': 39.9, 'temp': 23.5, 'wd': 0.0, 'ws': 0.0, 'ws_scalar': 0.0}","{'gas': {'co': 13499, 'co2': 13261, 'no': 13587, 'no2': 13766, 'o3': 13746}, 'pm': {'pm1': 13203, 'pm10': 13205, 'pm25': 13204}}",3.43,11.94,22.88,0.84,0.86,0.86,779844383,39.9,MOD-00614,23.5,2026-09-13T13:49:10,2026-09-13T06:49:10,https://api.quant-aq.com/v1/devices/MOD-00614/data/779844058
1113.34,711.05,"{'lat': None, 'lon': None}","{'rh': 40.0, 'temp': 23.5, 'wd': 0.0, 'ws': 0.0, 'ws_scalar': 0.0}","{'gas': {'co': 13499, 'co2': 13261, 'no': 13587, 'no2': 13766, 'o3': 13746}, 'pm': {'pm1': 13203, 'pm10': 13205, 'pm25': 13204}}",3.42,11.91,23.13,0.74,0.75,0.75,779844381,40.0,MOD-00614,23.5,2026-09-13T13:48:10,2026-09-13T06:48:10,https://api.quant-aq.com/v1/devices/MOD-00614/data/779844057
1113.0,709.73,"{'lat': None, 'lon': None}","{'rh': 39.9, 'temp': 23.5, 'wd': 0.0, 'ws': 0.0, 'ws_scalar': 0.0}","{'gas': {'co': 13499, 'co2': 13261, 'no': 13587, 'no2': 13766, 'o3': 13746}, 'pm': {'pm1': 13203, 'pm10': 13205, 'pm25': 13204}}",3.43,12.59,23.44,0.7,0.72,0.72,779844380,39.9,MOD-00614,23.5,2026-09-13T13:47:10,2026-09-13T06:47:10,https://api.quant-aq.com/v1/devices/MOD-00614/data/779844055
1110.95,709.25,"{'lat': None, 'lon': None}","{'rh': 39.9, 'temp': 23.5, 'wd': 0.0, 'ws': 0.0, 'ws_scalar': 0.0}","{'gas': {'co': 13499, 'co2': 13261, 'no': 13587, 'no2': 13766, 'o3': 13746}, 'pm': {'pm1': 13203, 'pm10': 13205, 'pm25': 13204}}",3.43,11.94,22.88,0.98,1.0,1.0,779841532,39.9,MOD-00614,23.5,2026-09-13T13:46:10,2026-09-13T06:46:10,https://api.quant-aq.com/v1/devices/MOD-00614/data/779841207
1114.64,709.61,"{'lat': None, 'lon': None}","{'rh': 39.9, 'temp': 23.5, 'wd': 0.0, 'ws': 0.0, 'ws_scalar': 0.0}","{'gas': {'co': 13499, 'co2': 13261, 'no': 13587, 'no2': 13766, 'o3': 13746}, 'pm': {'pm1': 13203, 'pm10': 13205, 'pm25': 13204}}",3.43,12.59,23.16,1.01,1.07,1.03,779841531,39.9,MOD-00614,23.5,2026-09-13T13:45:09,2026-09-13T06:45:09,https://api.quant-aq.com/v1/devices/MOD-00614/data/779841206
1112.25,708.64,"{'lat': None, 'lon': None}","{'rh': 39.8, 'temp': 23.5, 'wd': 0.0, 'ws': 0.0, 'ws_scalar': 0.0}","{'gas': {'co': 13499, 'co2': 13261, 'no': 13587, 'no2': 13766, 'o3': 13746}, 'pm': {'pm1': 13203, 'pm10': 13205, 'pm25': 13204}}",3.43,11.66,22.91,0.93,0.94,0.94,779841530,39.8,MOD-00614,23.5,2026-09-13T13:44:09,2026-09-13T06:44:09,https://api.quant-aq.com/v1/devices/MOD-00614/data/779841205
1110.34,705.51,"{'lat': None, 'lon': None}","{'rh': 39.6, 'temp': 23.5, 'wd': 0.0, 'ws': 0.0, 'ws_scalar': 0.0}","{'gas': {'co': 13499, 'co2': 13261, 'no': 13587, 'no2': 13766, 'o3': 13746}, 'pm': {'pm1': 13203, 'pm10': 13205, 'pm25': 13204}}",3.44,11.48,22.98,1.03,1.09,1.05,779841529,39.6,MOD-00614,23.5,2026-09-13T13:43:09,2026-09-13T06:43:09,https://api.quant-aq.com/v1/devices/MOD-00614/data/779841203
1113.96,711.9,"{'lat': None, 'lon': None}","{'rh': 39.7, 'temp': 23.5, 'wd': 0.0, 'ws': 0.0, 'ws_scalar': 0.0}","{'gas': {'co': 13499, 'co2': 13261, 'no': 13587, 'no2': 13766, 'o3': 13746}, 'pm': {'pm1': 13203, 'pm10': 13205, 'pm25': 13204}}",3.44,11.49,22.67,1.07,1.09,1.09,779841528,39.7,MOD-00614,23.5,2026-09-13T13:42:09,2026-09-13T06:42:09,https://api.quant-aq.com/v1/devices/MOD-00614/data/779841201
1114.44,710.09,"{'lat': None, 'lon': None}","{'rh': 39.6, 'temp': 23.5, 'wd': 0.0, 'ws': 0.0, 'ws_scalar': 0.0}","{'gas': {'co': 13499, 'co2': 13261, 'no': 13587, 'no2': 13766, 'o3': 13746}, 'pm': {'pm1': 13203, 'pm10': 13205, 'pm25': 13204}}",3.44,11.36,22.98,1.08,1.08,1.08,779838703,39.6,MOD-00614,23.5,2026-09-13T13:41:09,2026-09-13T06:41:09,https://api.quant-aq.com/v1/devices/MOD-00614/data/779838376
1112.73,708.88,"{'lat': None, 'lon': None}","{'rh': 39.7, 'temp': 23.5, 'wd': 0.0, 'ws': 0.0, 'ws_scalar': 0.0}","{'gas': {'co': 13499, 'co2': 13261, 'no': 13587, 'no2': 13766, 'o3': 13746}, 'pm': {'pm1': 13203, 'pm10': 13205, 'pm25': 13204}}",3.44,11.8,23.79,0.99,1.01,1.01,779838700,39.7,MOD-00614,23.5,2026-09-13T13:40:09,2026-09-13T06:40:09,https://api.quant-aq.com/v1/devices/MOD-00614/data/779838375
1114.93,708.16,"{'lat': None, 'lon': None}","{'rh': 39.5, 'temp': 23.5, 'wd': 0.0, 'ws': 0.0, 'ws_scalar': 0.0}","{'gas': {'co': 13499, 'co2': 13261, 'no': 13587, 'no2': 13766, 'o3': 13746}, 'pm': {'pm1': 13203, 'pm10': 13205, 'pm25': 13204}}",3.44,11.47,23.01,0.87,0.87,0.87,779838701,39.5,MOD-00614,23.5,2026-09-13T13:39:09,2026-09-13T06:39:09,https://api.quant-aq.com/v1/devices/MOD-00614/data/779838377
1112.12,710.69,"{'lat': None, 'lon': None}","{'rh': 39.4, 'temp': 23.5, 'wd': 0.0, 'ws': 0.0, 'ws_scalar': 0.0}","{'gas': {'co': 13499, 'co2': 13261, 'no': 13587, 'no2': 13766, 'o3': 13746}, 'pm': {'pm1': 13203, 'pm10': 13205, 'pm25': 13204}}",3.44,11.75,23.32,1.1,1.1,1.1,779838704,39.4,MOD-00614,23.5,2026-09-13T13:38:09,2026-09-13T06:38:09,https://api.quant-aq.com/v1/devices/MOD-00614/data/779838379
1110.89,710.21,"{'lat': None, 'lon': None}","{'rh': 39.4, 'temp': 23.5, 'wd': 0.0, 'ws': 0.0, 'ws_scalar': 0.0}","{'gas': {'co': 13499, 'co2': 13261, 'no': 13587, 'no2': 13766, 'o3': 13746}, 'pm': {'pm1': 13203, 'pm10': 13205, 'pm25': 13204}}",3.44,11.65,23.04,0.88,0.88,0.88,779838702,39.4,MOD-00614,23.5,2026-09-13T13:37:09,2026-09-13T06:37:09,https://api.quant-aq.com/v1/devices/MOD-00614/data/779838378
1110.07,709.73,"{'lat': None, 'lon': None}","{'rh': 39.4, 'temp': 23.5, 'wd': 0.0, 'ws': 0.0, 'ws_scalar': 0.0}","{'gas': {'co': 13499, 'co2': 13261, 'no': 13587, 'no2': 13766, 'o3': 13746}, 'pm': {'pm1': 13203, 'pm10': 13205, 'pm25': 13204}}",3.44,12.09,22.48,0.97,0.97,0.97,779835852,39.4,MOD-00614,23.5,2026-09-13T13:36:09,2026-09-13T06:36:09,https://api.quant-aq.com/v1/devices/MOD-00614/data/779835527
1111.71,709.0,"{'lat': None, 'lon': None}","{'rh': 39.4, 'temp': 23.5, 'wd': 0.0, 'ws': 0.0, 'ws_scalar': 0.0}","{'gas': {'co': 13499, 'co2': 13261, 'no': 13587, 'no2': 13766, 'o3': 13746}, 'pm': {'pm1': 13203, 'pm10': 13205, 'pm25': 13204}}",3.44,11.75,23.04,1.1,1.1,1.1,779835849,39.4,MOD-00614,23.5,2026-09-13T13:35:09,2026-09-13T06:35:09,https://api.quant-aq.com/v1/devices/MOD-00614/data/779835524
1122.39,712.14,"{'lat': None, 'lon': None}","{'rh': 39.4, 'temp': 23.5, 'wd': 0.0, 'ws': 0.0, 'ws_scalar': 0.0}","{'gas': {'co': 13499, 'co2': 13261, 'no': 13587, 'no2': 13766, 'o3': 13746}, 'pm': {'pm1': 13203, 'pm10': 13205, 'pm25': 13204}}",3.44,11.65,22.76,0.96,0.98,0.98,779835851,39.4,MOD-00614,23.5,2026-09-13T13:34:09,2026-09-13T06:34:09,https://api.quant-aq.com/v1/devices/MOD-00614/data/779835528
1114.25,709.37,"{'lat': None, 'lon': None}","{'rh': 39.3, 'temp': 23.5, 'wd': 0.0, 'ws': 0.0, 'ws_scalar': 0.0}","{'gas': {'co': 13499, 'co2': 13261, 'no': 13587, 'no2': 13766, 'o3': 13746}, 'pm': {'pm1': 13203, 'pm10': 13205, 'pm25': 13204}}",3.44,11.47,22.79,1.01,1.01,1.01,779835853,39.3,MOD-00614,23.5,2026-09-13T13:33:08,2026-09-13T06:33:08,https://api.quant-aq.com/v1/devices/MOD-00614/data/779835526
1114.25,713.1,"{'lat': None, 'lon': None}","{'rh': 39.3, 'temp': 23.5, 'wd': 0.0, 'ws': 0.0, 'ws_scalar': 0.0}","{'gas': {'co': 13499, 'co2': 13261, 'no': 13587, 'no2': 13766, 'o3': 13746}, 'pm': {'pm1': 13203, 'pm10': 13205, 'pm25': 13204}}",3.44,11.47,23.07,0.99,1.01,1.01,779835850,39.3,MOD-00614,23.5,2026-09-13T13:32:08,2026-09-13T06:32:08,https://api.quant-aq.com/v1/devices/MOD-00614/data/779835525
1113.84,710.69,"{'lat': None, 'lon': None}","{'rh': 39.3, 'temp': 23.5, 'wd': 0.0, 'ws': 0.0, 'ws_scalar': 0.0}","{'gas': {'co': 13499, 'co2': 13261, 'no': 13587, 'no2': 13766, 'o3': 13746}, 'pm': {'pm1': 13203, 'pm10': 13205, 'pm25': 13204}}",3.44,8.9,22.79,0.9,1.13,0.93,779832997,39.3,MOD-00614,23.5,2026-09-13T13:31:08,2026-09-13T06:31:08,https://api.quant-aq.com/v1/devices/MOD-00614/data/779832672
1116.3,712.02,"{'lat': None, 'lon': None}","{'rh': 39.3, 'temp': 23.5, 'wd': 0.0, 'ws': 0.0, 'ws_scalar': 0.0}","{'gas': {'co': 13499, 'co2': 13261, 'no': 13587, 'no2': 13766, 'o3': 13746}, 'pm': {'pm1': 13203, 'pm10': 13205, 'pm25': 13204}}",3.44,11.55,22.23,1.03,1.03,1.03,779832998,39.3,MOD-00614,23.5,2026-09-13T13:30:08,2026-09-13T06:30:08,https://api.quant-aq.com/v1/devices/MOD-00614/data/779832673
1119.99,711.17,"{'lat': None, 'lon': None}","{'rh': 39.3, 'temp': 23.5, 'wd': 0.0, 'ws': 0.0, 'ws_scalar': 0.0}","{'gas': {'co': 13499, 'co2': 13261, 'no': 13587, 'no2': 13766, 'o3': 13746}, 'pm': {'pm1': 13203, 'pm10': 13205, 'pm25': 13204}}",3.44,11.96,22.79,1.12,1.12,1.12,779832996,39.3,MOD-00614,23.5,2026-09-13T13:29:08,2026-09-13T06:29:08,https://api.quant-aq.com/v1/devices/MOD-00614/data/779832671
1117.53,711.17,"{'lat': None, 'lon': None}","{'rh': 39.3, 'temp': 23.5, 'wd': 0.0, 'ws': 0.0, 'ws_scalar': 0.0}","{'gas': {'co': 13499, 'co2': 13261, 'no': 13587, 'no2': 13766, 'o3': 13746}, 'pm': {'pm1': 13203, 'pm10': 13205, 'pm25': 13204}}",3.44,11.55,23.07,1.08,1.08,1.08,779832995,39.3,MOD-00614,23.5,2026-09-13T13:28:08,2026-09-13T06:28:08,https://api.quant-aq.com/v1/devices/MOD-00614/data/779832670
1118.35,711.65,"{'lat': None, 'lon': None}","{'rh': 39.3, 'temp': 23.5, 'wd': 0.0, 'ws': 0.0, 'ws_scalar': 0.0}","{'gas': {'co': 13499, 'co2': 13261, 'no': 13587, 'no2': 13766, 'o3': 13746}, 'pm': {'pm1': 13203, 'pm10': 13205, 'pm25': 13204}}",3.44,11.47,22.23,1.03,1.11,1.07,779832994,39.3,MOD-00614,23.5,2026-09-13T13:27:08,2026-09-13T06:27:08,https://api.quant-aq.com/v1/devices/MOD-00614/data/779832669
1114.66,710.33,"{'lat': None, 'lon': None}","{'rh': 39.3, 'temp': 23.5, 'wd': 0.0, 'ws': 0.0, 'ws_scalar': 0.0}","{'gas': {'co': 13499, 'co2': 13261, 'no': 13587, 'no2': 13766, 'o3': 13746}, 'pm': {'pm1': 13203, 'pm10': 13205, 'pm25': 13204}}",3.44,11.47,22.79,1.0,1.06,1.02,779830180,39.3,MOD-00614,23.5,2026-09-13T13:26:08,2026-09-13T06:26:08,https://api.quant-aq.com/v1/devices/MOD-00614/data/779829855
1122.05,710.57,"{'lat': None, 'lon': None}","{'rh': 39.3, 'temp': 23.5, 'wd': 0.0, 'ws': 0.0, 'ws_scalar': 0.0}","{'gas': {'co': 13499, 'co2': 13261, 'no': 13587, 'no2': 13766, 'o3': 13746}, 'pm': {'pm1': 13203, 'pm10': 13205, 'pm25': 13204}}",3.44,11.47,22.23,0.86,1.32,0.86,779830181,39.3,MOD-00614,23.5,2026-09-13T13:25:08,2026-09-13T06:25:08,https://api.quant-aq.com/v1/devices/MOD-00614/data/779829856
1120.4,710.69,"{'lat': None, 'lon': None}","{'rh': 39.3, 'temp': 23.5, 'wd': 0.0, 'ws': 0.0, 'ws_scalar': 0.0}","{'gas': {'co': 13499, 'co2': 13261, 'no': 13587, 'no2': 13766, 'o3': 13746}, 'pm': {'pm1': 13203, 'pm10': 13205, 'pm25': 13204}}",3.44,11.55,23.07,0.92,0.92,0.92,779830182,39.3,MOD-00614,23.5,2026-09-13T13:24:08,2026-09-13T06:24:08,https://api.quant-aq.com/v1/devices/MOD-00614/data/779829857
1120.4,712.86,"{'lat': None, 'lon': None}","{'rh': 39.3, 'temp': 23.5, 'wd': 0.0, 'ws': 0.0, 'ws_scalar': 0.0}","{'gas': {'co': 13499, 'co2': 13261, 'no': 13587, 'no2': 13766, 'o3': 13746}, 'pm': {'pm1': 13203, 'pm10': 13205, 'pm25': 13204}}",3.44,11.47,22.23,0.79,0.79,0.79,779830178,39.3,MOD-00614,23.5,2026-09-13T13:23:08,2026-09-13T06:23:08,https://api.quant-aq.com/v1/devices/MOD-00614/data/779829853
1122.46,710.69,"{'lat': None, 'lon': None}","{'rh': 39.3, 'temp': 23.5, 'wd': 0.0, 'ws': 0.0, 'ws_scalar': 0.0}","{'gas': {'co': 13499, 'co2': 13261, 'no': 13587, 'no2': 13766, 'o3': 13746}, 'pm': {'pm1': 13203, 'pm10': 13205, 'pm25': 13204}}",3.44,9.44,23.35,0.98,1.06,1.02,779830179,39.3,MOD-00614,23.5,2026-09-13T13:22:08,2026-09-13T06:22:08,https://api.quant-aq.com/v1/devices/MOD-00614/data/779829854
1120.4,711.53,"{'lat': None, 'lon': None}","{'rh': 39.3, 'temp': 23.5, 'wd': 0.0, 'ws': 0.0, 'ws_scalar': 0.0}","{'gas': {'co': 13499, 'co2': 13261, 'no': 13587, 'no2': 13766, 'o3': 13746}, 'pm': {'pm1': 13203, 'pm10': 13205, 'pm25': 13204}}",3.44,11.55,22.79,0.94,1.1,0.94,779827371,39.3,MOD-00614,23.5,2026-09-13T13:21:08,2026-09-13T06:21:08,https://api.quant-aq.com/v1/devices/MOD-00614/data/779827045
1120.4,708.88,"{'lat': None, 'lon': None}","{'rh': 39.3, 'temp': 23.5, 'wd': 0.0, 'ws': 0.0, 'ws_scalar': 0.0}","{'gas': {'co': 13499, 'co2': 13261, 'no': 13587, 'no2': 13766, 'o3': 13746}, 'pm': {'pm1': 13203, 'pm10': 13205, 'pm25': 13204}}",3.44,11.47,23.07,0.99,0.99,0.99,779827366,39.3,MOD-00614,23.5,2026-09-13T13:20:07,2026-09-13T06:20:07,https://api.quant-aq.com/v1/devices/MOD-00614/data/779827041
1128.61,710.93,"{'lat': None, 'lon': None}","{'rh': 39.3, 'temp': 23.5, 'wd': 0.0, 'ws': 0.0, 'ws_scalar': 0.0}","{'gas': {'co': 13499, 'co2': 13261, 'no': 13587, 'no2': 13766, 'o3': 13746}, 'pm': {'pm1': 13203, 'pm10': 13205, 'pm25': 13204}}",3.44,11.47,22.51,0.78,0.78,0.78,779827369,39.3,MOD-00614,23.5,2026-09-13T13:19:07,2026-09-13T06:19:07,https://api.quant-aq.com/v1/devices/MOD-00614/data/779827043
1126.97,709.49,"{'lat': None, 'lon': None}","{'rh': 39.3, 'temp': 23.5, 'wd': 0.0, 'ws': 0.0, 'ws_scalar': 0.0}","{'gas': {'co': 13499, 'co2': 13261, 'no': 13587, 'no2': 13766, 'o3': 13746}, 'pm': {'pm1': 13203, 'pm10': 13205, 'pm25': 13204}}",3.44,9.93,22.51,1.23,1.23,1.23,779827367,39.3,MOD-00614,23.5,2026-09-13T13:18:07,2026-09-13T06:18:07,https://api.quant-aq.com/v1/devices/MOD-00614/data/779827042
1126.15,710.93,"{'lat': None, 'lon': None}","{'rh': 39.3, 'temp': 23.5, 'wd': 0.0, 'ws': 0.0, 'ws_scalar': 0.0}","{'gas': {'co': 13499, 'co2': 13261, 'no': 13587, 'no2': 13766, 'o3': 13746}, 'pm': {'pm1': 13203, 'pm10': 13205, 'pm25': 13204}}",3.44,9.93,23.07,0.85,0.85,0.85,779827364,39.3,MOD-00614,23.5,2026-09-13T13:17:07,2026-09-13T06:17:07,https://api.quant-aq.com/v1/devices/MOD-00614/data/779827040
1124.21,709.25,"{'lat': None, 'lon': None}","{'rh': 39.3, 'temp': 23.6, 'wd': 0.0, 'ws': 0.0, 'ws_scalar': 0.0}","{'gas': {'co': 13499, 'co2': 13261, 'no': 13587, 'no2': 13766, 'o3': 13746}, 'pm': {'pm1': 13203, 'pm10': 13205, 'pm25': 13204}}",3.44,10.17,22.81,0.88,0.88,0.88,779824492,39.3,MOD-00614,23.6,2026-09-13T13:16:07,2026-09-13T06:16:07,https://api.quant-aq.com/v1/devices/MOD-00614/data/779824167
1122.46,708.52,"{'lat': None, 'lon': None}","{'rh': 39.3, 'temp': 23.5, 'wd': 0.0, 'ws': 0.0, 'ws_scalar': 0.0}","{'gas': {'co': 13499, 'co2': 13261, 'no': 13587, 'no2': 13766, 'o3': 13746}, 'pm': {'pm1': 13203, 'pm10': 13205, 'pm25': 13204}}",3.44,9.44,22.79,0.93,0.93,0.93,779824491,39.3,MOD-00614,23.5,2026-09-13T13:15:07,2026-09-13T06:15:07,https://api.quant-aq.com/v1/devices/MOD-00614/data/779824166
1121.64,708.16,"{'lat': None, 'lon': None}","{'rh': 39.3, 'temp': 23.5, 'wd': 0.0, 'ws': 0.0, 'ws_scalar': 0.0}","{'gas': {'co': 13499, 'co2': 13261, 'no': 13587, 'no2': 13766, 'o3': 13746}, 'pm': {'pm1': 13203, 'pm10': 13205, 'pm25': 13204}}",3.44,9.93,23.07,0.84,1.33,0.84,779824490,39.3,MOD-00614,23.5,2026-09-13T13:14:07,2026-09-13T06:14:07,https://api.quant-aq.com/v1/devices/MOD-00614/data/779824165
1123.8,709.97,"{'lat': None, 'lon': None}","{'rh': 39.3, 'temp': 23.6, 'wd': 0.0, 'ws': 0.0, 'ws_scalar': 0.0}","{'gas': {'co': 13499, 'co2': 13261, 'no': 13587, 'no2': 13766, 'o3': 13746}, 'pm': {'pm1': 13203, 'pm10': 13205, 'pm25': 13204}}",3.44,10.17,22.53,0.96,0.98,0.98,779824488,39.3,MOD-00614,23.6,2026-09-13T13:13:07,2026-09-13T06:13:07,https://api.quant-aq.com/v1/devices/MOD-00614/data/779824164
1123.39,706.6,"{'lat': None, 'lon': None}","{'rh': 39.3, 'temp': 23.6, 'wd': 0.0, 'ws': 0.0, 'ws_scalar': 0.0}","{'gas': {'co': 13499, 'co2': 13261, 'no': 13587, 'no2': 13766, 'o3': 13746}, 'pm': {'pm1': 13203, 'pm10': 13205, 'pm25': 13204}}",3.44,10.17,22.53,0.88,0.88,0.88,779824489,39.3,MOD-00614,23.6,2026-09-13T13:12:07,2026-09-13T06:12:07,https://api.quant-aq.com/v1/devices/MOD-00614/data/779824163
1125.85,709.73,"{'lat': None, 'lon': None}","{'rh': 39.3, 'temp': 23.6, 'wd': 0.0, 'ws': 0.0, 'ws_scalar': 0.0}","{'gas': {'co': 13499, 'co2': 13261, 'no': 13587, 'no2': 13766, 'o3': 13746}, 'pm': {'pm1': 13203, 'pm10': 13205, 'pm25': 13204}}",3.44,10.17,22.81,0.86,0.86,0.86,779821637,39.3,MOD-00614,23.6,2026-09-13T13:11:07,2026-09-13T06:11:07,https://api.quant-aq.com/v1/devices/MOD-00614/data/779821313
1127.08,708.4,"{'lat': None, 'lon': None}","{'rh': 39.3, 'temp': 23.6, 'wd': 0.0, 'ws': 0.0, 'ws_scalar': 0.0}","{'gas': {'co': 13499, 'co2': 13261, 'no': 13587, 'no2': 13766, 'o3': 13746}, 'pm': {'pm1': 13203, 'pm10': 13205, 'pm25': 13204}}",3.44,10.02,22.81,1.13,1.16,1.16,779821636,39.3,MOD-00614,23.6,2026-09-13T13:10:07,2026-09-13T06:10:07,https://api.quant-aq.com/v1/devices/MOD-00614/data/779821311
1125.03,709.49,"{'lat': None, 'lon': None}","{'rh': 39.3, 'temp': 23.6, 'wd': 0.0, 'ws': 0.0, 'ws_scalar': 0.0}","{'gas': {'co': 13499, 'co2': 13261, 'no': 13587, 'no2': 13766, 'o3': 13746}, 'pm': {'pm1': 13203, 'pm10': 13205, 'pm25': 13204}}",3.44,9.5,22.81,0.91,0.92,0.92,779821633,39.3,MOD-00614,23.6,2026-09-13T13:09:07,2026-09-13T06:09:07,https://api.quant-aq.com/v1/devices/MOD-00614/data/779821308
1123.39,709.37,"{'lat': None, 'lon': None}","{'rh': 39.3, 'temp': 23.6, 'wd': 0.0, 'ws': 0.0, 'ws_scalar': 0.0}","{'gas': {'co': 13499, 'co2': 13261, 'no': 13587, 'no2': 13766, 'o3': 13746}, 'pm': {'pm1': 13203, 'pm10': 13205, 'pm25': 13204}}",3.44,10.17,22.81,0.92,0.94,0.94,779821634,39.3,MOD-00614,23.6,2026-09-13T13:08:07,2026-09-13T06:08:07,https://api.quant-aq.com/v1/devices/MOD-00614/data/779821307
1130.77,708.64,"{'lat': None, 'lon': None}","{'rh': 39.3, 'temp': 23.6, 'wd': 0.0, 'ws': 0.0, 'ws_scalar': 0.0}","{'gas': {'co': 13499, 'co2': 13261, 'no': 13587, 'no2': 13766, 'o3': 13746}, 'pm': {'pm1': 13203, 'pm10': 13205, 'pm25': 13204}}",3.44,10.17,23.09,0.84,0.84,0.84,779821635,39.3,MOD-00614,23.6,2026-09-13T13:07:07,2026-09-13T06:07:07,https://api.quant-aq.com/v1/devices/MOD-00614/data/779821310
1132.01,709.25,"{'lat': None, 'lon': None}","{'rh': 39.3, 'temp': 23.6, 'wd': 0.0, 'ws': 0.0, 'ws_scalar': 0.0}","{'gas': {'co': 13499, 'co2': 13261, 'no': 13587, 'no2': 13766, 'o3': 13746}, 'pm': {'pm1': 13203, 'pm10': 13205, 'pm25': 13204}}",3.44,10.17,22.53,0.93,0.93,0.93,779818698,39.3,MOD-00614,23.6,2026-09-13T13:06:06,2026-09-13T06:06:06,https://api.quant-aq.com/v1/devices/MOD-00614/data/779818373
1122.56,708.4,"{'lat': None, 'lon': None}","{'rh': 39.3, 'temp': 23.6, 'wd': 0.0, 'ws': 0.0, 'ws_scalar': 0.0}","{'gas': {'co': 13499, 'co2': 13261, 'no': 13587, 'no2': 13766, 'o3': 13746}, 'pm': {'pm1': 13203, 'pm10': 13205, 'pm25': 13204}}",3.44,11.48,23.09,0.9,0.9,0.9,779818701,39.3,MOD-00614,23.6,2026-09-13T13:05:06,2026-09-13T06:05:06,https://api.quant-aq.com/v1/devices/MOD-00614/data/779818376
1128.72,710.21,"{'lat': None, 'lon': None}","{'rh': 39.3, 'temp': 23.6, 'wd': 0.0, 'ws': 0.0, 'ws_scalar': 0.0}","{'gas': {'co': 13499, 'co2': 13261, 'no': 13587, 'no2': 13766, 'o3': 13746}, 'pm': {'pm1': 13203, 'pm10': 13205, 'pm25': 13204}}",3.44,10.02,22.25,0.81,0.81,0.81,779818702,39.3,MOD-00614,23.6,2026-09-13T13:04:06,2026-09-13T06:04:06,https://api.quant-aq.com/v1/devices/MOD-00614/data/779818377
1127.9,709.73,"{'lat': None, 'lon': None}","{'rh': 39.3, 'temp': 23.6, 'wd': 0.0, 'ws': 0.0, 'ws_scalar': 0.0}","{'gas': {'co': 13499, 'co2': 13261, 'no': 13587, 'no2': 13766, 'o3': 13746}, 'pm': {'pm1': 13203, 'pm10': 13205, 'pm25': 13204}}",3.44,10.02,23.09,0.92,0.94,0.94,779818700,39.3,MOD-00614,23.6,2026-09-13T13:03:06,2026-09-13T06:03:06,https://api.quant-aq.com/v1/devices/MOD-00614/data/779818375
1131.19,709.12,"{'lat': None, 'lon': None}","{'rh': 39.3, 'temp': 23.6, 'wd': 0.0, 'ws': 0.0, 'ws_scalar': 0.0}","{'gas': {'co': 13499, 'co2': 13261, 'no': 13587, 'no2': 13766, 'o3': 13746}, 'pm': {'pm1': 13203, 'pm10': 13205, 'pm25': 13204}}",3.44,9.5,22.53,1.1,1.11,1.11,779818699,39.3,MOD-00614,23.6,2026-09-13T13:02:06,2026-09-13T06:02:06,https://api.quant-aq.com/v1/devices/MOD-00614/data/779818374
1131.94,713.7,"{'lat': None, 'lon': None}","{'rh': 39.4, 'temp': 23.6, 'wd': 0.0, 'ws': 0.0, 'ws_scalar': 0.0}","{'gas': {'co': 13499, 'co2': 13261, 'no': 13587, 'no2': 13766, 'o3': 13746}, 'pm': {'pm1': 13203, 'pm10': 13205, 'pm25': 13204}}",3.44,11.52,22.78,1.04,1.11,1.07,779815888,39.4,MOD-00614,23.6,2026-09-13T13:01:06,2026-09-13T06:01:06,https://api.quant-aq.com/v1/devices/MOD-00614/data/779815563
1128.65,709.85,"{'lat': None, 'lon': None}","{'rh': 39.4, 'temp': 23.6, 'wd': 0.0, 'ws': 0.0, 'ws_scalar': 0.0}","{'gas': {'co': 13499, 'co2': 13261, 'no': 13587, 'no2': 13766, 'o3': 13746}, 'pm': {'pm1': 13203, 'pm10': 13205, 'pm25': 13204}}",3.44,10.35,22.5,0.95,1.01,0.97,779815887,39.4,MOD-00614,23.6,2026-09-13T13:00:06,2026-09-13T06:00:06,https://api.quant-aq.com/v1/devices/MOD-00614/data/779815562
1131.11,713.22,"{'lat': None, 'lon': None}","{'rh': 39.4, 'temp': 23.6, 'wd': 0.0, 'ws': 0.0, 'ws_scalar': 0.0}","{'gas': {'co': 13499, 'co2': 13261, 'no': 13587, 'no2': 13766, 'o3': 13746}, 'pm': {'pm1': 13203, 'pm10': 13205, 'pm25': 13204}}",3.44,11.65,22.78,1.14,1.15,1.15,779815884,39.4,MOD-00614,23.6,2026-09-13T12:59:06,2026-09-13T05:59:06,https://api.quant-aq.com/v1/devices/MOD-00614/data/779815559
1133.17,709.97,"{'lat': None, 'lon': None}","{'rh': 39.4, 'temp': 23.6, 'wd': 0.0, 'ws': 0.0, 'ws_scalar': 0.0}","{'gas': {'co': 13499, 'co2': 13261, 'no': 13587, 'no2': 13766, 'o3': 13746}, 'pm': {'pm1': 13203, 'pm10': 13205, 'pm25': 13204}}",3.44,9.66,23.05,1.01,1.01,1.01,779815886,39.4,MOD-00614,23.6,2026-09-13T12:58:06,2026-09-13T05:58:06,https://api.quant-aq.com/v1/devices/MOD-00614/data/779815561
1137.27,710.21,"{'lat': None, 'lon': None}","{'rh': 39.4, 'temp': 23.6, 'wd': 0.0, 'ws': 0.0, 'ws_scalar': 0.0}","{'gas': {'co': 13499, 'co2': 13261, 'no': 13587, 'no2': 13766, 'o3': 13746}, 'pm': {'pm1': 13203, 'pm10': 13205, 'pm25': 13204}}",3.44,11.52,22.5,0.95,0.95,0.95,779815885,39.4,MOD-00614,23.6,2026-09-13T12:57:06,2026-09-13T05:57:06,https://api.quant-aq.com/v1/devices/MOD-00614/data/779815560
1130.7,712.02,"{'lat': None, 'lon': None}","{'rh': 39.4, 'temp': 23.6, 'wd': 0.0, 'ws': 0.0, 'ws_scalar': 0.0}","{'gas': {'co': 13499, 'co2': 13261, 'no': 13587, 'no2': 13766, 'o3': 13746}, 'pm': {'pm1': 13203, 'pm10': 13205, 'pm25': 13204}}",3.44,11.52,23.05,0.99,1.01,1.01,779813020,39.4,MOD-00614,23.6,2026-09-13T12:56:06,2026-09-13T05:56:06,https://api.quant-aq.com/v1/devices/MOD-00614/data/779812695
1130.7,711.65,"{'lat': None, 'lon': None}","{'rh': 39.4, 'temp': 23.6, 'wd': 0.0, 'ws': 0.0, 'ws_scalar': 0.0}","{'gas': {'co': 13499, 'co2': 13261, 'no': 13587, 'no2': 13766, 'o3': 13746}, 'pm': {'pm1': 13203, 'pm10': 13205, 'pm25': 13204}}",3.44,11.52,22.78,0.94,0.95,0.95,779813021,39.4,MOD-00614,23.6,2026-09-13T12:55:06,2026-09-13T05:55:06,https://api.quant-aq.com/v1/devices/MOD-00614/data/779812696
1136.86,712.38,"{'lat': None, 'lon': None}","{'rh': 39.4, 'temp': 23.6, 'wd': 0.0, 'ws': 0.0, 'ws_scalar': 0.0}","{'gas': {'co': 13499, 'co2': 13261, 'no': 13587, 'no2': 13766, 'o3': 13746}, 'pm': {'pm1': 13203, 'pm10': 13205, 'pm25': 13204}}",3.44,11.65,23.05,0.89,0.89,0.89,779813022,39.4,MOD-00614,23.6,2026-09-13T12:54:05,2026-09-13T05:54:05,https://api.quant-aq.com/v1/devices/MOD-00614/data/779812697
1133.17,711.05,"{'lat': None, 'lon': None}","{'rh': 39.4, 'temp': 23.6, 'wd': 0.0, 'ws': 0.0, 'ws_scalar': 0.0}","{'gas': {'co': 13499, 'co2': 13261, 'no': 13587, 'no2': 13766, 'o3': 13746}, 'pm': {'pm1': 13203, 'pm10': 13205, 'pm25': 13204}}",3.44,11.52,22.5,1.08,1.08,1.08,779813018,39.4,MOD-00614,23.6,2026-09-13T12:53:05,2026-09-13T05:53:05,https://api.quant-aq.com/v1/devices/MOD-00614/data/779812693
1133.17,711.29,"{'lat': None, 'lon': None}","{'rh': 39.4, 'temp': 23.6, 'wd': 0.0, 'ws': 0.0, 'ws_scalar': 0.0}","{'gas': {'co': 13499, 'co2': 13261, 'no': 13587, 'no2': 13766, 'o3': 13746}, 'pm': {'pm1': 13203, 'pm10': 13205, 'pm25': 13204}}",3.44,10.35,22.78,0.87,1.06,0.89,779813019,39.4,MOD-00614,23.6,2026-09-13T12:52:05,2026-09-13T05:52:05,https://api.quant-aq.com/v1/devices/MOD-00614/data/779812694
1135.22,712.02,"{'lat': None, 'lon': None}","{'rh': 39.4, 'temp': 23.6, 'wd': 0.0, 'ws': 0.0, 'ws_scalar': 0.0}","{'gas': {'co': 13499, 'co2': 13261, 'no': 13587, 'no2': 13766, 'o3': 13746}, 'pm': {'pm1': 13203, 'pm10': 13205, 'pm25': 13204}}",3.44,11.65,21.94,0.91,0.91,0.91,779810160,39.4,MOD-00614,23.6,2026-09-13T12:51:05,2026-09-13T05:51:05,https://api.quant-aq.com/v1/devices/MOD-00614/data/779809835
1134.4,712.38,"{'lat': None, 'lon': None}","{'rh': 39.4, 'temp': 23.6, 'wd': 0.0, 'ws': 0.0, 'ws_scalar': 0.0}","{'gas': {'co': 13499, 'co2': 13261, 'no': 13587, 'no2': 13766, 'o3': 13746}, 'pm': {'pm1': 13203, 'pm10': 13205, 'pm25': 13204}}",3.44,9.66,23.33,1.03,1.03,1.03,779810163,39.4,MOD-00614,23.6,2026-09-13T12:50:05,2026-09-13T05:50:05,https://api.quant-aq.com/v1/devices/MOD-00614/data/779809839
1141.31,709.25,"{'lat': None, 'lon': None}","{'rh': 39.5, 'temp': 23.6, 'wd': 0.0, 'ws': 0.0, 'ws_scalar': 0.0}","{'gas': {'co': 13499, 'co2': 13261, 'no': 13587, 'no2': 13766, 'o3': 13746}, 'pm': {'pm1': 13203, 'pm10': 13205, 'pm25': 13204}}",3.44,11.66,22.46,0.95,0.95,0.95,779810162,39.5,MOD-00614,23.6,2026-09-13T12:49:05,2026-09-13T05:49:05,https://api.quant-aq.com/v1/devices/MOD-00614/data/779809837
1143.02,711.17,"{'lat': None, 'lon': None}","{'rh': 39.4, 'temp': 23.6, 'wd': 0.0, 'ws': 0.0, 'ws_scalar': 0.0}","{'gas': {'co': 13499, 'co2': 13261, 'no': 13587, 'no2': 13766, 'o3': 13746}, 'pm': {'pm1': 13203, 'pm10': 13205, 'pm25': 13204}}",3.44,10.35,22.78,0.92,0.96,0.96,779810164,39.4,MOD-00614,23.6,2026-09-13T12:48:05,2026-09-13T05:48:05,https://api.quant-aq.com/v1/devices/MOD-00614/data/779809838
1134.33,712.14,"{'lat': None, 'lon': None}","{'rh': 39.5, 'temp': 23.6, 'wd': 0.0, 'ws': 0.0, 'ws_scalar': 0.0}","{'gas': {'co': 13499, 'co2': 13261, 'no': 13587, 'no2': 13766, 'o3': 13746}, 'pm': {'pm1': 13203, 'pm10': 13205, 'pm25': 13204}}",3.44,10.23,22.46,1.44,1.44,1.44,779810161,39.5,MOD-00614,23.6,2026-09-13T12:47:05,2026-09-13T05:47:05,https://api.quant-aq.com/v1/devices/MOD-00614/data/779809836
1138.43,712.62,"{'lat': None, 'lon': None}","{'rh': 39.5, 'temp': 23.6, 'wd': 0.0, 'ws': 0.0, 'ws_scalar': 0.0}","{'gas': {'co': 13499, 'co2': 13261, 'no': 13587, 'no2': 13766, 'o3': 13746}, 'pm': {'pm1': 13203, 'pm10': 13205, 'pm25': 13204}}",3.44,11.66,22.74,1.02,1.02,1.02,779807335,39.5,MOD-00614,23.6,2026-09-13T12:46:05,2026-09-13T05:46:05,https://api.quant-aq.com/v1/devices/MOD-00614/data/779807010
1136.79,714.67,"{'lat': None, 'lon': None}","{'rh': 39.5, 'temp': 23.6, 'wd': 0.0, 'ws': 0.0, 'ws_scalar': 0.0}","{'gas': {'co': 13499, 'co2': 13261, 'no': 13587, 'no2': 13766, 'o3': 13746}, 'pm': {'pm1': 13203, 'pm10': 13205, 'pm25': 13204}}",3.44,10.23,22.74,1.05,1.07,1.07,779807336,39.5,MOD-00614,23.6,2026-09-13T12:45:05,2026-09-13T05:45:05,https://api.quant-aq.com/v1/devices/MOD-00614/data/779807011
1140.9,710.69,"{'lat': None, 'lon': None}","{'rh': 39.5, 'temp': 23.6, 'wd': 0.0, 'ws': 0.0, 'ws_scalar': 0.0}","{'gas': {'co': 13499, 'co2': 13261, 'no': 13587, 'no2': 13766, 'o3': 13746}, 'pm': {'pm1': 13203, 'pm10': 13205, 'pm25': 13204}}",3.44,11.41,22.74,1.22,1.38,1.22,779807333,39.5,MOD-00614,23.6,2026-09-13T12:44:05,2026-09-13T05:44:05,https://api.quant-aq.com/v1/devices/MOD-00614/data/779807008
1135.97,711.05,"{'lat': None, 'lon': None}","{'rh': 39.5, 'temp': 23.6, 'wd': 0.0, 'ws': 0.0, 'ws_scalar': 0.0}","{'gas': {'co': 13499, 'co2': 13261, 'no': 13587, 'no2': 13766, 'o3': 13746}, 'pm': {'pm1': 13203, 'pm10': 13205, 'pm25': 13204}}",3.44,11.41,23.02,1.07,1.15,1.11,779807334,39.5,MOD-00614,23.6,2026-09-13T12:43:05,2026-09-13T05:43:05,https://api.quant-aq.com/v1/devices/MOD-00614/data/779807009
1135.56,713.34,"{'lat': None, 'lon': None}","{'rh': 39.5, 'temp': 23.6, 'wd': 0.0, 'ws': 0.0, 'ws_scalar': 0.0}","{'gas': {'co': 13499, 'co2': 13261, 'no': 13587, 'no2': 13766, 'o3': 13746}, 'pm': {'pm1': 13203, 'pm10': 13205, 'pm25': 13204}}",3.44,11.92,22.19,1.18,1.2,1.2,779807337,39.5,MOD-00614,23.6,2026-09-13T12:42:04,2026-09-13T05:42:04,https://api.quant-aq.com/v1/devices/MOD-00614/data/779807012
1148.28,712.62,"{'lat': None, 'lon': None}","{'rh': 39.5, 'temp': 23.6, 'wd': 0.0, 'ws': 0.0, 'ws_scalar': 0.0}","{'gas': {'co': 13499, 'co2': 13261, 'no': 13587, 'no2': 13766, 'o3': 13746}, 'pm': {'pm1': 13203, 'pm10': 13205, 'pm25': 13204}}",3.44,11.41,23.02,0.98,1.04,1.01,779804536,39.5,MOD-00614,23.6,2026-09-13T12:41:04,2026-09-13T05:41:04,https://api.quant-aq.com/v1/devices/MOD-00614/data/779804210
1140.07,716.83,"{'lat': None, 'lon': None}","{'rh': 39.5, 'temp': 23.6, 'wd': 0.0, 'ws': 0.0, 'ws_scalar': 0.0}","{'gas': {'co': 13499, 'co2': 13261, 'no': 13587, 'no2': 13766, 'o3': 13746}, 'pm': {'pm1': 13203, 'pm10': 13205, 'pm25': 13204}}",3.44,11.41,22.19,1.12,1.12,1.12,779804535,39.5,MOD-00614,23.6,2026-09-13T12:40:04,2026-09-13T05:40:04,https://api.quant-aq.com/v1/devices/MOD-00614/data/779804211
1144.18,711.65,"{'lat': None, 'lon': None}","{'rh': 39.5, 'temp': 23.6, 'wd': 0.0, 'ws': 0.0, 'ws_scalar': 0.0}","{'gas': {'co': 13499, 'co2': 13261, 'no': 13587, 'no2': 13766, 'o3': 13746}, 'pm': {'pm1': 13203, 'pm10': 13205, 'pm25': 13204}}",3.44,11.41,22.74,1.09,1.09,1.09,779804534,39.5,MOD-00614,23.6,2026-09-13T12:39:04,2026-09-13T05:39:04,https://api.quant-aq.com/v1/devices/MOD-00614/data/779804209
1139.25,715.75,"{'lat': None, 'lon': None}","{'rh': 39.5, 'temp': 23.6, 'wd': 0.0, 'ws': 0.0, 'ws_scalar': 0.0}","{'gas': {'co': 13499, 'co2': 13261, 'no': 13587, 'no2': 13766, 'o3': 13746}, 'pm': {'pm1': 13203, 'pm10': 13205, 'pm25': 13204}}",3.44,11.41,22.19,1.11,1.11,1.11,779804533,39.5,MOD-00614,23.6,2026-09-13T12:38:04,2026-09-13T05:38:04,https://api.quant-aq.com/v1/devices/MOD-00614/data/779804207
1145.0,710.93,"{'lat': None, 'lon': None}","{'rh': 39.5, 'temp': 23.6, 'wd': 0.0, 'ws': 0.0, 'ws_scalar': 0.0}","{'gas': {'co': 13499, 'co2': 13261, 'no': 13587, 'no2': 13766, 'o3': 13746}, 'pm': {'pm1': 13203, 'pm10': 13205, 'pm25': 13204}}",3.44,10.23,22.74,1.05,1.22,1.05,779804532,39.5,MOD-00614,23.6,2026-09-13T12:37:04,2026-09-13T05:37:04,https://api.quant-aq.com/v1/devices/MOD-00614/data/779804208
1142.23,713.94,"{'lat': None, 'lon': None}","{'rh': 39.5, 'temp': 23.7, 'wd': 0.0, 'ws': 0.0, 'ws_scalar': 0.0}","{'gas': {'co': 13499, 'co2': 13261, 'no': 13587, 'no2': 13766, 'o3': 13746}, 'pm': {'pm1': 13203, 'pm10': 13205, 'pm25': 13204}}",3.44,10.07,22.76,1.25,1.32,1.27,779801672,39.5,MOD-00614,23.7,2026-09-13T12:36:04,2026-09-13T05:36:04,https://api.quant-aq.com/v1/devices/MOD-00614/data/779801348
1141.41,712.38,"{'lat': None, 'lon': None}","{'rh': 39.5, 'temp': 23.7, 'wd': 0.0, 'ws': 0.0, 'ws_scalar': 0.0}","{'gas': {'co': 13499, 'co2': 13261, 'no': 13587, 'no2': 13766, 'o3': 13746}, 'pm': {'pm1': 13203, 'pm10': 13205, 'pm25': 13204}}",3.44,10.58,22.48,1.14,1.16,1.16,779801673,39.5,MOD-00614,23.7,2026-09-13T12:35:04,2026-09-13T05:35:04,https://api.quant-aq.com/v1/devices/MOD-00614/data/779801347
1142.57,711.9,"{'lat': None, 'lon': None}","{'rh': 39.6, 'temp': 23.7, 'wd': 0.0, 'ws': 0.0, 'ws_scalar': 0.0}","{'gas': {'co': 13499, 'co2': 13261, 'no': 13587, 'no2': 13766, 'o3': 13746}, 'pm': {'pm1': 13203, 'pm10': 13205, 'pm25': 13204}}",3.43,9.77,23.01,1.28,1.28,1.28,779801671,39.6,MOD-00614,23.7,2026-09-13T12:34:04,2026-09-13T05:34:04,https://api.quant-aq.com/v1/devices/MOD-00614/data/779801346
1143.06,713.7,"{'lat': None, 'lon': None}","{'rh': 39.5, 'temp': 23.7, 'wd': 0.0, 'ws': 0.0, 'ws_scalar': 0.0}","{'gas': {'co': 13499, 'co2': 13261, 'no': 13587, 'no2': 13766, 'o3': 13746}, 'pm': {'pm1': 13203, 'pm10': 13205, 'pm25': 13204}}",3.43,10.58,22.76,1.18,1.18,1.18,779801669,39.5,MOD-00614,23.7,2026-09-13T12:33:04,2026-09-13T05:33:04,https://api.quant-aq.com/v1/devices/MOD-00614/data/779801344
1145.04,715.27,"{'lat': None, 'lon': None}","{'rh': 39.6, 'temp': 23.7, 'wd': 0.0, 'ws': 0.0, 'ws_scalar': 0.0}","{'gas': {'co': 13499, 'co2': 13261, 'no': 13587, 'no2': 13766, 'o3': 13746}, 'pm': {'pm1': 13203, 'pm10': 13205, 'pm25': 13204}}",3.43,11.5,22.45,0.92,0.92,0.92,779801670,39.6,MOD-00614,23.7,2026-09-13T12:32:04,2026-09-13T05:32:04,https://api.quant-aq.com/v1/devices/MOD-00614/data/779801345
1145.45,713.1,"{'lat': None, 'lon': None}","{'rh': 39.6, 'temp': 23.7, 'wd': 0.0, 'ws': 0.0, 'ws_scalar': 0.0}","{'gas': {'co': 13499, 'co2': 13261, 'no': 13587, 'no2': 13766, 'o3': 13746}, 'pm': {'pm1': 13203, 'pm10': 13205, 'pm25': 13204}}",3.43,11.41,22.17,1.13,1.13,1.13,779798821,39.6,MOD-00614,23.7,2026-09-13T12:31:04,2026-09-13T05:31:04,https://api.quant-aq.com/v1/devices/MOD-00614/data/779798496
1144.63,715.15,"{'lat': None, 'lon': None}","{'rh': 39.6, 'temp': 23.7, 'wd': 0.0, 'ws': 0.0, 'ws_scalar': 0.0}","{'gas': {'co': 13499, 'co2': 13261, 'no': 13587, 'no2': 13766, 'o3': 13746}, 'pm': {'pm1': 13203, 'pm10': 13205, 'pm25': 13204}}",3.43,9.77,23.01,1.57,1.57,1.57,779798820,39.6,MOD-00614,23.7,2026-09-13T12:30:04,2026-09-13T05:30:04,https://api.quant-aq.com/v1/devices/MOD-00614/data/779798493
1148.32,714.42,"{'lat': None, 'lon': None}","{'rh': 39.6, 'temp': 23.7, 'wd': 0.0, 'ws': 0.0, 'ws_scalar': 0.0}","{'gas': {'co': 13499, 'co2': 13261, 'no': 13587, 'no2': 13766, 'o3': 13746}, 'pm': {'pm1': 13203, 'pm10': 13205, 'pm25': 13204}}",3.43,9.77,22.17,0.77,1.23,0.77,779798818,39.6,MOD-00614,23.7,2026-09-13T12:29:03,2026-09-13T05:29:03,https://api.quant-aq.com/v1/devices/MOD-00614/data/779798494
1148.73,714.67,"{'lat': None, 'lon': None}","{'rh': 39.6, 'temp': 23.7, 'wd': 0.0, 'ws': 0.0, 'ws_scalar': 0.0}","{'gas': {'co': 13499, 'co2': 13261, 'no': 13587, 'no2': 13766, 'o3': 13746}, 'pm': {'pm1': 13203, 'pm10': 13205, 'pm25': 13204}}",3.43,11.41,23.01,0.96,0.96,0.96,779798817,39.6,MOD-00614,23.7,2026-09-13T12:28:03,2026-09-13T05:28:03,https://api.quant-aq.com/v1/devices/MOD-00614/data/779798492
1144.22,715.99,"{'lat': None, 'lon': None}","{'rh': 39.6, 'temp': 23.7, 'wd': 0.0, 'ws': 0.0, 'ws_scalar': 0.0}","{'gas': {'co': 13499, 'co2': 13261, 'no': 13587, 'no2': 13766, 'o3': 13746}, 'pm': {'pm1': 13203, 'pm10': 13205, 'pm25': 13204}}",3.43,11.41,22.45,1.32,1.33,1.33,779798819,39.6,MOD-00614,23.7,2026-09-13T12:27:03,2026-09-13T05:27:03,https://api.quant-aq.com/v1/devices/MOD-00614/data/779798495
1149.55,717.44,"{'lat': None, 'lon': None}","{'rh': 39.6, 'temp': 23.7, 'wd': 0.0, 'ws': 0.0, 'ws_scalar': 0.0}","{'gas': {'co': 13499, 'co2': 13261, 'no': 13587, 'no2': 13766, 'o3': 13746}, 'pm': {'pm1': 13203, 'pm10': 13205, 'pm25': 13204}}",3.43,11.5,22.73,1.09,1.57,1.09,779795933,39.6,MOD-00614,23.7,2026-09-13T12:26:03,2026-09-13T05:26:03,https://api.quant-aq.com/v1/devices/MOD-00614/data/779795607
1150.78,715.87,"{'lat': None, 'lon': None}","{'rh': 39.6, 'temp': 23.7, 'wd': 0.0, 'ws': 0.0, 'ws_scalar': 0.0}","{'gas': {'co': 13499, 'co2': 13261, 'no': 13587, 'no2': 13766, 'o3': 13746}, 'pm': {'pm1': 13203, 'pm10': 13205, 'pm25': 13204}}",3.43,9.77,22.17,1.05,1.05,1.05,779795931,39.6,MOD-00614,23.7,2026-09-13T12:25:03,2026-09-13T05:25:03,https://api.quant-aq.com/v1/devices/MOD-00614/data/779795606
1147.09,713.94,"{'lat': None, 'lon': None}","{'rh': 39.6, 'temp': 23.7, 'wd': 0.0, 'ws': 0.0, 'ws_scalar': 0.0}","{'gas': {'co': 13499, 'co2': 13261, 'no': 13587, 'no2': 13766, 'o3': 13746}, 'pm': {'pm1': 13203, 'pm10': 13205, 'pm25': 13204}}",3.43,11.5,22.73,1.4,1.4,1.4,779795929,39.6,MOD-00614,23.7,2026-09-13T12:24:03,2026-09-13T05:24:03,https://api.quant-aq.com/v1/devices/MOD-00614/data/779795605
1149.14,716.47,"{'lat': None, 'lon': None}","{'rh': 39.6, 'temp': 23.7, 'wd': 0.0, 'ws': 0.0, 'ws_scalar': 0.0}","{'gas': {'co': 13499, 'co2': 13261, 'no': 13587, 'no2': 13766, 'o3': 13746}, 'pm': {'pm1': 13203, 'pm10': 13205, 'pm25': 13204}}",3.43,9.13,22.45,1.16,1.16,1.16,779795932,39.6,MOD-00614,23.7,2026-09-13T12:23:03,2026-09-13T05:23:03,https://api.quant-aq.com/v1/devices/MOD-00614/data/779795608
1149.96,716.11,"{'lat': None, 'lon': None}","{'rh': 39.6, 'temp': 23.7, 'wd': 0.0, 'ws': 0.0, 'ws_scalar': 0.0}","{'gas': {'co': 13499, 'co2': 13261, 'no': 13587, 'no2': 13766, 'o3': 13746}, 'pm': {'pm1': 13203, 'pm10': 13205, 'pm25': 13204}}",3.43,11.41,23.01,1.19,1.19,1.19,779795930,39.6,MOD-00614,23.7,2026-09-13T12:22:03,2026-09-13T05:22:03,https://api.quant-aq.com/v1/devices/MOD-00614/data/779795604
1150.37,717.32,"{'lat': None, 'lon': None}","{'rh': 39.6, 'temp': 23.7, 'wd': 0.0, 'ws': 0.0, 'ws_scalar': 0.0}","{'gas': {'co': 13499, 'co2': 13261, 'no': 13587, 'no2': 13766, 'o3': 13746}, 'pm': {'pm1': 13203, 'pm10': 13205, 'pm25': 13204}}",3.43,11.41,22.45,1.36,1.83,1.36,779793075,39.6,MOD-00614,23.7,2026-09-13T12:21:03,2026-09-13T05:21:03,https://api.quant-aq.com/v1/devices/MOD-00614/data/779792749
1153.66,717.19,"{'lat': None, 'lon': None}","{'rh': 39.6, 'temp': 23.7, 'wd': 0.0, 'ws': 0.0, 'ws_scalar': 0.0}","{'gas': {'co': 13499, 'co2': 13261, 'no': 13587, 'no2': 13766, 'o3': 13746}, 'pm': {'pm1': 13203, 'pm10': 13205, 'pm25': 13204}}",3.43,9.45,22.73,0.93,0.93,0.93,779793072,39.6,MOD-00614,23.7,2026-09-13T12:20:03,2026-09-13T05:20:03,https://api.quant-aq.com/v1/devices/MOD-00614/data/779792748
1151.19,718.76,"{'lat': None, 'lon': None}","{'rh': 39.6, 'temp': 23.7, 'wd': 0.0, 'ws': 0.0, 'ws_scalar': 0.0}","{'gas': {'co': 13499, 'co2': 13261, 'no': 13587, 'no2': 13766, 'o3': 13746}, 'pm': {'pm1': 13203, 'pm10': 13205, 'pm25': 13204}}",3.43,11.5,23.29,0.74,0.74,0.74,779793076,39.6,MOD-00614,23.7,2026-09-13T12:19:03,2026-09-13T05:19:03,https://api.quant-aq.com/v1/devices/MOD-00614/data/779792751
1150.78,717.44,"{'lat': None, 'lon': None}","{'rh': 39.6, 'temp': 23.7, 'wd': 0.0, 'ws': 0.0, 'ws_scalar': 0.0}","{'gas': {'co': 13499, 'co2': 13261, 'no': 13587, 'no2': 13766, 'o3': 13746}, 'pm': {'pm1': 13203, 'pm10': 13205, 'pm25': 13204}}",3.43,11.41,22.45,0.88,0.88,0.88,779793074,39.6,MOD-00614,23.7,2026-09-13T12:18:03,2026-09-13T05:18:03,https://api.quant-aq.com/v1/devices/MOD-00614/data/779792750
1151.19,716.35,"{'lat': None, 'lon': None}","{'rh': 39.6, 'temp': 23.7, 'wd': 0.0, 'ws': 0.0, 'ws_scalar': 0.0}","{'gas': {'co': 13499, 'co2': 13261, 'no': 13587, 'no2': 13766, 'o3': 13746}, 'pm': {'pm1': 13203, 'pm10': 13205, 'pm25': 13204}}",3.43,9.77,23.01,0.91,0.91,0.91,779793073,39.6,MOD-00614,23.7,2026-09-13T12:17:02,2026-09-13T05:17:02,https://api.quant-aq.com/v1/devices/MOD-00614/data/779792747
1160.23,715.15,"{'lat': None, 'lon': None}","{'rh': 39.6, 'temp': 23.7, 'wd': 0.0, 'ws': 0.0, 'ws_scalar': 0.0}","{'gas': {'co': 13499, 'co2': 13261, 'no': 13587, 'no2': 13766, 'o3': 13746}, 'pm': {'pm1': 13203, 'pm10': 13205, 'pm25': 13204}}",3.43,11.41,22.45,1.09,1.09,1.09,779790202,39.6,MOD-00614,23.7,2026-09-13T12:16:02,2026-09-13T05:16:02,https://api.quant-aq.com/v1/devices/MOD-00614/data/779789876
1156.53,716.11,"{'lat': None, 'lon': None}","{'rh': 39.6, 'temp': 23.7, 'wd': 0.0, 'ws': 0.0, 'ws_scalar': 0.0}","{'gas': {'co': 13499, 'co2': 13261, 'no': 13587, 'no2': 13766, 'o3': 13746}, 'pm': {'pm1': 13203, 'pm10': 13205, 'pm25': 13204}}",3.43,9.45,22.73,1.2,3.08,1.21,779790199,39.6,MOD-00614,23.7,2026-09-13T12:15:02,2026-09-13T05:15:02,https://api.quant-aq.com/v1/devices/MOD-00614/data/779789874
1151.94,717.32,"{'lat': None, 'lon': None}","{'rh': 39.7, 'temp': 23.7, 'wd': 0.0, 'ws': 0.0, 'ws_scalar': 0.0}","{'gas': {'co': 13499, 'co2': 13261, 'no': 13587, 'no2': 13766, 'o3': 13746}, 'pm': {'pm1': 13203, 'pm10': 13205, 'pm25': 13204}}",3.43,11.4,22.98,1.03,1.03,1.03,779790200,39.7,MOD-00614,23.7,2026-09-13T12:14:02,2026-09-13T05:14:02,https://api.quant-aq.com/v1/devices/MOD-00614/data/779789875
1153.66,717.56,"{'lat': None, 'lon': None}","{'rh': 39.6, 'temp': 23.7, 'wd': 0.0, 'ws': 0.0, 'ws_scalar': 0.0}","{'gas': {'co': 13499, 'co2': 13261, 'no': 13587, 'no2': 13766, 'o3': 13746}, 'pm': {'pm1': 13203, 'pm10': 13205, 'pm25': 13204}}",3.43,11.41,22.45,1.38,1.39,1.39,779790198,39.6,MOD-00614,23.7,2026-09-13T12:13:02,2026-09-13T05:13:02,https://api.quant-aq.com/v1/devices/MOD-00614/data/779789873
1157.28,717.92,"{'lat': None, 'lon': None}","{'rh': 39.7, 'temp': 23.7, 'wd': 0.0, 'ws': 0.0, 'ws_scalar': 0.0}","{'gas': {'co': 13499, 'co2': 13261, 'no': 13587, 'no2': 13766, 'o3': 13746}, 'pm': {'pm1': 13203, 'pm10': 13205, 'pm25': 13204}}",3.43,11.27,22.98,1.0,1.02,1.02,779790201,39.7,MOD-00614,23.7,2026-09-13T12:12:02,2026-09-13T05:12:02,https://api.quant-aq.com/v1/devices/MOD-00614/data/779789877
1154.82,720.69,"{'lat': None, 'lon': None}","{'rh': 39.7, 'temp': 23.7, 'wd': 0.0, 'ws': 0.0, 'ws_scalar': 0.0}","{'gas': {'co': 13499, 'co2': 13261, 'no': 13587, 'no2': 13766, 'o3': 13746}, 'pm': {'pm1': 13203, 'pm10': 13205, 'pm25': 13204}}",3.43,11.4,22.42,1.28,1.28,1.28,779787332,39.7,MOD-00614,23.7,2026-09-13T12:11:02,2026-09-13T05:11:02,https://api.quant-aq.com/v1/devices/MOD-00614/data/779787010
1160.57,720.81,"{'lat': None, 'lon': None}","{'rh': 39.7, 'temp': 23.7, 'wd': 0.0, 'ws': 0.0, 'ws_scalar': 0.0}","{'gas': {'co': 13499, 'co2': 13261, 'no': 13587, 'no2': 13766, 'o3': 13746}, 'pm': {'pm1': 13203, 'pm10': 13205, 'pm25': 13204}}",3.43,11.4,22.98,1.05,1.05,1.05,779787327,39.7,MOD-00614,23.7,2026-09-13T12:10:02,2026-09-13T05:10:02,https://api.quant-aq.com/v1/devices/MOD-00614/data/779787003
1156.87,719.12,"{'lat': None, 'lon': None}","{'rh': 39.7, 'temp': 23.7, 'wd': 0.0, 'ws': 0.0, 'ws_scalar': 0.0}","{'gas': {'co': 13499, 'co2': 13261, 'no': 13587, 'no2': 13766, 'o3': 13746}, 'pm': {'pm1': 13203, 'pm10': 13205, 'pm25': 13204}}",3.43,11.4,22.7,1.21,1.21,1.21,779787329,39.7,MOD-00614,23.7,2026-09-13T12:09:02,2026-09-13T05:09:02,https://api.quant-aq.com/v1/devices/MOD-00614/data/779787005
1156.46,716.95,"{'lat': None, 'lon': None}","{'rh': 39.7, 'temp': 23.7, 'wd': 0.0, 'ws': 0.0, 'ws_scalar': 0.0}","{'gas': {'co': 13499, 'co2': 13261, 'no': 13587, 'no2': 13766, 'o3': 13746}, 'pm': {'pm1': 13203, 'pm10': 13205, 'pm25': 13204}}",3.43,11.51,22.7,1.0,1.0,1.0,779787331,39.7,MOD-00614,23.7,2026-09-13T12:08:02,2026-09-13T05:08:02,https://api.quant-aq.com/v1/devices/MOD-00614/data/779787006
1158.51,716.11,"{'lat': None, 'lon': None}","{'rh': 39.7, 'temp': 23.7, 'wd': 0.0, 'ws': 0.0, 'ws_scalar': 0.0}","{'gas': {'co': 13499, 'co2': 13261, 'no': 13587, 'no2': 13766, 'o3': 13746}, 'pm': {'pm1': 13203, 'pm10': 13205, 'pm25': 13204}}",3.43,11.51,22.42,0.89,0.89,0.89,779787330,39.7,MOD-00614,23.7,2026-09-13T12:07:02,2026-09-13T05:07:02,https://api.quant-aq.com/v1/devices/MOD-00614/data/779787004
1154.0,713.7,"{'lat': None, 'lon': None}","{'rh': 39.7, 'temp': 23.7, 'wd': 0.0, 'ws': 0.0, 'ws_scalar': 0.0}","{'gas': {'co': 13499, 'co2': 13261, 'no': 13587, 'no2': 13766, 'o3': 13746}, 'pm': {'pm1': 13203, 'pm10': 13205, 'pm25': 13204}}",3.43,11.51,22.98,1.04,2.73,1.04,779784508,39.7,MOD-00614,23.7,2026-09-13T12:06:02,2026-09-13T05:06:02,https://api.quant-aq.com/v1/devices/MOD-00614/data/779784182
1159.74,712.86,"{'lat': None, 'lon': None}","{'rh': 39.7, 'temp': 23.7, 'wd': 0.0, 'ws': 0.0, 'ws_scalar': 0.0}","{'gas': {'co': 13499, 'co2': 13261, 'no': 13587, 'no2': 13766, 'o3': 13746}, 'pm': {'pm1': 13203, 'pm10': 13205, 'pm25': 13204}}",3.43,11.51,22.7,1.01,1.5,1.01,779784509,39.7,MOD-00614,23.7,2026-09-13T12:05:02,2026-09-13T05:05:02,https://api.quant-aq.com/v1/devices/MOD-00614/data/779784184
1159.74,714.18,"{'lat': None, 'lon': None}","{'rh': 39.7, 'temp': 23.7, 'wd': 0.0, 'ws': 0.0, 'ws_scalar': 0.0}","{'gas': {'co': 13499, 'co2': 13261, 'no': 13587, 'no2': 13766, 'o3': 13746}, 'pm': {'pm1': 13203, 'pm10': 13205, 'pm25': 13204}}",3.43,9.25,23.26,1.39,1.4,1.4,779784507,39.7,MOD-00614,23.7,2026-09-13T12:04:01,2026-09-13T05:04:01,https://api.quant-aq.com/v1/devices/MOD-00614/data/779784183
1158.1,714.91,"{'lat': None, 'lon': None}","{'rh': 39.7, 'temp': 23.7, 'wd': 0.0, 'ws': 0.0, 'ws_scalar': 0.0}","{'gas': {'co': 13499, 'co2': 13261, 'no': 13587, 'no2': 13766, 'o3': 13746}, 'pm': {'pm1': 13203, 'pm10': 13205, 'pm25': 13204}}",3.43,11.4,22.42,1.09,1.11,1.11,779784505,39.7,MOD-00614,23.7,2026-09-13T12:03:01,2026-09-13T05:03:01,https://api.quant-aq.com/v1/devices/MOD-00614/data/779784180
1166.72,715.63,"{'lat': None, 'lon': None}","{'rh': 39.7, 'temp': 23.7, 'wd': 0.0, 'ws': 0.0, 'ws_scalar': 0.0}","{'gas': {'co': 13499, 'co2': 13261, 'no': 13587, 'no2': 13766, 'o3': 13746}, 'pm': {'pm1': 13203, 'pm10': 13205, 'pm25': 13204}}",3.43,11.27,22.98,1.26,1.28,1.28,779784506,39.7,MOD-00614,23.7,2026-09-13T12:02:01,2026-09-13T05:02:01,https://api.quant-aq.com/v1/devices/MOD-00614/data/779784181
1163.78,717.68,"{'lat': None, 'lon': None}","{'rh': 39.8, 'temp': 23.7, 'wd': 0.0, 'ws': 0.0, 'ws_scalar': 0.0}","{'gas': {'co': 13499, 'co2': 13261, 'no': 13587, 'no2': 13766, 'o3': 13746}, 'pm': {'pm1': 13203, 'pm10': 13205, 'pm25': 13204}}",3.42,11.38,22.95,1.04,1.06,1.06,779781690,39.8,MOD-00614,23.7,2026-09-13T12:01:01,2026-09-13T05:01:01,https://api.quant-aq.com/v1/devices/MOD-00614/data/779781365
1161.32,720.57,"{'lat': None, 'lon': None}","{'rh': 39.8, 'temp': 23.7, 'wd': 0.0, 'ws': 0.0, 'ws_scalar': 0.0}","{'gas': {'co': 13499, 'co2': 13261, 'no': 13587, 'no2': 13766, 'o3': 13746}, 'pm': {'pm1': 13203, 'pm10': 13205, 'pm25': 13204}}",3.42,11.51,22.11,1.13,1.13,1.13,779781689,39.8,MOD-00614,23.7,2026-09-13T12:00:01,2026-09-13T05:00:01,https://api.quant-aq.com/v1/devices/MOD-00614/data/779781364
1167.06,718.52,"{'lat': None, 'lon': None}","{'rh': 39.8, 'temp': 23.7, 'wd': 0.0, 'ws': 0.0, 'ws_scalar': 0.0}","{'gas': {'co': 13499, 'co2': 13261, 'no': 13587, 'no2': 13766, 'o3': 13746}, 'pm': {'pm1': 13203, 'pm10': 13205, 'pm25': 13204}}",3.42,11.38,22.95,1.15,1.15,1.15,779781688,39.8,MOD-00614,23.7,2026-09-13T11:59:01,2026-09-13T04:59:01,https://api.quant-aq.com/v1/devices/MOD-00614/data/779781363
1167.99,716.23,"{'lat': None, 'lon': None}","{'rh': 39.8, 'temp': 23.8, 'wd': 0.0, 'ws': 0.0, 'ws_scalar': 0.0}","{'gas': {'co': 13499, 'co2': 13261, 'no': 13587, 'no2': 13766, 'o3': 13746}, 'pm': {'pm1': 13203, 'pm10': 13205, 'pm25': 13204}}",3.42,9.43,22.96,1.04,1.04,1.04,779781687,39.8,MOD-00614,23.8,2026-09-13T11:58:01,2026-09-13T04:58:01,https://api.quant-aq.com/v1/devices/MOD-00614/data/779781362
1158.03,718.04,"{'lat': None, 'lon': None}","{'rh': 39.8, 'temp': 23.7, 'wd': 0.0, 'ws': 0.0, 'ws_scalar': 0.0}","{'gas': {'co': 13499, 'co2': 13261, 'no': 13587, 'no2': 13766, 'o3': 13746}, 'pm': {'pm1': 13203, 'pm10': 13205, 'pm25': 13204}}",3.42,11.38,22.67,1.19,1.21,1.21,779781686,39.8,MOD-00614,23.7,2026-09-13T11:57:01,2026-09-13T04:57:01,https://api.quant-aq.com/v1/devices/MOD-00614/data/779781361
1166.76,717.92,"{'lat': None, 'lon': None}","{'rh': 39.8, 'temp': 23.8, 'wd': 0.0, 'ws': 0.0, 'ws_scalar': 0.0}","{'gas': {'co': 13499, 'co2': 13261, 'no': 13587, 'no2': 13766, 'o3': 13746}, 'pm': {'pm1': 13203, 'pm10': 13205, 'pm25': 13204}}",3.42,11.45,22.68,1.34,1.35,1.35,779778841,39.8,MOD-00614,23.8,2026-09-13T11:56:01,2026-09-13T04:56:01,https://api.quant-aq.com/v1/devices/MOD-00614/data/779778516
1164.71,717.19,"{'lat': None, 'lon': None}","{'rh': 39.8, 'temp': 23.8, 'wd': 0.0, 'ws': 0.0, 'ws_scalar': 0.0}","{'gas': {'co': 13499, 'co2': 13261, 'no': 13587, 'no2': 13766, 'o3': 13746}, 'pm': {'pm1': 13203, 'pm10': 13205, 'pm25': 13204}}",3.42,8.45,22.96,0.82,0.82,0.82,779778840,39.8,MOD-00614,23.8,2026-09-13T11:55:01,2026-09-13T04:55:01,https://api.quant-aq.com/v1/devices/MOD-00614/data/779778515
1166.76,715.87,"{'lat': None, 'lon': None}","{'rh': 39.8, 'temp': 23.8, 'wd': 0.0, 'ws': 0.0, 'ws_scalar': 0.0}","{'gas': {'co': 13499, 'co2': 13261, 'no': 13587, 'no2': 13766, 'o3': 13746}, 'pm': {'pm1': 13203, 'pm10': 13205, 'pm25': 13204}}",3.42,11.34,22.96,1.54,1.6,1.56,779778838,39.8,MOD-00614,23.8,2026-09-13T11:54:01,2026-09-13T04:54:01,https://api.quant-aq.com/v1/devices/MOD-00614/data/779778513
1167.17,718.64,"{'lat': None, 'lon': None}","{'rh': 39.8, 'temp': 23.8, 'wd': 0.0, 'ws': 0.0, 'ws_scalar': 0.0}","{'gas': {'co': 13499, 'co2': 13261, 'no': 13587, 'no2': 13766, 'o3': 13746}, 'pm': {'pm1': 13203, 'pm10': 13205, 'pm25': 13204}}",3.42,11.34,22.68,1.11,1.28,1.11,779778839,39.8,MOD-00614,23.8,2026-09-13T11:53:01,2026-09-13T04:53:01,https://api.quant-aq.com/v1/devices/MOD-00614/data/779778514
1170.79,717.8,"{'lat': None, 'lon': None}","{'rh': 39.9, 'temp': 23.8, 'wd': 0.0, 'ws': 0.0, 'ws_scalar': 0.0}","{'gas': {'co': 13499, 'co2': 13261, 'no': 13587, 'no2': 13766, 'o3': 13746}, 'pm': {'pm1': 13203, 'pm10': 13205, 'pm25': 13204}}",4.45,9.4,22.65,1.1,1.1,1.1,779778842,39.9,MOD-00614,23.8,2026-09-13T11:52:01,2026-09-13T04:52:01,https://api.quant-aq.com/v1/devices/MOD-00614/data/779778517
1167.92,718.28,"{'lat': None, 'lon': None}","{'rh': 39.9, 'temp': 23.8, 'wd': 0.0, 'ws': 0.0, 'ws_scalar': 0.0}","{'gas': {'co': 13499, 'co2': 13261, 'no': 13587, 'no2': 13766, 'o3': 13746}, 'pm': {'pm1': 13203, 'pm10': 13205, 'pm25': 13204}}",4.45,9.29,23.21,1.24,1.24,1.24,779775988,39.9,MOD-00614,23.8,2026-09-13T11:51:00,2026-09-13T04:51:00,https://api.quant-aq.com/v1/devices/MOD-00614/data/779775664
1171.2,714.55,"{'lat': None, 'lon': None}","{'rh': 39.9, 'temp': 23.8, 'wd': 0.0, 'ws': 0.0, 'ws_scalar': 0.0}","{'gas': {'co': 13499, 'co2': 13261, 'no': 13587, 'no2': 13766, 'o3': 13746}, 'pm': {'pm1': 13203, 'pm10': 13205, 'pm25': 13204}}",4.45,11.44,22.37,1.23,1.24,1.24,779775984,39.9,MOD-00614,23.8,2026-09-13T11:50:00,2026-09-13T04:50:00,https://api.quant-aq.com/v1/devices/MOD-00614/data/779775659
1176.95,718.4,"{'lat': None, 'lon': None}","{'rh': 39.9, 'temp': 23.8, 'wd': 0.0, 'ws': 0.0, 'ws_scalar': 0.0}","{'gas': {'co': 13499, 'co2': 13261, 'no': 13587, 'no2': 13766, 'o3': 13746}, 'pm': {'pm1': 13203, 'pm10': 13205, 'pm25': 13204}}",4.45,11.44,23.21,0.95,0.95,0.95,779775985,39.9,MOD-00614,23.8,2026-09-13T11:49:00,2026-09-13T04:49:00,https://api.quant-aq.com/v1/devices/MOD-00614/data/779775660
1171.62,717.32,"{'lat': None, 'lon': None}","{'rh': 39.9, 'temp': 23.8, 'wd': 0.0, 'ws': 0.0, 'ws_scalar': 0.0}","{'gas': {'co': 13499, 'co2': 13261, 'no': 13587, 'no2': 13766, 'o3': 13746}, 'pm': {'pm1': 13203, 'pm10': 13205, 'pm25': 13204}}",4.45,11.44,22.37,1.4,1.4,1.4,779775983,39.9,MOD-00614,23.8,2026-09-13T11:48:00,2026-09-13T04:48:00,https://api.quant-aq.com/v1/devices/MOD-00614/data/779775658
1170.79,719.12,"{'lat': None, 'lon': None}","{'rh': 39.9, 'temp': 23.8, 'wd': 0.0, 'ws': 0.0, 'ws_scalar': 0.0}","{'gas': {'co': 13499, 'co2': 13261, 'no': 13587, 'no2': 13766, 'o3': 13746}, 'pm': {'pm1': 13203, 'pm10': 13205, 'pm25': 13204}}",4.45,11.44,22.65,1.47,1.47,1.47,779775982,39.9,MOD-00614,23.8,2026-09-13T11:47:00,2026-09-13T04:47:00,https://api.quant-aq.com/v1/devices/MOD-00614/data/779775657
1175.72,719.72,"{'lat': None, 'lon': None}","{'rh': 39.9, 'temp': 23.8, 'wd': 0.0, 'ws': 0.0, 'ws_scalar': 0.0}","{'gas': {'co': 13499, 'co2': 13261, 'no': 13587, 'no2': 13766, 'o3': 13746}, 'pm': {'pm1': 13203, 'pm10': 13205, 'pm25': 13204}}",4.45,11.31,22.37,1.06,1.06,1.06,779773162,39.9,MOD-00614,23.8,2026-09-13T11:46:00,2026-09-13T04:46:00,https://api.quant-aq.com/v1/devices/MOD-00614/data/779772837
1172.03,718.52,"{'lat': None, 'lon': None}","{'rh': 39.9, 'temp': 23.8, 'wd': 0.0, 'ws': 0.0, 'ws_scalar': 0.0}","{'gas': {'co': 13499, 'co2': 13261, 'no': 13587, 'no2': 13766, 'o3': 13746}, 'pm': {'pm1': 13203, 'pm10': 13205, 'pm25': 13204}}",4.45,11.61,22.65,1.0,1.01,1.01,779773156,39.9,MOD-00614,23.8,2026-09-13T11:45:00,2026-09-13T04:45:00,https://api.quant-aq.com/v1/devices/MOD-00614/data/779772833
1177.29,719.6,"{'lat': None, 'lon': None}","{'rh': 40.0, 'temp': 23.8, 'wd': 0.0, 'ws': 0.0, 'ws_scalar': 0.0}","{'gas': {'co': 13499, 'co2': 13261, 'no': 13587, 'no2': 13766, 'o3': 13746}, 'pm': {'pm1': 13203, 'pm10': 13205, 'pm25': 13204}}",4.46,8.26,22.9,1.08,1.08,1.08,779773158,40.0,MOD-00614,23.8,2026-09-13T11:44:00,2026-09-13T04:44:00,https://api.quant-aq.com/v1/devices/MOD-00614/data/779772831
1178.52,719.0,"{'lat': None, 'lon': None}","{'rh': 40.0, 'temp': 23.8, 'wd': 0.0, 'ws': 0.0, 'ws_scalar': 0.0}","{'gas': {'co': 13499, 'co2': 13261, 'no': 13587, 'no2': 13766, 'o3': 13746}, 'pm': {'pm1': 13203, 'pm10': 13205, 'pm25': 13204}}",4.46,11.58,22.62,1.13,1.31,1.14,779773160,40.0,MOD-00614,23.8,2026-09-13T11:43:00,2026-09-13T04:43:00,https://api.quant-aq.com/v1/devices/MOD-00614/data/779772835
1180.16,720.33,"{'lat': None, 'lon': None}","{'rh': 40.0, 'temp': 23.8, 'wd': 0.0, 'ws': 0.0, 'ws_scalar': 0.0}","{'gas': {'co': 13499, 'co2': 13261, 'no': 13587, 'no2': 13766, 'o3': 13746}, 'pm': {'pm1': 13203, 'pm10': 13205, 'pm25': 13204}}",4.46,11.58,23.18,1.27,1.28,1.28,779773161,40.0,MOD-00614,23.8,2026-09-13T11:42:00,2026-09-13T04:42:00,https://api.quant-aq.com/v1/devices/MOD-00614/data/779772836
1176.88,719.6,"{'lat': None, 'lon': None}","{'rh': 40.0, 'temp': 23.8, 'wd': 0.0, 'ws': 0.0, 'ws_scalar': 0.0}","{'gas': {'co': 13499, 'co2': 13261, 'no': 13587, 'no2': 13766, 'o3': 13746}, 'pm': {'pm1': 13203, 'pm10': 13205, 'pm25': 13204}}",4.46,11.58,22.62,1.07,1.26,1.07,779770359,40.0,MOD-00614,23.8,2026-09-13T11:41:00,2026-09-13T04:41:00,https://api.quant-aq.com/v1/devices/MOD-00614/data/779770034
1176.47,720.45,"{'lat': None, 'lon': None}","{'rh': 40.0, 'temp': 23.8, 'wd': 0.0, 'ws': 0.0, 'ws_scalar': 0.0}","{'gas': {'co': 13499, 'co2': 13261, 'no': 13587, 'no2': 13766, 'o3': 13746}, 'pm': {'pm1': 13203, 'pm10': 13205, 'pm25': 13204}}",4.46,11.58,23.18,1.07,1.07,1.07,779770360,40.0,MOD-00614,23.8,2026-09-13T11:40:00,2026-09-13T04:40:00,https://api.quant-aq.com/v1/devices/MOD-00614/data/779770035
1175.58,719.84,"{'lat': None, 'lon': None}","{'rh': 40.1, 'temp': 23.8, 'wd': 0.0, 'ws': 0.0, 'ws_scalar': 0.0}","{'gas': {'co': 13499, 'co2': 13261, 'no': 13587, 'no2': 13766, 'o3': 13746}, 'pm': {'pm1': 13203, 'pm10': 13205, 'pm25': 13204}}",4.47,11.55,22.59,1.12,1.29,1.12,779770358,40.1,MOD-00614,23.8,2026-09-13T11:38:59,2026-09-13T04:38:59,https://api.quant-aq.com/v1/devices/MOD-00614/data/779770032
1180.09,719.12,"{'lat': None, 'lon': None}","{'rh': 40.1, 'temp': 23.8, 'wd': 0.0, 'ws': 0.0, 'ws_scalar': 0.0}","{'gas': {'co': 13499, 'co2': 13261, 'no': 13587, 'no2': 13766, 'o3': 13746}, 'pm': {'pm1': 13203, 'pm10': 13205, 'pm25': 13204}}",4.47,10.81,22.87,1.55,1.55,1.55,779770357,40.1,MOD-00614,23.8,2026-09-13T11:37:59,2026-09-13T04:37:59,https://api.quant-aq.com/v1/devices/MOD-00614/data/779770033
1182.56,718.88,"{'lat': None, 'lon': None}","{'rh': 40.1, 'temp': 23.8, 'wd': 0.0, 'ws': 0.0, 'ws_scalar': 0.0}","{'gas': {'co': 13499, 'co2': 13261, 'no': 13587, 'no2': 13766, 'o3': 13746}, 'pm': {'pm1': 13203, 'pm10': 13205, 'pm25': 13204}}",4.47,11.55,22.87,1.05,1.05,1.05,779770356,40.1,MOD-00614,23.8,2026-09-13T11:36:59,2026-09-13T04:36:59,https://api.quant-aq.com/v1/devices/MOD-00614/data/779770031
1178.45,720.21,"{'lat': None, 'lon': None}","{'rh': 40.1, 'temp': 23.8, 'wd': 0.0, 'ws': 0.0, 'ws_scalar': 0.0}","{'gas': {'co': 13499, 'co2': 13261, 'no': 13587, 'no2': 13766, 'o3': 13746}, 'pm': {'pm1': 13203, 'pm10': 13205, 'pm25': 13204}}",4.47,10.81,23.15,1.32,1.32,1.32,779767526,40.1,MOD-00614,23.8,2026-09-13T11:35:59,2026-09-13T04:35:59,https://api.quant-aq.com/v1/devices/MOD-00614/data/779767199
1181.74,719.97,"{'lat': None, 'lon': None}","{'rh': 40.1, 'temp': 23.8, 'wd': 0.0, 'ws': 0.0, 'ws_scalar': 0.0}","{'gas': {'co': 13499, 'co2': 13261, 'no': 13587, 'no2': 13766, 'o3': 13746}, 'pm': {'pm1': 13203, 'pm10': 13205, 'pm25': 13204}}",4.47,11.55,22.87,1.13,1.21,1.17,779767525,40.1,MOD-00614,23.8,2026-09-13T11:34:59,2026-09-13T04:34:59,https://api.quant-aq.com/v1/devices/MOD-00614/data/779767200
1181.33,723.58,"{'lat': None, 'lon': None}","{'rh': 40.1, 'temp': 23.8, 'wd': 0.0, 'ws': 0.0, 'ws_scalar': 0.0}","{'gas': {'co': 13499, 'co2': 13261, 'no': 13587, 'no2': 13766, 'o3': 13746}, 'pm': {'pm1': 13203, 'pm10': 13205, 'pm25': 13204}}",4.47,11.55,22.59,1.22,1.28,1.24,779767524,40.1,MOD-00614,23.8,2026-09-13T11:33:59,2026-09-13T04:33:59,https://api.quant-aq.com/v1/devices/MOD-00614/data/779767201
1183.38,719.84,"{'lat': None, 'lon': None}","{'rh': 40.1, 'temp': 23.8, 'wd': 0.0, 'ws': 0.0, 'ws_scalar': 0.0}","{'gas': {'co': 13499, 'co2': 13261, 'no': 13587, 'no2': 13766, 'o3': 13746}, 'pm': {'pm1': 13203, 'pm10': 13205, 'pm25': 13204}}",4.47,10.81,22.59,1.28,1.3,1.3,779767522,40.1,MOD-00614,23.8,2026-09-13T11:32:59,2026-09-13T04:32:59,https://api.quant-aq.com/v1/devices/MOD-00614/data/779767197
1185.02,721.41,"{'lat': None, 'lon': None}","{'rh': 40.1, 'temp': 23.8, 'wd': 0.0, 'ws': 0.0, 'ws_scalar': 0.0}","{'gas': {'co': 13499, 'co2': 13261, 'no': 13587, 'no2': 13766, 'o3': 13746}, 'pm': {'pm1': 13203, 'pm10': 13205, 'pm25': 13204}}",4.47,10.63,22.87,1.22,1.71,1.22,779767523,40.1,MOD-00614,23.8,2026-09-13T11:31:59,2026-09-13T04:31:59,https://api.quant-aq.com/v1/devices/MOD-00614/data/779767198
1186.66,721.65,"{'lat': None, 'lon': None}","{'rh': 40.1, 'temp': 23.8, 'wd': 0.0, 'ws': 0.0, 'ws_scalar': 0.0}","{'gas': {'co': 13499, 'co2': 13261, 'no': 13587, 'no2': 13766, 'o3': 13746}, 'pm': {'pm1': 13203, 'pm10': 13205, 'pm25': 13204}}",4.47,11.81,22.87,1.28,1.3,1.3,779764638,40.1,MOD-00614,23.8,2026-09-13T11:30:59,2026-09-13T04:30:59,https://api.quant-aq.com/v1/devices/MOD-00614/data/779764313
1184.54,723.22,"{'lat': None, 'lon': None}","{'rh': 40.2, 'temp': 23.8, 'wd': 0.0, 'ws': 0.0, 'ws_scalar': 0.0}","{'gas': {'co': 13499, 'co2': 13261, 'no': 13587, 'no2': 13766, 'o3': 13746}, 'pm': {'pm1': 13203, 'pm10': 13205, 'pm25': 13204}}",4.47,11.42,22.56,1.36,1.53,1.36,779764637,40.2,MOD-00614,23.8,2026-09-13T11:29:59,2026-09-13T04:29:59,https://api.quant-aq.com/v1/devices/MOD-00614/data/779764312
1185.77,724.42,"{'lat': None, 'lon': None}","{'rh': 40.2, 'temp': 23.8, 'wd': 0.0, 'ws': 0.0, 'ws_scalar': 0.0}","{'gas': {'co': 13499, 'co2': 13261, 'no': 13587, 'no2': 13766, 'o3': 13746}, 'pm': {'pm1': 13203, 'pm10': 13205, 'pm25': 13204}}",4.48,11.42,22.56,1.42,1.45,1.45,779764636,40.2,MOD-00614,23.8,2026-09-13T11:28:59,2026-09-13T04:28:59,https://api.quant-aq.com/v1/devices/MOD-00614/data/779764311
1187.82,726.23,"{'lat': None, 'lon': None}","{'rh': 40.2, 'temp': 23.8, 'wd': 0.0, 'ws': 0.0, 'ws_scalar': 0.0}","{'gas': {'co': 13499, 'co2': 13261, 'no': 13587, 'no2': 13766, 'o3': 13746}, 'pm': {'pm1': 13203, 'pm10': 13205, 'pm25': 13204}}",4.48,11.42,22.84,1.13,1.13,1.13,779764635,40.2,MOD-00614,23.8,2026-09-13T11:27:59,2026-09-13T04:27:59,https://api.quant-aq.com/v1/devices/MOD-00614/data/779764310
1188.23,722.61,"{'lat': None, 'lon': None}","{'rh': 40.2, 'temp': 23.8, 'wd': 0.0, 'ws': 0.0, 'ws_scalar': 0.0}","{'gas': {'co': 13499, 'co2': 13261, 'no': 13587, 'no2': 13766, 'o3': 13746}, 'pm': {'pm1': 13203, 'pm10': 13205, 'pm25': 13204}}",4.47,11.68,22.56,0.99,0.99,0.99,779764634,40.2,MOD-00614,23.8,2026-09-13T11:26:58,2026-09-13T04:26:58,https://api.quant-aq.com/v1/devices/MOD-00614/data/779764308
1189.46,724.42,"{'lat': None, 'lon': None}","{'rh': 40.2, 'temp': 23.8, 'wd': 0.0, 'ws': 0.0, 'ws_scalar': 0.0}","{'gas': {'co': 13499, 'co2': 13261, 'no': 13587, 'no2': 13766, 'o3': 13746}, 'pm': {'pm1': 13203, 'pm10': 13205, 'pm25': 13204}}",4.47,11.12,22.56,1.13,1.13,1.13,779761817,40.2,MOD-00614,23.8,2026-09-13T11:25:58,2026-09-13T04:25:58,https://api.quant-aq.com/v1/devices/MOD-00614/data/779761492
1189.05,723.34,"{'lat': None, 'lon': None}","{'rh': 40.2, 'temp': 23.8, 'wd': 0.0, 'ws': 0.0, 'ws_scalar': 0.0}","{'gas': {'co': 13499, 'co2': 13261, 'no': 13587, 'no2': 13766, 'o3': 13746}, 'pm': {'pm1': 13203, 'pm10': 13205, 'pm25': 13204}}",4.47,11.68,22.84,1.08,1.08,1.08,779761818,40.2,MOD-00614,23.8,2026-09-13T11:24:58,2026-09-13T04:24:58,https://api.quant-aq.com/v1/devices/MOD-00614/data/779761494
1190.77,722.74,"{'lat': None, 'lon': None}","{'rh': 40.1, 'temp': 23.8, 'wd': 0.0, 'ws': 0.0, 'ws_scalar': 0.0}","{'gas': {'co': 13499, 'co2': 13261, 'no': 13587, 'no2': 13766, 'o3': 13746}, 'pm': {'pm1': 13203, 'pm10': 13205, 'pm25': 13204}}",4.46,11.81,22.31,1.12,1.12,1.12,779761819,40.1,MOD-00614,23.8,2026-09-13T11:23:58,2026-09-13T04:23:58,https://api.quant-aq.com/v1/devices/MOD-00614/data/779761493
1194.39,725.14,"{'lat': None, 'lon': None}","{'rh': 40.2, 'temp': 23.8, 'wd': 0.0, 'ws': 0.0, 'ws_scalar': 0.0}","{'gas': {'co': 13499, 'co2': 13261, 'no': 13587, 'no2': 13766, 'o3': 13746}, 'pm': {'pm1': 13203, 'pm10': 13205, 'pm25': 13204}}",4.48,8.6,22.56,1.12,1.3,1.13,779761820,40.2,MOD-00614,23.8,2026-09-13T11:22:58,2026-09-13T04:22:58,https://api.quant-aq.com/v1/devices/MOD-00614/data/779761495
1197.6,726.83,"{'lat': None, 'lon': None}","{'rh': 40.3, 'temp': 23.8, 'wd': 0.0, 'ws': 0.0, 'ws_scalar': 0.0}","{'gas': {'co': 13499, 'co2': 13261, 'no': 13587, 'no2': 13766, 'o3': 13746}, 'pm': {'pm1': 13203, 'pm10': 13205, 'pm25': 13204}}",4.48,11.66,23.09,1.23,1.25,1.25,779761821,40.3,MOD-00614,23.8,2026-09-13T11:21:58,2026-09-13T04:21:58,https://api.quant-aq.com/v1/devices/MOD-00614/data/779761497
1202.12,728.03,"{'lat': None, 'lon': None}","{'rh': 40.3, 'temp': 23.8, 'wd': 0.0, 'ws': 0.0, 'ws_scalar': 0.0}","{'gas': {'co': 13499, 'co2': 13261, 'no': 13587, 'no2': 13766, 'o3': 13746}, 'pm': {'pm1': 13203, 'pm10': 13205, 'pm25': 13204}}",4.3,11.32,22.81,1.08,1.58,1.09,779759024,40.3,MOD-00614,23.8,2026-09-13T11:20:58,2026-09-13T04:20:58,https://api.quant-aq.com/v1/devices/MOD-00614/data/779758702
1195.96,727.31,"{'lat': None, 'lon': None}","{'rh': 40.3, 'temp': 23.8, 'wd': 0.0, 'ws': 0.0, 'ws_scalar': 0.0}","{'gas': {'co': 13499, 'co2': 13261, 'no': 13587, 'no2': 13766, 'o3': 13746}, 'pm': {'pm1': 13203, 'pm10': 13205, 'pm25': 13204}}",4.3,11.32,23.09,1.11,1.12,1.12,779759023,40.3,MOD-00614,23.8,2026-09-13T11:19:58,2026-09-13T04:19:58,https://api.quant-aq.com/v1/devices/MOD-00614/data/779758698
1200.41,727.67,"{'lat': None, 'lon': None}","{'rh': 40.4, 'temp': 23.8, 'wd': 0.0, 'ws': 0.0, 'ws_scalar': 0.0}","{'gas': {'co': 13499, 'co2': 13261, 'no': 13587, 'no2': 13766, 'o3': 13746}, 'pm': {'pm1': 13203, 'pm10': 13205, 'pm25': 13204}}",4.25,11.28,22.5,1.22,1.24,1.24,779759022,40.4,MOD-00614,23.8,2026-09-13T11:18:58,2026-09-13T04:18:58,https://api.quant-aq.com/v1/devices/MOD-00614/data/779758697
1198.35,728.52,"{'lat': None, 'lon': None}","{'rh': 40.4, 'temp': 23.8, 'wd': 0.0, 'ws': 0.0, 'ws_scalar': 0.0}","{'gas': {'co': 13499, 'co2': 13261, 'no': 13587, 'no2': 13766, 'o3': 13746}, 'pm': {'pm1': 13203, 'pm10': 13205, 'pm25': 13204}}",4.31,11.28,22.78,1.25,1.32,1.28,779759025,40.4,MOD-00614,23.8,2026-09-13T11:17:58,2026-09-13T04:17:58,https://api.quant-aq.com/v1/devices/MOD-00614/data/779758700
1200.0,729.48,"{'lat': None, 'lon': None}","{'rh': 40.4, 'temp': 23.8, 'wd': 0.0, 'ws': 0.0, 'ws_scalar': 0.0}","{'gas': {'co': 13499, 'co2': 13261, 'no': 13587, 'no2': 13766, 'o3': 13746}, 'pm': {'pm1': 13203, 'pm10': 13205, 'pm25': 13204}}",4.31,11.63,23.06,0.88,0.88,0.88,779759019,40.4,MOD-00614,23.8,2026-09-13T11:16:58,2026-09-13T04:16:58,https://api.quant-aq.com/v1/devices/MOD-00614/data/779758694
1198.76,726.59,"{'lat': None, 'lon': None}","{'rh': 40.4, 'temp': 23.8, 'wd': 0.0, 'ws': 0.0, 'ws_scalar': 0.0}","{'gas': {'co': 13499, 'co2': 13261, 'no': 13587, 'no2': 13766, 'o3': 13746}, 'pm': {'pm1': 13203, 'pm10': 13205, 'pm25': 13204}}",4.31,11.28,22.78,1.22,1.23,1.23,779756137,40.4,MOD-00614,23.8,2026-09-13T11:15:58,2026-09-13T04:15:58,https://api.quant-aq.com/v1/devices/MOD-00614/data/779755813
1198.76,726.71,"{'lat': None, 'lon': None}","{'rh': 40.4, 'temp': 23.8, 'wd': 0.0, 'ws': 0.0, 'ws_scalar': 0.0}","{'gas': {'co': 13499, 'co2': 13261, 'no': 13587, 'no2': 13766, 'o3': 13746}, 'pm': {'pm1': 13203, 'pm10': 13205, 'pm25': 13204}}",4.31,11.28,22.78,1.11,1.12,1.12,779756138,40.4,MOD-00614,23.8,2026-09-13T11:14:58,2026-09-13T04:14:58,https://api.quant-aq.com/v1/devices/MOD-00614/data/779755812
1200.0,727.79,"{'lat': None, 'lon': None}","{'rh': 40.4, 'temp': 23.8, 'wd': 0.0, 'ws': 0.0, 'ws_scalar': 0.0}","{'gas': {'co': 13499, 'co2': 13261, 'no': 13587, 'no2': 13766, 'o3': 13746}, 'pm': {'pm1': 13203, 'pm10': 13205, 'pm25': 13204}}",4.31,11.65,23.06,1.38,1.39,1.39,779756136,40.4,MOD-00614,23.8,2026-09-13T11:13:57,2026-09-13T04:13:57,https://api.quant-aq.com/v1/devices/MOD-00614/data/779755811
1197.53,727.91,"{'lat': None, 'lon': None}","{'rh': 40.4, 'temp': 23.8, 'wd': 0.0, 'ws': 0.0, 'ws_scalar': 0.0}","{'gas': {'co': 13499, 'co2': 13261, 'no': 13587, 'no2': 13766, 'o3': 13746}, 'pm': {'pm1': 13203, 'pm10': 13205, 'pm25': 13204}}",4.31,11.65,23.06,1.04,1.04,1.04,779756134,40.4,MOD-00614,23.8,2026-09-13T11:12:57,2026-09-13T04:12:57,https://api.quant-aq.com/v1/devices/MOD-00614/data/779755809
1203.28,727.67,"{'lat': None, 'lon': None}","{'rh': 40.4, 'temp': 23.8, 'wd': 0.0, 'ws': 0.0, 'ws_scalar': 0.0}","{'gas': {'co': 13499, 'co2': 13261, 'no': 13587, 'no2': 13766, 'o3': 13746}, 'pm': {'pm1': 13203, 'pm10': 13205, 'pm25': 13204}}",4.31,11.28,22.78,1.29,1.29,1.29,779756135,40.4,MOD-00614,23.8,2026-09-13T11:11:57,2026-09-13T04:11:57,https://api.quant-aq.com/v1/devices/MOD-00614/data/779755810
1200.0,727.67,"{'lat': None, 'lon': None}","{'rh': 40.4, 'temp': 23.8, 'wd': 0.0, 'ws': 0.0, 'ws_scalar': 0.0}","{'gas': {'co': 13499, 'co2': 13261, 'no': 13587, 'no2': 13766, 'o3': 13746}, 'pm': {'pm1': 13203, 'pm10': 13205, 'pm25': 13204}}",4.31,11.65,23.06,1.22,1.22,1.22,779753170,40.4,MOD-00614,23.8,2026-09-13T11:10:57,2026-09-13T04:10:57,https://api.quant-aq.com/v1/devices/MOD-00614/data/779752845
1202.05,726.23,"{'lat': None, 'lon': None}","{'rh': 40.4, 'temp': 23.8, 'wd': 0.0, 'ws': 0.0, 'ws_scalar': 0.0}","{'gas': {'co': 13499, 'co2': 13261, 'no': 13587, 'no2': 13766, 'o3': 13746}, 'pm': {'pm1': 13203, 'pm10': 13205, 'pm25': 13204}}",4.31,11.28,22.78,1.43,1.43,1.43,779753171,40.4,MOD-00614,23.8,2026-09-13T11:09:57,2026-09-13T04:09:57,https://api.quant-aq.com/v1/devices/MOD-00614/data/779752846
1201.23,728.16,"{'lat': None, 'lon': None}","{'rh': 40.4, 'temp': 23.8, 'wd': 0.0, 'ws': 0.0, 'ws_scalar': 0.0}","{'gas': {'co': 13499, 'co2': 13261, 'no': 13587, 'no2': 13766, 'o3': 13746}, 'pm': {'pm1': 13203, 'pm10': 13205, 'pm25': 13204}}",4.25,11.28,22.78,1.04,1.04,1.04,779753168,40.4,MOD-00614,23.8,2026-09-13T11:08:57,2026-09-13T04:08:57,https://api.quant-aq.com/v1/devices/MOD-00614/data/779752843
1201.23,726.71,"{'lat': None, 'lon': None}","{'rh': 40.4, 'temp': 23.8, 'wd': 0.0, 'ws': 0.0, 'ws_scalar': 0.0}","{'gas': {'co': 13499, 'co2': 13261, 'no': 13587, 'no2': 13766, 'o3': 13746}, 'pm': {'pm1': 13203, 'pm10': 13205, 'pm25': 13204}}",4.31,8.71,22.78,1.31,1.31,1.31,779753166,40.4,MOD-00614,23.8,2026-09-13T11:07:57,2026-09-13T04:07:57,https://api.quant-aq.com/v1/devices/MOD-00614/data/779752840
1209.44,726.83,"{'lat': None, 'lon': None}","{'rh': 40.4, 'temp': 23.8, 'wd': 0.0, 'ws': 0.0, 'ws_scalar': 0.0}","{'gas': {'co': 13499, 'co2': 13261, 'no': 13587, 'no2': 13766, 'o3': 13746}, 'pm': {'pm1': 13203, 'pm10': 13205, 'pm25': 13204}}",4.31,11.65,23.06,1.07,1.07,1.07,779753167,40.4,MOD-00614,23.8,2026-09-13T11:06:57,2026-09-13T04:06:57,https://api.quant-aq.com/v1/devices/MOD-00614/data/779752842
1207.8,726.59,"{'lat': None, 'lon': None}","{'rh': 40.4, 'temp': 23.8, 'wd': 0.0, 'ws': 0.0, 'ws_scalar': 0.0}","{'gas': {'co': 13499, 'co2': 13261, 'no': 13587, 'no2': 13766, 'o3': 13746}, 'pm': {'pm1': 13203, 'pm10': 13205, 'pm25': 13204}}",4.31,11.65,22.78,1.23,1.23,1.23,779750248,40.4,MOD-00614,23.8,2026-09-13T11:05:57,2026-09-13T04:05:57,https://api.quant-aq.com/v1/devices/MOD-00614/data/779749926
1204.92,725.14,"{'lat': None, 'lon': None}","{'rh': 40.4, 'temp': 23.8, 'wd': 0.0, 'ws': 0.0, 'ws_scalar': 0.0}","{'gas': {'co': 13499, 'co2': 13261, 'no': 13587, 'no2': 13766, 'o3': 13746}, 'pm': {'pm1': 13203, 'pm10': 13205, 'pm25': 13204}}",4.31,11.28,23.06,1.2,1.26,1.22,779750247,40.4,MOD-00614,23.8,2026-09-13T11:04:57,2026-09-13T04:04:57,https://api.quant-aq.com/v1/devices/MOD-00614/data/779749925
1201.23,722.37,"{'lat': None, 'lon': None}","{'rh': 40.4, 'temp': 23.8, 'wd': 0.0, 'ws': 0.0, 'ws_scalar': 0.0}","{'gas': {'co': 13499, 'co2': 13261, 'no': 13587, 'no2': 13766, 'o3': 13746}, 'pm': {'pm1': 13203, 'pm10': 13205, 'pm25': 13204}}",4.31,11.65,22.78,1.32,1.49,1.32,779750253,40.4,MOD-00614,23.8,2026-09-13T11:03:57,2026-09-13T04:03:57,https://api.quant-aq.com/v1/devices/MOD-00614/data/779749929
1202.87,730.2,"{'lat': None, 'lon': None}","{'rh': 40.4, 'temp': 23.8, 'wd': 0.0, 'ws': 0.0, 'ws_scalar': 0.0}","{'gas': {'co': 13499, 'co2': 13261, 'no': 13587, 'no2': 13766, 'o3': 13746}, 'pm': {'pm1': 13203, 'pm10': 13205, 'pm25': 13204}}",4.31,11.28,22.5,1.49,1.49,1.49,779750250,40.4,MOD-00614,23.8,2026-09-13T11:02:57,2026-09-13T04:02:57,https://api.quant-aq.com/v1/devices/MOD-00614/data/779749924
1207.38,727.07,"{'lat': None, 'lon': None}","{'rh': 40.4, 'temp': 23.8, 'wd': 0.0, 'ws': 0.0, 'ws_scalar': 0.0}","{'gas': {'co': 13499, 'co2': 13261, 'no': 13587, 'no2': 13766, 'o3': 13746}, 'pm': {'pm1': 13203, 'pm10': 13205, 'pm25': 13204}}",4.31,11.63,23.34,1.29,1.36,1.32,779750252,40.4,MOD-00614,23.8,2026-09-13T11:01:56,2026-09-13T04:01:56,https://api.quant-aq.com/v1/devices/MOD-00614/data/779749927
1210.67,726.95,"{'lat': None, 'lon': None}","{'rh': 40.4, 'temp': 23.8, 'wd': 0.0, 'ws': 0.0, 'ws_scalar': 0.0}","{'gas': {'co': 13499, 'co2': 13261, 'no': 13587, 'no2': 13766, 'o3': 13746}, 'pm': {'pm1': 13203, 'pm10': 13205, 'pm25': 13204}}",4.25,11.28,22.78,1.3,1.31,1.31,779747465,40.4,MOD-00614,23.8,2026-09-13T11:00:56,2026-09-13T04:00:56,https://api.quant-aq.com/v1/devices/MOD-00614/data/779747138
1204.92,727.19,"{'lat': None, 'lon': None}","{'rh': 40.4, 'temp': 23.8, 'wd': 0.0, 'ws': 0.0, 'ws_scalar': 0.0}","{'gas': {'co': 13499, 'co2': 13261, 'no': 13587, 'no2': 13766, 'o3': 13746}, 'pm': {'pm1': 13203, 'pm10': 13205, 'pm25': 13204}}",4.31,11.65,22.78,1.5,1.68,1.5,779747462,40.4,MOD-00614,23.8,2026-09-13T10:59:56,2026-09-13T03:59:56,https://api.quant-aq.com/v1/devices/MOD-00614/data/779747139
1204.51,729.12,"{'lat': None, 'lon': None}","{'rh': 40.4, 'temp': 23.8, 'wd': 0.0, 'ws': 0.0, 'ws_scalar': 0.0}","{'gas': {'co': 13499, 'co2': 13261, 'no': 13587, 'no2': 13766, 'o3': 13746}, 'pm': {'pm1': 13203, 'pm10': 13205, 'pm25': 13204}}",4.31,11.65,23.06,1.34,1.34,1.34,779747460,40.4,MOD-00614,23.8,2026-09-13T10:58:56,2026-09-13T03:58:56,https://api.quant-aq.com/v1/devices/MOD-00614/data/779747134
1207.8,729.6,"{'lat': None, 'lon': None}","{'rh': 40.4, 'temp': 23.8, 'wd': 0.0, 'ws': 0.0, 'ws_scalar': 0.0}","{'gas': {'co': 13499, 'co2': 13261, 'no': 13587, 'no2': 13766, 'o3': 13746}, 'pm': {'pm1': 13203, 'pm10': 13205, 'pm25': 13204}}",4.31,11.28,22.5,1.41,1.9,1.43,779747468,40.4,MOD-00614,23.8,2026-09-13T10:57:56,2026-09-13T03:57:56,https://api.quant-aq.com/v1/devices/MOD-00614/data/779747143
1208.21,729.84,"{'lat': None, 'lon': None}","{'rh': 40.4, 'temp': 23.8, 'wd': 0.0, 'ws': 0.0, 'ws_scalar': 0.0}","{'gas': {'co': 13499, 'co2': 13261, 'no': 13587, 'no2': 13766, 'o3': 13746}, 'pm': {'pm1': 13203, 'pm10': 13205, 'pm25': 13204}}",4.31,11.28,22.78,1.01,1.02,1.02,779747467,40.4,MOD-00614,23.8,2026-09-13T10:56:56,2026-09-13T03:56:56,https://api.quant-aq.com/v1/devices/MOD-00614/data/779747142
1209.44,728.64,"{'lat': None, 'lon': None}","{'rh': 40.4, 'temp': 23.8, 'wd': 0.0, 'ws': 0.0, 'ws_scalar': 0.0}","{'gas': {'co': 13499, 'co2': 13261, 'no': 13587, 'no2': 13766, 'o3': 13746}, 'pm': {'pm1': 13203, 'pm10': 13205, 'pm25': 13204}}",4.31,11.63,23.34,1.28,1.28,1.28,779744503,40.4,MOD-00614,23.8,2026-09-13T10:55:56,2026-09-13T03:55:56,https://api.quant-aq.com/v1/devices/MOD-00614/data/779744177
1210.26,734.9,"{'lat': None, 'lon': None}","{'rh': 40.4, 'temp': 23.8, 'wd': 0.0, 'ws': 0.0, 'ws_scalar': 0.0}","{'gas': {'co': 13499, 'co2': 13261, 'no': 13587, 'no2': 13766, 'o3': 13746}, 'pm': {'pm1': 13203, 'pm10': 13205, 'pm25': 13204}}",4.31,11.28,22.5,1.38,1.46,1.42,779744504,40.4,MOD-00614,23.8,2026-09-13T10:54:56,2026-09-13T03:54:56,https://api.quant-aq.com/v1/devices/MOD-00614/data/779744179
1210.26,730.32,"{'lat': None, 'lon': None}","{'rh': 40.4, 'temp': 23.8, 'wd': 0.0, 'ws': 0.0, 'ws_scalar': 0.0}","{'gas': {'co': 13499, 'co2': 13261, 'no': 13587, 'no2': 13766, 'o3': 13746}, 'pm': {'pm1': 13203, 'pm10': 13205, 'pm25': 13204}}",4.31,11.65,22.78,1.09,1.16,1.12,779744502,40.4,MOD-00614,23.8,2026-09-13T10:53:56,2026-09-13T03:53:56,https://api.quant-aq.com/v1/devices/MOD-00614/data/779744178
1206.97,730.08,"{'lat': None, 'lon': None}","{'rh': 40.4, 'temp': 23.8, 'wd': 0.0, 'ws': 0.0, 'ws_scalar': 0.0}","{'gas': {'co': 13499, 'co2': 13261, 'no': 13587, 'no2': 13766, 'o3': 13746}, 'pm': {'pm1': 13203, 'pm10': 13205, 'pm25': 13204}}",4.25,11.28,22.78,1.28,1.28,1.28,779744501,40.4,MOD-00614,23.8,2026-09-13T10:52:56,2026-09-13T03:52:56,https://api.quant-aq.com/v1/devices/MOD-00614/data/779744176
1215.18,728.4,"{'lat': None, 'lon': None}","{'rh': 40.4, 'temp': 23.8, 'wd': 0.0, 'ws': 0.0, 'ws_scalar': 0.0}","{'gas': {'co': 13499, 'co2': 13261, 'no': 13587, 'no2': 13766, 'o3': 13746}, 'pm': {'pm1': 13203, 'pm10': 13205, 'pm25': 13204}}",4.31,11.6,22.78,1.37,1.37,1.37,779744506,40.4,MOD-00614,23.8,2026-09-13T10:51:56,2026-09-13T03:51:56,https://api.quant-aq.com/v1/devices/MOD-00614/data/779744181
1211.08,729.12,"{'lat': None, 'lon': None}","{'rh': 40.4, 'temp': 23.8, 'wd': 0.0, 'ws': 0.0, 'ws_scalar': 0.0}","{'gas': {'co': 13499, 'co2': 13261, 'no': 13587, 'no2': 13766, 'o3': 13746}, 'pm': {'pm1': 13203, 'pm10': 13205, 'pm25': 13204}}",4.31,11.65,22.78,1.28,1.28,1.28,779741662,40.4,MOD-00614,23.8,2026-09-13T10:50:55,2026-09-13T03:50:55,https://api.quant-aq.com/v1/devices/MOD-00614/data/779741337
1214.77,729.24,"{'lat': None, 'lon': None}","{'rh': 40.4, 'temp': 23.8, 'wd': 0.0, 'ws': 0.0, 'ws_scalar': 0.0}","{'gas': {'co': 13499, 'co2': 13261, 'no': 13587, 'no2': 13766, 'o3': 13746}, 'pm': {'pm1': 13203, 'pm10': 13205, 'pm25': 13204}}",4.31,11.28,23.06,1.45,1.45,1.45,779741661,40.4,MOD-00614,23.8,2026-09-13T10:49:55,2026-09-13T03:49:55,https://api.quant-aq.com/v1/devices/MOD-00614/data/779741336
1212.65,726.59,"{'lat': None, 'lon': None}","{'rh': 40.5, 'temp': 23.8, 'wd': 0.0, 'ws': 0.0, 'ws_scalar': 0.0}","{'gas': {'co': 13499, 'co2': 13261, 'no': 13587, 'no2': 13766, 'o3': 13746}, 'pm': {'pm1': 13203, 'pm10': 13205, 'pm25': 13204}}",4.07,8.73,22.75,1.35,1.35,1.35,779741660,40.5,MOD-00614,23.8,2026-09-13T10:48:55,2026-09-13T03:48:55,https://api.quant-aq.com/v1/devices/MOD-00614/data/779741335
1207.31,729.0,"{'lat': None, 'lon': None}","{'rh': 40.5, 'temp': 23.8, 'wd': 0.0, 'ws': 0.0, 'ws_scalar': 0.0}","{'gas': {'co': 13499, 'co2': 13261, 'no': 13587, 'no2': 13766, 'o3': 13746}, 'pm': {'pm1': 13203, 'pm10': 13205, 'pm25': 13204}}",4.07,11.18,23.03,1.33,1.33,1.33,779741659,40.5,MOD-00614,23.8,2026-09-13T10:47:55,2026-09-13T03:47:55,https://api.quant-aq.com/v1/devices/MOD-00614/data/779741329
1214.29,727.79,"{'lat': None, 'lon': None}","{'rh': 40.5, 'temp': 23.8, 'wd': 0.0, 'ws': 0.0, 'ws_scalar': 0.0}","{'gas': {'co': 13499, 'co2': 13261, 'no': 13587, 'no2': 13766, 'o3': 13746}, 'pm': {'pm1': 13203, 'pm10': 13205, 'pm25': 13204}}",4.07,11.69,23.03,1.12,1.14,1.14,779741656,40.5,MOD-00614,23.8,2026-09-13T10:46:55,2026-09-13T03:46:55,https://api.quant-aq.com/v1/devices/MOD-00614/data/779741327
1215.11,732.61,"{'lat': None, 'lon': None}","{'rh': 40.5, 'temp': 23.8, 'wd': 0.0, 'ws': 0.0, 'ws_scalar': 0.0}","{'gas': {'co': 13499, 'co2': 13261, 'no': 13587, 'no2': 13766, 'o3': 13746}, 'pm': {'pm1': 13203, 'pm10': 13205, 'pm25': 13204}}",4.07,8.68,22.75,1.47,1.47,1.47,779738829,40.5,MOD-00614,23.8,2026-09-13T10:45:55,2026-09-13T03:45:55,https://api.quant-aq.com/v1/devices/MOD-00614/data/779738503
1213.88,729.36,"{'lat': None, 'lon': None}","{'rh': 40.5, 'temp': 23.8, 'wd': 0.0, 'ws': 0.0, 'ws_scalar': 0.0}","{'gas': {'co': 13499, 'co2': 13261, 'no': 13587, 'no2': 13766, 'o3': 13746}, 'pm': {'pm1': 13203, 'pm10': 13205, 'pm25': 13204}}",4.07,8.73,22.75,1.29,1.29,1.29,779738828,40.5,MOD-00614,23.8,2026-09-13T10:44:55,2026-09-13T03:44:55,https://api.quant-aq.com/v1/devices/MOD-00614/data/779738505
1207.72,730.08,"{'lat': None, 'lon': None}","{'rh': 40.5, 'temp': 23.8, 'wd': 0.0, 'ws': 0.0, 'ws_scalar': 0.0}","{'gas': {'co': 13499, 'co2': 13261, 'no': 13587, 'no2': 13766, 'o3': 13746}, 'pm': {'pm1': 13203, 'pm10': 13205, 'pm25': 13204}}",4.07,11.4,23.03,1.22,1.24,1.24,779738826,40.5,MOD-00614,23.8,2026-09-13T10:43:55,2026-09-13T03:43:55,https://api.quant-aq.com/v1/devices/MOD-00614/data/779738500
1215.52,730.44,"{'lat': None, 'lon': None}","{'rh': 40.5, 'temp': 23.8, 'wd': 0.0, 'ws': 0.0, 'ws_scalar': 0.0}","{'gas': {'co': 13499, 'co2': 13261, 'no': 13587, 'no2': 13766, 'o3': 13746}, 'pm': {'pm1': 13203, 'pm10': 13205, 'pm25': 13204}}",4.07,11.69,23.03,1.01,1.11,1.07,779738825,40.5,MOD-00614,23.8,2026-09-13T10:42:55,2026-09-13T03:42:55,https://api.quant-aq.com/v1/devices/MOD-00614/data/779738502
1215.11,727.07,"{'lat': None, 'lon': None}","{'rh': 40.5, 'temp': 23.8, 'wd': 0.0, 'ws': 0.0, 'ws_scalar': 0.0}","{'gas': {'co': 13499, 'co2': 13261, 'no': 13587, 'no2': 13766, 'o3': 13746}, 'pm': {'pm1': 13203, 'pm10': 13205, 'pm25': 13204}}",4.07,8.73,22.75,1.36,1.38,1.38,779738827,40.5,MOD-00614,23.8,2026-09-13T10:41:55,2026-09-13T03:41:55,https://api.quant-aq.com/v1/devices/MOD-00614/data/779738501
1217.58,729.72,"{'lat': None, 'lon': None}","{'rh': 40.5, 'temp': 23.8, 'wd': 0.0, 'ws': 0.0, 'ws_scalar': 0.0}","{'gas': {'co': 13499, 'co2': 13261, 'no': 13587, 'no2': 13766, 'o3': 13746}, 'pm': {'pm1': 13203, 'pm10': 13205, 'pm25': 13204}}",4.07,11.18,23.03,1.36,1.82,1.36,779736033,40.5,MOD-00614,23.8,2026-09-13T10:40:55,2026-09-13T03:40:55,https://api.quant-aq.com/v1/devices/MOD-00614/data/779735709
1213.88,730.2,"{'lat': None, 'lon': None}","{'rh': 40.5, 'temp': 23.8, 'wd': 0.0, 'ws': 0.0, 'ws_scalar': 0.0}","{'gas': {'co': 13499, 'co2': 13261, 'no': 13587, 'no2': 13766, 'o3': 13746}, 'pm': {'pm1': 13203, 'pm10': 13205, 'pm25': 13204}}",4.07,8.73,23.31,1.17,1.19,1.19,779736031,40.5,MOD-00614,23.8,2026-09-13T10:39:55,2026-09-13T03:39:55,https://api.quant-aq.com/v1/devices/MOD-00614/data/779735707
1213.06,730.93,"{'lat': None, 'lon': None}","{'rh': 40.5, 'temp': 23.8, 'wd': 0.0, 'ws': 0.0, 'ws_scalar': 0.0}","{'gas': {'co': 13499, 'co2': 13261, 'no': 13587, 'no2': 13766, 'o3': 13746}, 'pm': {'pm1': 13203, 'pm10': 13205, 'pm25': 13204}}",4.07,8.73,23.03,1.06,1.06,1.06,779736030,40.5,MOD-00614,23.8,2026-09-13T10:38:54,2026-09-13T03:38:54,https://api.quant-aq.com/v1/devices/MOD-00614/data/779735705
1215.11,733.58,"{'lat': None, 'lon': None}","{'rh': 40.5, 'temp': 23.8, 'wd': 0.0, 'ws': 0.0, 'ws_scalar': 0.0}","{'gas': {'co': 13499, 'co2': 13261, 'no': 13587, 'no2': 13766, 'o3': 13746}, 'pm': {'pm1': 13203, 'pm10': 13205, 'pm25': 13204}}",4.08,11.18,23.03,1.27,1.27,1.27,779736029,40.5,MOD-00614,23.8,2026-09-13T10:37:54,2026-09-13T03:37:54,https://api.quant-aq.com/v1/devices/MOD-00614/data/779735704
1217.58,729.48,"{'lat': None, 'lon': None}","{'rh': 40.5, 'temp': 23.8, 'wd': 0.0, 'ws': 0.0, 'ws_scalar': 0.0}","{'gas': {'co': 13499, 'co2': 13261, 'no': 13587, 'no2': 13766, 'o3': 13746}, 'pm': {'pm1': 13203, 'pm10': 13205, 'pm25': 13204}}",4.07,11.18,23.59,1.2,1.68,1.22,779736032,40.5,MOD-00614,23.8,2026-09-13T10:36:54,2026-09-13T03:36:54,https://api.quant-aq.com/v1/devices/MOD-00614/data/779735708
1218.4,732.49,"{'lat': None, 'lon': None}","{'rh': 40.5, 'temp': 23.8, 'wd': 0.0, 'ws': 0.0, 'ws_scalar': 0.0}","{'gas': {'co': 13499, 'co2': 13261, 'no': 13587, 'no2': 13766, 'o3': 13746}, 'pm': {'pm1': 13203, 'pm10': 13205, 'pm25': 13204}}",4.07,8.5,23.03,1.21,1.23,1.23,779733137,40.5,MOD-00614,23.8,2026-09-13T10:35:54,2026-09-13T03:35:54,https://api.quant-aq.com/v1/devices/MOD-00614/data/779732813
1223.73,731.65,"{'lat': None, 'lon': None}","{'rh': 40.5, 'temp': 23.8, 'wd': 0.0, 'ws': 0.0, 'ws_scalar': 0.0}","{'gas': {'co': 13499, 'co2': 13261, 'no': 13587, 'no2': 13766, 'o3': 13746}, 'pm': {'pm1': 13203, 'pm10': 13205, 'pm25': 13204}}",4.07,11.69,22.75,1.19,1.24,1.21,779733135,40.5,MOD-00614,23.8,2026-09-13T10:34:54,2026-09-13T03:34:54,https://api.quant-aq.com/v1/devices/MOD-00614/data/779732810
1215.93,731.53,"{'lat': None, 'lon': None}","{'rh': 40.5, 'temp': 23.8, 'wd': 0.0, 'ws': 0.0, 'ws_scalar': 0.0}","{'gas': {'co': 13499, 'co2': 13261, 'no': 13587, 'no2': 13766, 'o3': 13746}, 'pm': {'pm1': 13203, 'pm10': 13205, 'pm25': 13204}}",4.07,11.18,23.03,1.22,1.24,1.24,779733136,40.5,MOD-00614,23.8,2026-09-13T10:33:54,2026-09-13T03:33:54,https://api.quant-aq.com/v1/devices/MOD-00614/data/779732811
1225.79,730.08,"{'lat': None, 'lon': None}","{'rh': 40.5, 'temp': 23.8, 'wd': 0.0, 'ws': 0.0, 'ws_scalar': 0.0}","{'gas': {'co': 13499, 'co2': 13261, 'no': 13587, 'no2': 13766, 'o3': 13746}, 'pm': {'pm1': 13203, 'pm10': 13205, 'pm25': 13204}}",4.07,11.4,22.75,1.19,1.25,1.21,779733134,40.5,MOD-00614,23.8,2026-09-13T10:32:54,2026-09-13T03:32:54,https://api.quant-aq.com/v1/devices/MOD-00614/data/779732809
1219.22,733.46,"{'lat': None, 'lon': None}","{'rh': 40.5, 'temp': 23.8, 'wd': 0.0, 'ws': 0.0, 'ws_scalar': 0.0}","{'gas': {'co': 13499, 'co2': 13261, 'no': 13587, 'no2': 13766, 'o3': 13746}, 'pm': {'pm1': 13203, 'pm10': 13205, 'pm25': 13204}}",4.07,8.68,23.31,1.39,1.4,1.4,779733133,40.5,MOD-00614,23.8,2026-09-13T10:31:54,2026-09-13T03:31:54,https://api.quant-aq.com/v1/devices/MOD-00614/data/779732808
1224.14,734.54,"{'lat': None, 'lon': None}","{'rh': 40.5, 'temp': 23.8, 'wd': 0.0, 'ws': 0.0, 'ws_scalar': 0.0}","{'gas': {'co': 13499, 'co2': 13261, 'no': 13587, 'no2': 13766, 'o3': 13746}, 'pm': {'pm1': 13203, 'pm10': 13205, 'pm25': 13204}}",4.07,11.18,23.31,1.38,1.6,1.4,779730300,40.5,MOD-00614,23.8,2026-09-13T10:30:54,2026-09-13T03:30:54,https://api.quant-aq.com/v1/devices/MOD-00614/data/779729975
1214.29,732.73,"{'lat': None, 'lon': None}","{'rh': 40.5, 'temp': 23.8, 'wd': 0.0, 'ws': 0.0, 'ws_scalar': 0.0}","{'gas': {'co': 13499, 'co2': 13261, 'no': 13587, 'no2': 13766, 'o3': 13746}, 'pm': {'pm1': 13203, 'pm10': 13205, 'pm25': 13204}}",4.07,11.69,23.03,1.34,2.97,1.34,779730304,40.5,MOD-00614,23.8,2026-09-13T10:29:54,2026-09-13T03:29:54,https://api.quant-aq.com/v1/devices/MOD-00614/data/779729979
1220.86,732.49,"{'lat': None, 'lon': None}","{'rh': 40.5, 'temp': 23.8, 'wd': 0.0, 'ws': 0.0, 'ws_scalar': 0.0}","{'gas': {'co': 13499, 'co2': 13261, 'no': 13587, 'no2': 13766, 'o3': 13746}, 'pm': {'pm1': 13203, 'pm10': 13205, 'pm25': 13204}}",4.07,11.69,22.75,1.27,1.27,1.27,779730298,40.5,MOD-00614,23.8,2026-09-13T10:28:54,2026-09-13T03:28:54,https://api.quant-aq.com/v1/devices/MOD-00614/data/779729972
1222.43,731.29,"{'lat': None, 'lon': None}","{'rh': 40.6, 'temp': 23.8, 'wd': 0.0, 'ws': 0.0, 'ws_scalar': 0.0}","{'gas': {'co': 13499, 'co2': 13261, 'no': 13587, 'no2': 13766, 'o3': 13746}, 'pm': {'pm1': 13203, 'pm10': 13205, 'pm25': 13204}}",4.08,8.72,23.28,1.24,1.3,1.26,779730296,40.6,MOD-00614,23.8,2026-09-13T10:27:54,2026-09-13T03:27:54,https://api.quant-aq.com/v1/devices/MOD-00614/data/779729971
1227.36,732.73,"{'lat': None, 'lon': None}","{'rh': 40.6, 'temp': 23.8, 'wd': 0.0, 'ws': 0.0, 'ws_scalar': 0.0}","{'gas': {'co': 13499, 'co2': 13261, 'no': 13587, 'no2': 13766, 'o3': 13746}, 'pm': {'pm1': 13203, 'pm10': 13205, 'pm25': 13204}}",4.08,11.11,23.0,1.09,1.09,1.09,779730303,40.6,MOD-00614,23.8,2026-09-13T10:26:53,2026-09-13T03:26:53,https://api.quant-aq.com/v1/devices/MOD-00614/data/779729978
1223.25,730.93,"{'lat': None, 'lon': None}","{'rh': 40.6, 'temp': 23.8, 'wd': 0.0, 'ws': 0.0, 'ws_scalar': 0.0}","{'gas': {'co': 13499, 'co2': 13261, 'no': 13587, 'no2': 13766, 'o3': 13746}, 'pm': {'pm1': 13203, 'pm10': 13205, 'pm25': 13204}}",4.08,12.24,23.28,1.18,1.18,1.18,779727460,40.6,MOD-00614,23.8,2026-09-13T10:25:53,2026-09-13T03:25:53,https://api.quant-aq.com/v1/devices/MOD-00614/data/779727135
1226.54,731.89,"{'lat': None, 'lon': None}","{'rh': 40.6, 'temp': 23.8, 'wd': 0.0, 'ws': 0.0, 'ws_scalar': 0.0}","{'gas': {'co': 13499, 'co2': 13261, 'no': 13587, 'no2': 13766, 'o3': 13746}, 'pm': {'pm1': 13203, 'pm10': 13205, 'pm25': 13204}}",4.08,11.11,23.0,0.96,0.96,0.96,779727458,40.6,MOD-00614,23.8,2026-09-13T10:24:53,2026-09-13T03:24:53,https://api.quant-aq.com/v1/devices/MOD-00614/data/779727133
1220.49,734.9,"{'lat': None, 'lon': None}","{'rh': 40.6, 'temp': 23.9, 'wd': 0.0, 'ws': 0.0, 'ws_scalar': 0.0}","{'gas': {'co': 13499, 'co2': 13261, 'no': 13587, 'no2': 13766, 'o3': 13746}, 'pm': {'pm1': 13203, 'pm10': 13205, 'pm25': 13204}}",4.08,11.44,23.01,1.16,1.22,1.22,779727459,40.6,MOD-00614,23.9,2026-09-13T10:23:53,2026-09-13T03:23:53,https://api.quant-aq.com/v1/devices/MOD-00614/data/779727134
1225.38,733.09,"{'lat': None, 'lon': None}","{'rh': 40.5, 'temp': 23.8, 'wd': 0.0, 'ws': 0.0, 'ws_scalar': 0.0}","{'gas': {'co': 13499, 'co2': 13261, 'no': 13587, 'no2': 13766, 'o3': 13746}, 'pm': {'pm1': 13203, 'pm10': 13205, 'pm25': 13204}}",4.07,11.37,23.31,1.35,1.35,1.35,779727461,40.5,MOD-00614,23.8,2026-09-13T10:22:53,2026-09-13T03:22:53,https://api.quant-aq.com/v1/devices/MOD-00614/data/779727137
1222.61,732.01,"{'lat': None, 'lon': None}","{'rh': 40.5, 'temp': 23.9, 'wd': 0.0, 'ws': 0.0, 'ws_scalar': 0.0}","{'gas': {'co': 13499, 'co2': 13261, 'no': 13587, 'no2': 13766, 'o3': 13746}, 'pm': {'pm1': 13203, 'pm10': 13205, 'pm25': 13204}}",4.08,11.07,23.04,1.22,1.23,1.23,779727462,40.5,MOD-00614,23.9,2026-09-13T10:21:53,2026-09-13T03:21:53,https://api.quant-aq.com/v1/devices/MOD-00614/data/779727136
1227.88,731.05,"{'lat': None, 'lon': None}","{'rh': 40.6, 'temp': 23.9, 'wd': 0.0, 'ws': 0.0, 'ws_scalar': 0.0}","{'gas': {'co': 13499, 'co2': 13261, 'no': 13587, 'no2': 13766, 'o3': 13746}, 'pm': {'pm1': 13203, 'pm10': 13205, 'pm25': 13204}}",4.08,11.5,22.45,1.12,1.18,1.14,779724650,40.6,MOD-00614,23.9,2026-09-13T10:20:53,2026-09-13T03:20:53,https://api.quant-aq.com/v1/devices/MOD-00614/data/779724325
1228.7,733.82,"{'lat': None, 'lon': None}","{'rh': 40.6, 'temp': 23.9, 'wd': 0.0, 'ws': 0.0, 'ws_scalar': 0.0}","{'gas': {'co': 13499, 'co2': 13261, 'no': 13587, 'no2': 13766, 'o3': 13746}, 'pm': {'pm1': 13203, 'pm10': 13205, 'pm25': 13204}}",4.08,11.44,23.29,1.21,1.27,1.23,779724652,40.6,MOD-00614,23.9,2026-09-13T10:19:53,2026-09-13T03:19:53,https://api.quant-aq.com/v1/devices/MOD-00614/data/779724327
1224.59,732.97,"{'lat': None, 'lon': None}","{'rh': 40.6, 'temp': 23.9, 'wd': 0.0, 'ws': 0.0, 'ws_scalar': 0.0}","{'gas': {'co': 13499, 'co2': 13261, 'no': 13587, 'no2': 13766, 'o3': 13746}, 'pm': {'pm1': 13203, 'pm10': 13205, 'pm25': 13204}}",4.08,12.01,23.01,1.4,1.58,1.42,779724648,40.6,MOD-00614,23.9,2026-09-13T10:18:53,2026-09-13T03:18:53,https://api.quant-aq.com/v1/devices/MOD-00614/data/779724323
1224.66,732.61,"{'lat': None, 'lon': None}","{'rh': 40.5, 'temp': 23.9, 'wd': 0.0, 'ws': 0.0, 'ws_scalar': 0.0}","{'gas': {'co': 13499, 'co2': 13261, 'no': 13587, 'no2': 13766, 'o3': 13746}, 'pm': {'pm1': 13203, 'pm10': 13205, 'pm25': 13204}}",4.07,8.61,23.6,1.56,1.56,1.56,779724649,40.5,MOD-00614,23.9,2026-09-13T10:17:53,2026-09-13T03:17:53,https://api.quant-aq.com/v1/devices/MOD-00614/data/779724324
1234.44,732.13,"{'lat': None, 'lon': None}","{'rh': 40.6, 'temp': 23.9, 'wd': 0.0, 'ws': 0.0, 'ws_scalar': 0.0}","{'gas': {'co': 13499, 'co2': 13261, 'no': 13587, 'no2': 13766, 'o3': 13746}, 'pm': {'pm1': 13203, 'pm10': 13205, 'pm25': 13204}}",4.08,12.57,23.01,1.09,1.15,1.11,779724651,40.6,MOD-00614,23.9,2026-09-13T10:16:53,2026-09-13T03:16:53,https://api.quant-aq.com/v1/devices/MOD-00614/data/779724326
1227.47,734.9,"{'lat': None, 'lon': None}","{'rh': 40.6, 'temp': 23.9, 'wd': 0.0, 'ws': 0.0, 'ws_scalar': 0.0}","{'gas': {'co': 13499, 'co2': 13261, 'no': 13587, 'no2': 13766, 'o3': 13746}, 'pm': {'pm1': 13203, 'pm10': 13205, 'pm25': 13204}}",4.08,11.44,23.29,1.51,1.51,1.51,779721733,40.6,MOD-00614,23.9,2026-09-13T10:15:53,2026-09-13T03:15:53,https://api.quant-aq.com/v1/devices/MOD-00614/data/779721407
1227.54,730.93,"{'lat': None, 'lon': None}","{'rh': 40.5, 'temp': 23.9, 'wd': 0.0, 'ws': 0.0, 'ws_scalar': 0.0}","{'gas': {'co': 13499, 'co2': 13261, 'no': 13587, 'no2': 13766, 'o3': 13746}, 'pm': {'pm1': 13203, 'pm10': 13205, 'pm25': 13204}}",4.07,8.61,23.32,1.42,1.42,1.42,779721734,40.5,MOD-00614,23.9,2026-09-13T10:14:53,2026-09-13T03:14:53,https://api.quant-aq.com/v1/devices/MOD-00614/data/779721409
1226.31,732.73,"{'lat': None, 'lon': None}","{'rh': 40.5, 'temp': 23.9, 'wd': 0.0, 'ws': 0.0, 'ws_scalar': 0.0}","{'gas': {'co': 13499, 'co2': 13261, 'no': 13587, 'no2': 13766, 'o3': 13746}, 'pm': {'pm1': 13203, 'pm10': 13205, 'pm25': 13204}}",4.07,11.13,22.76,1.06,1.11,1.11,779721732,40.5,MOD-00614,23.9,2026-09-13T10:13:52,2026-09-13T03:13:52,https://api.quant-aq.com/v1/devices/MOD-00614/data/779721408
1228.29,734.06,"{'lat': None, 'lon': None}","{'rh': 40.6, 'temp': 23.9, 'wd': 0.0, 'ws': 0.0, 'ws_scalar': 0.0}","{'gas': {'co': 13499, 'co2': 13261, 'no': 13587, 'no2': 13766, 'o3': 13746}, 'pm': {'pm1': 13203, 'pm10': 13205, 'pm25': 13204}}",4.08,11.5,23.01,1.34,1.34,1.34,779721730,40.6,MOD-00614,23.9,2026-09-13T10:12:52,2026-09-13T03:12:52,https://api.quant-aq.com/v1/devices/MOD-00614/data/779721405
1234.85,735.74,"{'lat': None, 'lon': None}","{'rh': 40.6, 'temp': 23.9, 'wd': 0.0, 'ws': 0.0, 'ws_scalar': 0.0}","{'gas': {'co': 13499, 'co2': 13261, 'no': 13587, 'no2': 13766, 'o3': 13746}, 'pm': {'pm1': 13203, 'pm10': 13205, 'pm25': 13204}}",4.08,11.5,23.29,1.47,1.49,1.49,779721731,40.6,MOD-00614,23.9,2026-09-13T10:11:52,2026-09-13T03:11:52,https://api.quant-aq.com/v1/devices/MOD-00614/data/779721406
1234.44,736.1,"{'lat': None, 'lon': None}","{'rh': 40.6, 'temp': 23.9, 'wd': 0.0, 'ws': 0.0, 'ws_scalar': 0.0}","{'gas': {'co': 13499, 'co2': 13261, 'no': 13587, 'no2': 13766, 'o3': 13746}, 'pm': {'pm1': 13203, 'pm10': 13205, 'pm25': 13204}}",4.08,11.5,23.01,1.46,1.46,1.46,779718573,40.6,MOD-00614,23.9,2026-09-13T10:10:52,2026-09-13T03:10:52,https://api.quant-aq.com/v1/devices/MOD-00614/data/779718250
1229.52,734.9,"{'lat': None, 'lon': None}","{'rh': 40.6, 'temp': 23.9, 'wd': 0.0, 'ws': 0.0, 'ws_scalar': 0.0}","{'gas': {'co': 13499, 'co2': 13261, 'no': 13587, 'no2': 13766, 'o3': 13746}, 'pm': {'pm1': 13203, 'pm10': 13205, 'pm25': 13204}}",4.08,11.5,23.29,0.96,0.96,0.96,779718576,40.6,MOD-00614,23.9,2026-09-13T10:09:52,2026-09-13T03:09:52,https://api.quant-aq.com/v1/devices/MOD-00614/data/779718249
1231.57,735.38,"{'lat': None, 'lon': None}","{'rh': 40.6, 'temp': 23.9, 'wd': 0.0, 'ws': 0.0, 'ws_scalar': 0.0}","{'gas': {'co': 13499, 'co2': 13261, 'no': 13587, 'no2': 13766, 'o3': 13746}, 'pm': {'pm1': 13203, 'pm10': 13205, 'pm25': 13204}}",4.08,11.44,22.73,1.29,10.53,1.29,779718571,40.6,MOD-00614,23.9,2026-09-13T10:08:52,2026-09-13T03:08:52,https://api.quant-aq.com/v1/devices/MOD-00614/data/779718251
1228.29,734.42,"{'lat': None, 'lon': None}","{'rh': 40.6, 'temp': 23.9, 'wd': 0.0, 'ws': 0.0, 'ws_scalar': 0.0}","{'gas': {'co': 13499, 'co2': 13261, 'no': 13587, 'no2': 13766, 'o3': 13746}, 'pm': {'pm1': 13203, 'pm10': 13205, 'pm25': 13204}}",4.08,11.5,23.01,1.22,1.22,1.22,779718578,40.6,MOD-00614,23.9,2026-09-13T10:07:52,2026-09-13T03:07:52,https://api.quant-aq.com/v1/devices/MOD-00614/data/779718253
1230.82,735.74,"{'lat': None, 'lon': None}","{'rh': 40.5, 'temp': 23.9, 'wd': 0.0, 'ws': 0.0, 'ws_scalar': 0.0}","{'gas': {'co': 13499, 'co2': 13261, 'no': 13587, 'no2': 13766, 'o3': 13746}, 'pm': {'pm1': 13203, 'pm10': 13205, 'pm25': 13204}}",4.08,11.95,22.76,1.16,1.19,1.19,779718574,40.5,MOD-00614,23.9,2026-09-13T10:06:52,2026-09-13T03:06:52,https://api.quant-aq.com/v1/devices/MOD-00614/data/779718247
1228.36,733.94,"{'lat': None, 'lon': None}","{'rh': 40.5, 'temp': 23.9, 'wd': 0.0, 'ws': 0.0, 'ws_scalar': 0.0}","{'gas': {'co': 13499, 'co2': 13261, 'no': 13587, 'no2': 13766, 'o3': 13746}, 'pm': {'pm1': 13203, 'pm10': 13205, 'pm25': 13204}}",4.07,11.07,23.04,1.28,1.28,1.28,779715648,40.5,MOD-00614,23.9,2026-09-13T10:05:52,2026-09-13T03:05:52,https://api.quant-aq.com/v1/devices/MOD-00614/data/779715323
1232.87,736.47,"{'lat': None, 'lon': None}","{'rh': 40.5, 'temp': 23.9, 'wd': 0.0, 'ws': 0.0, 'ws_scalar': 0.0}","{'gas': {'co': 13499, 'co2': 13261, 'no': 13587, 'no2': 13766, 'o3': 13746}, 'pm': {'pm1': 13203, 'pm10': 13205, 'pm25': 13204}}",4.07,11.13,23.32,1.25,10.5,1.26,779715650,40.5,MOD-00614,23.9,2026-09-13T10:04:52,2026-09-13T03:04:52,https://api.quant-aq.com/v1/devices/MOD-00614/data/779715328
1233.35,733.58,"{'lat': None, 'lon': None}","{'rh': 40.4, 'temp': 23.9, 'wd': 0.0, 'ws': 0.0, 'ws_scalar': 0.0}","{'gas': {'co': 13499, 'co2': 13261, 'no': 13587, 'no2': 13766, 'o3': 13746}, 'pm': {'pm1': 13203, 'pm10': 13205, 'pm25': 13204}}",4.31,11.59,23.35,1.43,1.43,1.43,779715646,40.4,MOD-00614,23.9,2026-09-13T10:03:52,2026-09-13T03:03:52,https://api.quant-aq.com/v1/devices/MOD-00614/data/779715321
1232.94,732.85,"{'lat': None, 'lon': None}","{'rh': 40.4, 'temp': 23.9, 'wd': 0.0, 'ws': 0.0, 'ws_scalar': 0.0}","{'gas': {'co': 13499, 'co2': 13261, 'no': 13587, 'no2': 13766, 'o3': 13746}, 'pm': {'pm1': 13203, 'pm10': 13205, 'pm25': 13204}}",4.31,11.56,23.07,1.36,1.43,1.39,779715647,40.4,MOD-00614,23.9,2026-09-13T10:02:52,2026-09-13T03:02:52,https://api.quant-aq.com/v1/devices/MOD-00614/data/779715322
1234.18,734.3,"{'lat': None, 'lon': None}","{'rh': 40.4, 'temp': 23.9, 'wd': 0.0, 'ws': 0.0, 'ws_scalar': 0.0}","{'gas': {'co': 13499, 'co2': 13261, 'no': 13587, 'no2': 13766, 'o3': 13746}, 'pm': {'pm1': 13203, 'pm10': 13205, 'pm25': 13204}}",4.31,12.21,23.07,1.14,1.15,1.15,779715645,40.4,MOD-00614,23.9,2026-09-13T10:01:51,2026-09-13T03:01:51,https://api.quant-aq.com/v1/devices/MOD-00614/data/779715320
1229.32,740.68,"{'lat': None, 'lon': None}","{'rh': 40.3, 'temp': 23.9, 'wd': 0.0, 'ws': 0.0, 'ws_scalar': 0.0}","{'gas': {'co': 13499, 'co2': 13261, 'no': 13587, 'no2': 13766, 'o3': 13746}, 'pm': {'pm1': 13203, 'pm10': 13205, 'pm25': 13204}}",4.3,8.74,23.66,0.83,0.89,0.85,779712717,40.3,MOD-00614,23.9,2026-09-13T10:00:51,2026-09-13T03:00:51,https://api.quant-aq.com/v1/devices/MOD-00614/data/779712392
1231.85,737.07,"{'lat': None, 'lon': None}","{'rh': 40.2, 'temp': 23.9, 'wd': 0.0, 'ws': 0.0, 'ws_scalar': 0.0}","{'gas': {'co': 13499, 'co2': 13261, 'no': 13587, 'no2': 13766, 'o3': 13746}, 'pm': {'pm1': 13203, 'pm10': 13205, 'pm25': 13204}}",4.49,11.71,22.86,1.58,1.58,1.58,779712719,40.2,MOD-00614,23.9,2026-09-13T09:59:51,2026-09-13T02:59:51,https://api.quant-aq.com/v1/devices/MOD-00614/data/779712395
1237.6,735.5,"{'lat': None, 'lon': None}","{'rh': 40.2, 'temp': 23.9, 'wd': 0.0, 'ws': 0.0, 'ws_scalar': 0.0}","{'gas': {'co': 13499, 'co2': 13261, 'no': 13587, 'no2': 13766, 'o3': 13746}, 'pm': {'pm1': 13203, 'pm10': 13205, 'pm25': 13204}}",4.49,11.75,22.86,1.58,1.58,1.58,779712716,40.2,MOD-00614,23.9,2026-09-13T09:58:51,2026-09-13T02:58:51,https://api.quant-aq.com/v1/devices/MOD-00614/data/779712391
1238.76,735.26,"{'lat': None, 'lon': None}","{'rh': 40.3, 'temp': 23.9, 'wd': 0.0, 'ws': 0.0, 'ws_scalar': 0.0}","{'gas': {'co': 13499, 'co2': 13261, 'no': 13587, 'no2': 13766, 'o3': 13746}, 'pm': {'pm1': 13203, 'pm10': 13205, 'pm25': 13204}}",4.5,8.58,23.66,1.22,1.68,1.22,779712718,40.3,MOD-00614,23.9,2026-09-13T09:57:51,2026-09-13T02:57:51,https://api.quant-aq.com/v1/devices/MOD-00614/data/779712393
1235.14,735.26,"{'lat': None, 'lon': None}","{'rh': 40.2, 'temp': 23.9, 'wd': 0.0, 'ws': 0.0, 'ws_scalar': 0.0}","{'gas': {'co': 13499, 'co2': 13261, 'no': 13587, 'no2': 13766, 'o3': 13746}, 'pm': {'pm1': 13203, 'pm10': 13205, 'pm25': 13204}}",4.49,11.71,22.86,1.33,1.5,1.33,779712720,40.2,MOD-00614,23.9,2026-09-13T09:56:51,2026-09-13T02:56:51,https://api.quant-aq.com/v1/devices/MOD-00614/data/779712394
1229.87,734.42,"{'lat': None, 'lon': None}","{'rh': 40.1, 'temp': 23.9, 'wd': 0.0, 'ws': 0.0, 'ws_scalar': 0.0}","{'gas': {'co': 13499, 'co2': 13261, 'no': 13587, 'no2': 13766, 'o3': 13746}, 'pm': {'pm1': 13203, 'pm10': 13205, 'pm25': 13204}}",4.48,10.78,22.89,1.42,1.49,1.45,779709829,40.1,MOD-00614,23.9,2026-09-13T09:55:51,2026-09-13T02:55:51,https://api.quant-aq.com/v1/devices/MOD-00614/data/779709504
1237.26,735.86,"{'lat': None, 'lon': None}","{'rh': 40.1, 'temp': 23.9, 'wd': 0.0, 'ws': 0.0, 'ws_scalar': 0.0}","{'gas': {'co': 13499, 'co2': 13261, 'no': 13587, 'no2': 13766, 'o3': 13746}, 'pm': {'pm1': 13203, 'pm10': 13205, 'pm25': 13204}}",4.48,12.1,22.89,1.53,1.53,1.53,779709833,40.1,MOD-00614,23.9,2026-09-13T09:54:51,2026-09-13T02:54:51,https://api.quant-aq.com/v1/devices/MOD-00614/data/779709508
1240.55,735.98,"{'lat': None, 'lon': None}","{'rh': 40.1, 'temp': 23.9, 'wd': 0.0, 'ws': 0.0, 'ws_scalar': 0.0}","{'gas': {'co': 13499, 'co2': 13261, 'no': 13587, 'no2': 13766, 'o3': 13746}, 'pm': {'pm1': 13203, 'pm10': 13205, 'pm25': 13204}}",4.47,11.53,23.17,1.22,1.22,1.22,779709832,40.1,MOD-00614,23.9,2026-09-13T09:53:51,2026-09-13T02:53:51,https://api.quant-aq.com/v1/devices/MOD-00614/data/779709507
1238.08,736.71,"{'lat': None, 'lon': None}","{'rh': 40.1, 'temp': 23.9, 'wd': 0.0, 'ws': 0.0, 'ws_scalar': 0.0}","{'gas': {'co': 13499, 'co2': 13261, 'no': 13587, 'no2': 13766, 'o3': 13746}, 'pm': {'pm1': 13203, 'pm10': 13205, 'pm25': 13204}}",4.47,10.78,22.89,1.49,1.49,1.49,779709830,40.1,MOD-00614,23.9,2026-09-13T09:52:51,2026-09-13T02:52:51,https://api.quant-aq.com/v1/devices/MOD-00614/data/779709505
1235.62,736.83,"{'lat': None, 'lon': None}","{'rh': 40.1, 'temp': 23.9, 'wd': 0.0, 'ws': 0.0, 'ws_scalar': 0.0}","{'gas': {'co': 13499, 'co2': 13261, 'no': 13587, 'no2': 13766, 'o3': 13746}, 'pm': {'pm1': 13203, 'pm10': 13205, 'pm25': 13204}}",4.47,11.74,23.45,1.27,1.27,1.27,779709831,40.1,MOD-00614,23.9,2026-09-13T09:51:51,2026-09-13T02:51:51,https://api.quant-aq.com/v1/devices/MOD-00614/data/779709506
1234.39,736.35,"{'lat': None, 'lon': None}","{'rh': 40.1, 'temp': 23.9, 'wd': 0.0, 'ws': 0.0, 'ws_scalar': 0.0}","{'gas': {'co': 13499, 'co2': 13261, 'no': 13587, 'no2': 13766, 'o3': 13746}, 'pm': {'pm1': 13203, 'pm10': 13205, 'pm25': 13204}}",4.47,11.78,22.61,1.28,1.3,1.3,779707053,40.1,MOD-00614,23.9,2026-09-13T09:50:51,2026-09-13T02:50:51,https://api.quant-aq.com/v1/devices/MOD-00614/data/779706728
1237.33,736.35,"{'lat': None, 'lon': None}","{'rh': 40.0, 'temp': 23.9, 'wd': 0.0, 'ws': 0.0, 'ws_scalar': 0.0}","{'gas': {'co': 13499, 'co2': 13261, 'no': 13587, 'no2': 13766, 'o3': 13746}, 'pm': {'pm1': 13203, 'pm10': 13205, 'pm25': 13204}}",4.46,12.29,23.48,1.77,1.77,1.77,779707050,40.0,MOD-00614,23.9,2026-09-13T09:49:51,2026-09-13T02:49:51,https://api.quant-aq.com/v1/devices/MOD-00614/data/779706725
1237.74,736.35,"{'lat': None, 'lon': None}","{'rh': 40.0, 'temp': 23.9, 'wd': 0.0, 'ws': 0.0, 'ws_scalar': 0.0}","{'gas': {'co': 13499, 'co2': 13261, 'no': 13587, 'no2': 13766, 'o3': 13746}, 'pm': {'pm1': 13203, 'pm10': 13205, 'pm25': 13204}}",4.46,11.53,22.64,1.19,1.19,1.19,779707051,40.0,MOD-00614,23.9,2026-09-13T09:48:51,2026-09-13T02:48:51,https://api.quant-aq.com/v1/devices/MOD-00614/data/779706726
1238.15,733.33,"{'lat': None, 'lon': None}","{'rh': 40.0, 'temp': 23.9, 'wd': 0.0, 'ws': 0.0, 'ws_scalar': 0.0}","{'gas': {'co': 13499, 'co2': 13261, 'no': 13587, 'no2': 13766, 'o3': 13746}, 'pm': {'pm1': 13203, 'pm10': 13205, 'pm25': 13204}}",4.46,12.21,22.92,1.85,1.85,1.85,779707054,40.0,MOD-00614,23.9,2026-09-13T09:47:50,2026-09-13T02:47:50,https://api.quant-aq.com/v1/devices/MOD-00614/data/779706731
1238.15,734.9,"{'lat': None, 'lon': None}","{'rh': 40.0, 'temp': 23.9, 'wd': 0.0, 'ws': 0.0, 'ws_scalar': 0.0}","{'gas': {'co': 13499, 'co2': 13261, 'no': 13587, 'no2': 13766, 'o3': 13746}, 'pm': {'pm1': 13203, 'pm10': 13205, 'pm25': 13204}}",4.46,11.53,22.92,1.16,1.16,1.16,779707052,40.0,MOD-00614,23.9,2026-09-13T09:46:50,2026-09-13T02:46:50,https://api.quant-aq.com/v1/devices/MOD-00614/data/779706729
1236.92,737.67,"{'lat': None, 'lon': None}","{'rh': 40.0, 'temp': 23.9, 'wd': 0.0, 'ws': 0.0, 'ws_scalar': 0.0}","{'gas': {'co': 13499, 'co2': 13261, 'no': 13587, 'no2': 13766, 'o3': 13746}, 'pm': {'pm1': 13203, 'pm10': 13205, 'pm25': 13204}}",4.46,11.53,22.92,1.69,1.71,1.71,779704032,40.0,MOD-00614,23.9,2026-09-13T09:45:50,2026-09-13T02:45:50,https://api.quant-aq.com/v1/devices/MOD-00614/data/779703706
1239.39,738.03,"{'lat': None, 'lon': None}","{'rh': 40.0, 'temp': 23.9, 'wd': 0.0, 'ws': 0.0, 'ws_scalar': 0.0}","{'gas': {'co': 13499, 'co2': 13261, 'no': 13587, 'no2': 13766, 'o3': 13746}, 'pm': {'pm1': 13203, 'pm10': 13205, 'pm25': 13204}}",4.46,11.27,23.2,1.21,1.38,1.21,779704030,40.0,MOD-00614,23.9,2026-09-13T09:44:50,2026-09-13T02:44:50,https://api.quant-aq.com/v1/devices/MOD-00614/data/779703707
1244.38,737.31,"{'lat': None, 'lon': None}","{'rh': 39.9, 'temp': 23.9, 'wd': 0.0, 'ws': 0.0, 'ws_scalar': 0.0}","{'gas': {'co': 13499, 'co2': 13261, 'no': 13587, 'no2': 13766, 'o3': 13746}, 'pm': {'pm1': 13203, 'pm10': 13205, 'pm25': 13204}}",4.45,11.56,23.23,1.4,1.4,1.4,779704031,39.9,MOD-00614,23.9,2026-09-13T09:43:50,2026-09-13T02:43:50,https://api.quant-aq.com/v1/devices/MOD-00614/data/779703705
1241.1,734.42,"{'lat': None, 'lon': None}","{'rh': 39.9, 'temp': 23.9, 'wd': 0.0, 'ws': 0.0, 'ws_scalar': 0.0}","{'gas': {'co': 13499, 'co2': 13261, 'no': 13587, 'no2': 13766, 'o3': 13746}, 'pm': {'pm1': 13203, 'pm10': 13205, 'pm25': 13204}}",4.45,11.29,23.23,1.45,1.62,1.45,779704029,39.9,MOD-00614,23.9,2026-09-13T09:42:50,2026-09-13T02:42:50,https://api.quant-aq.com/v1/devices/MOD-00614/data/779703704
1239.46,737.79,"{'lat': None, 'lon': None}","{'rh': 39.9, 'temp': 23.9, 'wd': 0.0, 'ws': 0.0, 'ws_scalar': 0.0}","{'gas': {'co': 13499, 'co2': 13261, 'no': 13587, 'no2': 13766, 'o3': 13746}, 'pm': {'pm1': 13203, 'pm10': 13205, 'pm25': 13204}}",4.45,11.56,23.23,1.02,1.02,1.02,779704028,39.9,MOD-00614,23.9,2026-09-13T09:41:50,2026-09-13T02:41:50,https://api.quant-aq.com/v1/devices/MOD-00614/data/779703703
1247.26,734.3,"{'lat': None, 'lon': None}","{'rh': 39.9, 'temp': 23.9, 'wd': 0.0, 'ws': 0.0, 'ws_scalar': 0.0}","{'gas': {'co': 13499, 'co2': 13261, 'no': 13587, 'no2': 13766, 'o3': 13746}, 'pm': {'pm1': 13203, 'pm10': 13205, 'pm25': 13204}}",4.45,11.29,22.95,1.56,1.58,1.58,779701176,39.9,MOD-00614,23.9,2026-09-13T09:40:50,2026-09-13T02:40:50,https://api.quant-aq.com/v1/devices/MOD-00614/data/779700852
1245.2,738.27,"{'lat': None, 'lon': None}","{'rh': 39.9, 'temp': 23.9, 'wd': 0.0, 'ws': 0.0, 'ws_scalar': 0.0}","{'gas': {'co': 13499, 'co2': 13261, 'no': 13587, 'no2': 13766, 'o3': 13746}, 'pm': {'pm1': 13203, 'pm10': 13205, 'pm25': 13204}}",4.45,11.56,22.67,1.59,1.59,1.59,779701175,39.9,MOD-00614,23.9,2026-09-13T09:39:50,2026-09-13T02:39:50,https://api.quant-aq.com/v1/devices/MOD-00614/data/779700851
1245.61,736.71,"{'lat': None, 'lon': None}","{'rh': 39.9, 'temp': 23.9, 'wd': 0.0, 'ws': 0.0, 'ws_scalar': 0.0}","{'gas': {'co': 13499, 'co2': 13261, 'no': 13587, 'no2': 13766, 'o3': 13746}, 'pm': {'pm1': 13203, 'pm10': 13205, 'pm25': 13204}}",4.45,11.29,23.51,1.53,1.6,1.56,779701173,39.9,MOD-00614,23.9,2026-09-13T09:38:50,2026-09-13T02:38:50,https://api.quant-aq.com/v1/devices/MOD-00614/data/779700848
1242.74,739.12,"{'lat': None, 'lon': None}","{'rh': 39.9, 'temp': 23.9, 'wd': 0.0, 'ws': 0.0, 'ws_scalar': 0.0}","{'gas': {'co': 13499, 'co2': 13261, 'no': 13587, 'no2': 13766, 'o3': 13746}, 'pm': {'pm1': 13203, 'pm10': 13205, 'pm25': 13204}}",4.45,11.29,23.51,1.36,1.38,1.38,779701174,39.9,MOD-00614,23.9,2026-09-13T09:37:50,2026-09-13T02:37:50,https://api.quant-aq.com/v1/devices/MOD-00614/data/779700849
1248.97,735.26,"{'lat': None, 'lon': None}","{'rh': 39.8, 'temp': 23.9, 'wd': 0.0, 'ws': 0.0, 'ws_scalar': 0.0}","{'gas': {'co': 13499, 'co2': 13261, 'no': 13587, 'no2': 13766, 'o3': 13746}, 'pm': {'pm1': 13203, 'pm10': 13205, 'pm25': 13204}}",4.44,11.19,22.7,1.64,1.65,1.65,779701172,39.8,MOD-00614,23.9,2026-09-13T09:36:50,2026-09-13T02:36:50,https://api.quant-aq.com/v1/devices/MOD-00614/data/779700847
1245.61,734.66,"{'lat': None, 'lon': None}","{'rh': 39.9, 'temp': 23.9, 'wd': 0.0, 'ws': 0.0, 'ws_scalar': 0.0}","{'gas': {'co': 13499, 'co2': 13261, 'no': 13587, 'no2': 13766, 'o3': 13746}, 'pm': {'pm1': 13203, 'pm10': 13205, 'pm25': 13204}}",4.45,11.56,23.23,1.53,1.53,1.53,779698341,39.9,MOD-00614,23.9,2026-09-13T09:35:50,2026-09-13T02:35:50,https://api.quant-aq.com/v1/devices/MOD-00614/data/779698017
1246.03,730.68,"{'lat': None, 'lon': None}","{'rh': 39.9, 'temp': 23.9, 'wd': 0.0, 'ws': 0.0, 'ws_scalar': 0.0}","{'gas': {'co': 13499, 'co2': 13261, 'no': 13587, 'no2': 13766, 'o3': 13746}, 'pm': {'pm1': 13203, 'pm10': 13205, 'pm25': 13204}}",4.45,11.29,23.23,1.67,1.67,1.67,779698343,39.9,MOD-00614,23.9,2026-09-13T09:34:49,2026-09-13T02:34:49,https://api.quant-aq.com/v1/devices/MOD-00614/data/779698018
1248.56,735.74,"{'lat': None, 'lon': None}","{'rh': 39.8, 'temp': 23.9, 'wd': 0.0, 'ws': 0.0, 'ws_scalar': 0.0}","{'gas': {'co': 13499, 'co2': 13261, 'no': 13587, 'no2': 13766, 'o3': 13746}, 'pm': {'pm1': 13203, 'pm10': 13205, 'pm25': 13204}}",3.43,11.31,22.98,1.69,1.78,1.73,779698342,39.8,MOD-00614,23.9,2026-09-13T09:33:49,2026-09-13T02:33:49,https://api.quant-aq.com/v1/devices/MOD-00614/data/779698016
1247.74,736.59,"{'lat': None, 'lon': None}","{'rh': 39.8, 'temp': 23.9, 'wd': 0.0, 'ws': 0.0, 'ws_scalar': 0.0}","{'gas': {'co': 13499, 'co2': 13261, 'no': 13587, 'no2': 13766, 'o3': 13746}, 'pm': {'pm1': 13203, 'pm10': 13205, 'pm25': 13204}}",3.43,11.82,22.7,1.52,1.52,1.52,779698339,39.8,MOD-00614,23.9,2026-09-13T09:32:49,2026-09-13T02:32:49,https://api.quant-aq.com/v1/devices/MOD-00614/data/779698014
1248.15,735.02,"{'lat': None, 'lon': None}","{'rh': 39.8, 'temp': 23.9, 'wd': 0.0, 'ws': 0.0, 'ws_scalar': 0.0}","{'gas': {'co': 13499, 'co2': 13261, 'no': 13587, 'no2': 13766, 'o3': 13746}, 'pm': {'pm1': 13203, 'pm10': 13205, 'pm25': 13204}}",3.43,11.82,22.7,1.49,1.49,1.49,779698340,39.8,MOD-00614,23.9,2026-09-13T09:31:49,2026-09-13T02:31:49,https://api.quant-aq.com/v1/devices/MOD-00614/data/779698015
1251.02,735.74,"{'lat': None, 'lon': None}","{'rh': 39.8, 'temp': 23.9, 'wd': 0.0, 'ws': 0.0, 'ws_scalar': 0.0}","{'gas': {'co': 13499, 'co2': 13261, 'no': 13587, 'no2': 13766, 'o3': 13746}, 'pm': {'pm1': 13203, 'pm10': 13205, 'pm25': 13204}}",4.44,11.31,22.98,1.66,1.66,1.66,779695529,39.8,MOD-00614,23.9,2026-09-13T09:30:49,2026-09-13T02:30:49,https://api.quant-aq.com/v1/devices/MOD-00614/data/779695204
1249.79,736.71,"{'lat': None, 'lon': None}","{'rh': 39.8, 'temp': 23.9, 'wd': 0.0, 'ws': 0.0, 'ws_scalar': 0.0}","{'gas': {'co': 13499, 'co2': 13261, 'no': 13587, 'no2': 13766, 'o3': 13746}, 'pm': {'pm1': 13203, 'pm10': 13205, 'pm25': 13204}}",4.44,11.5,22.98,1.23,1.23,1.23,779695526,39.8,MOD-00614,23.9,2026-09-13T09:29:49,2026-09-13T02:29:49,https://api.quant-aq.com/v1/devices/MOD-00614/data/779695199
1250.61,736.47,"{'lat': None, 'lon': None}","{'rh': 39.8, 'temp': 23.9, 'wd': 0.0, 'ws': 0.0, 'ws_scalar': 0.0}","{'gas': {'co': 13499, 'co2': 13261, 'no': 13587, 'no2': 13766, 'o3': 13746}, 'pm': {'pm1': 13203, 'pm10': 13205, 'pm25': 13204}}",3.43,11.42,22.7,1.58,1.59,1.59,779695520,39.8,MOD-00614,23.9,2026-09-13T09:28:49,2026-09-13T02:28:49,https://api.quant-aq.com/v1/devices/MOD-00614/data/779695194
1253.07,737.55,"{'lat': None, 'lon': None}","{'rh': 39.8, 'temp': 23.9, 'wd': 0.0, 'ws': 0.0, 'ws_scalar': 0.0}","{'gas': {'co': 13499, 'co2': 13261, 'no': 13587, 'no2': 13766, 'o3': 13746}, 'pm': {'pm1': 13203, 'pm10': 13205, 'pm25': 13204}}",4.44,11.31,22.7,1.45,1.52,1.48,779695522,39.8,MOD-00614,23.9,2026-09-13T09:27:49,2026-09-13T02:27:49,https://api.quant-aq.com/v1/devices/MOD-00614/data/779695196
1253.9,734.66,"{'lat': None, 'lon': None}","{'rh': 39.8, 'temp': 23.9, 'wd': 0.0, 'ws': 0.0, 'ws_scalar': 0.0}","{'gas': {'co': 13499, 'co2': 13261, 'no': 13587, 'no2': 13766, 'o3': 13746}, 'pm': {'pm1': 13203, 'pm10': 13205, 'pm25': 13204}}",3.43,11.5,22.98,1.45,1.45,1.45,779695524,39.8,MOD-00614,23.9,2026-09-13T09:26:49,2026-09-13T02:26:49,https://api.quant-aq.com/v1/devices/MOD-00614/data/779695198
1258.0,736.1,"{'lat': None, 'lon': None}","{'rh': 39.8, 'temp': 23.9, 'wd': 0.0, 'ws': 0.0, 'ws_scalar': 0.0}","{'gas': {'co': 13499, 'co2': 13261, 'no': 13587, 'no2': 13766, 'o3': 13746}, 'pm': {'pm1': 13203, 'pm10': 13205, 'pm25': 13204}}",4.44,11.31,23.26,1.37,1.37,1.37,779692656,39.8,MOD-00614,23.9,2026-09-13T09:25:49,2026-09-13T02:25:49,https://api.quant-aq.com/v1/devices/MOD-00614/data/779692331
1251.43,739.0,"{'lat': None, 'lon': None}","{'rh': 39.8, 'temp': 23.9, 'wd': 0.0, 'ws': 0.0, 'ws_scalar': 0.0}","{'gas': {'co': 13499, 'co2': 13261, 'no': 13587, 'no2': 13766, 'o3': 13746}, 'pm': {'pm1': 13203, 'pm10': 13205, 'pm25': 13204}}",3.43,11.42,22.7,1.38,1.38,1.38,779692658,39.8,MOD-00614,23.9,2026-09-13T09:24:49,2026-09-13T02:24:49,https://api.quant-aq.com/v1/devices/MOD-00614/data/779692333
1258.0,737.91,"{'lat': None, 'lon': None}","{'rh': 39.8, 'temp': 23.9, 'wd': 0.0, 'ws': 0.0, 'ws_scalar': 0.0}","{'gas': {'co': 13499, 'co2': 13261, 'no': 13587, 'no2': 13766, 'o3': 13746}, 'pm': {'pm1': 13203, 'pm10': 13205, 'pm25': 13204}}",4.44,11.42,22.98,1.36,1.4,1.4,779692655,39.8,MOD-00614,23.9,2026-09-13T09:23:48,2026-09-13T02:23:48,https://api.quant-aq.com/v1/devices/MOD-00614/data/779692332
1257.18,735.98,"{'lat': None, 'lon': None}","{'rh': 39.8, 'temp': 23.9, 'wd': 0.0, 'ws': 0.0, 'ws_scalar': 0.0}","{'gas': {'co': 13499, 'co2': 13261, 'no': 13587, 'no2': 13766, 'o3': 13746}, 'pm': {'pm1': 13203, 'pm10': 13205, 'pm25': 13204}}",3.43,11.42,22.98,1.62,1.62,1.62,779692654,39.8,MOD-00614,23.9,2026-09-13T09:22:48,2026-09-13T02:22:48,https://api.quant-aq.com/v1/devices/MOD-00614/data/779692329
1257.18,737.67,"{'lat': None, 'lon': None}","{'rh': 39.8, 'temp': 23.9, 'wd': 0.0, 'ws': 0.0, 'ws_scalar': 0.0}","{'gas': {'co': 13499, 'co2': 13261, 'no': 13587, 'no2': 13766, 'o3': 13746}, 'pm': {'pm1': 13203, 'pm10': 13205, 'pm25': 13204}}",3.43,11.42,22.7,1.47,1.47,1.47,779692657,39.8,MOD-00614,23.9,2026-09-13T09:21:48,2026-09-13T02:21:48,https://api.quant-aq.com/v1/devices/MOD-00614/data/779692330
1254.72,739.36,"{'lat': None, 'lon': None}","{'rh': 39.8, 'temp': 23.9, 'wd': 0.0, 'ws': 0.0, 'ws_scalar': 0.0}","{'gas': {'co': 13499, 'co2': 13261, 'no': 13587, 'no2': 13766, 'o3': 13746}, 'pm': {'pm1': 13203, 'pm10': 13205, 'pm25': 13204}}",3.43,11.82,22.98,1.31,1.31,1.31,779689709,39.8,MOD-00614,23.9,2026-09-13T09:20:48,2026-09-13T02:20:48,https://api.quant-aq.com/v1/devices/MOD-00614/data/779689383
1257.7,738.63,"{'lat': None, 'lon': None}","{'rh': 39.8, 'temp': 24.0, 'wd': 0.0, 'ws': 0.0, 'ws_scalar': 0.0}","{'gas': {'co': 13499, 'co2': 13261, 'no': 13587, 'no2': 13766, 'o3': 13746}, 'pm': {'pm1': 13203, 'pm10': 13205, 'pm25': 13204}}",4.44,11.39,22.72,1.22,1.7,1.23,779689708,39.8,MOD-00614,24.0,2026-09-13T09:19:48,2026-09-13T02:19:48,https://api.quant-aq.com/v1/devices/MOD-00614/data/779689384
1258.11,737.91,"{'lat': None, 'lon': None}","{'rh': 39.8, 'temp': 24.0, 'wd': 0.0, 'ws': 0.0, 'ws_scalar': 0.0}","{'gas': {'co': 13499, 'co2': 13261, 'no': 13587, 'no2': 13766, 'o3': 13746}, 'pm': {'pm1': 13203, 'pm10': 13205, 'pm25': 13204}}",4.44,11.39,23.0,1.08,1.08,1.08,779689710,39.8,MOD-00614,24.0,2026-09-13T09:18:48,2026-09-13T02:18:48,https://api.quant-aq.com/v1/devices/MOD-00614/data/779689385
1256.88,738.75,"{'lat': None, 'lon': None}","{'rh': 39.8, 'temp': 24.0, 'wd': 0.0, 'ws': 0.0, 'ws_scalar': 0.0}","{'gas': {'co': 13499, 'co2': 13261, 'no': 13587, 'no2': 13766, 'o3': 13746}, 'pm': {'pm1': 13203, 'pm10': 13205, 'pm25': 13204}}",4.44,12.1,22.72,1.22,1.22,1.22,779689707,39.8,MOD-00614,24.0,2026-09-13T09:17:48,2026-09-13T02:17:48,https://api.quant-aq.com/v1/devices/MOD-00614/data/779689382
1258.11,740.44,"{'lat': None, 'lon': None}","{'rh': 39.8, 'temp': 24.0, 'wd': 0.0, 'ws': 0.0, 'ws_scalar': 0.0}","{'gas': {'co': 13499, 'co2': 13261, 'no': 13587, 'no2': 13766, 'o3': 13746}, 'pm': {'pm1': 13203, 'pm10': 13205, 'pm25': 13204}}",4.44,11.29,23.55,1.54,1.54,1.54,779689706,39.8,MOD-00614,24.0,2026-09-13T09:16:48,2026-09-13T02:16:48,https://api.quant-aq.com/v1/devices/MOD-00614/data/779689381
1258.93,736.95,"{'lat': None, 'lon': None}","{'rh': 39.8, 'temp': 24.0, 'wd': 0.0, 'ws': 0.0, 'ws_scalar': 0.0}","{'gas': {'co': 13499, 'co2': 13261, 'no': 13587, 'no2': 13766, 'o3': 13746}, 'pm': {'pm1': 13203, 'pm10': 13205, 'pm25': 13204}}",4.44,11.29,23.0,1.67,1.67,1.67,779686807,39.8,MOD-00614,24.0,2026-09-13T09:15:48,2026-09-13T02:15:48,https://api.quant-aq.com/v1/devices/MOD-00614/data/779686483
1265.91,738.15,"{'lat': None, 'lon': None}","{'rh': 39.8, 'temp': 24.0, 'wd': 0.0, 'ws': 0.0, 'ws_scalar': 0.0}","{'gas': {'co': 13499, 'co2': 13261, 'no': 13587, 'no2': 13766, 'o3': 13746}, 'pm': {'pm1': 13203, 'pm10': 13205, 'pm25': 13204}}",4.44,11.39,23.27,1.44,1.44,1.44,779686808,39.8,MOD-00614,24.0,2026-09-13T09:14:48,2026-09-13T02:14:48,https://api.quant-aq.com/v1/devices/MOD-00614/data/779686482
1257.7,738.51,"{'lat': None, 'lon': None}","{'rh': 39.8, 'temp': 24.0, 'wd': 0.0, 'ws': 0.0, 'ws_scalar': 0.0}","{'gas': {'co': 13499, 'co2': 13261, 'no': 13587, 'no2': 13766, 'o3': 13746}, 'pm': {'pm1': 13203, 'pm10': 13205, 'pm25': 13204}}",4.44,11.39,22.72,1.58,1.65,1.61,779686810,39.8,MOD-00614,24.0,2026-09-13T09:13:48,2026-09-13T02:13:48,https://api.quant-aq.com/v1/devices/MOD-00614/data/779686485
1263.04,740.56,"{'lat': None, 'lon': None}","{'rh': 39.8, 'temp': 24.0, 'wd': 0.0, 'ws': 0.0, 'ws_scalar': 0.0}","{'gas': {'co': 13499, 'co2': 13261, 'no': 13587, 'no2': 13766, 'o3': 13746}, 'pm': {'pm1': 13203, 'pm10': 13205, 'pm25': 13204}}",4.44,12.1,23.27,1.85,1.85,1.85,779686809,39.8,MOD-00614,24.0,2026-09-13T09:12:48,2026-09-13T02:12:48,https://api.quant-aq.com/v1/devices/MOD-00614/data/779686484
1264.27,739.48,"{'lat': None, 'lon': None}","{'rh': 39.8, 'temp': 24.0, 'wd': 0.0, 'ws': 0.0, 'ws_scalar': 0.0}","{'gas': {'co': 13499, 'co2': 13261, 'no': 13587, 'no2': 13766, 'o3': 13746}, 'pm': {'pm1': 13203, 'pm10': 13205, 'pm25': 13204}}",4.44,11.39,22.72,1.37,1.37,1.37,779686806,39.8,MOD-00614,24.0,2026-09-13T09:11:47,2026-09-13T02:11:47,https://api.quant-aq.com/v1/devices/MOD-00614/data/779686481
1264.27,741.04,"{'lat': None, 'lon': None}","{'rh': 39.8, 'temp': 24.0, 'wd': 0.0, 'ws': 0.0, 'ws_scalar': 0.0}","{'gas': {'co': 13499, 'co2': 13261, 'no': 13587, 'no2': 13766, 'o3': 13746}, 'pm': {'pm1': 13203, 'pm10': 13205, 'pm25': 13204}}",4.44,11.29,23.27,1.55,1.56,1.56,779683830,39.8,MOD-00614,24.0,2026-09-13T09:10:47,2026-09-13T02:10:47,https://api.quant-aq.com/v1/devices/MOD-00614/data/779683505
1265.09,737.55,"{'lat': None, 'lon': None}","{'rh': 39.8, 'temp': 24.0, 'wd': 0.0, 'ws': 0.0, 'ws_scalar': 0.0}","{'gas': {'co': 13499, 'co2': 13261, 'no': 13587, 'no2': 13766, 'o3': 13746}, 'pm': {'pm1': 13203, 'pm10': 13205, 'pm25': 13204}}",4.44,11.29,23.0,1.49,1.5,1.5,779683829,39.8,MOD-00614,24.0,2026-09-13T09:09:47,2026-09-13T02:09:47,https://api.quant-aq.com/v1/devices/MOD-00614/data/779683507
1270.01,741.28,"{'lat': None, 'lon': None}","{'rh': 39.8, 'temp': 24.0, 'wd': 0.0, 'ws': 0.0, 'ws_scalar': 0.0}","{'gas': {'co': 13499, 'co2': 13261, 'no': 13587, 'no2': 13766, 'o3': 13746}, 'pm': {'pm1': 13203, 'pm10': 13205, 'pm25': 13204}}",4.44,12.1,23.0,1.24,1.24,1.24,779683825,39.8,MOD-00614,24.0,2026-09-13T09:08:47,2026-09-13T02:08:47,https://api.quant-aq.com/v1/devices/MOD-00614/data/779683500
1268.37,741.16,"{'lat': None, 'lon': None}","{'rh': 39.8, 'temp': 24.0, 'wd': 0.0, 'ws': 0.0, 'ws_scalar': 0.0}","{'gas': {'co': 13499, 'co2': 13261, 'no': 13587, 'no2': 13766, 'o3': 13746}, 'pm': {'pm1': 13203, 'pm10': 13205, 'pm25': 13204}}",4.44,12.1,22.72,1.58,1.58,1.58,779683828,39.8,MOD-00614,24.0,2026-09-13T09:07:47,2026-09-13T02:07:47,https://api.quant-aq.com/v1/devices/MOD-00614/data/779683502
1266.32,738.88,"{'lat': None, 'lon': None}","{'rh': 39.8, 'temp': 24.0, 'wd': 0.0, 'ws': 0.0, 'ws_scalar': 0.0}","{'gas': {'co': 13499, 'co2': 13261, 'no': 13587, 'no2': 13766, 'o3': 13746}, 'pm': {'pm1': 13203, 'pm10': 13205, 'pm25': 13204}}",3.43,11.77,23.0,1.45,1.46,1.46,779683827,39.8,MOD-00614,24.0,2026-09-13T09:06:47,2026-09-13T02:06:47,https://api.quant-aq.com/v1/devices/MOD-00614/data/779683503
1267.96,740.68,"{'lat': None, 'lon': None}","{'rh': 39.8, 'temp': 24.0, 'wd': 0.0, 'ws': 0.0, 'ws_scalar': 0.0}","{'gas': {'co': 13499, 'co2': 13261, 'no': 13587, 'no2': 13766, 'o3': 13746}, 'pm': {'pm1': 13203, 'pm10': 13205, 'pm25': 13204}}",4.44,12.1,22.44,1.56,1.56,1.56,779681016,39.8,MOD-00614,24.0,2026-09-13T09:05:47,2026-09-13T02:05:47,https://api.quant-aq.com/v1/devices/MOD-00614/data/779680691
1267.14,739.0,"{'lat': None, 'lon': None}","{'rh': 39.8, 'temp': 24.0, 'wd': 0.0, 'ws': 0.0, 'ws_scalar': 0.0}","{'gas': {'co': 13499, 'co2': 13261, 'no': 13587, 'no2': 13766, 'o3': 13746}, 'pm': {'pm1': 13203, 'pm10': 13205, 'pm25': 13204}}",4.44,11.39,22.44,1.6,1.63,1.63,779681013,39.8,MOD-00614,24.0,2026-09-13T09:04:47,2026-09-13T02:04:47,https://api.quant-aq.com/v1/devices/MOD-00614/data/779680686
1265.5,742.73,"{'lat': None, 'lon': None}","{'rh': 39.8, 'temp': 24.0, 'wd': 0.0, 'ws': 0.0, 'ws_scalar': 0.0}","{'gas': {'co': 13499, 'co2': 13261, 'no': 13587, 'no2': 13766, 'o3': 13746}, 'pm': {'pm1': 13203, 'pm10': 13205, 'pm25': 13204}}",4.44,11.39,23.0,1.44,1.44,1.44,779681012,39.8,MOD-00614,24.0,2026-09-13T09:03:47,2026-09-13T02:03:47,https://api.quant-aq.com/v1/devices/MOD-00614/data/779680687
1270.42,743.09,"{'lat': None, 'lon': None}","{'rh': 39.8, 'temp': 24.0, 'wd': 0.0, 'ws': 0.0, 'ws_scalar': 0.0}","{'gas': {'co': 13499, 'co2': 13261, 'no': 13587, 'no2': 13766, 'o3': 13746}, 'pm': {'pm1': 13203, 'pm10': 13205, 'pm25': 13204}}",4.44,11.39,23.0,1.58,1.58,1.58,779681015,39.8,MOD-00614,24.0,2026-09-13T09:02:47,2026-09-13T02:02:47,https://api.quant-aq.com/v1/devices/MOD-00614/data/779680690
1273.3,737.79,"{'lat': None, 'lon': None}","{'rh': 39.8, 'temp': 24.0, 'wd': 0.0, 'ws': 0.0, 'ws_scalar': 0.0}","{'gas': {'co': 13499, 'co2': 13261, 'no': 13587, 'no2': 13766, 'o3': 13746}, 'pm': {'pm1': 13203, 'pm10': 13205, 'pm25': 13204}}",4.44,11.29,22.72,1.54,1.54,1.54,779681014,39.8,MOD-00614,24.0,2026-09-13T09:01:47,2026-09-13T02:01:47,https://api.quant-aq.com/v1/devices/MOD-00614/data/779680689
1270.42,741.4,"{'lat': None, 'lon': None}","{'rh': 39.8, 'temp': 24.0, 'wd': 0.0, 'ws': 0.0, 'ws_scalar': 0.0}","{'gas': {'co': 13499, 'co2': 13261, 'no': 13587, 'no2': 13766, 'o3': 13746}, 'pm': {'pm1': 13203, 'pm10': 13205, 'pm25': 13204}}",4.44,11.77,22.44,1.92,1.92,1.92,779678196,39.8,MOD-00614,24.0,2026-09-13T09:00:47,2026-09-13T02:00:47,https://api.quant-aq.com/v1/devices/MOD-00614/data/779677872
1267.96,741.65,"{'lat': None, 'lon': None}","{'rh': 39.8, 'temp': 24.0, 'wd': 0.0, 'ws': 0.0, 'ws_scalar': 0.0}","{'gas': {'co': 13499, 'co2': 13261, 'no': 13587, 'no2': 13766, 'o3': 13746}, 'pm': {'pm1': 13203, 'pm10': 13205, 'pm25': 13204}}",4.44,11.39,23.0,1.91,1.91,1.91,779678198,39.8,MOD-00614,24.0,2026-09-13T08:59:47,2026-09-13T01:59:47,https://api.quant-aq.com/v1/devices/MOD-00614/data/779677873
1275.35,743.33,"{'lat': None, 'lon': None}","{'rh': 39.8, 'temp': 24.0, 'wd': 0.0, 'ws': 0.0, 'ws_scalar': 0.0}","{'gas': {'co': 13499, 'co2': 13261, 'no': 13587, 'no2': 13766, 'o3': 13746}, 'pm': {'pm1': 13203, 'pm10': 13205, 'pm25': 13204}}",4.44,12.1,23.0,1.76,1.76,1.76,779678195,39.8,MOD-00614,24.0,2026-09-13T08:58:46,2026-09-13T01:58:46,https://api.quant-aq.com/v1/devices/MOD-00614/data/779677870
1277.81,743.09,"{'lat': None, 'lon': None}","{'rh': 39.8, 'temp': 24.0, 'wd': 0.0, 'ws': 0.0, 'ws_scalar': 0.0}","{'gas': {'co': 13499, 'co2': 13261, 'no': 13587, 'no2': 13766, 'o3': 13746}, 'pm': {'pm1': 13203, 'pm10': 13205, 'pm25': 13204}}",4.44,11.39,23.27,1.75,1.76,1.76,779678194,39.8,MOD-00614,24.0,2026-09-13T08:57:46,2026-09-13T01:57:46,https://api.quant-aq.com/v1/devices/MOD-00614/data/779677869
1276.99,744.9,"{'lat': None, 'lon': None}","{'rh': 39.8, 'temp': 24.0, 'wd': 0.0, 'ws': 0.0, 'ws_scalar': 0.0}","{'gas': {'co': 13499, 'co2': 13261, 'no': 13587, 'no2': 13766, 'o3': 13746}, 'pm': {'pm1': 13203, 'pm10': 13205, 'pm25': 13204}}",3.43,11.18,23.27,1.59,1.6,1.6,779678197,39.8,MOD-00614,24.0,2026-09-13T08:56:46,2026-09-13T01:56:46,https://api.quant-aq.com/v1/devices/MOD-00614/data/779677871
1278.63,741.89,"{'lat': None, 'lon': None}","{'rh': 39.8, 'temp': 24.0, 'wd': 0.0, 'ws': 0.0, 'ws_scalar': 0.0}","{'gas': {'co': 13499, 'co2': 13261, 'no': 13587, 'no2': 13766, 'o3': 13746}, 'pm': {'pm1': 13203, 'pm10': 13205, 'pm25': 13204}}",4.44,12.1,22.72,1.64,1.64,1.64,779675222,39.8,MOD-00614,24.0,2026-09-13T08:55:46,2026-09-13T01:55:46,https://api.quant-aq.com/v1/devices/MOD-00614/data/779674895
1279.46,744.42,"{'lat': None, 'lon': None}","{'rh': 39.8, 'temp': 24.0, 'wd': 0.0, 'ws': 0.0, 'ws_scalar': 0.0}","{'gas': {'co': 13499, 'co2': 13261, 'no': 13587, 'no2': 13766, 'o3': 13746}, 'pm': {'pm1': 13203, 'pm10': 13205, 'pm25': 13204}}",4.44,11.39,23.0,1.58,1.59,1.59,779675223,39.8,MOD-00614,24.0,2026-09-13T08:54:46,2026-09-13T01:54:46,https://api.quant-aq.com/v1/devices/MOD-00614/data/779674898
1276.99,744.54,"{'lat': None, 'lon': None}","{'rh': 39.8, 'temp': 24.0, 'wd': 0.0, 'ws': 0.0, 'ws_scalar': 0.0}","{'gas': {'co': 13499, 'co2': 13261, 'no': 13587, 'no2': 13766, 'o3': 13746}, 'pm': {'pm1': 13203, 'pm10': 13205, 'pm25': 13204}}",4.44,12.1,23.0,1.74,1.74,1.74,779675220,39.8,MOD-00614,24.0,2026-09-13T08:53:46,2026-09-13T01:53:46,https://api.quant-aq.com/v1/devices/MOD-00614/data/779674896
1276.17,742.85,"{'lat': None, 'lon': None}","{'rh': 39.8, 'temp': 24.0, 'wd': 0.0, 'ws': 0.0, 'ws_scalar': 0.0}","{'gas': {'co': 13499, 'co2': 13261, 'no': 13587, 'no2': 13766, 'o3': 13746}, 'pm': {'pm1': 13203, 'pm10': 13205, 'pm25': 13204}}",4.44,11.39,23.0,1.51,1.51,1.51,779675221,39.8,MOD-00614,24.0,2026-09-13T08:52:46,2026-09-13T01:52:46,https://api.quant-aq.com/v1/devices/MOD-00614/data/779674894
1277.4,741.4,"{'lat': None, 'lon': None}","{'rh': 39.8, 'temp': 24.0, 'wd': 0.0, 'ws': 0.0, 'ws_scalar': 0.0}","{'gas': {'co': 13499, 'co2': 13261, 'no': 13587, 'no2': 13766, 'o3': 13746}, 'pm': {'pm1': 13203, 'pm10': 13205, 'pm25': 13204}}",4.44,11.39,23.0,1.34,1.4,1.36,779675219,39.8,MOD-00614,24.0,2026-09-13T08:51:46,2026-09-13T01:51:46,https://api.quant-aq.com/v1/devices/MOD-00614/data/779674897
1277.4,745.26,"{'lat': None, 'lon': None}","{'rh': 39.8, 'temp': 24.0, 'wd': 0.0, 'ws': 0.0, 'ws_scalar': 0.0}","{'gas': {'co': 13499, 'co2': 13261, 'no': 13587, 'no2': 13766, 'o3': 13746}, 'pm': {'pm1': 13203, 'pm10': 13205, 'pm25': 13204}}",4.44,11.39,23.27,1.21,1.22,1.22,779672447,39.8,MOD-00614,24.0,2026-09-13T08:50:46,2026-09-13T01:50:46,https://api.quant-aq.com/v1/devices/MOD-00614/data/779672119
1273.71,744.17,"{'lat': None, 'lon': None}","{'rh': 39.8, 'temp': 24.0, 'wd': 0.0, 'ws': 0.0, 'ws_scalar': 0.0}","{'gas': {'co': 13499, 'co2': 13261, 'no': 13587, 'no2': 13766, 'o3': 13746}, 'pm': {'pm1': 13203, 'pm10': 13205, 'pm25': 13204}}",4.44,11.39,23.0,1.79,1.85,1.81,779672439,39.8,MOD-00614,24.0,2026-09-13T08:49:46,2026-09-13T01:49:46,https://api.quant-aq.com/v1/devices/MOD-00614/data/779672116
1276.58,746.94,"{'lat': None, 'lon': None}","{'rh': 39.8, 'temp': 24.0, 'wd': 0.0, 'ws': 0.0, 'ws_scalar': 0.0}","{'gas': {'co': 13499, 'co2': 13261, 'no': 13587, 'no2': 13766, 'o3': 13746}, 'pm': {'pm1': 13203, 'pm10': 13205, 'pm25': 13204}}",4.44,12.1,23.0,1.53,1.53,1.53,779672441,39.8,MOD-00614,24.0,2026-09-13T08:48:46,2026-09-13T01:48:46,https://api.quant-aq.com/v1/devices/MOD-00614/data/779672115
1279.46,744.9,"{'lat': None, 'lon': None}","{'rh': 39.8, 'temp': 24.0, 'wd': 0.0, 'ws': 0.0, 'ws_scalar': 0.0}","{'gas': {'co': 13499, 'co2': 13261, 'no': 13587, 'no2': 13766, 'o3': 13746}, 'pm': {'pm1': 13203, 'pm10': 13205, 'pm25': 13204}}",4.44,12.1,22.72,1.47,1.47,1.47,779672444,39.8,MOD-00614,24.0,2026-09-13T08:47:46,2026-09-13T01:47:46,https://api.quant-aq.com/v1/devices/MOD-00614/data/779672123
1281.1,745.62,"{'lat': None, 'lon': None}","{'rh': 39.8, 'temp': 24.0, 'wd': 0.0, 'ws': 0.0, 'ws_scalar': 0.0}","{'gas': {'co': 13499, 'co2': 13261, 'no': 13587, 'no2': 13766, 'o3': 13746}, 'pm': {'pm1': 13203, 'pm10': 13205, 'pm25': 13204}}",4.44,11.39,23.0,1.45,1.45,1.45,779672442,39.8,MOD-00614,24.0,2026-09-13T08:46:46,2026-09-13T01:46:46,https://api.quant-aq.com/v1/devices/MOD-00614/data/779672118
1279.87,746.94,"{'lat': None, 'lon': None}","{'rh': 39.8, 'temp': 24.0, 'wd': 0.0, 'ws': 0.0, 'ws_scalar': 0.0}","{'gas': {'co': 13499, 'co2': 13261, 'no': 13587, 'no2': 13766, 'o3': 13746}, 'pm': {'pm1': 13203, 'pm10': 13205, 'pm25': 13204}}",4.44,12.1,23.0,1.73,1.73,1.73,779669375,39.8,MOD-00614,24.0,2026-09-13T08:45:45,2026-09-13T01:45:45,https://api.quant-aq.com/v1/devices/MOD-00614/data/779669050
1277.81,742.37,"{'lat': None, 'lon': None}","{'rh': 39.8, 'temp': 24.0, 'wd': 0.0, 'ws': 0.0, 'ws_scalar': 0.0}","{'gas': {'co': 13499, 'co2': 13261, 'no': 13587, 'no2': 13766, 'o3': 13746}, 'pm': {'pm1': 13203, 'pm10': 13205, 'pm25': 13204}}",4.44,11.39,23.0,1.17,1.17,1.17,779669374,39.8,MOD-00614,24.0,2026-09-13T08:44:45,2026-09-13T01:44:45,https://api.quant-aq.com/v1/devices/MOD-00614/data/779669049
1283.15,748.63,"{'lat': None, 'lon': None}","{'rh': 39.8, 'temp': 24.0, 'wd': 0.0, 'ws': 0.0, 'ws_scalar': 0.0}","{'gas': {'co': 13499, 'co2': 13261, 'no': 13587, 'no2': 13766, 'o3': 13746}, 'pm': {'pm1': 13203, 'pm10': 13205, 'pm25': 13204}}",3.43,11.29,23.27,1.55,1.55,1.55,779669377,39.8,MOD-00614,24.0,2026-09-13T08:43:45,2026-09-13T01:43:45,https://api.quant-aq.com/v1/devices/MOD-00614/data/779669052
1281.51,747.67,"{'lat': None, 'lon': None}","{'rh': 39.8, 'temp': 24.0, 'wd': 0.0, 'ws': 0.0, 'ws_scalar': 0.0}","{'gas': {'co': 13499, 'co2': 13261, 'no': 13587, 'no2': 13766, 'o3': 13746}, 'pm': {'pm1': 13203, 'pm10': 13205, 'pm25': 13204}}",4.44,12.1,23.0,1.25,1.25,1.25,779669376,39.8,MOD-00614,24.0,2026-09-13T08:42:45,2026-09-13T01:42:45,https://api.quant-aq.com/v1/devices/MOD-00614/data/779669051
1282.33,743.21,"{'lat': None, 'lon': None}","{'rh': 39.8, 'temp': 24.0, 'wd': 0.0, 'ws': 0.0, 'ws_scalar': 0.0}","{'gas': {'co': 13499, 'co2': 13261, 'no': 13587, 'no2': 13766, 'o3': 13746}, 'pm': {'pm1': 13203, 'pm10': 13205, 'pm25': 13204}}",4.44,11.29,23.0,1.55,1.56,1.56,779669378,39.8,MOD-00614,24.0,2026-09-13T08:41:45,2026-09-13T01:41:45,https://api.quant-aq.com/v1/devices/MOD-00614/data/779669053
1281.1,746.34,"{'lat': None, 'lon': None}","{'rh': 39.8, 'temp': 24.0, 'wd': 0.0, 'ws': 0.0, 'ws_scalar': 0.0}","{'gas': {'co': 13499, 'co2': 13261, 'no': 13587, 'no2': 13766, 'o3': 13746}, 'pm': {'pm1': 13203, 'pm10': 13205, 'pm25': 13204}}",3.43,11.39,23.0,1.9,1.9,1.9,779666468,39.8,MOD-00614,24.0,2026-09-13T08:40:45,2026-09-13T01:40:45,https://api.quant-aq.com/v1/devices/MOD-00614/data/779666143
1283.15,747.31,"{'lat': None, 'lon': None}","{'rh': 39.8, 'temp': 24.0, 'wd': 0.0, 'ws': 0.0, 'ws_scalar': 0.0}","{'gas': {'co': 13499, 'co2': 13261, 'no': 13587, 'no2': 13766, 'o3': 13746}, 'pm': {'pm1': 13203, 'pm10': 13205, 'pm25': 13204}}",4.44,11.77,22.72,1.47,1.63,1.47,779666467,39.8,MOD-00614,24.0,2026-09-13T08:39:45,2026-09-13T01:39:45,https://api.quant-aq.com/v1/devices/MOD-00614/data/779666142
1281.92,747.07,"{'lat': None, 'lon': None}","{'rh': 39.8, 'temp': 24.0, 'wd': 0.0, 'ws': 0.0, 'ws_scalar': 0.0}","{'gas': {'co': 13499, 'co2': 13261, 'no': 13587, 'no2': 13766, 'o3': 13746}, 'pm': {'pm1': 13203, 'pm10': 13205, 'pm25': 13204}}",4.44,11.29,23.0,2.03,2.09,2.05,779666470,39.8,MOD-00614,24.0,2026-09-13T08:38:45,2026-09-13T01:38:45,https://api.quant-aq.com/v1/devices/MOD-00614/data/779666145
1285.2,749.96,"{'lat': None, 'lon': None}","{'rh': 39.8, 'temp': 24.0, 'wd': 0.0, 'ws': 0.0, 'ws_scalar': 0.0}","{'gas': {'co': 13499, 'co2': 13261, 'no': 13587, 'no2': 13766, 'o3': 13746}, 'pm': {'pm1': 13203, 'pm10': 13205, 'pm25': 13204}}",3.43,11.39,23.0,1.35,1.35,1.35,779666469,39.8,MOD-00614,24.0,2026-09-13T08:37:45,2026-09-13T01:37:45,https://api.quant-aq.com/v1/devices/MOD-00614/data/779666144
1288.08,748.51,"{'lat': None, 'lon': None}","{'rh': 39.8, 'temp': 24.0, 'wd': 0.0, 'ws': 0.0, 'ws_scalar': 0.0}","{'gas': {'co': 13499, 'co2': 13261, 'no': 13587, 'no2': 13766, 'o3': 13746}, 'pm': {'pm1': 13203, 'pm10': 13205, 'pm25': 13204}}",4.44,11.39,23.27,1.26,1.32,1.28,779666471,39.8,MOD-00614,24.0,2026-09-13T08:36:45,2026-09-13T01:36:45,https://api.quant-aq.com/v1/devices/MOD-00614/data/779666146
1286.43,749.11,"{'lat': None, 'lon': None}","{'rh': 39.8, 'temp': 24.0, 'wd': 0.0, 'ws': 0.0, 'ws_scalar': 0.0}","{'gas': {'co': 13499, 'co2': 13261, 'no': 13587, 'no2': 13766, 'o3': 13746}, 'pm': {'pm1': 13203, 'pm10': 13205, 'pm25': 13204}}",4.44,12.1,23.27,1.6,1.6,1.6,779663582,39.8,MOD-00614,24.0,2026-09-13T08:35:45,2026-09-13T01:35:45,https://api.quant-aq.com/v1/devices/MOD-00614/data/779663257
1287.67,749.11,"{'lat': None, 'lon': None}","{'rh': 39.8, 'temp': 24.0, 'wd': 0.0, 'ws': 0.0, 'ws_scalar': 0.0}","{'gas': {'co': 13499, 'co2': 13261, 'no': 13587, 'no2': 13766, 'o3': 13746}, 'pm': {'pm1': 13203, 'pm10': 13205, 'pm25': 13204}}",4.44,11.77,22.72,1.89,2.04,1.89,779663584,39.8,MOD-00614,24.0,2026-09-13T08:34:44,2026-09-13T01:34:44,https://api.quant-aq.com/v1/devices/MOD-00614/data/779663258
1290.95,750.8,"{'lat': None, 'lon': None}","{'rh': 39.8, 'temp': 24.0, 'wd': 0.0, 'ws': 0.0, 'ws_scalar': 0.0}","{'gas': {'co': 13499, 'co2': 13261, 'no': 13587, 'no2': 13766, 'o3': 13746}, 'pm': {'pm1': 13203, 'pm10': 13205, 'pm25': 13204}}",4.44,12.1,22.44,1.78,1.93,1.86,779663583,39.8,MOD-00614,24.0,2026-09-13T08:33:44,2026-09-13T01:33:44,https://api.quant-aq.com/v1/devices/MOD-00614/data/779663259
1285.61,748.15,"{'lat': None, 'lon': None}","{'rh': 39.8, 'temp': 24.0, 'wd': 0.0, 'ws': 0.0, 'ws_scalar': 0.0}","{'gas': {'co': 13499, 'co2': 13261, 'no': 13587, 'no2': 13766, 'o3': 13746}, 'pm': {'pm1': 13203, 'pm10': 13205, 'pm25': 13204}}",4.44,11.29,23.27,1.58,1.74,1.58,779663581,39.8,MOD-00614,24.0,2026-09-13T08:32:44,2026-09-13T01:32:44,https://api.quant-aq.com/v1/devices/MOD-00614/data/779663256
1286.02,750.2,"{'lat': None, 'lon': None}","{'rh': 39.8, 'temp': 24.0, 'wd': 0.0, 'ws': 0.0, 'ws_scalar': 0.0}","{'gas': {'co': 13499, 'co2': 13261, 'no': 13587, 'no2': 13766, 'o3': 13746}, 'pm': {'pm1': 13203, 'pm10': 13205, 'pm25': 13204}}",4.44,11.77,22.72,1.01,1.01,1.01,779663580,39.8,MOD-00614,24.0,2026-09-13T08:31:44,2026-09-13T01:31:44,https://api.quant-aq.com/v1/devices/MOD-00614/data/779663255
1288.08,750.08,"{'lat': None, 'lon': None}","{'rh': 39.8, 'temp': 24.0, 'wd': 0.0, 'ws': 0.0, 'ws_scalar': 0.0}","{'gas': {'co': 13499, 'co2': 13261, 'no': 13587, 'no2': 13766, 'o3': 13746}, 'pm': {'pm1': 13203, 'pm10': 13205, 'pm25': 13204}}",3.43,11.39,22.72,1.39,1.41,1.41,779660657,39.8,MOD-00614,24.0,2026-09-13T08:30:44,2026-09-13T01:30:44,https://api.quant-aq.com/v1/devices/MOD-00614/data/779660331
1293.41,750.2,"{'lat': None, 'lon': None}","{'rh': 39.8, 'temp': 24.0, 'wd': 0.0, 'ws': 0.0, 'ws_scalar': 0.0}","{'gas': {'co': 13499, 'co2': 13261, 'no': 13587, 'no2': 13766, 'o3': 13746}, 'pm': {'pm1': 13203, 'pm10': 13205, 'pm25': 13204}}",3.43,11.39,23.27,1.49,1.53,1.53,779660655,39.8,MOD-00614,24.0,2026-09-13T08:29:44,2026-09-13T01:29:44,https://api.quant-aq.com/v1/devices/MOD-00614/data/779660330
1290.65,750.92,"{'lat': None, 'lon': None}","{'rh': 39.8, 'temp': 24.1, 'wd': 0.0, 'ws': 0.0, 'ws_scalar': 0.0}","{'gas': {'co': 13499, 'co2': 13261, 'no': 13587, 'no2': 13766, 'o3': 13746}, 'pm': {'pm1': 13203, 'pm10': 13205, 'pm25': 13204}}",4.44,10.07,23.29,1.44,1.44,1.44,779660653,39.8,MOD-00614,24.1,2026-09-13T08:28:44,2026-09-13T01:28:44,https://api.quant-aq.com/v1/devices/MOD-00614/data/779660328
1286.54,750.92,"{'lat': None, 'lon': None}","{'rh': 39.8, 'temp': 24.1, 'wd': 0.0, 'ws': 0.0, 'ws_scalar': 0.0}","{'gas': {'co': 13499, 'co2': 13261, 'no': 13587, 'no2': 13766, 'o3': 13746}, 'pm': {'pm1': 13203, 'pm10': 13205, 'pm25': 13204}}",4.44,13.12,23.01,1.45,1.45,1.45,779660654,39.8,MOD-00614,24.1,2026-09-13T08:27:44,2026-09-13T01:27:44,https://api.quant-aq.com/v1/devices/MOD-00614/data/779660329
1291.88,750.08,"{'lat': None, 'lon': None}","{'rh': 39.8, 'temp': 24.1, 'wd': 0.0, 'ws': 0.0, 'ws_scalar': 0.0}","{'gas': {'co': 13499, 'co2': 13261, 'no': 13587, 'no2': 13766, 'o3': 13746}, 'pm': {'pm1': 13203, 'pm10': 13205, 'pm25': 13204}}",4.44,12.09,23.29,1.85,1.91,1.87,779660656,39.8,MOD-00614,24.1,2026-09-13T08:26:44,2026-09-13T01:26:44,https://api.quant-aq.com/v1/devices/MOD-00614/data/779660333
1292.29,750.56,"{'lat': None, 'lon': None}","{'rh': 39.8, 'temp': 24.1, 'wd': 0.0, 'ws': 0.0, 'ws_scalar': 0.0}","{'gas': {'co': 13499, 'co2': 13261, 'no': 13587, 'no2': 13766, 'o3': 13746}, 'pm': {'pm1': 13203, 'pm10': 13205, 'pm25': 13204}}",4.44,13.12,22.73,1.51,1.53,1.53,779657630,39.8,MOD-00614,24.1,2026-09-13T08:25:44,2026-09-13T01:25:44,https://api.quant-aq.com/v1/devices/MOD-00614/data/779657305
1296.39,752.0,"{'lat': None, 'lon': None}","{'rh': 39.8, 'temp': 24.1, 'wd': 0.0, 'ws': 0.0, 'ws_scalar': 0.0}","{'gas': {'co': 13499, 'co2': 13261, 'no': 13587, 'no2': 13766, 'o3': 13746}, 'pm': {'pm1': 13203, 'pm10': 13205, 'pm25': 13204}}",4.44,10.07,23.29,1.17,1.19,1.19,779657628,39.8,MOD-00614,24.1,2026-09-13T08:24:43,2026-09-13T01:24:43,https://api.quant-aq.com/v1/devices/MOD-00614/data/779657303
1295.16,752.61,"{'lat': None, 'lon': None}","{'rh': 39.8, 'temp': 24.1, 'wd': 0.0, 'ws': 0.0, 'ws_scalar': 0.0}","{'gas': {'co': 13499, 'co2': 13261, 'no': 13587, 'no2': 13766, 'o3': 13746}, 'pm': {'pm1': 13203, 'pm10': 13205, 'pm25': 13204}}",4.44,10.07,23.29,1.43,1.49,1.45,779657631,39.8,MOD-00614,24.1,2026-09-13T08:23:43,2026-09-13T01:23:43,https://api.quant-aq.com/v1/devices/MOD-00614/data/779657309
1291.88,754.41,"{'lat': None, 'lon': None}","{'rh': 39.8, 'temp': 24.1, 'wd': 0.0, 'ws': 0.0, 'ws_scalar': 0.0}","{'gas': {'co': 13499, 'co2': 13261, 'no': 13587, 'no2': 13766, 'o3': 13746}, 'pm': {'pm1': 13203, 'pm10': 13205, 'pm25': 13204}}",4.44,13.06,22.73,1.97,1.97,1.97,779657627,39.8,MOD-00614,24.1,2026-09-13T08:22:43,2026-09-13T01:22:43,https://api.quant-aq.com/v1/devices/MOD-00614/data/779657306
1293.11,753.21,"{'lat': None, 'lon': None}","{'rh': 39.8, 'temp': 24.1, 'wd': 0.0, 'ws': 0.0, 'ws_scalar': 0.0}","{'gas': {'co': 13499, 'co2': 13261, 'no': 13587, 'no2': 13766, 'o3': 13746}, 'pm': {'pm1': 13203, 'pm10': 13205, 'pm25': 13204}}",4.44,9.02,23.29,1.42,1.58,1.42,779657626,39.8,MOD-00614,24.1,2026-09-13T08:21:43,2026-09-13T01:21:43,https://api.quant-aq.com/v1/devices/MOD-00614/data/779657301
1295.16,752.0,"{'lat': None, 'lon': None}","{'rh': 39.8, 'temp': 24.1, 'wd': 0.0, 'ws': 0.0, 'ws_scalar': 0.0}","{'gas': {'co': 13499, 'co2': 13261, 'no': 13587, 'no2': 13766, 'o3': 13746}, 'pm': {'pm1': 13203, 'pm10': 13205, 'pm25': 13204}}",4.44,12.09,23.01,1.69,1.69,1.69,779654729,39.8,MOD-00614,24.1,2026-09-13T08:20:43,2026-09-13T01:20:43,https://api.quant-aq.com/v1/devices/MOD-00614/data/779654403
1291.88,751.88,"{'lat': None, 'lon': None}","{'rh': 39.8, 'temp': 24.1, 'wd': 0.0, 'ws': 0.0, 'ws_scalar': 0.0}","{'gas': {'co': 13499, 'co2': 13261, 'no': 13587, 'no2': 13766, 'o3': 13746}, 'pm': {'pm1': 13203, 'pm10': 13205, 'pm25': 13204}}",4.44,12.09,23.01,1.75,1.92,1.75,779654731,39.8,MOD-00614,24.1,2026-09-13T08:19:43,2026-09-13T01:19:43,https://api.quant-aq.com/v1/devices/MOD-00614/data/779654406
1287.77,749.11,"{'lat': None, 'lon': None}","{'rh': 39.8, 'temp': 24.1, 'wd': 0.0, 'ws': 0.0, 'ws_scalar': 0.0}","{'gas': {'co': 13499, 'co2': 13261, 'no': 13587, 'no2': 13766, 'o3': 13746}, 'pm': {'pm1': 13203, 'pm10': 13205, 'pm25': 13204}}",4.44,12.09,23.01,1.7,1.71,1.71,779654732,39.8,MOD-00614,24.1,2026-09-13T08:18:43,2026-09-13T01:18:43,https://api.quant-aq.com/v1/devices/MOD-00614/data/779654407
1294.34,750.92,"{'lat': None, 'lon': None}","{'rh': 39.8, 'temp': 24.1, 'wd': 0.0, 'ws': 0.0, 'ws_scalar': 0.0}","{'gas': {'co': 13499, 'co2': 13261, 'no': 13587, 'no2': 13766, 'o3': 13746}, 'pm': {'pm1': 13203, 'pm10': 13205, 'pm25': 13204}}",4.44,9.02,23.01,1.45,1.68,1.48,779654730,39.8,MOD-00614,24.1,2026-09-13T08:17:43,2026-09-13T01:17:43,https://api.quant-aq.com/v1/devices/MOD-00614/data/779654405
1300.5,754.65,"{'lat': None, 'lon': None}","{'rh': 39.8, 'temp': 24.1, 'wd': 0.0, 'ws': 0.0, 'ws_scalar': 0.0}","{'gas': {'co': 13499, 'co2': 13261, 'no': 13587, 'no2': 13766, 'o3': 13746}, 'pm': {'pm1': 13203, 'pm10': 13205, 'pm25': 13204}}",4.44,13.12,22.73,1.66,1.66,1.66,779654728,39.8,MOD-00614,24.1,2026-09-13T08:16:43,2026-09-13T01:16:43,https://api.quant-aq.com/v1/devices/MOD-00614/data/779654404
1300.09,752.97,"{'lat': None, 'lon': None}","{'rh': 39.8, 'temp': 24.1, 'wd': 0.0, 'ws': 0.0, 'ws_scalar': 0.0}","{'gas': {'co': 13499, 'co2': 13261, 'no': 13587, 'no2': 13766, 'o3': 13746}, 'pm': {'pm1': 13203, 'pm10': 13205, 'pm25': 13204}}",4.44,13.12,23.29,1.5,1.52,1.52,779651700,39.8,MOD-00614,24.1,2026-09-13T08:15:43,2026-09-13T01:15:43,https://api.quant-aq.com/v1/devices/MOD-00614/data/779651375
1300.5,753.93,"{'lat': None, 'lon': None}","{'rh': 39.8, 'temp': 24.1, 'wd': 0.0, 'ws': 0.0, 'ws_scalar': 0.0}","{'gas': {'co': 13499, 'co2': 13261, 'no': 13587, 'no2': 13766, 'o3': 13746}, 'pm': {'pm1': 13203, 'pm10': 13205, 'pm25': 13204}}",4.44,12.09,22.45,1.65,1.66,1.66,779651699,39.8,MOD-00614,24.1,2026-09-13T08:14:42,2026-09-13T01:14:42,https://api.quant-aq.com/v1/devices/MOD-00614/data/779651374
1299.68,752.12,"{'lat': None, 'lon': None}","{'rh': 39.8, 'temp': 24.1, 'wd': 0.0, 'ws': 0.0, 'ws_scalar': 0.0}","{'gas': {'co': 13499, 'co2': 13261, 'no': 13587, 'no2': 13766, 'o3': 13746}, 'pm': {'pm1': 13203, 'pm10': 13205, 'pm25': 13204}}",4.44,12.09,22.73,1.74,1.81,1.76,779651698,39.8,MOD-00614,24.1,2026-09-13T08:13:42,2026-09-13T01:13:42,https://api.quant-aq.com/v1/devices/MOD-00614/data/779651372
1300.91,752.36,"{'lat': None, 'lon': None}","{'rh': 39.8, 'temp': 24.1, 'wd': 0.0, 'ws': 0.0, 'ws_scalar': 0.0}","{'gas': {'co': 13499, 'co2': 13261, 'no': 13587, 'no2': 13766, 'o3': 13746}, 'pm': {'pm1': 13203, 'pm10': 13205, 'pm25': 13204}}",4.44,13.06,23.01,1.26,1.35,1.31,779651697,39.8,MOD-00614,24.1,2026-09-13T08:12:42,2026-09-13T01:12:42,https://api.quant-aq.com/v1/devices/MOD-00614/data/779651373
1300.5,757.91,"{'lat': None, 'lon': None}","{'rh': 39.8, 'temp': 24.1, 'wd': 0.0, 'ws': 0.0, 'ws_scalar': 0.0}","{'gas': {'co': 13499, 'co2': 13261, 'no': 13587, 'no2': 13766, 'o3': 13746}, 'pm': {'pm1': 13203, 'pm10': 13205, 'pm25': 13204}}",4.44,13.12,22.73,1.56,1.56,1.56,779651696,39.8,MOD-00614,24.1,2026-09-13T08:11:42,2026-09-13T01:11:42,https://api.quant-aq.com/v1/devices/MOD-00614/data/779651371
1300.5,755.26,"{'lat': None, 'lon': None}","{'rh': 39.8, 'temp': 24.1, 'wd': 0.0, 'ws': 0.0, 'ws_scalar': 0.0}","{'gas': {'co': 13499, 'co2': 13261, 'no': 13587, 'no2': 13766, 'o3': 13746}, 'pm': {'pm1': 13203, 'pm10': 13205, 'pm25': 13204}}",4.45,12.09,23.01,1.75,1.76,1.76,779648828,39.8,MOD-00614,24.1,2026-09-13T08:10:42,2026-09-13T01:10:42,https://api.quant-aq.com/v1/devices/MOD-00614/data/779648503
1302.55,755.5,"{'lat': None, 'lon': None}","{'rh': 39.8, 'temp': 24.1, 'wd': 0.0, 'ws': 0.0, 'ws_scalar': 0.0}","{'gas': {'co': 13499, 'co2': 13261, 'no': 13587, 'no2': 13766, 'o3': 13746}, 'pm': {'pm1': 13203, 'pm10': 13205, 'pm25': 13204}}",4.44,12.09,23.01,1.34,1.34,1.34,779648832,39.8,MOD-00614,24.1,2026-09-13T08:09:42,2026-09-13T01:09:42,https://api.quant-aq.com/v1/devices/MOD-00614/data/779648507
1301.32,755.74,"{'lat': None, 'lon': None}","{'rh': 39.8, 'temp': 24.1, 'wd': 0.0, 'ws': 0.0, 'ws_scalar': 0.0}","{'gas': {'co': 13499, 'co2': 13261, 'no': 13587, 'no2': 13766, 'o3': 13746}, 'pm': {'pm1': 13203, 'pm10': 13205, 'pm25': 13204}}",4.44,13.12,22.73,1.3,1.3,1.3,779648826,39.8,MOD-00614,24.1,2026-09-13T08:08:42,2026-09-13T01:08:42,https://api.quant-aq.com/v1/devices/MOD-00614/data/779648502
1298.04,757.42,"{'lat': None, 'lon': None}","{'rh': 39.8, 'temp': 24.1, 'wd': 0.0, 'ws': 0.0, 'ws_scalar': 0.0}","{'gas': {'co': 13499, 'co2': 13261, 'no': 13587, 'no2': 13766, 'o3': 13746}, 'pm': {'pm1': 13203, 'pm10': 13205, 'pm25': 13204}}",4.44,13.12,23.01,1.52,1.52,1.52,779648825,39.8,MOD-00614,24.1,2026-09-13T08:07:42,2026-09-13T01:07:42,https://api.quant-aq.com/v1/devices/MOD-00614/data/779648500
1303.37,757.66,"{'lat': None, 'lon': None}","{'rh': 39.8, 'temp': 24.1, 'wd': 0.0, 'ws': 0.0, 'ws_scalar': 0.0}","{'gas': {'co': 13499, 'co2': 13261, 'no': 13587, 'no2': 13766, 'o3': 13746}, 'pm': {'pm1': 13203, 'pm10': 13205, 'pm25': 13204}}",4.44,9.02,23.01,1.97,2.03,1.99,779648830,39.8,MOD-00614,24.1,2026-09-13T08:06:42,2026-09-13T01:06:42,https://api.quant-aq.com/v1/devices/MOD-00614/data/779648505
1304.19,756.94,"{'lat': None, 'lon': None}","{'rh': 39.8, 'temp': 24.1, 'wd': 0.0, 'ws': 0.0, 'ws_scalar': 0.0}","{'gas': {'co': 13499, 'co2': 13261, 'no': 13587, 'no2': 13766, 'o3': 13746}, 'pm': {'pm1': 13203, 'pm10': 13205, 'pm25': 13204}}",4.44,10.07,23.01,1.78,1.78,1.78,779645749,39.8,MOD-00614,24.1,2026-09-13T08:05:42,2026-09-13T01:05:42,https://api.quant-aq.com/v1/devices/MOD-00614/data/779645426
1305.43,754.29,"{'lat': None, 'lon': None}","{'rh': 39.8, 'temp': 24.1, 'wd': 0.0, 'ws': 0.0, 'ws_scalar': 0.0}","{'gas': {'co': 13499, 'co2': 13261, 'no': 13587, 'no2': 13766, 'o3': 13746}, 'pm': {'pm1': 13203, 'pm10': 13205, 'pm25': 13204}}",4.44,13.12,23.01,1.95,1.95,1.95,779645747,39.8,MOD-00614,24.1,2026-09-13T08:04:42,2026-09-13T01:04:42,https://api.quant-aq.com/v1/devices/MOD-00614/data/779645422
1306.25,753.57,"{'lat': None, 'lon': None}","{'rh': 39.8, 'temp': 24.1, 'wd': 0.0, 'ws': 0.0, 'ws_scalar': 0.0}","{'gas': {'co': 13499, 'co2': 13261, 'no': 13587, 'no2': 13766, 'o3': 13746}, 'pm': {'pm1': 13203, 'pm10': 13205, 'pm25': 13204}}",4.44,13.06,22.73,1.7,1.76,1.72,779645744,39.8,MOD-00614,24.1,2026-09-13T08:03:42,2026-09-13T01:03:42,https://api.quant-aq.com/v1/devices/MOD-00614/data/779645421
1310.35,754.29,"{'lat': None, 'lon': None}","{'rh': 39.8, 'temp': 24.1, 'wd': 0.0, 'ws': 0.0, 'ws_scalar': 0.0}","{'gas': {'co': 13499, 'co2': 13261, 'no': 13587, 'no2': 13766, 'o3': 13746}, 'pm': {'pm1': 13203, 'pm10': 13205, 'pm25': 13204}}",4.44,12.09,23.01,1.68,1.68,1.68,779645746,39.8,MOD-00614,24.1,2026-09-13T08:02:41,2026-09-13T01:02:41,https://api.quant-aq.com/v1/devices/MOD-00614/data/779645419
1305.01,754.41,"{'lat': None, 'lon': None}","{'rh': 39.8, 'temp': 24.1, 'wd': 0.0, 'ws': 0.0, 'ws_scalar': 0.0}","{'gas': {'co': 13499, 'co2': 13261, 'no': 13587, 'no2': 13766, 'o3': 13746}, 'pm': {'pm1': 13203, 'pm10': 13205, 'pm25': 13204}}",4.44,12.09,23.29,1.63,1.64,1.64,779645742,39.8,MOD-00614,24.1,2026-09-13T08:01:41,2026-09-13T01:01:41,https://api.quant-aq.com/v1/devices/MOD-00614/data/779645416
1313.64,753.57,"{'lat': None, 'lon': None}","{'rh': 39.8, 'temp': 24.1, 'wd': 0.0, 'ws': 0.0, 'ws_scalar': 0.0}","{'gas': {'co': 13499, 'co2': 13261, 'no': 13587, 'no2': 13766, 'o3': 13746}, 'pm': {'pm1': 13203, 'pm10': 13205, 'pm25': 13204}}",4.44,10.07,23.29,1.6,1.6,1.6,779642721,39.8,MOD-00614,24.1,2026-09-13T08:00:41,2026-09-13T01:00:41,https://api.quant-aq.com/v1/devices/MOD-00614/data/779642396
1311.99,755.98,"{'lat': None, 'lon': None}","{'rh': 39.8, 'temp': 24.1, 'wd': 0.0, 'ws': 0.0, 'ws_scalar': 0.0}","{'gas': {'co': 13499, 'co2': 13261, 'no': 13587, 'no2': 13766, 'o3': 13746}, 'pm': {'pm1': 13203, 'pm10': 13205, 'pm25': 13204}}",4.44,12.09,22.73,1.78,1.78,1.78,779642719,39.8,MOD-00614,24.1,2026-09-13T07:59:41,2026-09-13T00:59:41,https://api.quant-aq.com/v1/devices/MOD-00614/data/779642394
1306.66,754.05,"{'lat': None, 'lon': None}","{'rh': 39.8, 'temp': 24.1, 'wd': 0.0, 'ws': 0.0, 'ws_scalar': 0.0}","{'gas': {'co': 13499, 'co2': 13261, 'no': 13587, 'no2': 13766, 'o3': 13746}, 'pm': {'pm1': 13203, 'pm10': 13205, 'pm25': 13204}}",4.44,12.09,23.01,1.54,1.54,1.54,779642718,39.8,MOD-00614,24.1,2026-09-13T07:58:41,2026-09-13T00:58:41,https://api.quant-aq.com/v1/devices/MOD-00614/data/779642393
1307.07,755.14,"{'lat': None, 'lon': None}","{'rh': 39.8, 'temp': 24.1, 'wd': 0.0, 'ws': 0.0, 'ws_scalar': 0.0}","{'gas': {'co': 13499, 'co2': 13261, 'no': 13587, 'no2': 13766, 'o3': 13746}, 'pm': {'pm1': 13203, 'pm10': 13205, 'pm25': 13204}}",4.44,13.12,23.01,1.93,1.99,1.95,779642720,39.8,MOD-00614,24.1,2026-09-13T07:57:41,2026-09-13T00:57:41,https://api.quant-aq.com/v1/devices/MOD-00614/data/779642395
1314.94,752.97,"{'lat': None, 'lon': None}","{'rh': 39.7, 'temp': 24.1, 'wd': 0.0, 'ws': 0.0, 'ws_scalar': 0.0}","{'gas': {'co': 13499, 'co2': 13261, 'no': 13587, 'no2': 13766, 'o3': 13746}, 'pm': {'pm1': 13203, 'pm10': 13205, 'pm25': 13204}}",3.43,9.6,22.49,1.52,1.59,1.55,779642717,39.7,MOD-00614,24.1,2026-09-13T07:56:41,2026-09-13T00:56:41,https://api.quant-aq.com/v1/devices/MOD-00614/data/779642392
1320.2,754.17,"{'lat': None, 'lon': None}","{'rh': 39.8, 'temp': 24.1, 'wd': 0.0, 'ws': 0.0, 'ws_scalar': 0.0}","{'gas': {'co': 13499, 'co2': 13261, 'no': 13587, 'no2': 13766, 'o3': 13746}, 'pm': {'pm1': 13203, 'pm10': 13205, 'pm25': 13204}}",4.44,10.07,23.01,1.98,1.98,1.98,779639711,39.8,MOD-00614,24.1,2026-09-13T07:55:41,2026-09-13T00:55:41,https://api.quant-aq.com/v1/devices/MOD-00614/data/779639386
1315.69,753.81,"{'lat': None, 'lon': None}","{'rh': 39.8, 'temp': 24.1, 'wd': 0.0, 'ws': 0.0, 'ws_scalar': 0.0}","{'gas': {'co': 13499, 'co2': 13261, 'no': 13587, 'no2': 13766, 'o3': 13746}, 'pm': {'pm1': 13203, 'pm10': 13205, 'pm25': 13204}}",4.44,12.09,23.01,1.71,1.73,1.73,779639707,39.8,MOD-00614,24.1,2026-09-13T07:54:41,2026-09-13T00:54:41,https://api.quant-aq.com/v1/devices/MOD-00614/data/779639382
1311.17,754.29,"{'lat': None, 'lon': None}","{'rh': 39.8, 'temp': 24.1, 'wd': 0.0, 'ws': 0.0, 'ws_scalar': 0.0}","{'gas': {'co': 13499, 'co2': 13261, 'no': 13587, 'no2': 13766, 'o3': 13746}, 'pm': {'pm1': 13203, 'pm10': 13205, 'pm25': 13204}}",4.44,13.12,23.01,1.6,1.6,1.6,779639708,39.8,MOD-00614,24.1,2026-09-13T07:53:41,2026-09-13T00:53:41,https://api.quant-aq.com/v1/devices/MOD-00614/data/779639383
1317.33,757.18,"{'lat': None, 'lon': None}","{'rh': 39.8, 'temp': 24.1, 'wd': 0.0, 'ws': 0.0, 'ws_scalar': 0.0}","{'gas': {'co': 13499, 'co2': 13261, 'no': 13587, 'no2': 13766, 'o3': 13746}, 'pm': {'pm1': 13203, 'pm10': 13205, 'pm25': 13204}}",4.45,13.12,23.29,1.99,1.99,1.99,779639709,39.8,MOD-00614,24.1,2026-09-13T07:52:41,2026-09-13T00:52:41,https://api.quant-aq.com/v1/devices/MOD-00614/data/779639384
1318.15,756.1,"{'lat': None, 'lon': None}","{'rh': 39.8, 'temp': 24.1, 'wd': 0.0, 'ws': 0.0, 'ws_scalar': 0.0}","{'gas': {'co': 13499, 'co2': 13261, 'no': 13587, 'no2': 13766, 'o3': 13746}, 'pm': {'pm1': 13203, 'pm10': 13205, 'pm25': 13204}}",4.44,13.12,23.01,1.45,1.48,1.48,779639710,39.8,MOD-00614,24.1,2026-09-13T07:51:41,2026-09-13T00:51:41,https://api.quant-aq.com/v1/devices/MOD-00614/data/779639385
1316.92,759.59,"{'lat': None, 'lon': None}","{'rh': 39.8, 'temp': 24.1, 'wd': 0.0, 'ws': 0.0, 'ws_scalar': 0.0}","{'gas': {'co': 13499, 'co2': 13261, 'no': 13587, 'no2': 13766, 'o3': 13746}, 'pm': {'pm1': 13203, 'pm10': 13205, 'pm25': 13204}}",4.44,13.12,22.73,1.78,1.78,1.78,779636573,39.8,MOD-00614,24.1,2026-09-13T07:50:40,2026-09-13T00:50:40,https://api.quant-aq.com/v1/devices/MOD-00614/data/779636247
1316.51,759.59,"{'lat': None, 'lon': None}","{'rh': 39.8, 'temp': 24.1, 'wd': 0.0, 'ws': 0.0, 'ws_scalar': 0.0}","{'gas': {'co': 13499, 'co2': 13261, 'no': 13587, 'no2': 13766, 'o3': 13746}, 'pm': {'pm1': 13203, 'pm10': 13205, 'pm25': 13204}}",4.44,13.12,23.01,2.1,2.11,2.11,779636572,39.8,MOD-00614,24.1,2026-09-13T07:49:40,2026-09-13T00:49:40,https://api.quant-aq.com/v1/devices/MOD-00614/data/779636249
1318.56,760.19,"{'lat': None, 'lon': None}","{'rh': 39.8, 'temp': 24.1, 'wd': 0.0, 'ws': 0.0, 'ws_scalar': 0.0}","{'gas': {'co': 13499, 'co2': 13261, 'no': 13587, 'no2': 13766, 'o3': 13746}, 'pm': {'pm1': 13203, 'pm10': 13205, 'pm25': 13204}}",4.44,12.09,23.29,2.08,2.08,2.08,779636571,39.8,MOD-00614,24.1,2026-09-13T07:48:40,2026-09-13T00:48:40,https://api.quant-aq.com/v1/devices/MOD-00614/data/779636246
1321.02,759.71,"{'lat': None, 'lon': None}","{'rh': 39.8, 'temp': 24.1, 'wd': 0.0, 'ws': 0.0, 'ws_scalar': 0.0}","{'gas': {'co': 13499, 'co2': 13261, 'no': 13587, 'no2': 13766, 'o3': 13746}, 'pm': {'pm1': 13203, 'pm10': 13205, 'pm25': 13204}}",4.44,10.07,23.01,1.73,1.73,1.73,779636574,39.8,MOD-00614,24.1,2026-09-13T07:47:40,2026-09-13T00:47:40,https://api.quant-aq.com/v1/devices/MOD-00614/data/779636248
1317.33,760.8,"{'lat': None, 'lon': None}","{'rh': 39.8, 'temp': 24.1, 'wd': 0.0, 'ws': 0.0, 'ws_scalar': 0.0}","{'gas': {'co': 13499, 'co2': 13261, 'no': 13587, 'no2': 13766, 'o3': 13746}, 'pm': {'pm1': 13203, 'pm10': 13205, 'pm25': 13204}}",4.44,12.09,23.01,1.43,1.49,1.45,779636557,39.8,MOD-00614,24.1,2026-09-13T07:46:40,2026-09-13T00:46:40,https://api.quant-aq.com/v1/devices/MOD-00614/data/779636232
1315.28,758.15,"{'lat': None, 'lon': None}","{'rh': 39.8, 'temp': 24.1, 'wd': 0.0, 'ws': 0.0, 'ws_scalar': 0.0}","{'gas': {'co': 13499, 'co2': 13261, 'no': 13587, 'no2': 13766, 'o3': 13746}, 'pm': {'pm1': 13203, 'pm10': 13205, 'pm25': 13204}}",4.44,13.06,23.29,1.54,1.55,1.55,779636556,39.8,MOD-00614,24.1,2026-09-13T07:45:40,2026-09-13T00:45:40,https://api.quant-aq.com/v1/devices/MOD-00614/data/779636231
1323.08,759.59,"{'lat': None, 'lon': None}","{'rh': 39.8, 'temp': 24.1, 'wd': 0.0, 'ws': 0.0, 'ws_scalar': 0.0}","{'gas': {'co': 13499, 'co2': 13261, 'no': 13587, 'no2': 13766, 'o3': 13746}, 'pm': {'pm1': 13203, 'pm10': 13205, 'pm25': 13204}}",4.44,13.12,23.01,1.59,1.9,1.6,779636555,39.8,MOD-00614,24.1,2026-09-13T07:44:40,2026-09-13T00:44:40,https://api.quant-aq.com/v1/devices/MOD-00614/data/779636230
1314.46,759.59,"{'lat': None, 'lon': None}","{'rh': 39.8, 'temp': 24.1, 'wd': 0.0, 'ws': 0.0, 'ws_scalar': 0.0}","{'gas': {'co': 13499, 'co2': 13261, 'no': 13587, 'no2': 13766, 'o3': 13746}, 'pm': {'pm1': 13203, 'pm10': 13205, 'pm25': 13204}}",4.44,13.06,22.73,1.6,1.63,1.63,779636558,39.8,MOD-00614,24.1,2026-09-13T07:43:40,2026-09-13T00:43:40,https://api.quant-aq.com/v1/devices/MOD-00614/data/779636233
1325.13,759.95,"{'lat': None, 'lon': None}","{'rh': 39.8, 'temp': 24.1, 'wd': 0.0, 'ws': 0.0, 'ws_scalar': 0.0}","{'gas': {'co': 13499, 'co2': 13261, 'no': 13587, 'no2': 13766, 'o3': 13746}, 'pm': {'pm1': 13203, 'pm10': 13205, 'pm25': 13204}}",4.44,13.06,22.73,1.84,1.84,1.84,779636554,39.8,MOD-00614,24.1,2026-09-13T07:42:40,2026-09-13T00:42:40,https://api.quant-aq.com/v1/devices/MOD-00614/data/779636229
1321.85,762.84,"{'lat': None, 'lon': None}","{'rh': 39.8, 'temp': 24.1, 'wd': 0.0, 'ws': 0.0, 'ws_scalar': 0.0}","{'gas': {'co': 13499, 'co2': 13261, 'no': 13587, 'no2': 13766, 'o3': 13746}, 'pm': {'pm1': 13203, 'pm10': 13205, 'pm25': 13204}}",4.45,13.12,23.01,1.66,1.66,1.66,779630738,39.8,MOD-00614,24.1,2026-09-13T07:41:40,2026-09-13T00:41:40,https://api.quant-aq.com/v1/devices/MOD-00614/data/779630415
1325.54,760.31,"{'lat': None, 'lon': None}","{'rh': 39.8, 'temp': 24.1, 'wd': 0.0, 'ws': 0.0, 'ws_scalar': 0.0}","{'gas': {'co': 13499, 'co2': 13261, 'no': 13587, 'no2': 13766, 'o3': 13746}, 'pm': {'pm1': 13203, 'pm10': 13205, 'pm25': 13204}}",4.44,12.09,22.73,1.65,1.65,1.65,779630733,39.8,MOD-00614,24.1,2026-09-13T07:40:40,2026-09-13T00:40:40,https://api.quant-aq.com/v1/devices/MOD-00614/data/779630408
1324.31,760.56,"{'lat': None, 'lon': None}","{'rh': 39.8, 'temp': 24.1, 'wd': 0.0, 'ws': 0.0, 'ws_scalar': 0.0}","{'gas': {'co': 13499, 'co2': 13261, 'no': 13587, 'no2': 13766, 'o3': 13746}, 'pm': {'pm1': 13203, 'pm10': 13205, 'pm25': 13204}}",4.44,10.07,23.29,1.51,1.52,1.52,779630734,39.8,MOD-00614,24.1,2026-09-13T07:39:40,2026-09-13T00:39:40,https://api.quant-aq.com/v1/devices/MOD-00614/data/779630409
1327.18,759.47,"{'lat': None, 'lon': None}","{'rh': 39.8, 'temp': 24.1, 'wd': 0.0, 'ws': 0.0, 'ws_scalar': 0.0}","{'gas': {'co': 13499, 'co2': 13261, 'no': 13587, 'no2': 13766, 'o3': 13746}, 'pm': {'pm1': 13203, 'pm10': 13205, 'pm25': 13204}}",4.44,10.07,23.29,1.51,1.51,1.51,779630735,39.8,MOD-00614,24.1,2026-09-13T07:38:40,2026-09-13T00:38:40,https://api.quant-aq.com/v1/devices/MOD-00614/data/779630411
1321.02,763.21,"{'lat': None, 'lon': None}","{'rh': 39.8, 'temp': 24.1, 'wd': 0.0, 'ws': 0.0, 'ws_scalar': 0.0}","{'gas': {'co': 13499, 'co2': 13261, 'no': 13587, 'no2': 13766, 'o3': 13746}, 'pm': {'pm1': 13203, 'pm10': 13205, 'pm25': 13204}}",4.44,10.07,23.01,1.45,1.45,1.45,779630732,39.8,MOD-00614,24.1,2026-09-13T07:37:40,2026-09-13T00:37:40,https://api.quant-aq.com/v1/devices/MOD-00614/data/779630407
1323.08,760.92,"{'lat': None, 'lon': None}","{'rh': 39.8, 'temp': 24.1, 'wd': 0.0, 'ws': 0.0, 'ws_scalar': 0.0}","{'gas': {'co': 13499, 'co2': 13261, 'no': 13587, 'no2': 13766, 'o3': 13746}, 'pm': {'pm1': 13203, 'pm10': 13205, 'pm25': 13204}}",4.44,13.12,23.29,1.75,1.75,1.75,779627783,39.8,MOD-00614,24.1,2026-09-13T07:36:39,2026-09-13T00:36:39,https://api.quant-aq.com/v1/devices/MOD-00614/data/779627455
1332.52,761.76,"{'lat': None, 'lon': None}","{'rh': 39.8, 'temp': 24.1, 'wd': 0.0, 'ws': 0.0, 'ws_scalar': 0.0}","{'gas': {'co': 13499, 'co2': 13261, 'no': 13587, 'no2': 13766, 'o3': 13746}, 'pm': {'pm1': 13203, 'pm10': 13205, 'pm25': 13204}}",4.44,12.09,23.01,1.81,1.82,1.82,779627780,39.8,MOD-00614,24.1,2026-09-13T07:35:39,2026-09-13T00:35:39,https://api.quant-aq.com/v1/devices/MOD-00614/data/779627456
1327.18,759.23,"{'lat': None, 'lon': None}","{'rh': 39.8, 'temp': 24.1, 'wd': 0.0, 'ws': 0.0, 'ws_scalar': 0.0}","{'gas': {'co': 13499, 'co2': 13261, 'no': 13587, 'no2': 13766, 'o3': 13746}, 'pm': {'pm1': 13203, 'pm10': 13205, 'pm25': 13204}}",4.44,13.12,23.29,1.87,1.87,1.87,779627781,39.8,MOD-00614,24.1,2026-09-13T07:34:39,2026-09-13T00:34:39,https://api.quant-aq.com/v1/devices/MOD-00614/data/779627457
1324.31,761.16,"{'lat': None, 'lon': None}","{'rh': 39.8, 'temp': 24.1, 'wd': 0.0, 'ws': 0.0, 'ws_scalar': 0.0}","{'gas': {'co': 13499, 'co2': 13261, 'no': 13587, 'no2': 13766, 'o3': 13746}, 'pm': {'pm1': 13203, 'pm10': 13205, 'pm25': 13204}}",4.44,12.09,23.57,1.74,1.81,1.77,779627779,39.8,MOD-00614,24.1,2026-09-13T07:33:39,2026-09-13T00:33:39,https://api.quant-aq.com/v1/devices/MOD-00614/data/779627454
1328.82,759.71,"{'lat': None, 'lon': None}","{'rh': 39.8, 'temp': 24.1, 'wd': 0.0, 'ws': 0.0, 'ws_scalar': 0.0}","{'gas': {'co': 13499, 'co2': 13261, 'no': 13587, 'no2': 13766, 'o3': 13746}, 'pm': {'pm1': 13203, 'pm10': 13205, 'pm25': 13204}}",4.44,12.09,23.01,1.62,1.62,1.62,779627782,39.8,MOD-00614,24.1,2026-09-13T07:32:39,2026-09-13T00:32:39,https://api.quant-aq.com/v1/devices/MOD-00614/data/779627458
1328.0,764.17,"{'lat': None, 'lon': None}","{'rh': 39.8, 'temp': 24.1, 'wd': 0.0, 'ws': 0.0, 'ws_scalar': 0.0}","{'gas': {'co': 13499, 'co2': 13261, 'no': 13587, 'no2': 13766, 'o3': 13746}, 'pm': {'pm1': 13203, 'pm10': 13205, 'pm25': 13204}}",4.44,13.12,23.01,1.91,1.91,1.91,779624942,39.8,MOD-00614,24.1,2026-09-13T07:31:39,2026-09-13T00:31:39,https://api.quant-aq.com/v1/devices/MOD-00614/data/779624617
1330.06,760.56,"{'lat': None, 'lon': None}","{'rh': 39.8, 'temp': 24.1, 'wd': 0.0, 'ws': 0.0, 'ws_scalar': 0.0}","{'gas': {'co': 13499, 'co2': 13261, 'no': 13587, 'no2': 13766, 'o3': 13746}, 'pm': {'pm1': 13203, 'pm10': 13205, 'pm25': 13204}}",4.44,10.07,23.01,1.86,1.86,1.86,779624941,39.8,MOD-00614,24.1,2026-09-13T07:30:39,2026-09-13T00:30:39,https://api.quant-aq.com/v1/devices/MOD-00614/data/779624616
1333.75,761.88,"{'lat': None, 'lon': None}","{'rh': 39.8, 'temp': 24.1, 'wd': 0.0, 'ws': 0.0, 'ws_scalar': 0.0}","{'gas': {'co': 13499, 'co2': 13261, 'no': 13587, 'no2': 13766, 'o3': 13746}, 'pm': {'pm1': 13203, 'pm10': 13205, 'pm25': 13204}}",4.44,12.09,23.29,2.0,2.01,2.01,779624940,39.8,MOD-00614,24.1,2026-09-13T07:29:39,2026-09-13T00:29:39,https://api.quant-aq.com/v1/devices/MOD-00614/data/779624615
1333.75,766.82,"{'lat': None, 'lon': None}","{'rh': 39.8, 'temp': 24.1, 'wd': 0.0, 'ws': 0.0, 'ws_scalar': 0.0}","{'gas': {'co': 13499, 'co2': 13261, 'no': 13587, 'no2': 13766, 'o3': 13746}, 'pm': {'pm1': 13203, 'pm10': 13205, 'pm25': 13204}}",3.43,12.09,22.73,1.77,1.77,1.77,779624939,39.8,MOD-00614,24.1,2026-09-13T07:28:39,2026-09-13T00:28:39,https://api.quant-aq.com/v1/devices/MOD-00614/data/779624614
1334.23,760.8,"{'lat': None, 'lon': None}","{'rh': 39.7, 'temp': 24.1, 'wd': 0.0, 'ws': 0.0, 'ws_scalar': 0.0}","{'gas': {'co': 13499, 'co2': 13261, 'no': 13587, 'no2': 13766, 'o3': 13746}, 'pm': {'pm1': 13203, 'pm10': 13205, 'pm25': 13204}}",3.43,10.62,23.04,1.87,1.87,1.87,779624938,39.7,MOD-00614,24.1,2026-09-13T07:27:39,2026-09-13T00:27:39,https://api.quant-aq.com/v1/devices/MOD-00614/data/779624613
1333.82,762.96,"{'lat': None, 'lon': None}","{'rh': 39.7, 'temp': 24.1, 'wd': 0.0, 'ws': 0.0, 'ws_scalar': 0.0}","{'gas': {'co': 13499, 'co2': 13261, 'no': 13587, 'no2': 13766, 'o3': 13746}, 'pm': {'pm1': 13203, 'pm10': 13205, 'pm25': 13204}}",3.43,9.6,23.04,1.43,1.43,1.43,779621985,39.7,MOD-00614,24.1,2026-09-13T07:26:39,2026-09-13T00:26:39,https://api.quant-aq.com/v1/devices/MOD-00614/data/779621662
1337.52,766.34,"{'lat': None, 'lon': None}","{'rh': 39.7, 'temp': 24.1, 'wd': 0.0, 'ws': 0.0, 'ws_scalar': 0.0}","{'gas': {'co': 13499, 'co2': 13261, 'no': 13587, 'no2': 13766, 'o3': 13746}, 'pm': {'pm1': 13203, 'pm10': 13205, 'pm25': 13204}}",3.43,10.62,23.6,2.0,2.0,2.0,779621980,39.7,MOD-00614,24.1,2026-09-13T07:25:39,2026-09-13T00:25:39,https://api.quant-aq.com/v1/devices/MOD-00614/data/779621655
1337.11,764.89,"{'lat': None, 'lon': None}","{'rh': 39.7, 'temp': 24.1, 'wd': 0.0, 'ws': 0.0, 'ws_scalar': 0.0}","{'gas': {'co': 13499, 'co2': 13261, 'no': 13587, 'no2': 13766, 'o3': 13746}, 'pm': {'pm1': 13203, 'pm10': 13205, 'pm25': 13204}}",3.43,10.58,22.76,1.6,1.6,1.6,779621981,39.7,MOD-00614,24.1,2026-09-13T07:24:39,2026-09-13T00:24:39,https://api.quant-aq.com/v1/devices/MOD-00614/data/779621658
1331.36,765.25,"{'lat': None, 'lon': None}","{'rh': 39.7, 'temp': 24.1, 'wd': 0.0, 'ws': 0.0, 'ws_scalar': 0.0}","{'gas': {'co': 13499, 'co2': 13261, 'no': 13587, 'no2': 13766, 'o3': 13746}, 'pm': {'pm1': 13203, 'pm10': 13205, 'pm25': 13204}}",3.43,10.58,23.04,1.44,1.44,1.44,779621987,39.7,MOD-00614,24.1,2026-09-13T07:23:38,2026-09-13T00:23:38,https://api.quant-aq.com/v1/devices/MOD-00614/data/779621663
1335.05,760.07,"{'lat': None, 'lon': None}","{'rh': 39.7, 'temp': 24.1, 'wd': 0.0, 'ws': 0.0, 'ws_scalar': 0.0}","{'gas': {'co': 13499, 'co2': 13261, 'no': 13587, 'no2': 13766, 'o3': 13746}, 'pm': {'pm1': 13203, 'pm10': 13205, 'pm25': 13204}}",3.43,12.28,23.04,1.62,1.62,1.62,779621982,39.7,MOD-00614,24.1,2026-09-13T07:22:38,2026-09-13T00:22:38,https://api.quant-aq.com/v1/devices/MOD-00614/data/779621657
1339.98,766.46,"{'lat': None, 'lon': None}","{'rh': 39.7, 'temp': 24.1, 'wd': 0.0, 'ws': 0.0, 'ws_scalar': 0.0}","{'gas': {'co': 13499, 'co2': 13261, 'no': 13587, 'no2': 13766, 'o3': 13746}, 'pm': {'pm1': 13203, 'pm10': 13205, 'pm25': 13204}}",3.43,9.6,23.04,1.67,1.68,1.68,779619043,39.7,MOD-00614,24.1,2026-09-13T07:21:38,2026-09-13T00:21:38,https://api.quant-aq.com/v1/devices/MOD-00614/data/779618718
1334.64,765.37,"{'lat': None, 'lon': None}","{'rh': 39.7, 'temp': 24.1, 'wd': 0.0, 'ws': 0.0, 'ws_scalar': 0.0}","{'gas': {'co': 13499, 'co2': 13261, 'no': 13587, 'no2': 13766, 'o3': 13746}, 'pm': {'pm1': 13203, 'pm10': 13205, 'pm25': 13204}}",3.43,10.58,22.21,1.67,1.67,1.67,779619046,39.7,MOD-00614,24.1,2026-09-13T07:20:38,2026-09-13T00:20:38,https://api.quant-aq.com/v1/devices/MOD-00614/data/779618721
1339.57,764.77,"{'lat': None, 'lon': None}","{'rh': 39.7, 'temp': 24.1, 'wd': 0.0, 'ws': 0.0, 'ws_scalar': 0.0}","{'gas': {'co': 13499, 'co2': 13261, 'no': 13587, 'no2': 13766, 'o3': 13746}, 'pm': {'pm1': 13203, 'pm10': 13205, 'pm25': 13204}}",3.43,10.58,22.49,1.88,1.88,1.88,779619047,39.7,MOD-00614,24.1,2026-09-13T07:19:38,2026-09-13T00:19:38,https://api.quant-aq.com/v1/devices/MOD-00614/data/779618722
1341.21,765.13,"{'lat': None, 'lon': None}","{'rh': 39.7, 'temp': 24.1, 'wd': 0.0, 'ws': 0.0, 'ws_scalar': 0.0}","{'gas': {'co': 13499, 'co2': 13261, 'no': 13587, 'no2': 13766, 'o3': 13746}, 'pm': {'pm1': 13203, 'pm10': 13205, 'pm25': 13204}}",3.43,9.6,23.04,1.81,1.81,1.81,779619045,39.7,MOD-00614,24.1,2026-09-13T07:18:38,2026-09-13T00:18:38,https://api.quant-aq.com/v1/devices/MOD-00614/data/779618720
1343.67,765.98,"{'lat': None, 'lon': None}","{'rh': 39.7, 'temp': 24.1, 'wd': 0.0, 'ws': 0.0, 'ws_scalar': 0.0}","{'gas': {'co': 13499, 'co2': 13261, 'no': 13587, 'no2': 13766, 'o3': 13746}, 'pm': {'pm1': 13203, 'pm10': 13205, 'pm25': 13204}}",3.43,10.62,23.04,1.89,1.89,1.89,779619044,39.7,MOD-00614,24.1,2026-09-13T07:17:38,2026-09-13T00:17:38,https://api.quant-aq.com/v1/devices/MOD-00614/data/779618719
1342.44,769.95,"{'lat': None, 'lon': None}","{'rh': 39.7, 'temp': 24.1, 'wd': 0.0, 'ws': 0.0, 'ws_scalar': 0.0}","{'gas': {'co': 13499, 'co2': 13261, 'no': 13587, 'no2': 13766, 'o3': 13746}, 'pm': {'pm1': 13203, 'pm10': 13205, 'pm25': 13204}}",3.43,9.6,23.04,1.63,1.63,1.63,779616445,39.7,MOD-00614,24.1,2026-09-13T07:16:38,2026-09-13T00:16:38,https://api.quant-aq.com/v1/devices/MOD-00614/data/779616120
1346.96,768.5,"{'lat': None, 'lon': None}","{'rh': 39.7, 'temp': 24.1, 'wd': 0.0, 'ws': 0.0, 'ws_scalar': 0.0}","{'gas': {'co': 13499, 'co2': 13261, 'no': 13587, 'no2': 13766, 'o3': 13746}, 'pm': {'pm1': 13203, 'pm10': 13205, 'pm25': 13204}}",3.43,10.62,23.32,1.83,1.85,1.85,779616444,39.7,MOD-00614,24.1,2026-09-13T07:15:38,2026-09-13T00:15:38,https://api.quant-aq.com/v1/devices/MOD-00614/data/779616119
1345.42,764.41,"{'lat': None, 'lon': None}","{'rh': 39.7, 'temp': 24.2, 'wd': 0.0, 'ws': 0.0, 'ws_scalar': 0.0}","{'gas': {'co': 13499, 'co2': 13261, 'no': 13587, 'no2': 13766, 'o3': 13746}, 'pm': {'pm1': 13203, 'pm10': 13205, 'pm25': 13204}}",3.43,10.88,22.5,1.34,1.34,1.34,779616443,39.7,MOD-00614,24.2,2026-09-13T07:14:38,2026-09-13T00:14:38,https://api.quant-aq.com/v1/devices/MOD-00614/data/779616118
1344.91,768.26,"{'lat': None, 'lon': None}","{'rh': 39.7, 'temp': 24.1, 'wd': 0.0, 'ws': 0.0, 'ws_scalar': 0.0}","{'gas': {'co': 13499, 'co2': 13261, 'no': 13587, 'no2': 13766, 'o3': 13746}, 'pm': {'pm1': 13203, 'pm10': 13205, 'pm25': 13204}}",3.43,10.62,23.04,1.39,1.39,1.39,779616441,39.7,MOD-00614,24.1,2026-09-13T07:13:38,2026-09-13T00:13:38,https://api.quant-aq.com/v1/devices/MOD-00614/data/779616116
1352.4,766.22,"{'lat': None, 'lon': None}","{'rh': 39.7, 'temp': 24.2, 'wd': 0.0, 'ws': 0.0, 'ws_scalar': 0.0}","{'gas': {'co': 13499, 'co2': 13261, 'no': 13587, 'no2': 13766, 'o3': 13746}, 'pm': {'pm1': 13203, 'pm10': 13205, 'pm25': 13204}}",3.43,10.9,22.78,1.78,1.96,1.78,779616442,39.7,MOD-00614,24.2,2026-09-13T07:12:38,2026-09-13T00:12:38,https://api.quant-aq.com/v1/devices/MOD-00614/data/779616117
1345.01,767.66,"{'lat': None, 'lon': None}","{'rh': 39.7, 'temp': 24.2, 'wd': 0.0, 'ws': 0.0, 'ws_scalar': 0.0}","{'gas': {'co': 13499, 'co2': 13261, 'no': 13587, 'no2': 13766, 'o3': 13746}, 'pm': {'pm1': 13203, 'pm10': 13205, 'pm25': 13204}}",3.43,10.85,23.06,2.0,2.01,2.01,779613890,39.7,MOD-00614,24.2,2026-09-13T07:11:37,2026-09-13T00:11:37,https://api.quant-aq.com/v1/devices/MOD-00614/data/779613564
1347.89,770.43,"{'lat': None, 'lon': None}","{'rh': 39.7, 'temp': 24.2, 'wd': 0.0, 'ws': 0.0, 'ws_scalar': 0.0}","{'gas': {'co': 13499, 'co2': 13261, 'no': 13587, 'no2': 13766, 'o3': 13746}, 'pm': {'pm1': 13203, 'pm10': 13205, 'pm25': 13204}}",3.43,10.88,22.78,1.83,1.83,1.83,779613892,39.7,MOD-00614,24.2,2026-09-13T07:10:37,2026-09-13T00:10:37,https://api.quant-aq.com/v1/devices/MOD-00614/data/779613568
1354.87,773.2,"{'lat': None, 'lon': None}","{'rh': 39.7, 'temp': 24.2, 'wd': 0.0, 'ws': 0.0, 'ws_scalar': 0.0}","{'gas': {'co': 13499, 'co2': 13261, 'no': 13587, 'no2': 13766, 'o3': 13746}, 'pm': {'pm1': 13203, 'pm10': 13205, 'pm25': 13204}}",3.43,10.85,22.78,1.75,1.81,1.77,779613891,39.7,MOD-00614,24.2,2026-09-13T07:09:37,2026-09-13T00:09:37,https://api.quant-aq.com/v1/devices/MOD-00614/data/779613566
1358.15,771.52,"{'lat': None, 'lon': None}","{'rh': 39.7, 'temp': 24.2, 'wd': 0.0, 'ws': 0.0, 'ws_scalar': 0.0}","{'gas': {'co': 13499, 'co2': 13261, 'no': 13587, 'no2': 13766, 'o3': 13746}, 'pm': {'pm1': 13203, 'pm10': 13205, 'pm25': 13204}}",3.43,10.9,22.78,1.54,1.55,1.55,779613893,39.7,MOD-00614,24.2,2026-09-13T07:08:37,2026-09-13T00:08:37,https://api.quant-aq.com/v1/devices/MOD-00614/data/779613567
1353.63,772.72,"{'lat': None, 'lon': None}","{'rh': 39.7, 'temp': 24.2, 'wd': 0.0, 'ws': 0.0, 'ws_scalar': 0.0}","{'gas': {'co': 13499, 'co2': 13261, 'no': 13587, 'no2': 13766, 'o3': 13746}, 'pm': {'pm1': 13203, 'pm10': 13205, 'pm25': 13204}}",3.43,10.85,23.06,1.89,1.89,1.89,779613889,39.7,MOD-00614,24.2,2026-09-13T07:07:37,2026-09-13T00:07:37,https://api.quant-aq.com/v1/devices/MOD-00614/data/779613565
1351.58,771.27,"{'lat': None, 'lon': None}","{'rh': 39.7, 'temp': 24.2, 'wd': 0.0, 'ws': 0.0, 'ws_scalar': 0.0}","{'gas': {'co': 13499, 'co2': 13261, 'no': 13587, 'no2': 13766, 'o3': 13746}, 'pm': {'pm1': 13203, 'pm10': 13205, 'pm25': 13204}}",3.43,10.9,22.78,1.83,1.83,1.83,779611840,39.7,MOD-00614,24.2,2026-09-13T07:06:37,2026-09-13T00:06:37,https://api.quant-aq.com/v1/devices/MOD-00614/data/779611518
1360.54,769.83,"{'lat': None, 'lon': None}","{'rh': 39.8, 'temp': 24.2, 'wd': 0.0, 'ws': 0.0, 'ws_scalar': 0.0}","{'gas': {'co': 13499, 'co2': 13261, 'no': 13587, 'no2': 13766, 'o3': 13746}, 'pm': {'pm1': 13203, 'pm10': 13205, 'pm25': 13204}}",4.44,10.69,23.31,2.06,2.06,2.06,779611838,39.8,MOD-00614,24.2,2026-09-13T07:05:37,2026-09-13T00:05:37,https://api.quant-aq.com/v1/devices/MOD-00614/data/779611513
1355.62,775.37,"{'lat': None, 'lon': None}","{'rh': 39.8, 'temp': 24.2, 'wd': 0.0, 'ws': 0.0, 'ws_scalar': 0.0}","{'gas': {'co': 13499, 'co2': 13261, 'no': 13587, 'no2': 13766, 'o3': 13746}, 'pm': {'pm1': 13203, 'pm10': 13205, 'pm25': 13204}}",4.44,11.49,22.75,2.04,2.04,2.04,779611837,39.8,MOD-00614,24.2,2026-09-13T07:04:37,2026-09-13T00:04:37,https://api.quant-aq.com/v1/devices/MOD-00614/data/779611512
1358.83,769.71,"{'lat': None, 'lon': None}","{'rh': 39.9, 'temp': 24.2, 'wd': 0.0, 'ws': 0.0, 'ws_scalar': 0.0}","{'gas': {'co': 13499, 'co2': 13261, 'no': 13587, 'no2': 13766, 'o3': 13746}, 'pm': {'pm1': 13203, 'pm10': 13205, 'pm25': 13204}}",4.45,11.47,22.72,1.59,1.6,1.6,779611841,39.9,MOD-00614,24.2,2026-09-13T07:03:37,2026-09-13T00:03:37,https://api.quant-aq.com/v1/devices/MOD-00614/data/779611516
1364.16,773.68,"{'lat': None, 'lon': None}","{'rh': 39.9, 'temp': 24.2, 'wd': 0.0, 'ws': 0.0, 'ws_scalar': 0.0}","{'gas': {'co': 13499, 'co2': 13261, 'no': 13587, 'no2': 13766, 'o3': 13746}, 'pm': {'pm1': 13203, 'pm10': 13205, 'pm25': 13204}}",4.47,11.09,22.44,2.25,2.25,2.25,779611839,39.9,MOD-00614,24.2,2026-09-13T07:02:37,2026-09-13T00:02:37,https://api.quant-aq.com/v1/devices/MOD-00614/data/779611514
1358.42,773.44,"{'lat': None, 'lon': None}","{'rh': 39.9, 'temp': 24.2, 'wd': 0.0, 'ws': 0.0, 'ws_scalar': 0.0}","{'gas': {'co': 13499, 'co2': 13261, 'no': 13587, 'no2': 13766, 'o3': 13746}, 'pm': {'pm1': 13203, 'pm10': 13205, 'pm25': 13204}}",4.45,11.09,23.28,1.72,1.72,1.72,779609737,39.9,MOD-00614,24.2,2026-09-13T07:01:36,2026-09-13T00:01:36,https://api.quant-aq.com/v1/devices/MOD-00614/data/779609412
1359.65,774.77,"{'lat': None, 'lon': None}","{'rh': 39.9, 'temp': 24.2, 'wd': 0.0, 'ws': 0.0, 'ws_scalar': 0.0}","{'gas': {'co': 13499, 'co2': 13261, 'no': 13587, 'no2': 13766, 'o3': 13746}, 'pm': {'pm1': 13203, 'pm10': 13205, 'pm25': 13204}}",4.45,10.76,23.0,2.05,2.05,2.05,779609734,39.9,MOD-00614,24.2,2026-09-13T07:00:36,2026-09-13T00:00:36,https://api.quant-aq.com/v1/devices/MOD-00614/data/779609409
1359.24,773.8,"{'lat': None, 'lon': None}","{'rh': 39.9, 'temp': 24.2, 'wd': 0.0, 'ws': 0.0, 'ws_scalar': 0.0}","{'gas': {'co': 13499, 'co2': 13261, 'no': 13587, 'no2': 13766, 'o3': 13746}, 'pm': {'pm1': 13203, 'pm10': 13205, 'pm25': 13204}}",4.45,10.76,23.0,1.94,1.94,1.94,779609736,39.9,MOD-00614,24.2,2026-09-13T06:59:36,2026-09-12T23:59:36,https://api.quant-aq.com/v1/devices/MOD-00614/data/779609411
1364.99,774.65,"{'lat': None, 'lon': None}","{'rh': 39.9, 'temp': 24.2, 'wd': 0.0, 'ws': 0.0, 'ws_scalar': 0.0}","{'gas': {'co': 13499, 'co2': 13261, 'no': 13587, 'no2': 13766, 'o3': 13746}, 'pm': {'pm1': 13203, 'pm10': 13205, 'pm25': 13204}}",4.45,11.5,22.72,2.0,2.01,2.01,779609738,39.9,MOD-00614,24.2,2026-09-13T06:58:36,2026-09-12T23:58:36,https://api.quant-aq.com/v1/devices/MOD-00614/data/779609415
1366.22,773.08,"{'lat': None, 'lon': None}","{'rh': 39.9, 'temp': 24.2, 'wd': 0.0, 'ws': 0.0, 'ws_scalar': 0.0}","{'gas': {'co': 13499, 'co2': 13261, 'no': 13587, 'no2': 13766, 'o3': 13746}, 'pm': {'pm1': 13203, 'pm10': 13205, 'pm25': 13204}}",4.45,11.5,23.0,1.78,1.78,1.78,779609735,39.9,MOD-00614,24.2,2026-09-13T06:57:36,2026-09-12T23:57:36,https://api.quant-aq.com/v1/devices/MOD-00614/data/779609410
1368.2,775.25,"{'lat': None, 'lon': None}","{'rh': 40.0, 'temp': 24.2, 'wd': 0.0, 'ws': 0.0, 'ws_scalar': 0.0}","{'gas': {'co': 13499, 'co2': 13261, 'no': 13587, 'no2': 13766, 'o3': 13746}, 'pm': {'pm1': 13203, 'pm10': 13205, 'pm25': 13204}}",4.46,11.08,22.69,1.92,1.93,1.93,779607544,40.0,MOD-00614,24.2,2026-09-13T06:56:36,2026-09-12T23:56:36,https://api.quant-aq.com/v1/devices/MOD-00614/data/779607220
1369.43,772.96,"{'lat': None, 'lon': None}","{'rh': 40.0, 'temp': 24.2, 'wd': 0.0, 'ws': 0.0, 'ws_scalar': 0.0}","{'gas': {'co': 13499, 'co2': 13261, 'no': 13587, 'no2': 13766, 'o3': 13746}, 'pm': {'pm1': 13203, 'pm10': 13205, 'pm25': 13204}}",4.48,10.74,22.97,1.55,1.62,1.58,779607542,40.0,MOD-00614,24.2,2026-09-13T06:55:36,2026-09-12T23:55:36,https://api.quant-aq.com/v1/devices/MOD-00614/data/779607218
1367.72,776.57,"{'lat': None, 'lon': None}","{'rh': 40.1, 'temp': 24.2, 'wd': 0.0, 'ws': 0.0, 'ws_scalar': 0.0}","{'gas': {'co': 13499, 'co2': 13261, 'no': 13587, 'no2': 13766, 'o3': 13746}, 'pm': {'pm1': 13203, 'pm10': 13205, 'pm25': 13204}}",4.47,11.35,22.66,1.93,1.93,1.93,779607545,40.1,MOD-00614,24.2,2026-09-13T06:54:36,2026-09-12T23:54:36,https://api.quant-aq.com/v1/devices/MOD-00614/data/779607223
1374.7,775.13,"{'lat': None, 'lon': None}","{'rh': 40.1, 'temp': 24.2, 'wd': 0.0, 'ws': 0.0, 'ws_scalar': 0.0}","{'gas': {'co': 13499, 'co2': 13261, 'no': 13587, 'no2': 13766, 'o3': 13746}, 'pm': {'pm1': 13203, 'pm10': 13205, 'pm25': 13204}}",4.48,10.17,22.93,2.0,2.01,2.01,779607543,40.1,MOD-00614,24.2,2026-09-13T06:53:36,2026-09-12T23:53:36,https://api.quant-aq.com/v1/devices/MOD-00614/data/779607217
1376.34,777.3,"{'lat': None, 'lon': None}","{'rh': 40.1, 'temp': 24.2, 'wd': 0.0, 'ws': 0.0, 'ws_scalar': 0.0}","{'gas': {'co': 13499, 'co2': 13261, 'no': 13587, 'no2': 13766, 'o3': 13746}, 'pm': {'pm1': 13203, 'pm10': 13205, 'pm25': 13204}}",4.48,10.17,22.66,1.64,1.64,1.64,779607548,40.1,MOD-00614,24.2,2026-09-13T06:52:36,2026-09-12T23:52:36,https://api.quant-aq.com/v1/devices/MOD-00614/data/779607225
1376.75,775.49,"{'lat': None, 'lon': None}","{'rh': 40.1, 'temp': 24.2, 'wd': 0.0, 'ws': 0.0, 'ws_scalar': 0.0}","{'gas': {'co': 13499, 'co2': 13261, 'no': 13587, 'no2': 13766, 'o3': 13746}, 'pm': {'pm1': 13203, 'pm10': 13205, 'pm25': 13204}}",4.48,10.97,23.21,1.56,1.6,1.6,779605201,40.1,MOD-00614,24.2,2026-09-13T06:51:36,2026-09-12T23:51:36,https://api.quant-aq.com/v1/devices/MOD-00614/data/779604876
1377.57,781.15,"{'lat': None, 'lon': None}","{'rh': 40.1, 'temp': 24.2, 'wd': 0.0, 'ws': 0.0, 'ws_scalar': 0.0}","{'gas': {'co': 13499, 'co2': 13261, 'no': 13587, 'no2': 13766, 'o3': 13746}, 'pm': {'pm1': 13203, 'pm10': 13205, 'pm25': 13204}}",4.48,10.17,22.93,1.77,1.78,1.78,779605202,40.1,MOD-00614,24.2,2026-09-13T06:50:36,2026-09-12T23:50:36,https://api.quant-aq.com/v1/devices/MOD-00614/data/779604877
1380.44,781.15,"{'lat': None, 'lon': None}","{'rh': 40.1, 'temp': 24.2, 'wd': 0.0, 'ws': 0.0, 'ws_scalar': 0.0}","{'gas': {'co': 13499, 'co2': 13261, 'no': 13587, 'no2': 13766, 'o3': 13746}, 'pm': {'pm1': 13203, 'pm10': 13205, 'pm25': 13204}}",4.48,9.84,22.66,2.28,2.28,2.28,779605204,40.1,MOD-00614,24.2,2026-09-13T06:49:35,2026-09-12T23:49:35,https://api.quant-aq.com/v1/devices/MOD-00614/data/779604879
1378.32,780.91,"{'lat': None, 'lon': None}","{'rh': 40.2, 'temp': 24.2, 'wd': 0.0, 'ws': 0.0, 'ws_scalar': 0.0}","{'gas': {'co': 13499, 'co2': 13261, 'no': 13587, 'no2': 13766, 'o3': 13746}, 'pm': {'pm1': 13203, 'pm10': 13205, 'pm25': 13204}}",4.49,10.25,23.18,2.38,2.44,2.4,779605203,40.2,MOD-00614,24.2,2026-09-13T06:48:35,2026-09-12T23:48:35,https://api.quant-aq.com/v1/devices/MOD-00614/data/779604878
1379.14,780.07,"{'lat': None, 'lon': None}","{'rh': 40.2, 'temp': 24.2, 'wd': 0.0, 'ws': 0.0, 'ws_scalar': 0.0}","{'gas': {'co': 13499, 'co2': 13261, 'no': 13587, 'no2': 13766, 'o3': 13746}, 'pm': {'pm1': 13203, 'pm10': 13205, 'pm25': 13204}}",4.49,10.25,22.9,1.86,1.93,1.9,779605205,40.2,MOD-00614,24.2,2026-09-13T06:47:35,2026-09-12T23:47:35,https://api.quant-aq.com/v1/devices/MOD-00614/data/779604881
1384.07,781.39,"{'lat': None, 'lon': None}","{'rh': 40.2, 'temp': 24.2, 'wd': 0.0, 'ws': 0.0, 'ws_scalar': 0.0}","{'gas': {'co': 13499, 'co2': 13261, 'no': 13587, 'no2': 13766, 'o3': 13746}, 'pm': {'pm1': 13203, 'pm10': 13205, 'pm25': 13204}}",4.49,10.21,22.9,2.02,2.09,2.05,779602621,40.2,MOD-00614,24.2,2026-09-13T06:46:35,2026-09-12T23:46:35,https://api.quant-aq.com/v1/devices/MOD-00614/data/779602296
1385.3,782.48,"{'lat': None, 'lon': None}","{'rh': 40.2, 'temp': 24.2, 'wd': 0.0, 'ws': 0.0, 'ws_scalar': 0.0}","{'gas': {'co': 13499, 'co2': 13261, 'no': 13587, 'no2': 13766, 'o3': 13746}, 'pm': {'pm1': 13203, 'pm10': 13205, 'pm25': 13204}}",4.49,10.25,22.9,1.79,1.79,1.79,779602619,40.2,MOD-00614,24.2,2026-09-13T06:45:35,2026-09-12T23:45:35,https://api.quant-aq.com/v1/devices/MOD-00614/data/779602295
1382.84,779.47,"{'lat': None, 'lon': None}","{'rh': 40.2, 'temp': 24.2, 'wd': 0.0, 'ws': 0.0, 'ws_scalar': 0.0}","{'gas': {'co': 13499, 'co2': 13261, 'no': 13587, 'no2': 13766, 'o3': 13746}, 'pm': {'pm1': 13203, 'pm10': 13205, 'pm25': 13204}}",4.49,11.4,22.9,1.66,1.67,1.67,779602623,40.2,MOD-00614,24.2,2026-09-13T06:44:35,2026-09-12T23:44:35,https://api.quant-aq.com/v1/devices/MOD-00614/data/779602298
1384.41,782.36,"{'lat': None, 'lon': None}","{'rh': 40.3, 'temp': 24.2, 'wd': 0.0, 'ws': 0.0, 'ws_scalar': 0.0}","{'gas': {'co': 13499, 'co2': 13261, 'no': 13587, 'no2': 13766, 'o3': 13746}, 'pm': {'pm1': 13203, 'pm10': 13205, 'pm25': 13204}}",4.3,10.3,22.59,1.85,1.86,1.86,779602622,40.3,MOD-00614,24.2,2026-09-13T06:43:35,2026-09-12T23:43:35,https://api.quant-aq.com/v1/devices/MOD-00614/data/779602297
1383.17,781.03,"{'lat': None, 'lon': None}","{'rh': 40.3, 'temp': 24.2, 'wd': 0.0, 'ws': 0.0, 'ws_scalar': 0.0}","{'gas': {'co': 13499, 'co2': 13261, 'no': 13587, 'no2': 13766, 'o3': 13746}, 'pm': {'pm1': 13203, 'pm10': 13205, 'pm25': 13204}}",4.3,10.25,22.87,1.75,1.75,1.75,779602620,40.3,MOD-00614,24.2,2026-09-13T06:42:35,2026-09-12T23:42:35,https://api.quant-aq.com/v1/devices/MOD-00614/data/779602294
1389.33,779.83,"{'lat': None, 'lon': None}","{'rh': 40.3, 'temp': 24.2, 'wd': 0.0, 'ws': 0.0, 'ws_scalar': 0.0}","{'gas': {'co': 13499, 'co2': 13261, 'no': 13587, 'no2': 13766, 'o3': 13746}, 'pm': {'pm1': 13203, 'pm10': 13205, 'pm25': 13204}}",4.3,10.3,22.87,1.95,2.47,1.97,779599812,40.3,MOD-00614,24.2,2026-09-13T06:41:35,2026-09-12T23:41:35,https://api.quant-aq.com/v1/devices/MOD-00614/data/779599488
1395.49,783.56,"{'lat': None, 'lon': None}","{'rh': 40.3, 'temp': 24.2, 'wd': 0.0, 'ws': 0.0, 'ws_scalar': 0.0}","{'gas': {'co': 13499, 'co2': 13261, 'no': 13587, 'no2': 13766, 'o3': 13746}, 'pm': {'pm1': 13203, 'pm10': 13205, 'pm25': 13204}}",4.3,10.3,23.15,1.69,1.7,1.7,779599808,40.3,MOD-00614,24.2,2026-09-13T06:40:35,2026-09-12T23:40:35,https://api.quant-aq.com/v1/devices/MOD-00614/data/779599482
1386.05,783.68,"{'lat': None, 'lon': None}","{'rh': 40.3, 'temp': 24.2, 'wd': 0.0, 'ws': 0.0, 'ws_scalar': 0.0}","{'gas': {'co': 13499, 'co2': 13261, 'no': 13587, 'no2': 13766, 'o3': 13746}, 'pm': {'pm1': 13203, 'pm10': 13205, 'pm25': 13204}}",4.3,10.25,23.15,2.12,2.14,2.14,779599810,40.3,MOD-00614,24.2,2026-09-13T06:39:35,2026-09-12T23:39:35,https://api.quant-aq.com/v1/devices/MOD-00614/data/779599486
1386.8,784.4,"{'lat': None, 'lon': None}","{'rh': 40.4, 'temp': 24.2, 'wd': 0.0, 'ws': 0.0, 'ws_scalar': 0.0}","{'gas': {'co': 13499, 'co2': 13261, 'no': 13587, 'no2': 13766, 'o3': 13746}, 'pm': {'pm1': 13203, 'pm10': 13205, 'pm25': 13204}}",4.31,10.92,23.12,2.35,2.35,2.35,779599806,40.4,MOD-00614,24.2,2026-09-13T06:38:35,2026-09-12T23:38:35,https://api.quant-aq.com/v1/devices/MOD-00614/data/779599484
1392.96,788.62,"{'lat': None, 'lon': None}","{'rh': 40.4, 'temp': 24.2, 'wd': 0.0, 'ws': 0.0, 'ws_scalar': 0.0}","{'gas': {'co': 13499, 'co2': 13261, 'no': 13587, 'no2': 13766, 'o3': 13746}, 'pm': {'pm1': 13203, 'pm10': 13205, 'pm25': 13204}}",4.31,10.31,22.84,1.81,1.81,1.81,779599805,40.4,MOD-00614,24.2,2026-09-13T06:37:35,2026-09-12T23:37:35,https://api.quant-aq.com/v1/devices/MOD-00614/data/779599480
1392.96,784.64,"{'lat': None, 'lon': None}","{'rh': 40.4, 'temp': 24.2, 'wd': 0.0, 'ws': 0.0, 'ws_scalar': 0.0}","{'gas': {'co': 13499, 'co2': 13261, 'no': 13587, 'no2': 13766, 'o3': 13746}, 'pm': {'pm1': 13203, 'pm10': 13205, 'pm25': 13204}}",4.25,10.31,22.84,1.95,1.95,1.95,779597054,40.4,MOD-00614,24.2,2026-09-13T06:36:34,2026-09-12T23:36:34,https://api.quant-aq.com/v1/devices/MOD-00614/data/779596729
1397.88,786.09,"{'lat': None, 'lon': None}","{'rh': 40.4, 'temp': 24.2, 'wd': 0.0, 'ws': 0.0, 'ws_scalar': 0.0}","{'gas': {'co': 13499, 'co2': 13261, 'no': 13587, 'no2': 13766, 'o3': 13746}, 'pm': {'pm1': 13203, 'pm10': 13205, 'pm25': 13204}}",4.31,10.25,22.84,1.97,1.99,1.99,779597057,40.4,MOD-00614,24.2,2026-09-13T06:35:34,2026-09-12T23:35:34,https://api.quant-aq.com/v1/devices/MOD-00614/data/779596733
1395.01,785.85,"{'lat': None, 'lon': None}","{'rh': 40.4, 'temp': 24.2, 'wd': 0.0, 'ws': 0.0, 'ws_scalar': 0.0}","{'gas': {'co': 13499, 'co2': 13261, 'no': 13587, 'no2': 13766, 'o3': 13746}, 'pm': {'pm1': 13203, 'pm10': 13205, 'pm25': 13204}}",4.31,10.25,22.84,2.22,2.22,2.22,779597055,40.4,MOD-00614,24.2,2026-09-13T06:34:34,2026-09-12T23:34:34,https://api.quant-aq.com/v1/devices/MOD-00614/data/779596730
1398.7,785.37,"{'lat': None, 'lon': None}","{'rh': 40.4, 'temp': 24.2, 'wd': 0.0, 'ws': 0.0, 'ws_scalar': 0.0}","{'gas': {'co': 13499, 'co2': 13261, 'no': 13587, 'no2': 13766, 'o3': 13746}, 'pm': {'pm1': 13203, 'pm10': 13205, 'pm25': 13204}}",4.25,10.31,22.84,2.31,2.38,2.34,779597058,40.4,MOD-00614,24.2,2026-09-13T06:33:34,2026-09-12T23:33:34,https://api.quant-aq.com/v1/devices/MOD-00614/data/779596731
1401.1,788.5,"{'lat': None, 'lon': None}","{'rh': 40.5, 'temp': 24.2, 'wd': 0.0, 'ws': 0.0, 'ws_scalar': 0.0}","{'gas': {'co': 13499, 'co2': 13261, 'no': 13587, 'no2': 13766, 'o3': 13746}, 'pm': {'pm1': 13203, 'pm10': 13205, 'pm25': 13204}}",4.26,11.41,23.09,2.2,2.21,2.21,779597056,40.5,MOD-00614,24.2,2026-09-13T06:32:34,2026-09-12T23:32:34,https://api.quant-aq.com/v1/devices/MOD-00614/data/779596732
1402.33,790.91,"{'lat': None, 'lon': None}","{'rh': 40.5, 'temp': 24.2, 'wd': 0.0, 'ws': 0.0, 'ws_scalar': 0.0}","{'gas': {'co': 13499, 'co2': 13261, 'no': 13587, 'no2': 13766, 'o3': 13746}, 'pm': {'pm1': 13203, 'pm10': 13205, 'pm25': 13204}}",4.26,11.41,23.37,2.23,2.29,2.25,779594220,40.5,MOD-00614,24.2,2026-09-13T06:31:34,2026-09-12T23:31:34,https://api.quant-aq.com/v1/devices/MOD-00614/data/779593896
1404.38,789.22,"{'lat': None, 'lon': None}","{'rh': 40.5, 'temp': 24.2, 'wd': 0.0, 'ws': 0.0, 'ws_scalar': 0.0}","{'gas': {'co': 13499, 'co2': 13261, 'no': 13587, 'no2': 13766, 'o3': 13746}, 'pm': {'pm1': 13203, 'pm10': 13205, 'pm25': 13204}}",4.26,11.02,23.09,2.42,2.42,2.42,779594217,40.5,MOD-00614,24.2,2026-09-13T06:30:34,2026-09-12T23:30:34,https://api.quant-aq.com/v1/devices/MOD-00614/data/779593892
1410.13,789.82,"{'lat': None, 'lon': None}","{'rh': 40.5, 'temp': 24.2, 'wd': 0.0, 'ws': 0.0, 'ws_scalar': 0.0}","{'gas': {'co': 13499, 'co2': 13261, 'no': 13587, 'no2': 13766, 'o3': 13746}, 'pm': {'pm1': 13203, 'pm10': 13205, 'pm25': 13204}}",4.26,11.02,23.09,2.25,2.25,2.25,779594219,40.5,MOD-00614,24.2,2026-09-13T06:29:34,2026-09-12T23:29:34,https://api.quant-aq.com/v1/devices/MOD-00614/data/779593894
1403.9,790.91,"{'lat': None, 'lon': None}","{'rh': 40.6, 'temp': 24.2, 'wd': 0.0, 'ws': 0.0, 'ws_scalar': 0.0}","{'gas': {'co': 13499, 'co2': 13261, 'no': 13587, 'no2': 13766, 'o3': 13746}, 'pm': {'pm1': 13203, 'pm10': 13205, 'pm25': 13204}}",4.09,11.08,23.06,2.13,2.13,2.13,779594221,40.6,MOD-00614,24.2,2026-09-13T06:28:34,2026-09-12T23:28:34,https://api.quant-aq.com/v1/devices/MOD-00614/data/779593895
1410.88,793.32,"{'lat': None, 'lon': None}","{'rh': 40.6, 'temp': 24.2, 'wd': 0.0, 'ws': 0.0, 'ws_scalar': 0.0}","{'gas': {'co': 13499, 'co2': 13261, 'no': 13587, 'no2': 13766, 'o3': 13746}, 'pm': {'pm1': 13203, 'pm10': 13205, 'pm25': 13204}}",4.08,11.17,23.34,2.36,2.36,2.36,779594218,40.6,MOD-00614,24.2,2026-09-13T06:27:34,2026-09-12T23:27:34,https://api.quant-aq.com/v1/devices/MOD-00614/data/779593893
1409.64,790.43,"{'lat': None, 'lon': None}","{'rh': 40.6, 'temp': 24.2, 'wd': 0.0, 'ws': 0.0, 'ws_scalar': 0.0}","{'gas': {'co': 13499, 'co2': 13261, 'no': 13587, 'no2': 13766, 'o3': 13746}, 'pm': {'pm1': 13203, 'pm10': 13205, 'pm25': 13204}}",4.08,11.17,23.34,1.9,1.9,1.9,779591446,40.6,MOD-00614,24.2,2026-09-13T06:26:34,2026-09-12T23:26:34,https://api.quant-aq.com/v1/devices/MOD-00614/data/779591121
1407.59,794.16,"{'lat': None, 'lon': None}","{'rh': 40.6, 'temp': 24.2, 'wd': 0.0, 'ws': 0.0, 'ws_scalar': 0.0}","{'gas': {'co': 13499, 'co2': 13261, 'no': 13587, 'no2': 13766, 'o3': 13746}, 'pm': {'pm1': 13203, 'pm10': 13205, 'pm25': 13204}}",4.08,11.17,22.78,2.36,2.36,2.36,779591443,40.6,MOD-00614,24.2,2026-09-13T06:25:34,2026-09-12T23:25:34,https://api.quant-aq.com/v1/devices/MOD-00614/data/779591118
1409.64,791.51,"{'lat': None, 'lon': None}","{'rh': 40.6, 'temp': 24.2, 'wd': 0.0, 'ws': 0.0, 'ws_scalar': 0.0}","{'gas': {'co': 13499, 'co2': 13261, 'no': 13587, 'no2': 13766, 'o3': 13746}, 'pm': {'pm1': 13203, 'pm10': 13205, 'pm25': 13204}}",4.08,11.17,23.34,2.39,2.39,2.39,779591445,40.6,MOD-00614,24.2,2026-09-13T06:24:34,2026-09-12T23:24:34,https://api.quant-aq.com/v1/devices/MOD-00614/data/779591120
1413.34,792.23,"{'lat': None, 'lon': None}","{'rh': 40.6, 'temp': 24.2, 'wd': 0.0, 'ws': 0.0, 'ws_scalar': 0.0}","{'gas': {'co': 13499, 'co2': 13261, 'no': 13587, 'no2': 13766, 'o3': 13746}, 'pm': {'pm1': 13203, 'pm10': 13205, 'pm25': 13204}}",4.08,11.17,22.5,2.18,2.19,2.19,779591447,40.6,MOD-00614,24.2,2026-09-13T06:23:33,2026-09-12T23:23:33,https://api.quant-aq.com/v1/devices/MOD-00614/data/779591122
1415.8,794.16,"{'lat': None, 'lon': None}","{'rh': 40.6, 'temp': 24.2, 'wd': 0.0, 'ws': 0.0, 'ws_scalar': 0.0}","{'gas': {'co': 13499, 'co2': 13261, 'no': 13587, 'no2': 13766, 'o3': 13746}, 'pm': {'pm1': 13203, 'pm10': 13205, 'pm25': 13204}}",4.08,11.17,23.06,2.55,2.59,2.59,779591444,40.6,MOD-00614,24.2,2026-09-13T06:22:33,2026-09-12T23:22:33,https://api.quant-aq.com/v1/devices/MOD-00614/data/779591119
1412.86,796.33,"{'lat': None, 'lon': None}","{'rh': 40.7, 'temp': 24.2, 'wd': 0.0, 'ws': 0.0, 'ws_scalar': 0.0}","{'gas': {'co': 13499, 'co2': 13261, 'no': 13587, 'no2': 13766, 'o3': 13746}, 'pm': {'pm1': 13203, 'pm10': 13205, 'pm25': 13204}}",4.08,11.21,23.03,2.46,2.68,2.48,779588575,40.7,MOD-00614,24.2,2026-09-13T06:21:33,2026-09-12T23:21:33,https://api.quant-aq.com/v1/devices/MOD-00614/data/779588249
1418.71,793.92,"{'lat': None, 'lon': None}","{'rh': 40.7, 'temp': 24.3, 'wd': 0.0, 'ws': 0.0, 'ws_scalar': 0.0}","{'gas': {'co': 13499, 'co2': 13261, 'no': 13587, 'no2': 13766, 'o3': 13746}, 'pm': {'pm1': 13203, 'pm10': 13205, 'pm25': 13204}}",4.08,11.7,23.04,2.31,2.5,2.33,779588574,40.7,MOD-00614,24.3,2026-09-13T06:20:33,2026-09-12T23:20:33,https://api.quant-aq.com/v1/devices/MOD-00614/data/779588250
1419.53,792.83,"{'lat': None, 'lon': None}","{'rh': 40.7, 'temp': 24.3, 'wd': 0.0, 'ws': 0.0, 'ws_scalar': 0.0}","{'gas': {'co': 13499, 'co2': 13261, 'no': 13587, 'no2': 13766, 'o3': 13746}, 'pm': {'pm1': 13203, 'pm10': 13205, 'pm25': 13204}}",4.08,11.61,23.04,2.27,2.3,2.3,779588577,40.7,MOD-00614,24.3,2026-09-13T06:19:33,2026-09-12T23:19:33,https://api.quant-aq.com/v1/devices/MOD-00614/data/779588252
1415.43,792.83,"{'lat': None, 'lon': None}","{'rh': 40.7, 'temp': 24.3, 'wd': 0.0, 'ws': 0.0, 'ws_scalar': 0.0}","{'gas': {'co': 13499, 'co2': 13261, 'no': 13587, 'no2': 13766, 'o3': 13746}, 'pm': {'pm1': 13203, 'pm10': 13205, 'pm25': 13204}}",4.08,11.48,22.76,2.61,2.61,2.61,779588576,40.7,MOD-00614,24.3,2026-09-13T06:18:33,2026-09-12T23:18:33,https://api.quant-aq.com/v1/devices/MOD-00614/data/779588251
1418.3,795.0,"{'lat': None, 'lon': None}","{'rh': 40.7, 'temp': 24.3, 'wd': 0.0, 'ws': 0.0, 'ws_scalar': 0.0}","{'gas': {'co': 13499, 'co2': 13261, 'no': 13587, 'no2': 13766, 'o3': 13746}, 'pm': {'pm1': 13203, 'pm10': 13205, 'pm25': 13204}}",4.08,11.48,23.32,2.45,2.45,2.45,779588573,40.7,MOD-00614,24.3,2026-09-13T06:17:33,2026-09-12T23:17:33,https://api.quant-aq.com/v1/devices/MOD-00614/data/779588248
1421.18,796.93,"{'lat': None, 'lon': None}","{'rh': 40.7, 'temp': 24.3, 'wd': 0.0, 'ws': 0.0, 'ws_scalar': 0.0}","{'gas': {'co': 13499, 'co2': 13261, 'no': 13587, 'no2': 13766, 'o3': 13746}, 'pm': {'pm1': 13203, 'pm10': 13205, 'pm25': 13204}}",4.08,11.61,23.04,2.4,2.41,2.41,779585742,40.7,MOD-00614,24.3,2026-09-13T06:16:33,2026-09-12T23:16:33,https://api.quant-aq.com/v1/devices/MOD-00614/data/779585417
1419.12,795.97,"{'lat': None, 'lon': None}","{'rh': 40.7, 'temp': 24.3, 'wd': 0.0, 'ws': 0.0, 'ws_scalar': 0.0}","{'gas': {'co': 13499, 'co2': 13261, 'no': 13587, 'no2': 13766, 'o3': 13746}, 'pm': {'pm1': 13203, 'pm10': 13205, 'pm25': 13204}}",4.08,11.61,23.04,2.17,2.18,2.18,779585740,40.7,MOD-00614,24.3,2026-09-13T06:15:33,2026-09-12T23:15:33,https://api.quant-aq.com/v1/devices/MOD-00614/data/779585415
1424.46,798.13,"{'lat': None, 'lon': None}","{'rh': 40.7, 'temp': 24.3, 'wd': 0.0, 'ws': 0.0, 'ws_scalar': 0.0}","{'gas': {'co': 13499, 'co2': 13261, 'no': 13587, 'no2': 13766, 'o3': 13746}, 'pm': {'pm1': 13203, 'pm10': 13205, 'pm25': 13204}}",4.08,11.74,22.76,2.54,2.54,2.54,779585741,40.7,MOD-00614,24.3,2026-09-13T06:14:33,2026-09-12T23:14:33,https://api.quant-aq.com/v1/devices/MOD-00614/data/779585416
1423.64,795.97,"{'lat': None, 'lon': None}","{'rh': 40.7, 'temp': 24.3, 'wd': 0.0, 'ws': 0.0, 'ws_scalar': 0.0}","{'gas': {'co': 13499, 'co2': 13261, 'no': 13587, 'no2': 13766, 'o3': 13746}, 'pm': {'pm1': 13203, 'pm10': 13205, 'pm25': 13204}}",4.08,11.48,23.32,2.0,2.01,2.01,779585738,40.7,MOD-00614,24.3,2026-09-13T06:13:33,2026-09-12T23:13:33,https://api.quant-aq.com/v1/devices/MOD-00614/data/779585413
1429.39,795.48,"{'lat': None, 'lon': None}","{'rh': 40.7, 'temp': 24.3, 'wd': 0.0, 'ws': 0.0, 'ws_scalar': 0.0}","{'gas': {'co': 13499, 'co2': 13261, 'no': 13587, 'no2': 13766, 'o3': 13746}, 'pm': {'pm1': 13203, 'pm10': 13205, 'pm25': 13204}}",4.08,11.48,23.32,2.21,2.25,2.25,779585739,40.7,MOD-00614,24.3,2026-09-13T06:12:33,2026-09-12T23:12:33,https://api.quant-aq.com/v1/devices/MOD-00614/data/779585414
1423.64,797.29,"{'lat': None, 'lon': None}","{'rh': 40.7, 'temp': 24.3, 'wd': 0.0, 'ws': 0.0, 'ws_scalar': 0.0}","{'gas': {'co': 13499, 'co2': 13261, 'no': 13587, 'no2': 13766, 'o3': 13746}, 'pm': {'pm1': 13203, 'pm10': 13205, 'pm25': 13204}}",4.08,11.74,23.04,2.6,2.61,2.61,779583069,40.7,MOD-00614,24.3,2026-09-13T06:11:33,2026-09-12T23:11:33,https://api.quant-aq.com/v1/devices/MOD-00614/data/779582744
1419.53,800.3,"{'lat': None, 'lon': None}","{'rh': 40.7, 'temp': 24.3, 'wd': 0.0, 'ws': 0.0, 'ws_scalar': 0.0}","{'gas': {'co': 13499, 'co2': 13261, 'no': 13587, 'no2': 13766, 'o3': 13746}, 'pm': {'pm1': 13203, 'pm10': 13205, 'pm25': 13204}}",4.08,11.74,22.76,2.27,2.27,2.27,779583065,40.7,MOD-00614,24.3,2026-09-13T06:10:32,2026-09-12T23:10:32,https://api.quant-aq.com/v1/devices/MOD-00614/data/779582741
1431.78,798.5,"{'lat': None, 'lon': None}","{'rh': 40.8, 'temp': 24.3, 'wd': 0.0, 'ws': 0.0, 'ws_scalar': 0.0}","{'gas': {'co': 13499, 'co2': 13261, 'no': 13587, 'no2': 13766, 'o3': 13746}, 'pm': {'pm1': 13203, 'pm10': 13205, 'pm25': 13204}}",4.09,11.41,23.01,2.75,2.75,2.75,779583066,40.8,MOD-00614,24.3,2026-09-13T06:09:32,2026-09-12T23:09:32,https://api.quant-aq.com/v1/devices/MOD-00614/data/779582738
1435.88,798.5,"{'lat': None, 'lon': None}","{'rh': 40.8, 'temp': 24.3, 'wd': 0.0, 'ws': 0.0, 'ws_scalar': 0.0}","{'gas': {'co': 13499, 'co2': 13261, 'no': 13587, 'no2': 13766, 'o3': 13746}, 'pm': {'pm1': 13203, 'pm10': 13205, 'pm25': 13204}}",4.09,11.28,23.85,2.26,2.73,2.26,779583063,40.8,MOD-00614,24.3,2026-09-13T06:08:32,2026-09-12T23:08:32,https://api.quant-aq.com/v1/devices/MOD-00614/data/779582739
1427.67,798.38,"{'lat': None, 'lon': None}","{'rh': 40.8, 'temp': 24.3, 'wd': 0.0, 'ws': 0.0, 'ws_scalar': 0.0}","{'gas': {'co': 13499, 'co2': 13261, 'no': 13587, 'no2': 13766, 'o3': 13746}, 'pm': {'pm1': 13203, 'pm10': 13205, 'pm25': 13204}}",4.09,11.28,22.73,2.05,2.22,2.06,779583068,40.8,MOD-00614,24.3,2026-09-13T06:07:32,2026-09-12T23:07:32,https://api.quant-aq.com/v1/devices/MOD-00614/data/779582743
1418.64,795.97,"{'lat': None, 'lon': None}","{'rh': 40.8, 'temp': 24.3, 'wd': 0.0, 'ws': 0.0, 'ws_scalar': 0.0}","{'gas': {'co': 13499, 'co2': 13261, 'no': 13587, 'no2': 13766, 'o3': 13746}, 'pm': {'pm1': 13203, 'pm10': 13205, 'pm25': 13204}}",4.09,11.28,23.29,2.38,2.56,2.39,779580287,40.8,MOD-00614,24.3,2026-09-13T06:06:32,2026-09-12T23:06:32,https://api.quant-aq.com/v1/devices/MOD-00614/data/779579962
1435.88,800.66,"{'lat': None, 'lon': None}","{'rh': 40.8, 'temp': 24.3, 'wd': 0.0, 'ws': 0.0, 'ws_scalar': 0.0}","{'gas': {'co': 13499, 'co2': 13261, 'no': 13587, 'no2': 13766, 'o3': 13746}, 'pm': {'pm1': 13203, 'pm10': 13205, 'pm25': 13204}}",4.09,11.28,22.73,2.16,2.16,2.16,779580286,40.8,MOD-00614,24.3,2026-09-13T06:05:32,2026-09-12T23:05:32,https://api.quant-aq.com/v1/devices/MOD-00614/data/779579961
1438.76,800.66,"{'lat': None, 'lon': None}","{'rh': 40.8, 'temp': 24.3, 'wd': 0.0, 'ws': 0.0, 'ws_scalar': 0.0}","{'gas': {'co': 13499, 'co2': 13261, 'no': 13587, 'no2': 13766, 'o3': 13746}, 'pm': {'pm1': 13203, 'pm10': 13205, 'pm25': 13204}}",4.09,11.41,23.57,2.71,2.78,2.74,779580285,40.8,MOD-00614,24.3,2026-09-13T06:04:32,2026-09-12T23:04:32,https://api.quant-aq.com/v1/devices/MOD-00614/data/779579960
1437.94,801.99,"{'lat': None, 'lon': None}","{'rh': 40.8, 'temp': 24.3, 'wd': 0.0, 'ws': 0.0, 'ws_scalar': 0.0}","{'gas': {'co': 13499, 'co2': 13261, 'no': 13587, 'no2': 13766, 'o3': 13746}, 'pm': {'pm1': 13203, 'pm10': 13205, 'pm25': 13204}}",4.09,11.41,22.73,3.05,3.11,3.07,779580284,40.8,MOD-00614,24.3,2026-09-13T06:03:32,2026-09-12T23:03:32,https://api.quant-aq.com/v1/devices/MOD-00614/data/779579959
1438.35,803.07,"{'lat': None, 'lon': None}","{'rh': 40.8, 'temp': 24.3, 'wd': 0.0, 'ws': 0.0, 'ws_scalar': 0.0}","{'gas': {'co': 13499, 'co2': 13261, 'no': 13587, 'no2': 13766, 'o3': 13746}, 'pm': {'pm1': 13203, 'pm10': 13205, 'pm25': 13204}}",4.09,11.41,23.29,3.03,3.04,3.04,779580283,40.8,MOD-00614,24.3,2026-09-13T06:02:32,2026-09-12T23:02:32,https://api.quant-aq.com/v1/devices/MOD-00614/data/779579958
1439.58,798.13,"{'lat': None, 'lon': None}","{'rh': 40.8, 'temp': 24.3, 'wd': 0.0, 'ws': 0.0, 'ws_scalar': 0.0}","{'gas': {'co': 13499, 'co2': 13261, 'no': 13587, 'no2': 13766, 'o3': 13746}, 'pm': {'pm1': 13203, 'pm10': 13205, 'pm25': 13204}}",4.09,11.41,23.29,2.26,2.28,2.28,779577419,40.8,MOD-00614,24.3,2026-09-13T06:01:32,2026-09-12T23:01:32,https://api.quant-aq.com/v1/devices/MOD-00614/data/779577094
1437.94,801.99,"{'lat': None, 'lon': None}","{'rh': 40.8, 'temp': 24.3, 'wd': 0.0, 'ws': 0.0, 'ws_scalar': 0.0}","{'gas': {'co': 13499, 'co2': 13261, 'no': 13587, 'no2': 13766, 'o3': 13746}, 'pm': {'pm1': 13203, 'pm10': 13205, 'pm25': 13204}}",4.09,11.41,23.01,2.29,2.31,2.31,779577417,40.8,MOD-00614,24.3,2026-09-13T06:00:32,2026-09-12T23:00:32,https://api.quant-aq.com/v1/devices/MOD-00614/data/779577093
1445.74,798.86,"{'lat': None, 'lon': None}","{'rh': 40.8, 'temp': 24.3, 'wd': 0.0, 'ws': 0.0, 'ws_scalar': 0.0}","{'gas': {'co': 13499, 'co2': 13261, 'no': 13587, 'no2': 13766, 'o3': 13746}, 'pm': {'pm1': 13203, 'pm10': 13205, 'pm25': 13204}}",4.09,11.33,23.29,2.39,2.4,2.4,779577413,40.8,MOD-00614,24.3,2026-09-13T05:59:32,2026-09-12T22:59:32,https://api.quant-aq.com/v1/devices/MOD-00614/data/779577090
1446.15,798.86,"{'lat': None, 'lon': None}","{'rh': 40.8, 'temp': 24.3, 'wd': 0.0, 'ws': 0.0, 'ws_scalar': 0.0}","{'gas': {'co': 13499, 'co2': 13261, 'no': 13587, 'no2': 13766, 'o3': 13746}, 'pm': {'pm1': 13203, 'pm10': 13205, 'pm25': 13204}}",4.09,11.41,23.01,2.27,2.27,2.27,779577411,40.8,MOD-00614,24.3,2026-09-13T05:58:32,2026-09-12T22:58:32,https://api.quant-aq.com/v1/devices/MOD-00614/data/779577086
1444.09,799.82,"{'lat': None, 'lon': None}","{'rh': 40.8, 'temp': 24.3, 'wd': 0.0, 'ws': 0.0, 'ws_scalar': 0.0}","{'gas': {'co': 13499, 'co2': 13261, 'no': 13587, 'no2': 13766, 'o3': 13746}, 'pm': {'pm1': 13203, 'pm10': 13205, 'pm25': 13204}}",4.09,11.28,23.29,2.29,2.3,2.3,779577409,40.8,MOD-00614,24.3,2026-09-13T05:57:31,2026-09-12T22:57:31,https://api.quant-aq.com/v1/devices/MOD-00614/data/779577084
1446.56,800.78,"{'lat': None, 'lon': None}","{'rh': 40.8, 'temp': 24.3, 'wd': 0.0, 'ws': 0.0, 'ws_scalar': 0.0}","{'gas': {'co': 13499, 'co2': 13261, 'no': 13587, 'no2': 13766, 'o3': 13746}, 'pm': {'pm1': 13203, 'pm10': 13205, 'pm25': 13204}}",4.09,11.28,22.73,2.78,2.78,2.78,779574502,40.8,MOD-00614,24.3,2026-09-13T05:56:31,2026-09-12T22:56:31,https://api.quant-aq.com/v1/devices/MOD-00614/data/779574177
1449.77,796.45,"{'lat': None, 'lon': None}","{'rh': 40.9, 'temp': 24.3, 'wd': 0.0, 'ws': 0.0, 'ws_scalar': 0.0}","{'gas': {'co': 13499, 'co2': 13261, 'no': 13587, 'no2': 13766, 'o3': 13746}, 'pm': {'pm1': 13203, 'pm10': 13205, 'pm25': 13204}}",4.09,11.35,23.26,2.25,2.25,2.25,779574500,40.9,MOD-00614,24.3,2026-09-13T05:55:31,2026-09-12T22:55:31,https://api.quant-aq.com/v1/devices/MOD-00614/data/779574174
1439.51,798.86,"{'lat': None, 'lon': None}","{'rh': 40.9, 'temp': 24.3, 'wd': 0.0, 'ws': 0.0, 'ws_scalar': 0.0}","{'gas': {'co': 13499, 'co2': 13261, 'no': 13587, 'no2': 13766, 'o3': 13746}, 'pm': {'pm1': 13203, 'pm10': 13205, 'pm25': 13204}}",4.09,11.48,23.26,2.21,2.21,2.21,779574501,40.9,MOD-00614,24.3,2026-09-13T05:54:31,2026-09-12T22:54:31,https://api.quant-aq.com/v1/devices/MOD-00614/data/779574176
1446.08,802.59,"{'lat': None, 'lon': None}","{'rh': 40.9, 'temp': 24.3, 'wd': 0.0, 'ws': 0.0, 'ws_scalar': 0.0}","{'gas': {'co': 13499, 'co2': 13261, 'no': 13587, 'no2': 13766, 'o3': 13746}, 'pm': {'pm1': 13203, 'pm10': 13205, 'pm25': 13204}}",4.09,11.4,22.98,2.64,2.7,2.66,779574499,40.9,MOD-00614,24.3,2026-09-13T05:53:31,2026-09-12T22:53:31,https://api.quant-aq.com/v1/devices/MOD-00614/data/779574175
1450.18,803.43,"{'lat': None, 'lon': None}","{'rh': 40.9, 'temp': 24.3, 'wd': 0.0, 'ws': 0.0, 'ws_scalar': 0.0}","{'gas': {'co': 13499, 'co2': 13261, 'no': 13587, 'no2': 13766, 'o3': 13746}, 'pm': {'pm1': 13203, 'pm10': 13205, 'pm25': 13204}}",4.09,11.48,22.98,2.63,2.65,2.65,779574498,40.9,MOD-00614,24.3,2026-09-13T05:52:31,2026-09-12T22:52:31,https://api.quant-aq.com/v1/devices/MOD-00614/data/779574173
1453.46,801.02,"{'lat': None, 'lon': None}","{'rh': 40.9, 'temp': 24.3, 'wd': 0.0, 'ws': 0.0, 'ws_scalar': 0.0}","{'gas': {'co': 13499, 'co2': 13261, 'no': 13587, 'no2': 13766, 'o3': 13746}, 'pm': {'pm1': 13203, 'pm10': 13205, 'pm25': 13204}}",4.09,11.4,23.54,2.57,2.58,2.58,779571630,40.9,MOD-00614,24.3,2026-09-13T05:51:31,2026-09-12T22:51:31,https://api.quant-aq.com/v1/devices/MOD-00614/data/779571305
1451.0,803.07,"{'lat': None, 'lon': None}","{'rh': 40.9, 'temp': 24.3, 'wd': 0.0, 'ws': 0.0, 'ws_scalar': 0.0}","{'gas': {'co': 13499, 'co2': 13261, 'no': 13587, 'no2': 13766, 'o3': 13746}, 'pm': {'pm1': 13203, 'pm10': 13205, 'pm25': 13204}}",4.09,11.4,22.98,2.72,2.73,2.73,779571633,40.9,MOD-00614,24.3,2026-09-13T05:50:31,2026-09-12T22:50:31,https://api.quant-aq.com/v1/devices/MOD-00614/data/779571309
1456.75,805.12,"{'lat': None, 'lon': None}","{'rh': 40.9, 'temp': 24.3, 'wd': 0.0, 'ws': 0.0, 'ws_scalar': 0.0}","{'gas': {'co': 13499, 'co2': 13261, 'no': 13587, 'no2': 13766, 'o3': 13746}, 'pm': {'pm1': 13203, 'pm10': 13205, 'pm25': 13204}}",4.09,11.39,22.7,2.51,2.57,2.53,779571632,40.9,MOD-00614,24.3,2026-09-13T05:49:31,2026-09-12T22:49:31,https://api.quant-aq.com/v1/devices/MOD-00614/data/779571307
1451.41,803.19,"{'lat': None, 'lon': None}","{'rh': 40.9, 'temp': 24.3, 'wd': 0.0, 'ws': 0.0, 'ws_scalar': 0.0}","{'gas': {'co': 13499, 'co2': 13261, 'no': 13587, 'no2': 13766, 'o3': 13746}, 'pm': {'pm1': 13203, 'pm10': 13205, 'pm25': 13204}}",4.09,11.39,22.98,2.54,2.55,2.55,779571629,40.9,MOD-00614,24.3,2026-09-13T05:48:31,2026-09-12T22:48:31,https://api.quant-aq.com/v1/devices/MOD-00614/data/779571304
1456.75,803.55,"{'lat': None, 'lon': None}","{'rh': 40.9, 'temp': 24.3, 'wd': 0.0, 'ws': 0.0, 'ws_scalar': 0.0}","{'gas': {'co': 13499, 'co2': 13261, 'no': 13587, 'no2': 13766, 'o3': 13746}, 'pm': {'pm1': 13203, 'pm10': 13205, 'pm25': 13204}}",4.09,11.33,23.54,2.62,2.78,2.62,779571631,40.9,MOD-00614,24.3,2026-09-13T05:47:31,2026-09-12T22:47:31,https://api.quant-aq.com/v1/devices/MOD-00614/data/779571306
1456.75,806.69,"{'lat': None, 'lon': None}","{'rh': 40.9, 'temp': 24.3, 'wd': 0.0, 'ws': 0.0, 'ws_scalar': 0.0}","{'gas': {'co': 13499, 'co2': 13261, 'no': 13587, 'no2': 13766, 'o3': 13746}, 'pm': {'pm1': 13203, 'pm10': 13205, 'pm25': 13204}}",4.1,11.4,22.98,2.25,2.25,2.25,779568820,40.9,MOD-00614,24.3,2026-09-13T05:46:31,2026-09-12T22:46:31,https://api.quant-aq.com/v1/devices/MOD-00614/data/779568495
1458.39,803.8,"{'lat': None, 'lon': None}","{'rh': 40.9, 'temp': 24.3, 'wd': 0.0, 'ws': 0.0, 'ws_scalar': 0.0}","{'gas': {'co': 13499, 'co2': 13261, 'no': 13587, 'no2': 13766, 'o3': 13746}, 'pm': {'pm1': 13203, 'pm10': 13205, 'pm25': 13204}}",4.09,11.4,23.82,2.37,2.38,2.38,779568823,40.9,MOD-00614,24.3,2026-09-13T05:45:31,2026-09-12T22:45:31,https://api.quant-aq.com/v1/devices/MOD-00614/data/779568496
1455.93,804.28,"{'lat': None, 'lon': None}","{'rh': 40.9, 'temp': 24.3, 'wd': 0.0, 'ws': 0.0, 'ws_scalar': 0.0}","{'gas': {'co': 13499, 'co2': 13261, 'no': 13587, 'no2': 13766, 'o3': 13746}, 'pm': {'pm1': 13203, 'pm10': 13205, 'pm25': 13204}}",4.09,11.4,22.7,2.43,2.43,2.43,779568819,40.9,MOD-00614,24.3,2026-09-13T05:44:31,2026-09-12T22:44:31,https://api.quant-aq.com/v1/devices/MOD-00614/data/779568494
1461.67,806.44,"{'lat': None, 'lon': None}","{'rh': 40.9, 'temp': 24.3, 'wd': 0.0, 'ws': 0.0, 'ws_scalar': 0.0}","{'gas': {'co': 13499, 'co2': 13261, 'no': 13587, 'no2': 13766, 'o3': 13746}, 'pm': {'pm1': 13203, 'pm10': 13205, 'pm25': 13204}}",4.09,11.48,23.54,2.17,2.17,2.17,779568821,40.9,MOD-00614,24.3,2026-09-13T05:43:30,2026-09-12T22:43:30,https://api.quant-aq.com/v1/devices/MOD-00614/data/779568497
1457.57,805.72,"{'lat': None, 'lon': None}","{'rh': 40.9, 'temp': 24.3, 'wd': 0.0, 'ws': 0.0, 'ws_scalar': 0.0}","{'gas': {'co': 13499, 'co2': 13261, 'no': 13587, 'no2': 13766, 'o3': 13746}, 'pm': {'pm1': 13203, 'pm10': 13205, 'pm25': 13204}}",4.09,11.35,22.98,2.25,2.28,2.28,779568822,40.9,MOD-00614,24.3,2026-09-13T05:42:30,2026-09-12T22:42:30,https://api.quant-aq.com/v1/devices/MOD-00614/data/779568498
1460.85,804.16,"{'lat': None, 'lon': None}","{'rh': 40.9, 'temp': 24.3, 'wd': 0.0, 'ws': 0.0, 'ws_scalar': 0.0}","{'gas': {'co': 13499, 'co2': 13261, 'no': 13587, 'no2': 13766, 'o3': 13746}, 'pm': {'pm1': 13203, 'pm10': 13205, 'pm25': 13204}}",4.09,11.4,22.98,3.05,3.05,3.05,779565958,40.9,MOD-00614,24.3,2026-09-13T05:41:30,2026-09-12T22:41:30,https://api.quant-aq.com/v1/devices/MOD-00614/data/779565634
1463.73,804.28,"{'lat': None, 'lon': None}","{'rh': 40.9, 'temp': 24.3, 'wd': 0.0, 'ws': 0.0, 'ws_scalar': 0.0}","{'gas': {'co': 13499, 'co2': 13261, 'no': 13587, 'no2': 13766, 'o3': 13746}, 'pm': {'pm1': 13203, 'pm10': 13205, 'pm25': 13204}}",4.09,11.39,22.7,1.99,2.0,2.0,779565955,40.9,MOD-00614,24.3,2026-09-13T05:40:30,2026-09-12T22:40:30,https://api.quant-aq.com/v1/devices/MOD-00614/data/779565629
1464.96,805.6,"{'lat': None, 'lon': None}","{'rh': 40.9, 'temp': 24.3, 'wd': 0.0, 'ws': 0.0, 'ws_scalar': 0.0}","{'gas': {'co': 13499, 'co2': 13261, 'no': 13587, 'no2': 13766, 'o3': 13746}, 'pm': {'pm1': 13203, 'pm10': 13205, 'pm25': 13204}}",4.09,11.35,23.82,2.68,2.69,2.69,779565957,40.9,MOD-00614,24.3,2026-09-13T05:39:30,2026-09-12T22:39:30,https://api.quant-aq.com/v1/devices/MOD-00614/data/779565633
1465.78,801.63,"{'lat': None, 'lon': None}","{'rh': 40.9, 'temp': 24.3, 'wd': 0.0, 'ws': 0.0, 'ws_scalar': 0.0}","{'gas': {'co': 13499, 'co2': 13261, 'no': 13587, 'no2': 13766, 'o3': 13746}, 'pm': {'pm1': 13203, 'pm10': 13205, 'pm25': 13204}}",4.1,11.33,22.98,2.78,2.78,2.78,779565956,40.9,MOD-00614,24.3,2026-09-13T05:38:30,2026-09-12T22:38:30,https://api.quant-aq.com/v1/devices/MOD-00614/data/779565632
1467.83,807.89,"{'lat': None, 'lon': None}","{'rh': 40.9, 'temp': 24.3, 'wd': 0.0, 'ws': 0.0, 'ws_scalar': 0.0}","{'gas': {'co': 13499, 'co2': 13261, 'no': 13587, 'no2': 13766, 'o3': 13746}, 'pm': {'pm1': 13203, 'pm10': 13205, 'pm25': 13204}}",4.09,11.4,23.26,2.13,2.13,2.13,779565954,40.9,MOD-00614,24.3,2026-09-13T05:37:30,2026-09-12T22:37:30,https://api.quant-aq.com/v1/devices/MOD-00614/data/779565630
1467.01,807.65,"{'lat': None, 'lon': None}","{'rh': 40.9, 'temp': 24.3, 'wd': 0.0, 'ws': 0.0, 'ws_scalar': 0.0}","{'gas': {'co': 13499, 'co2': 13261, 'no': 13587, 'no2': 13766, 'o3': 13746}, 'pm': {'pm1': 13203, 'pm10': 13205, 'pm25': 13204}}",4.09,11.4,23.26,2.15,2.15,2.15,779563074,40.9,MOD-00614,24.3,2026-09-13T05:36:30,2026-09-12T22:36:30,https://api.quant-aq.com/v1/devices/MOD-00614/data/779562749
1470.71,807.89,"{'lat': None, 'lon': None}","{'rh': 40.9, 'temp': 24.3, 'wd': 0.0, 'ws': 0.0, 'ws_scalar': 0.0}","{'gas': {'co': 13499, 'co2': 13261, 'no': 13587, 'no2': 13766, 'o3': 13746}, 'pm': {'pm1': 13203, 'pm10': 13205, 'pm25': 13204}}",4.09,11.35,23.26,2.72,2.72,2.72,779563073,40.9,MOD-00614,24.3,2026-09-13T05:35:30,2026-09-12T22:35:30,https://api.quant-aq.com/v1/devices/MOD-00614/data/779562747
1471.53,807.29,"{'lat': None, 'lon': None}","{'rh': 40.9, 'temp': 24.3, 'wd': 0.0, 'ws': 0.0, 'ws_scalar': 0.0}","{'gas': {'co': 13499, 'co2': 13261, 'no': 13587, 'no2': 13766, 'o3': 13746}, 'pm': {'pm1': 13203, 'pm10': 13205, 'pm25': 13204}}",4.1,11.35,23.26,2.72,2.74,2.74,779563072,40.9,MOD-00614,24.3,2026-09-13T05:34:30,2026-09-12T22:34:30,https://api.quant-aq.com/v1/devices/MOD-00614/data/779562746
1470.71,806.93,"{'lat': None, 'lon': None}","{'rh': 40.9, 'temp': 24.3, 'wd': 0.0, 'ws': 0.0, 'ws_scalar': 0.0}","{'gas': {'co': 13499, 'co2': 13261, 'no': 13587, 'no2': 13766, 'o3': 13746}, 'pm': {'pm1': 13203, 'pm10': 13205, 'pm25': 13204}}",4.09,11.39,23.54,2.51,2.52,2.52,779563075,40.9,MOD-00614,24.3,2026-09-13T05:33:30,2026-09-12T22:33:30,https://api.quant-aq.com/v1/devices/MOD-00614/data/779562750
1470.71,809.82,"{'lat': None, 'lon': None}","{'rh': 40.9, 'temp': 24.3, 'wd': 0.0, 'ws': 0.0, 'ws_scalar': 0.0}","{'gas': {'co': 13499, 'co2': 13261, 'no': 13587, 'no2': 13766, 'o3': 13746}, 'pm': {'pm1': 13203, 'pm10': 13205, 'pm25': 13204}}",4.09,11.35,23.54,2.31,2.35,2.35,779563067,40.9,MOD-00614,24.3,2026-09-13T05:32:30,2026-09-12T22:32:30,https://api.quant-aq.com/v1/devices/MOD-00614/data/779562743
1473.99,809.58,"{'lat': None, 'lon': None}","{'rh': 40.9, 'temp': 24.3, 'wd': 0.0, 'ws': 0.0, 'ws_scalar': 0.0}","{'gas': {'co': 13499, 'co2': 13261, 'no': 13587, 'no2': 13766, 'o3': 13746}, 'pm': {'pm1': 13203, 'pm10': 13205, 'pm25': 13204}}",4.09,11.35,23.54,2.02,2.55,2.04,779560171,40.9,MOD-00614,24.3,2026-09-13T05:31:29,2026-09-12T22:31:29,https://api.quant-aq.com/v1/devices/MOD-00614/data/779559845
1472.76,809.7,"{'lat': None, 'lon': None}","{'rh': 40.9, 'temp': 24.3, 'wd': 0.0, 'ws': 0.0, 'ws_scalar': 0.0}","{'gas': {'co': 13499, 'co2': 13261, 'no': 13587, 'no2': 13766, 'o3': 13746}, 'pm': {'pm1': 13203, 'pm10': 13205, 'pm25': 13204}}",4.09,11.4,23.26,2.51,2.51,2.51,779560170,40.9,MOD-00614,24.3,2026-09-13T05:30:29,2026-09-12T22:30:29,https://api.quant-aq.com/v1/devices/MOD-00614/data/779559846
1473.99,811.74,"{'lat': None, 'lon': None}","{'rh': 40.9, 'temp': 24.3, 'wd': 0.0, 'ws': 0.0, 'ws_scalar': 0.0}","{'gas': {'co': 13499, 'co2': 13261, 'no': 13587, 'no2': 13766, 'o3': 13746}, 'pm': {'pm1': 13203, 'pm10': 13205, 'pm25': 13204}}",4.1,11.4,23.54,2.52,2.54,2.54,779560167,40.9,MOD-00614,24.3,2026-09-13T05:29:29,2026-09-12T22:29:29,https://api.quant-aq.com/v1/devices/MOD-00614/data/779559844
1474.4,809.82,"{'lat': None, 'lon': None}","{'rh': 40.9, 'temp': 24.3, 'wd': 0.0, 'ws': 0.0, 'ws_scalar': 0.0}","{'gas': {'co': 13499, 'co2': 13261, 'no': 13587, 'no2': 13766, 'o3': 13746}, 'pm': {'pm1': 13203, 'pm10': 13205, 'pm25': 13204}}",4.09,11.4,22.98,2.5,2.5,2.5,779560168,40.9,MOD-00614,24.3,2026-09-13T05:28:29,2026-09-12T22:28:29,https://api.quant-aq.com/v1/devices/MOD-00614/data/779559842
1479.74,812.83,"{'lat': None, 'lon': None}","{'rh': 40.9, 'temp': 24.3, 'wd': 0.0, 'ws': 0.0, 'ws_scalar': 0.0}","{'gas': {'co': 13499, 'co2': 13261, 'no': 13587, 'no2': 13766, 'o3': 13746}, 'pm': {'pm1': 13203, 'pm10': 13205, 'pm25': 13204}}",4.09,11.4,23.26,2.53,2.53,2.53,779560169,40.9,MOD-00614,24.3,2026-09-13T05:27:29,2026-09-12T22:27:29,https://api.quant-aq.com/v1/devices/MOD-00614/data/779559843
1481.38,809.58,"{'lat': None, 'lon': None}","{'rh': 40.9, 'temp': 24.3, 'wd': 0.0, 'ws': 0.0, 'ws_scalar': 0.0}","{'gas': {'co': 13499, 'co2': 13261, 'no': 13587, 'no2': 13766, 'o3': 13746}, 'pm': {'pm1': 13203, 'pm10': 13205, 'pm25': 13204}}",4.1,11.12,23.26,2.85,2.88,2.88,779557336,40.9,MOD-00614,24.3,2026-09-13T05:26:29,2026-09-12T22:26:29,https://api.quant-aq.com/v1/devices/MOD-00614/data/779557012
1480.67,812.71,"{'lat': None, 'lon': None}","{'rh': 40.9, 'temp': 24.4, 'wd': 0.0, 'ws': 0.0, 'ws_scalar': 0.0}","{'gas': {'co': 13499, 'co2': 13261, 'no': 13587, 'no2': 13766, 'o3': 13746}, 'pm': {'pm1': 13203, 'pm10': 13205, 'pm25': 13204}}",4.1,11.64,23.0,2.56,2.58,2.58,779557337,40.9,MOD-00614,24.4,2026-09-13T05:25:29,2026-09-12T22:25:29,https://api.quant-aq.com/v1/devices/MOD-00614/data/779557011
1482.61,814.27,"{'lat': None, 'lon': None}","{'rh': 40.9, 'temp': 24.3, 'wd': 0.0, 'ws': 0.0, 'ws_scalar': 0.0}","{'gas': {'co': 13499, 'co2': 13261, 'no': 13587, 'no2': 13766, 'o3': 13746}, 'pm': {'pm1': 13203, 'pm10': 13205, 'pm25': 13204}}",4.1,11.4,23.26,2.3,2.33,2.33,779557339,40.9,MOD-00614,24.3,2026-09-13T05:24:29,2026-09-12T22:24:29,https://api.quant-aq.com/v1/devices/MOD-00614/data/779557013
1477.79,812.47,"{'lat': None, 'lon': None}","{'rh': 40.9, 'temp': 24.4, 'wd': 0.0, 'ws': 0.0, 'ws_scalar': 0.0}","{'gas': {'co': 13499, 'co2': 13261, 'no': 13587, 'no2': 13766, 'o3': 13746}, 'pm': {'pm1': 13203, 'pm10': 13205, 'pm25': 13204}}",4.1,11.67,23.56,2.44,2.44,2.44,779557340,40.9,MOD-00614,24.4,2026-09-13T05:23:29,2026-09-12T22:23:29,https://api.quant-aq.com/v1/devices/MOD-00614/data/779557015
1487.64,812.83,"{'lat': None, 'lon': None}","{'rh': 40.9, 'temp': 24.4, 'wd': 0.0, 'ws': 0.0, 'ws_scalar': 0.0}","{'gas': {'co': 13499, 'co2': 13261, 'no': 13587, 'no2': 13766, 'o3': 13746}, 'pm': {'pm1': 13203, 'pm10': 13205, 'pm25': 13204}}",4.1,11.67,23.0,2.26,2.27,2.27,779557338,40.9,MOD-00614,24.4,2026-09-13T05:22:29,2026-09-12T22:22:29,https://api.quant-aq.com/v1/devices/MOD-00614/data/779557014
1484.84,813.31,"{'lat': None, 'lon': None}","{'rh': 40.8, 'temp': 24.4, 'wd': 0.0, 'ws': 0.0, 'ws_scalar': 0.0}","{'gas': {'co': 13499, 'co2': 13261, 'no': 13587, 'no2': 13766, 'o3': 13746}, 'pm': {'pm1': 13203, 'pm10': 13205, 'pm25': 13204}}",4.08,12.06,23.59,2.58,2.59,2.59,779554420,40.8,MOD-00614,24.4,2026-09-13T05:21:29,2026-09-12T22:21:29,https://api.quant-aq.com/v1/devices/MOD-00614/data/779554097
1486.82,815.48,"{'lat': None, 'lon': None}","{'rh': 40.9, 'temp': 24.4, 'wd': 0.0, 'ws': 0.0, 'ws_scalar': 0.0}","{'gas': {'co': 13499, 'co2': 13261, 'no': 13587, 'no2': 13766, 'o3': 13746}, 'pm': {'pm1': 13203, 'pm10': 13205, 'pm25': 13204}}",4.1,11.64,23.28,2.54,2.55,2.55,779554417,40.9,MOD-00614,24.4,2026-09-13T05:20:29,2026-09-12T22:20:29,https://api.quant-aq.com/v1/devices/MOD-00614/data/779554095
1488.47,813.07,"{'lat': None, 'lon': None}","{'rh': 40.9, 'temp': 24.4, 'wd': 0.0, 'ws': 0.0, 'ws_scalar': 0.0}","{'gas': {'co': 13499, 'co2': 13261, 'no': 13587, 'no2': 13766, 'o3': 13746}, 'pm': {'pm1': 13203, 'pm10': 13205, 'pm25': 13204}}",4.1,12.0,23.84,2.41,2.44,2.44,779554416,40.9,MOD-00614,24.4,2026-09-13T05:19:28,2026-09-12T22:19:28,https://api.quant-aq.com/v1/devices/MOD-00614/data/779554090
1485.25,814.64,"{'lat': None, 'lon': None}","{'rh': 40.8, 'temp': 24.4, 'wd': 0.0, 'ws': 0.0, 'ws_scalar': 0.0}","{'gas': {'co': 13499, 'co2': 13261, 'no': 13587, 'no2': 13766, 'o3': 13746}, 'pm': {'pm1': 13203, 'pm10': 13205, 'pm25': 13204}}",4.09,12.06,23.31,2.33,2.34,2.34,779554415,40.8,MOD-00614,24.4,2026-09-13T05:18:28,2026-09-12T22:18:28,https://api.quant-aq.com/v1/devices/MOD-00614/data/779554091
1487.72,817.04,"{'lat': None, 'lon': None}","{'rh': 40.8, 'temp': 24.4, 'wd': 0.0, 'ws': 0.0, 'ws_scalar': 0.0}","{'gas': {'co': 13499, 'co2': 13261, 'no': 13587, 'no2': 13766, 'o3': 13746}, 'pm': {'pm1': 13203, 'pm10': 13205, 'pm25': 13204}}",4.08,11.95,23.59,2.59,2.63,2.63,779554414,40.8,MOD-00614,24.4,2026-09-13T05:17:28,2026-09-12T22:17:28,https://api.quant-aq.com/v1/devices/MOD-00614/data/779554089
1493.05,815.24,"{'lat': None, 'lon': None}","{'rh': 40.8, 'temp': 24.4, 'wd': 0.0, 'ws': 0.0, 'ws_scalar': 0.0}","{'gas': {'co': 13499, 'co2': 13261, 'no': 13587, 'no2': 13766, 'o3': 13746}, 'pm': {'pm1': 13203, 'pm10': 13205, 'pm25': 13204}}",4.08,12.03,23.31,2.39,2.41,2.41,779551489,40.8,MOD-00614,24.4,2026-09-13T05:16:28,2026-09-12T22:16:28,https://api.quant-aq.com/v1/devices/MOD-00614/data/779551164
1494.69,816.32,"{'lat': None, 'lon': None}","{'rh': 40.8, 'temp': 24.4, 'wd': 0.0, 'ws': 0.0, 'ws_scalar': 0.0}","{'gas': {'co': 13499, 'co2': 13261, 'no': 13587, 'no2': 13766, 'o3': 13746}, 'pm': {'pm1': 13203, 'pm10': 13205, 'pm25': 13204}}",4.08,12.03,23.59,2.21,2.28,2.24,779551487,40.8,MOD-00614,24.4,2026-09-13T05:15:28,2026-09-12T22:15:28,https://api.quant-aq.com/v1/devices/MOD-00614/data/779551162
1492.23,816.32,"{'lat': None, 'lon': None}","{'rh': 40.8, 'temp': 24.4, 'wd': 0.0, 'ws': 0.0, 'ws_scalar': 0.0}","{'gas': {'co': 13499, 'co2': 13261, 'no': 13587, 'no2': 13766, 'o3': 13746}, 'pm': {'pm1': 13203, 'pm10': 13205, 'pm25': 13204}}",4.1,11.81,23.31,2.31,2.39,2.35,779551488,40.8,MOD-00614,24.4,2026-09-13T05:14:28,2026-09-12T22:14:28,https://api.quant-aq.com/v1/devices/MOD-00614/data/779551163
1495.93,818.25,"{'lat': None, 'lon': None}","{'rh': 40.8, 'temp': 24.4, 'wd': 0.0, 'ws': 0.0, 'ws_scalar': 0.0}","{'gas': {'co': 13499, 'co2': 13261, 'no': 13587, 'no2': 13766, 'o3': 13746}, 'pm': {'pm1': 13203, 'pm10': 13205, 'pm25': 13204}}",4.08,11.95,23.87,2.68,2.68,2.68,779551485,40.8,MOD-00614,24.4,2026-09-13T05:13:28,2026-09-12T22:13:28,https://api.quant-aq.com/v1/devices/MOD-00614/data/779551161
1498.8,819.45,"{'lat': None, 'lon': None}","{'rh': 40.8, 'temp': 24.4, 'wd': 0.0, 'ws': 0.0, 'ws_scalar': 0.0}","{'gas': {'co': 13499, 'co2': 13261, 'no': 13587, 'no2': 13766, 'o3': 13746}, 'pm': {'pm1': 13203, 'pm10': 13205, 'pm25': 13204}}",4.1,12.03,23.59,2.17,2.19,2.19,779551486,40.8,MOD-00614,24.4,2026-09-13T05:12:28,2026-09-12T22:12:28,https://api.quant-aq.com/v1/devices/MOD-00614/data/779551160
1493.46,817.65,"{'lat': None, 'lon': None}","{'rh': 40.8, 'temp': 24.4, 'wd': 0.0, 'ws': 0.0, 'ws_scalar': 0.0}","{'gas': {'co': 13499, 'co2': 13261, 'no': 13587, 'no2': 13766, 'o3': 13746}, 'pm': {'pm1': 13203, 'pm10': 13205, 'pm25': 13204}}",4.1,12.06,23.31,2.42,2.49,2.45,779548607,40.8,MOD-00614,24.4,2026-09-13T05:11:28,2026-09-12T22:11:28,https://api.quant-aq.com/v1/devices/MOD-00614/data/779548282
1497.98,820.18,"{'lat': None, 'lon': None}","{'rh': 40.8, 'temp': 24.4, 'wd': 0.0, 'ws': 0.0, 'ws_scalar': 0.0}","{'gas': {'co': 13499, 'co2': 13261, 'no': 13587, 'no2': 13766, 'o3': 13746}, 'pm': {'pm1': 13203, 'pm10': 13205, 'pm25': 13204}}",4.08,12.03,23.87,2.62,3.64,2.64,779548608,40.8,MOD-00614,24.4,2026-09-13T05:10:28,2026-09-12T22:10:28,https://api.quant-aq.com/v1/devices/MOD-00614/data/779548283
1497.98,819.69,"{'lat': None, 'lon': None}","{'rh': 40.8, 'temp': 24.4, 'wd': 0.0, 'ws': 0.0, 'ws_scalar': 0.0}","{'gas': {'co': 13499, 'co2': 13261, 'no': 13587, 'no2': 13766, 'o3': 13746}, 'pm': {'pm1': 13203, 'pm10': 13205, 'pm25': 13204}}",4.1,12.03,23.59,2.29,2.3,2.3,779548606,40.8,MOD-00614,24.4,2026-09-13T05:09:28,2026-09-12T22:09:28,https://api.quant-aq.com/v1/devices/MOD-00614/data/779548281
1497.98,817.16,"{'lat': None, 'lon': None}","{'rh': 40.8, 'temp': 24.4, 'wd': 0.0, 'ws': 0.0, 'ws_scalar': 0.0}","{'gas': {'co': 13499, 'co2': 13261, 'no': 13587, 'no2': 13766, 'o3': 13746}, 'pm': {'pm1': 13203, 'pm10': 13205, 'pm25': 13204}}",4.1,12.06,23.31,2.12,2.18,2.14,779548604,40.8,MOD-00614,24.4,2026-09-13T05:08:28,2026-09-12T22:08:28,https://api.quant-aq.com/v1/devices/MOD-00614/data/779548279
1499.69,818.13,"{'lat': None, 'lon': None}","{'rh': 40.7, 'temp': 24.4, 'wd': 0.0, 'ws': 0.0, 'ws_scalar': 0.0}","{'gas': {'co': 13499, 'co2': 13261, 'no': 13587, 'no2': 13766, 'o3': 13746}, 'pm': {'pm1': 13203, 'pm10': 13205, 'pm25': 13204}}",4.08,12.41,23.34,2.49,2.49,2.49,779548605,40.7,MOD-00614,24.4,2026-09-13T05:07:28,2026-09-12T22:07:28,https://api.quant-aq.com/v1/devices/MOD-00614/data/779548280
1502.56,823.43,"{'lat': None, 'lon': None}","{'rh': 40.7, 'temp': 24.4, 'wd': 0.0, 'ws': 0.0, 'ws_scalar': 0.0}","{'gas': {'co': 13499, 'co2': 13261, 'no': 13587, 'no2': 13766, 'o3': 13746}, 'pm': {'pm1': 13203, 'pm10': 13205, 'pm25': 13204}}",4.08,11.9,23.34,2.23,2.42,2.25,779545725,40.7,MOD-00614,24.4,2026-09-13T05:06:27,2026-09-12T22:06:27,https://api.quant-aq.com/v1/devices/MOD-00614/data/779545400
1502.98,819.93,"{'lat': None, 'lon': None}","{'rh': 40.7, 'temp': 24.4, 'wd': 0.0, 'ws': 0.0, 'ws_scalar': 0.0}","{'gas': {'co': 13499, 'co2': 13261, 'no': 13587, 'no2': 13766, 'o3': 13746}, 'pm': {'pm1': 13203, 'pm10': 13205, 'pm25': 13204}}",4.08,11.98,23.62,2.47,2.54,2.5,779545724,40.7,MOD-00614,24.4,2026-09-13T05:05:27,2026-09-12T22:05:27,https://api.quant-aq.com/v1/devices/MOD-00614/data/779545399
1507.08,821.14,"{'lat': None, 'lon': None}","{'rh': 40.7, 'temp': 24.4, 'wd': 0.0, 'ws': 0.0, 'ws_scalar': 0.0}","{'gas': {'co': 13499, 'co2': 13261, 'no': 13587, 'no2': 13766, 'o3': 13746}, 'pm': {'pm1': 13203, 'pm10': 13205, 'pm25': 13204}}",4.08,11.9,23.62,2.11,2.12,2.12,779545722,40.7,MOD-00614,24.4,2026-09-13T05:04:27,2026-09-12T22:04:27,https://api.quant-aq.com/v1/devices/MOD-00614/data/779545398
1506.26,823.07,"{'lat': None, 'lon': None}","{'rh': 40.7, 'temp': 24.4, 'wd': 0.0, 'ws': 0.0, 'ws_scalar': 0.0}","{'gas': {'co': 13499, 'co2': 13261, 'no': 13587, 'no2': 13766, 'o3': 13746}, 'pm': {'pm1': 13203, 'pm10': 13205, 'pm25': 13204}}",4.08,11.9,23.34,2.52,2.62,2.58,779545723,40.7,MOD-00614,24.4,2026-09-13T05:03:27,2026-09-12T22:03:27,https://api.quant-aq.com/v1/devices/MOD-00614/data/779545397
1509.2,820.42,"{'lat': None, 'lon': None}","{'rh': 40.6, 'temp': 24.4, 'wd': 0.0, 'ws': 0.0, 'ws_scalar': 0.0}","{'gas': {'co': 13499, 'co2': 13261, 'no': 13587, 'no2': 13766, 'o3': 13746}, 'pm': {'pm1': 13203, 'pm10': 13205, 'pm25': 13204}}",4.07,11.94,23.93,2.17,2.17,2.17,779545721,40.6,MOD-00614,24.4,2026-09-13T05:02:27,2026-09-12T22:02:27,https://api.quant-aq.com/v1/devices/MOD-00614/data/779545396
1509.61,823.31,"{'lat': None, 'lon': None}","{'rh': 40.6, 'temp': 24.4, 'wd': 0.0, 'ws': 0.0, 'ws_scalar': 0.0}","{'gas': {'co': 13499, 'co2': 13261, 'no': 13587, 'no2': 13766, 'o3': 13746}, 'pm': {'pm1': 13203, 'pm10': 13205, 'pm25': 13204}}",4.07,11.97,23.09,2.01,2.18,2.02,779542810,40.6,MOD-00614,24.4,2026-09-13T05:01:27,2026-09-12T22:01:27,https://api.quant-aq.com/v1/devices/MOD-00614/data/779542485
1510.85,823.19,"{'lat': None, 'lon': None}","{'rh': 40.6, 'temp': 24.4, 'wd': 0.0, 'ws': 0.0, 'ws_scalar': 0.0}","{'gas': {'co': 13499, 'co2': 13261, 'no': 13587, 'no2': 13766, 'o3': 13746}, 'pm': {'pm1': 13203, 'pm10': 13205, 'pm25': 13204}}",4.07,11.94,23.65,2.08,2.16,2.12,779542812,40.6,MOD-00614,24.4,2026-09-13T05:00:27,2026-09-12T22:00:27,https://api.quant-aq.com/v1/devices/MOD-00614/data/779542487
1507.15,823.91,"{'lat': None, 'lon': None}","{'rh': 40.6, 'temp': 24.4, 'wd': 0.0, 'ws': 0.0, 'ws_scalar': 0.0}","{'gas': {'co': 13499, 'co2': 13261, 'no': 13587, 'no2': 13766, 'o3': 13746}, 'pm': {'pm1': 13203, 'pm10': 13205, 'pm25': 13204}}",4.07,11.94,23.37,2.0,2.0,2.0,779542809,40.6,MOD-00614,24.4,2026-09-13T04:59:27,2026-09-12T21:59:27,https://api.quant-aq.com/v1/devices/MOD-00614/data/779542484
1511.74,822.83,"{'lat': None, 'lon': None}","{'rh': 40.5, 'temp': 24.4, 'wd': 0.0, 'ws': 0.0, 'ws_scalar': 0.0}","{'gas': {'co': 13499, 'co2': 13261, 'no': 13587, 'no2': 13766, 'o3': 13746}, 'pm': {'pm1': 13203, 'pm10': 13205, 'pm25': 13204}}",4.32,11.73,23.96,2.43,2.44,2.44,779542811,40.5,MOD-00614,24.4,2026-09-13T04:58:27,2026-09-12T21:58:27,https://api.quant-aq.com/v1/devices/MOD-00614/data/779542486
1511.74,823.91,"{'lat': None, 'lon': None}","{'rh': 40.5, 'temp': 24.4, 'wd': 0.0, 'ws': 0.0, 'ws_scalar': 0.0}","{'gas': {'co': 13499, 'co2': 13261, 'no': 13587, 'no2': 13766, 'o3': 13746}, 'pm': {'pm1': 13203, 'pm10': 13205, 'pm25': 13204}}",4.31,11.93,23.12,2.26,2.33,2.3,779542808,40.5,MOD-00614,24.4,2026-09-13T04:57:27,2026-09-12T21:57:27,https://api.quant-aq.com/v1/devices/MOD-00614/data/779542483
1513.38,826.08,"{'lat': None, 'lon': None}","{'rh': 40.5, 'temp': 24.4, 'wd': 0.0, 'ws': 0.0, 'ws_scalar': 0.0}","{'gas': {'co': 13499, 'co2': 13261, 'no': 13587, 'no2': 13766, 'o3': 13746}, 'pm': {'pm1': 13203, 'pm10': 13205, 'pm25': 13204}}",4.32,11.73,23.96,2.05,2.06,2.06,779539974,40.5,MOD-00614,24.4,2026-09-13T04:56:27,2026-09-12T21:56:27,https://api.quant-aq.com/v1/devices/MOD-00614/data/779539650
1517.07,825.23,"{'lat': None, 'lon': None}","{'rh': 40.5, 'temp': 24.4, 'wd': 0.0, 'ws': 0.0, 'ws_scalar': 0.0}","{'gas': {'co': 13499, 'co2': 13261, 'no': 13587, 'no2': 13766, 'o3': 13746}, 'pm': {'pm1': 13203, 'pm10': 13205, 'pm25': 13204}}",4.31,11.93,23.4,2.1,2.12,2.12,779539973,40.5,MOD-00614,24.4,2026-09-13T04:55:27,2026-09-12T21:55:27,https://api.quant-aq.com/v1/devices/MOD-00614/data/779539649
1517.56,825.11,"{'lat': None, 'lon': None}","{'rh': 40.4, 'temp': 24.4, 'wd': 0.0, 'ws': 0.0, 'ws_scalar': 0.0}","{'gas': {'co': 13499, 'co2': 13261, 'no': 13587, 'no2': 13766, 'o3': 13746}, 'pm': {'pm1': 13203, 'pm10': 13205, 'pm25': 13204}}",4.49,11.81,23.43,2.28,2.52,2.3,779539975,40.4,MOD-00614,24.4,2026-09-13T04:54:27,2026-09-12T21:54:27,https://api.quant-aq.com/v1/devices/MOD-00614/data/779539648
1509.35,826.32,"{'lat': None, 'lon': None}","{'rh': 40.4, 'temp': 24.4, 'wd': 0.0, 'ws': 0.0, 'ws_scalar': 0.0}","{'gas': {'co': 13499, 'co2': 13261, 'no': 13587, 'no2': 13766, 'o3': 13746}, 'pm': {'pm1': 13203, 'pm10': 13205, 'pm25': 13204}}",4.49,11.81,23.43,2.37,2.38,2.38,779539972,40.4,MOD-00614,24.4,2026-09-13T04:53:26,2026-09-12T21:53:26,https://api.quant-aq.com/v1/devices/MOD-00614/data/779539647
1513.04,831.86,"{'lat': None, 'lon': None}","{'rh': 40.4, 'temp': 24.4, 'wd': 0.0, 'ws': 0.0, 'ws_scalar': 0.0}","{'gas': {'co': 13499, 'co2': 13261, 'no': 13587, 'no2': 13766, 'o3': 13746}, 'pm': {'pm1': 13203, 'pm10': 13205, 'pm25': 13204}}",4.49,12.25,23.15,2.03,2.21,2.04,779539970,40.4,MOD-00614,24.4,2026-09-13T04:52:26,2026-09-12T21:52:26,https://api.quant-aq.com/v1/devices/MOD-00614/data/779539646
1517.97,827.76,"{'lat': None, 'lon': None}","{'rh': 40.4, 'temp': 24.4, 'wd': 0.0, 'ws': 0.0, 'ws_scalar': 0.0}","{'gas': {'co': 13499, 'co2': 13261, 'no': 13587, 'no2': 13766, 'o3': 13746}, 'pm': {'pm1': 13203, 'pm10': 13205, 'pm25': 13204}}",4.49,12.25,23.15,2.17,2.21,2.21,779537118,40.4,MOD-00614,24.4,2026-09-13T04:51:26,2026-09-12T21:51:26,https://api.quant-aq.com/v1/devices/MOD-00614/data/779536793
1518.04,826.92,"{'lat': None, 'lon': None}","{'rh': 40.3, 'temp': 24.4, 'wd': 0.0, 'ws': 0.0, 'ws_scalar': 0.0}","{'gas': {'co': 13499, 'co2': 13261, 'no': 13587, 'no2': 13766, 'o3': 13746}, 'pm': {'pm1': 13203, 'pm10': 13205, 'pm25': 13204}}",4.5,11.07,23.46,2.31,2.34,2.34,779537117,40.3,MOD-00614,24.4,2026-09-13T04:50:26,2026-09-12T21:50:26,https://api.quant-aq.com/v1/devices/MOD-00614/data/779536792
1522.96,830.17,"{'lat': None, 'lon': None}","{'rh': 40.3, 'temp': 24.4, 'wd': 0.0, 'ws': 0.0, 'ws_scalar': 0.0}","{'gas': {'co': 13499, 'co2': 13261, 'no': 13587, 'no2': 13766, 'o3': 13746}, 'pm': {'pm1': 13203, 'pm10': 13205, 'pm25': 13204}}",4.5,11.13,23.46,1.93,1.93,1.93,779537116,40.3,MOD-00614,24.4,2026-09-13T04:49:26,2026-09-12T21:49:26,https://api.quant-aq.com/v1/devices/MOD-00614/data/779536791
1524.61,830.65,"{'lat': None, 'lon': None}","{'rh': 40.3, 'temp': 24.4, 'wd': 0.0, 'ws': 0.0, 'ws_scalar': 0.0}","{'gas': {'co': 13499, 'co2': 13261, 'no': 13587, 'no2': 13766, 'o3': 13746}, 'pm': {'pm1': 13203, 'pm10': 13205, 'pm25': 13204}}",4.5,11.13,23.46,2.23,2.45,2.28,779537115,40.3,MOD-00614,24.4,2026-09-13T04:48:26,2026-09-12T21:48:26,https://api.quant-aq.com/v1/devices/MOD-00614/data/779536789
1524.27,830.9,"{'lat': None, 'lon': None}","{'rh': 40.2, 'temp': 24.4, 'wd': 0.0, 'ws': 0.0, 'ws_scalar': 0.0}","{'gas': {'co': 13499, 'co2': 13261, 'no': 13587, 'no2': 13766, 'o3': 13746}, 'pm': {'pm1': 13203, 'pm10': 13205, 'pm25': 13204}}",4.48,11.28,23.77,2.17,2.19,2.19,779537114,40.2,MOD-00614,24.4,2026-09-13T04:47:26,2026-09-12T21:47:26,https://api.quant-aq.com/v1/devices/MOD-00614/data/779536790
1523.86,832.46,"{'lat': None, 'lon': None}","{'rh': 40.2, 'temp': 24.4, 'wd': 0.0, 'ws': 0.0, 'ws_scalar': 0.0}","{'gas': {'co': 13499, 'co2': 13261, 'no': 13587, 'no2': 13766, 'o3': 13746}, 'pm': {'pm1': 13203, 'pm10': 13205, 'pm25': 13204}}",4.49,10.98,23.21,2.13,2.21,2.17,779534267,40.2,MOD-00614,24.4,2026-09-13T04:46:26,2026-09-12T21:46:26,https://api.quant-aq.com/v1/devices/MOD-00614/data/779533942
1524.68,831.14,"{'lat': None, 'lon': None}","{'rh': 40.2, 'temp': 24.4, 'wd': 0.0, 'ws': 0.0, 'ws_scalar': 0.0}","{'gas': {'co': 13499, 'co2': 13261, 'no': 13587, 'no2': 13766, 'o3': 13746}, 'pm': {'pm1': 13203, 'pm10': 13205, 'pm25': 13204}}",4.49,11.77,23.49,1.87,1.89,1.89,779534266,40.2,MOD-00614,24.4,2026-09-13T04:45:26,2026-09-12T21:45:26,https://api.quant-aq.com/v1/devices/MOD-00614/data/779533941
1525.09,833.06,"{'lat': None, 'lon': None}","{'rh': 40.2, 'temp': 24.4, 'wd': 0.0, 'ws': 0.0, 'ws_scalar': 0.0}","{'gas': {'co': 13499, 'co2': 13261, 'no': 13587, 'no2': 13766, 'o3': 13746}, 'pm': {'pm1': 13203, 'pm10': 13205, 'pm25': 13204}}",4.48,10.98,23.21,2.08,2.15,2.11,779534265,40.2,MOD-00614,24.4,2026-09-13T04:44:26,2026-09-12T21:44:26,https://api.quant-aq.com/v1/devices/MOD-00614/data/779533940
1528.44,832.58,"{'lat': None, 'lon': None}","{'rh': 40.1, 'temp': 24.4, 'wd': 0.0, 'ws': 0.0, 'ws_scalar': 0.0}","{'gas': {'co': 13499, 'co2': 13261, 'no': 13587, 'no2': 13766, 'o3': 13746}, 'pm': {'pm1': 13203, 'pm10': 13205, 'pm25': 13204}}",4.48,11.69,23.25,1.93,1.94,1.94,779534264,40.1,MOD-00614,24.4,2026-09-13T04:43:26,2026-09-12T21:43:26,https://api.quant-aq.com/v1/devices/MOD-00614/data/779533938
1534.6,835.35,"{'lat': None, 'lon': None}","{'rh': 40.1, 'temp': 24.4, 'wd': 0.0, 'ws': 0.0, 'ws_scalar': 0.0}","{'gas': {'co': 13499, 'co2': 13261, 'no': 13587, 'no2': 13766, 'o3': 13746}, 'pm': {'pm1': 13203, 'pm10': 13205, 'pm25': 13204}}",4.48,11.69,23.52,2.3,2.48,2.31,779534263,40.1,MOD-00614,24.4,2026-09-13T04:42:26,2026-09-12T21:42:26,https://api.quant-aq.com/v1/devices/MOD-00614/data/779533939
1530.19,834.15,"{'lat': None, 'lon': None}","{'rh': 40.1, 'temp': 24.5, 'wd': 0.0, 'ws': 0.0, 'ws_scalar': 0.0}","{'gas': {'co': 13499, 'co2': 13261, 'no': 13587, 'no2': 13766, 'o3': 13746}, 'pm': {'pm1': 13203, 'pm10': 13205, 'pm25': 13204}}",4.48,11.9,23.82,1.76,1.83,1.79,779531362,40.1,MOD-00614,24.5,2026-09-13T04:41:25,2026-09-12T21:41:25,https://api.quant-aq.com/v1/devices/MOD-00614/data/779531037
1535.42,834.63,"{'lat': None, 'lon': None}","{'rh': 40.1, 'temp': 24.4, 'wd': 0.0, 'ws': 0.0, 'ws_scalar': 0.0}","{'gas': {'co': 13499, 'co2': 13261, 'no': 13587, 'no2': 13766, 'o3': 13746}, 'pm': {'pm1': 13203, 'pm10': 13205, 'pm25': 13204}}",4.49,11.71,23.25,2.09,2.16,2.12,779531363,40.1,MOD-00614,24.4,2026-09-13T04:40:25,2026-09-12T21:40:25,https://api.quant-aq.com/v1/devices/MOD-00614/data/779531039
1532.24,833.55,"{'lat': None, 'lon': None}","{'rh': 40.1, 'temp': 24.5, 'wd': 0.0, 'ws': 0.0, 'ws_scalar': 0.0}","{'gas': {'co': 13499, 'co2': 13261, 'no': 13587, 'no2': 13766, 'o3': 13746}, 'pm': {'pm1': 13203, 'pm10': 13205, 'pm25': 13204}}",4.48,12.26,23.54,1.93,1.94,1.94,779531368,40.1,MOD-00614,24.5,2026-09-13T04:39:25,2026-09-12T21:39:25,https://api.quant-aq.com/v1/devices/MOD-00614/data/779531043
1538.81,834.75,"{'lat': None, 'lon': None}","{'rh': 40.1, 'temp': 24.5, 'wd': 0.0, 'ws': 0.0, 'ws_scalar': 0.0}","{'gas': {'co': 13499, 'co2': 13261, 'no': 13587, 'no2': 13766, 'o3': 13746}, 'pm': {'pm1': 13203, 'pm10': 13205, 'pm25': 13204}}",4.48,11.9,22.98,2.0,2.04,2.04,779531366,40.1,MOD-00614,24.5,2026-09-13T04:38:25,2026-09-12T21:38:25,https://api.quant-aq.com/v1/devices/MOD-00614/data/779531042
1535.53,836.56,"{'lat': None, 'lon': None}","{'rh': 40.1, 'temp': 24.5, 'wd': 0.0, 'ws': 0.0, 'ws_scalar': 0.0}","{'gas': {'co': 13499, 'co2': 13261, 'no': 13587, 'no2': 13766, 'o3': 13746}, 'pm': {'pm1': 13203, 'pm10': 13205, 'pm25': 13204}}",4.48,11.9,23.82,1.83,1.83,1.83,779531365,40.1,MOD-00614,24.5,2026-09-13T04:37:25,2026-09-12T21:37:25,https://api.quant-aq.com/v1/devices/MOD-00614/data/779531041
1541.69,838.36,"{'lat': None, 'lon': None}","{'rh': 40.1, 'temp': 24.5, 'wd': 0.0, 'ws': 0.0, 'ws_scalar': 0.0}","{'gas': {'co': 13499, 'co2': 13261, 'no': 13587, 'no2': 13766, 'o3': 13746}, 'pm': {'pm1': 13203, 'pm10': 13205, 'pm25': 13204}}",4.48,11.88,23.54,1.83,3.65,1.84,779528498,40.1,MOD-00614,24.5,2026-09-13T04:36:25,2026-09-12T21:36:25,https://api.quant-aq.com/v1/devices/MOD-00614/data/779528178
1538.4,834.39,"{'lat': None, 'lon': None}","{'rh': 40.1, 'temp': 24.5, 'wd': 0.0, 'ws': 0.0, 'ws_scalar': 0.0}","{'gas': {'co': 13499, 'co2': 13261, 'no': 13587, 'no2': 13766, 'o3': 13746}, 'pm': {'pm1': 13203, 'pm10': 13205, 'pm25': 13204}}",4.48,12.26,23.54,2.44,2.46,2.46,779528497,40.1,MOD-00614,24.5,2026-09-13T04:35:25,2026-09-12T21:35:25,https://api.quant-aq.com/v1/devices/MOD-00614/data/779528177
1542.51,835.47,"{'lat': None, 'lon': None}","{'rh': 40.1, 'temp': 24.5, 'wd': 0.0, 'ws': 0.0, 'ws_scalar': 0.0}","{'gas': {'co': 13499, 'co2': 13261, 'no': 13587, 'no2': 13766, 'o3': 13746}, 'pm': {'pm1': 13203, 'pm10': 13205, 'pm25': 13204}}",4.48,11.61,22.98,1.83,1.83,1.83,779528496,40.1,MOD-00614,24.5,2026-09-13T04:34:25,2026-09-12T21:34:25,https://api.quant-aq.com/v1/devices/MOD-00614/data/779528171
1543.74,837.52,"{'lat': None, 'lon': None}","{'rh': 40.1, 'temp': 24.5, 'wd': 0.0, 'ws': 0.0, 'ws_scalar': 0.0}","{'gas': {'co': 13499, 'co2': 13261, 'no': 13587, 'no2': 13766, 'o3': 13746}, 'pm': {'pm1': 13203, 'pm10': 13205, 'pm25': 13204}}",4.49,11.9,23.26,1.97,1.99,1.99,779528495,40.1,MOD-00614,24.5,2026-09-13T04:33:25,2026-09-12T21:33:25,https://api.quant-aq.com/v1/devices/MOD-00614/data/779528170
1544.56,838.24,"{'lat': None, 'lon': None}","{'rh': 40.1, 'temp': 24.5, 'wd': 0.0, 'ws': 0.0, 'ws_scalar': 0.0}","{'gas': {'co': 13499, 'co2': 13261, 'no': 13587, 'no2': 13766, 'o3': 13746}, 'pm': {'pm1': 13203, 'pm10': 13205, 'pm25': 13204}}",4.48,11.88,23.54,2.05,2.07,2.07,779528500,40.1,MOD-00614,24.5,2026-09-13T04:32:25,2026-09-12T21:32:25,https://api.quant-aq.com/v1/devices/MOD-00614/data/779528179
1547.02,837.4,"{'lat': None, 'lon': None}","{'rh': 40.1, 'temp': 24.5, 'wd': 0.0, 'ws': 0.0, 'ws_scalar': 0.0}","{'gas': {'co': 13499, 'co2': 13261, 'no': 13587, 'no2': 13766, 'o3': 13746}, 'pm': {'pm1': 13203, 'pm10': 13205, 'pm25': 13204}}",4.48,11.9,23.54,1.82,1.9,1.86,779525648,40.1,MOD-00614,24.5,2026-09-13T04:31:25,2026-09-12T21:31:25,https://api.quant-aq.com/v1/devices/MOD-00614/data/779525322
1554.0,838.36,"{'lat': None, 'lon': None}","{'rh': 40.1, 'temp': 24.5, 'wd': 0.0, 'ws': 0.0, 'ws_scalar': 0.0}","{'gas': {'co': 13499, 'co2': 13261, 'no': 13587, 'no2': 13766, 'o3': 13746}, 'pm': {'pm1': 13203, 'pm10': 13205, 'pm25': 13204}}",4.48,11.88,23.54,1.84,1.97,1.89,779525646,40.1,MOD-00614,24.5,2026-09-13T04:30:25,2026-09-12T21:30:25,https://api.quant-aq.com/v1/devices/MOD-00614/data/779525321
1547.84,837.64,"{'lat': None, 'lon': None}","{'rh': 40.1, 'temp': 24.5, 'wd': 0.0, 'ws': 0.0, 'ws_scalar': 0.0}","{'gas': {'co': 13499, 'co2': 13261, 'no': 13587, 'no2': 13766, 'o3': 13746}, 'pm': {'pm1': 13203, 'pm10': 13205, 'pm25': 13204}}",4.48,11.9,23.26,1.69,1.69,1.69,779525647,40.1,MOD-00614,24.5,2026-09-13T04:29:24,2026-09-12T21:29:24,https://api.quant-aq.com/v1/devices/MOD-00614/data/779525323
1548.67,835.95,"{'lat': None, 'lon': None}","{'rh': 40.1, 'temp': 24.5, 'wd': 0.0, 'ws': 0.0, 'ws_scalar': 0.0}","{'gas': {'co': 13499, 'co2': 13261, 'no': 13587, 'no2': 13766, 'o3': 13746}, 'pm': {'pm1': 13203, 'pm10': 13205, 'pm25': 13204}}",4.49,11.9,23.54,2.08,2.55,2.09,779525645,40.1,MOD-00614,24.5,2026-09-13T04:28:24,2026-09-12T21:28:24,https://api.quant-aq.com/v1/devices/MOD-00614/data/779525319
1556.8,839.81,"{'lat': None, 'lon': None}","{'rh': 40.2, 'temp': 24.5, 'wd': 0.0, 'ws': 0.0, 'ws_scalar': 0.0}","{'gas': {'co': 13499, 'co2': 13261, 'no': 13587, 'no2': 13766, 'o3': 13746}, 'pm': {'pm1': 13203, 'pm10': 13205, 'pm25': 13204}}",4.49,11.97,23.23,1.47,1.48,1.48,779525644,40.2,MOD-00614,24.5,2026-09-13T04:27:24,2026-09-12T21:27:24,https://api.quant-aq.com/v1/devices/MOD-00614/data/779525320
1554.75,839.09,"{'lat': None, 'lon': None}","{'rh': 40.2, 'temp': 24.5, 'wd': 0.0, 'ws': 0.0, 'ws_scalar': 0.0}","{'gas': {'co': 13499, 'co2': 13261, 'no': 13587, 'no2': 13766, 'o3': 13746}, 'pm': {'pm1': 13203, 'pm10': 13205, 'pm25': 13204}}",4.49,11.97,23.51,2.03,2.04,2.04,779522744,40.2,MOD-00614,24.5,2026-09-13T04:26:24,2026-09-12T21:26:24,https://api.quant-aq.com/v1/devices/MOD-00614/data/779522419
1559.34,838.6,"{'lat': None, 'lon': None}","{'rh': 40.1, 'temp': 24.5, 'wd': 0.0, 'ws': 0.0, 'ws_scalar': 0.0}","{'gas': {'co': 13499, 'co2': 13261, 'no': 13587, 'no2': 13766, 'o3': 13746}, 'pm': {'pm1': 13203, 'pm10': 13205, 'pm25': 13204}}",4.48,11.88,23.26,2.07,2.09,2.09,779522743,40.1,MOD-00614,24.5,2026-09-13T04:25:24,2026-09-12T21:25:24,https://api.quant-aq.com/v1/devices/MOD-00614/data/779522417
1555.16,837.28,"{'lat': None, 'lon': None}","{'rh': 40.2, 'temp': 24.5, 'wd': 0.0, 'ws': 0.0, 'ws_scalar': 0.0}","{'gas': {'co': 13499, 'co2': 13261, 'no': 13587, 'no2': 13766, 'o3': 13746}, 'pm': {'pm1': 13203, 'pm10': 13205, 'pm25': 13204}}",4.49,11.97,23.23,1.88,1.9,1.9,779522742,40.2,MOD-00614,24.5,2026-09-13T04:24:24,2026-09-12T21:24:24,https://api.quant-aq.com/v1/devices/MOD-00614/data/779522418
1555.16,839.69,"{'lat': None, 'lon': None}","{'rh': 40.2, 'temp': 24.5, 'wd': 0.0, 'ws': 0.0, 'ws_scalar': 0.0}","{'gas': {'co': 13499, 'co2': 13261, 'no': 13587, 'no2': 13766, 'o3': 13746}, 'pm': {'pm1': 13203, 'pm10': 13205, 'pm25': 13204}}",4.49,11.97,23.51,1.44,1.44,1.44,779522741,40.2,MOD-00614,24.5,2026-09-13T04:23:24,2026-09-12T21:23:24,https://api.quant-aq.com/v1/devices/MOD-00614/data/779522416
1565.01,839.81,"{'lat': None, 'lon': None}","{'rh': 40.2, 'temp': 24.5, 'wd': 0.0, 'ws': 0.0, 'ws_scalar': 0.0}","{'gas': {'co': 13499, 'co2': 13261, 'no': 13587, 'no2': 13766, 'o3': 13746}, 'pm': {'pm1': 13203, 'pm10': 13205, 'pm25': 13204}}",4.49,11.54,23.79,1.68,1.88,1.7,779522740,40.2,MOD-00614,24.5,2026-09-13T04:22:24,2026-09-12T21:22:24,https://api.quant-aq.com/v1/devices/MOD-00614/data/779522415
1568.3,837.88,"{'lat': None, 'lon': None}","{'rh': 40.2, 'temp': 24.5, 'wd': 0.0, 'ws': 0.0, 'ws_scalar': 0.0}","{'gas': {'co': 13499, 'co2': 13261, 'no': 13587, 'no2': 13766, 'o3': 13746}, 'pm': {'pm1': 13203, 'pm10': 13205, 'pm25': 13204}}",4.49,11.54,23.23,2.02,2.06,2.06,779519808,40.2,MOD-00614,24.5,2026-09-13T04:21:24,2026-09-12T21:21:24,https://api.quant-aq.com/v1/devices/MOD-00614/data/779519482
1560.91,838.84,"{'lat': None, 'lon': None}","{'rh': 40.2, 'temp': 24.5, 'wd': 0.0, 'ws': 0.0, 'ws_scalar': 0.0}","{'gas': {'co': 13499, 'co2': 13261, 'no': 13587, 'no2': 13766, 'o3': 13746}, 'pm': {'pm1': 13203, 'pm10': 13205, 'pm25': 13204}}",4.49,11.96,23.51,1.81,2.03,1.84,779519810,40.2,MOD-00614,24.5,2026-09-13T04:20:24,2026-09-12T21:20:24,https://api.quant-aq.com/v1/devices/MOD-00614/data/779519486
1569.12,841.62,"{'lat': None, 'lon': None}","{'rh': 40.2, 'temp': 24.5, 'wd': 0.0, 'ws': 0.0, 'ws_scalar': 0.0}","{'gas': {'co': 13499, 'co2': 13261, 'no': 13587, 'no2': 13766, 'o3': 13746}, 'pm': {'pm1': 13203, 'pm10': 13205, 'pm25': 13204}}",4.49,11.97,23.51,1.57,3.35,1.6,779519811,40.2,MOD-00614,24.5,2026-09-13T04:19:24,2026-09-12T21:19:24,https://api.quant-aq.com/v1/devices/MOD-00614/data/779519485
1565.01,840.89,"{'lat': None, 'lon': None}","{'rh': 40.2, 'temp': 24.5, 'wd': 0.0, 'ws': 0.0, 'ws_scalar': 0.0}","{'gas': {'co': 13499, 'co2': 13261, 'no': 13587, 'no2': 13766, 'o3': 13746}, 'pm': {'pm1': 13203, 'pm10': 13205, 'pm25': 13204}}",4.49,11.97,23.79,1.4,1.44,1.44,779519809,40.2,MOD-00614,24.5,2026-09-13T04:18:24,2026-09-12T21:18:24,https://api.quant-aq.com/v1/devices/MOD-00614/data/779519484
1567.48,838.84,"{'lat': None, 'lon': None}","{'rh': 40.2, 'temp': 24.5, 'wd': 0.0, 'ws': 0.0, 'ws_scalar': 0.0}","{'gas': {'co': 13499, 'co2': 13261, 'no': 13587, 'no2': 13766, 'o3': 13746}, 'pm': {'pm1': 13203, 'pm10': 13205, 'pm25': 13204}}",4.49,11.97,23.51,2.23,2.31,2.27,779519807,40.2,MOD-00614,24.5,2026-09-13T04:17:23,2026-09-12T21:17:23,https://api.quant-aq.com/v1/devices/MOD-00614/data/779519483
1564.94,842.22,"{'lat': None, 'lon': None}","{'rh': 40.3, 'temp': 24.5, 'wd': 0.0, 'ws': 0.0, 'ws_scalar': 0.0}","{'gas': {'co': 13499, 'co2': 13261, 'no': 13587, 'no2': 13766, 'o3': 13746}, 'pm': {'pm1': 13203, 'pm10': 13205, 'pm25': 13204}}",4.5,11.38,23.48,1.57,1.58,1.58,779516946,40.3,MOD-00614,24.5,2026-09-13T04:16:23,2026-09-12T21:16:23,https://api.quant-aq.com/v1/devices/MOD-00614/data/779516621
1576.03,843.54,"{'lat': None, 'lon': None}","{'rh': 40.3, 'temp': 24.5, 'wd': 0.0, 'ws': 0.0, 'ws_scalar': 0.0}","{'gas': {'co': 13499, 'co2': 13261, 'no': 13587, 'no2': 13766, 'o3': 13746}, 'pm': {'pm1': 13203, 'pm10': 13205, 'pm25': 13204}}",4.5,11.33,23.48,1.73,1.87,1.79,779516945,40.3,MOD-00614,24.5,2026-09-13T04:15:23,2026-09-12T21:15:23,https://api.quant-aq.com/v1/devices/MOD-00614/data/779516620
1579.72,844.99,"{'lat': None, 'lon': None}","{'rh': 40.3, 'temp': 24.5, 'wd': 0.0, 'ws': 0.0, 'ws_scalar': 0.0}","{'gas': {'co': 13499, 'co2': 13261, 'no': 13587, 'no2': 13766, 'o3': 13746}, 'pm': {'pm1': 13203, 'pm10': 13205, 'pm25': 13204}}",4.5,12.44,23.48,1.66,1.76,1.72,779516944,40.3,MOD-00614,24.5,2026-09-13T04:14:23,2026-09-12T21:14:23,https://api.quant-aq.com/v1/devices/MOD-00614/data/779516619
1572.74,846.67,"{'lat': None, 'lon': None}","{'rh': 40.3, 'temp': 24.5, 'wd': 0.0, 'ws': 0.0, 'ws_scalar': 0.0}","{'gas': {'co': 13499, 'co2': 13261, 'no': 13587, 'no2': 13766, 'o3': 13746}, 'pm': {'pm1': 13203, 'pm10': 13205, 'pm25': 13204}}",4.5,12.44,23.48,1.7,2.21,1.72,779516942,40.3,MOD-00614,24.5,2026-09-13T04:13:23,2026-09-12T21:13:23,https://api.quant-aq.com/v1/devices/MOD-00614/data/779516618
1576.44,843.54,"{'lat': None, 'lon': None}","{'rh': 40.3, 'temp': 24.5, 'wd': 0.0, 'ws': 0.0, 'ws_scalar': 0.0}","{'gas': {'co': 13499, 'co2': 13261, 'no': 13587, 'no2': 13766, 'o3': 13746}, 'pm': {'pm1': 13203, 'pm10': 13205, 'pm25': 13204}}",4.5,12.44,24.03,1.28,1.57,1.35,779516943,40.3,MOD-00614,24.5,2026-09-13T04:12:23,2026-09-12T21:12:23,https://api.quant-aq.com/v1/devices/MOD-00614/data/779516617
1581.36,847.28,"{'lat': None, 'lon': None}","{'rh': 40.3, 'temp': 24.5, 'wd': 0.0, 'ws': 0.0, 'ws_scalar': 0.0}","{'gas': {'co': 13499, 'co2': 13261, 'no': 13587, 'no2': 13766, 'o3': 13746}, 'pm': {'pm1': 13203, 'pm10': 13205, 'pm25': 13204}}",4.48,11.38,23.48,1.48,1.57,1.53,779514105,40.3,MOD-00614,24.5,2026-09-13T04:11:23,2026-09-12T21:11:23,https://api.quant-aq.com/v1/devices/MOD-00614/data/779513779
1581.36,848.0,"{'lat': None, 'lon': None}","{'rh': 40.3, 'temp': 24.5, 'wd': 0.0, 'ws': 0.0, 'ws_scalar': 0.0}","{'gas': {'co': 13499, 'co2': 13261, 'no': 13587, 'no2': 13766, 'o3': 13746}, 'pm': {'pm1': 13203, 'pm10': 13205, 'pm25': 13204}}",4.5,12.44,23.76,1.51,2.24,1.56,779514102,40.3,MOD-00614,24.5,2026-09-13T04:10:23,2026-09-12T21:10:23,https://api.quant-aq.com/v1/devices/MOD-00614/data/779513777
1580.06,844.14,"{'lat': None, 'lon': None}","{'rh': 40.4, 'temp': 24.5, 'wd': 0.0, 'ws': 0.0, 'ws_scalar': 0.0}","{'gas': {'co': 13499, 'co2': 13261, 'no': 13587, 'no2': 13766, 'o3': 13746}, 'pm': {'pm1': 13203, 'pm10': 13205, 'pm25': 13204}}",4.31,12.02,24.0,1.58,11.68,1.64,779514104,40.4,MOD-00614,24.5,2026-09-13T04:09:23,2026-09-12T21:09:23,https://api.quant-aq.com/v1/devices/MOD-00614/data/779513780
1579.24,849.08,"{'lat': None, 'lon': None}","{'rh': 40.4, 'temp': 24.5, 'wd': 0.0, 'ws': 0.0, 'ws_scalar': 0.0}","{'gas': {'co': 13499, 'co2': 13261, 'no': 13587, 'no2': 13766, 'o3': 13746}, 'pm': {'pm1': 13203, 'pm10': 13205, 'pm25': 13204}}",4.31,12.11,23.72,1.59,1.6,1.6,779514103,40.4,MOD-00614,24.5,2026-09-13T04:08:23,2026-09-12T21:08:23,https://api.quant-aq.com/v1/devices/MOD-00614/data/779513778
1580.47,849.93,"{'lat': None, 'lon': None}","{'rh': 40.4, 'temp': 24.5, 'wd': 0.0, 'ws': 0.0, 'ws_scalar': 0.0}","{'gas': {'co': 13499, 'co2': 13261, 'no': 13587, 'no2': 13766, 'o3': 13746}, 'pm': {'pm1': 13203, 'pm10': 13205, 'pm25': 13204}}",4.31,12.11,23.45,1.59,2.34,1.62,779514101,40.4,MOD-00614,24.5,2026-09-13T04:07:23,2026-09-12T21:07:23,https://api.quant-aq.com/v1/devices/MOD-00614/data/779513776
1589.09,848.84,"{'lat': None, 'lon': None}","{'rh': 40.4, 'temp': 24.5, 'wd': 0.0, 'ws': 0.0, 'ws_scalar': 0.0}","{'gas': {'co': 13499, 'co2': 13261, 'no': 13587, 'no2': 13766, 'o3': 13746}, 'pm': {'pm1': 13203, 'pm10': 13205, 'pm25': 13204}}",4.51,12.54,24.0,1.75,1.97,1.78,779511259,40.4,MOD-00614,24.5,2026-09-13T04:06:23,2026-09-12T21:06:23,https://api.quant-aq.com/v1/devices/MOD-00614/data/779510934
1589.09,849.56,"{'lat': None, 'lon': None}","{'rh': 40.4, 'temp': 24.5, 'wd': 0.0, 'ws': 0.0, 'ws_scalar': 0.0}","{'gas': {'co': 13499, 'co2': 13261, 'no': 13587, 'no2': 13766, 'o3': 13746}, 'pm': {'pm1': 13203, 'pm10': 13205, 'pm25': 13204}}",4.31,12.41,23.45,1.66,5.52,1.68,779511255,40.4,MOD-00614,24.5,2026-09-13T04:05:22,2026-09-12T21:05:22,https://api.quant-aq.com/v1/devices/MOD-00614/data/779510930
1589.5,850.05,"{'lat': None, 'lon': None}","{'rh': 40.4, 'temp': 24.5, 'wd': 0.0, 'ws': 0.0, 'ws_scalar': 0.0}","{'gas': {'co': 13499, 'co2': 13261, 'no': 13587, 'no2': 13766, 'o3': 13746}, 'pm': {'pm1': 13203, 'pm10': 13205, 'pm25': 13204}}",4.31,12.11,23.72,1.65,1.7,1.7,779511258,40.4,MOD-00614,24.5,2026-09-13T04:04:22,2026-09-12T21:04:22,https://api.quant-aq.com/v1/devices/MOD-00614/data/779510933
1591.07,850.77,"{'lat': None, 'lon': None}","{'rh': 40.5, 'temp': 24.5, 'wd': 0.0, 'ws': 0.0, 'ws_scalar': 0.0}","{'gas': {'co': 13499, 'co2': 13261, 'no': 13587, 'no2': 13766, 'o3': 13746}, 'pm': {'pm1': 13203, 'pm10': 13205, 'pm25': 13204}}",4.33,11.91,23.42,1.82,1.89,1.89,779511257,40.5,MOD-00614,24.5,2026-09-13T04:03:22,2026-09-12T21:03:22,https://api.quant-aq.com/v1/devices/MOD-00614/data/779510932
1593.13,852.82,"{'lat': None, 'lon': None}","{'rh': 40.5, 'temp': 24.5, 'wd': 0.0, 'ws': 0.0, 'ws_scalar': 0.0}","{'gas': {'co': 13499, 'co2': 13261, 'no': 13587, 'no2': 13766, 'o3': 13746}, 'pm': {'pm1': 13203, 'pm10': 13205, 'pm25': 13204}}",4.07,12.15,24.25,1.63,2.16,1.66,779511256,40.5,MOD-00614,24.5,2026-09-13T04:02:22,2026-09-12T21:02:22,https://api.quant-aq.com/v1/devices/MOD-00614/data/779510931
1596.0,850.53,"{'lat': None, 'lon': None}","{'rh': 40.5, 'temp': 24.5, 'wd': 0.0, 'ws': 0.0, 'ws_scalar': 0.0}","{'gas': {'co': 13499, 'co2': 13261, 'no': 13587, 'no2': 13766, 'o3': 13746}, 'pm': {'pm1': 13203, 'pm10': 13205, 'pm25': 13204}}",4.33,12.2,23.14,1.97,1.99,1.99,779508353,40.5,MOD-00614,24.5,2026-09-13T04:01:22,2026-09-12T21:01:22,https://api.quant-aq.com/v1/devices/MOD-00614/data/779508028
1588.61,851.73,"{'lat': None, 'lon': None}","{'rh': 40.5, 'temp': 24.5, 'wd': 0.0, 'ws': 0.0, 'ws_scalar': 0.0}","{'gas': {'co': 13499, 'co2': 13261, 'no': 13587, 'no2': 13766, 'o3': 13746}, 'pm': {'pm1': 13203, 'pm10': 13205, 'pm25': 13204}}",4.32,12.2,23.69,1.33,6.96,1.37,779508349,40.5,MOD-00614,24.5,2026-09-13T04:00:22,2026-09-12T21:00:22,https://api.quant-aq.com/v1/devices/MOD-00614/data/779508025
1596.11,852.7,"{'lat': None, 'lon': None}","{'rh': 40.5, 'temp': 24.6, 'wd': 0.0, 'ws': 0.0, 'ws_scalar': 0.0}","{'gas': {'co': 13499, 'co2': 13261, 'no': 13587, 'no2': 13766, 'o3': 13746}, 'pm': {'pm1': 13203, 'pm10': 13205, 'pm25': 13204}}",4.06,12.41,23.71,1.96,2.12,2.03,779508350,40.5,MOD-00614,24.6,2026-09-13T03:59:22,2026-09-12T20:59:22,https://api.quant-aq.com/v1/devices/MOD-00614/data/779508024
1591.89,854.38,"{'lat': None, 'lon': None}","{'rh': 40.5, 'temp': 24.5, 'wd': 0.0, 'ws': 0.0, 'ws_scalar': 0.0}","{'gas': {'co': 13499, 'co2': 13261, 'no': 13587, 'no2': 13766, 'o3': 13746}, 'pm': {'pm1': 13203, 'pm10': 13205, 'pm25': 13204}}",4.33,12.58,23.69,1.83,1.85,1.85,779508352,40.5,MOD-00614,24.5,2026-09-13T03:58:22,2026-09-12T20:58:22,https://api.quant-aq.com/v1/devices/MOD-00614/data/779508027
1595.63,853.54,"{'lat': None, 'lon': None}","{'rh': 40.6, 'temp': 24.6, 'wd': 0.0, 'ws': 0.0, 'ws_scalar': 0.0}","{'gas': {'co': 13499, 'co2': 13261, 'no': 13587, 'no2': 13766, 'o3': 13746}, 'pm': {'pm1': 13203, 'pm10': 13205, 'pm25': 13204}}",4.08,12.47,23.96,1.63,1.66,1.66,779508351,40.6,MOD-00614,24.6,2026-09-13T03:57:22,2026-09-12T20:57:22,https://api.quant-aq.com/v1/devices/MOD-00614/data/779508026
1590.77,855.95,"{'lat': None, 'lon': None}","{'rh': 40.5, 'temp': 24.6, 'wd': 0.0, 'ws': 0.0, 'ws_scalar': 0.0}","{'gas': {'co': 13499, 'co2': 13261, 'no': 13587, 'no2': 13766, 'o3': 13746}, 'pm': {'pm1': 13203, 'pm10': 13205, 'pm25': 13204}}",4.32,12.41,23.71,1.64,1.9,1.72,779505467,40.5,MOD-00614,24.6,2026-09-13T03:56:22,2026-09-12T20:56:22,https://api.quant-aq.com/v1/devices/MOD-00614/data/779505142
1596.82,852.7,"{'lat': None, 'lon': None}","{'rh': 40.5, 'temp': 24.5, 'wd': 0.0, 'ws': 0.0, 'ws_scalar': 0.0}","{'gas': {'co': 13499, 'co2': 13261, 'no': 13587, 'no2': 13766, 'o3': 13746}, 'pm': {'pm1': 13203, 'pm10': 13205, 'pm25': 13204}}",4.07,12.15,23.97,1.74,1.84,1.79,779505463,40.5,MOD-00614,24.5,2026-09-13T03:55:22,2026-09-12T20:55:22,https://api.quant-aq.com/v1/devices/MOD-00614/data/779505137
1597.68,854.86,"{'lat': None, 'lon': None}","{'rh': 40.6, 'temp': 24.6, 'wd': 0.0, 'ws': 0.0, 'ws_scalar': 0.0}","{'gas': {'co': 13499, 'co2': 13261, 'no': 13587, 'no2': 13766, 'o3': 13746}, 'pm': {'pm1': 13203, 'pm10': 13205, 'pm25': 13204}}",4.08,12.61,23.68,1.62,1.74,1.69,779505464,40.6,MOD-00614,24.6,2026-09-13T03:54:22,2026-09-12T20:54:22,https://api.quant-aq.com/v1/devices/MOD-00614/data/779505138
1599.39,856.43,"{'lat': None, 'lon': None}","{'rh': 40.5, 'temp': 24.6, 'wd': 0.0, 'ws': 0.0, 'ws_scalar': 0.0}","{'gas': {'co': 13499, 'co2': 13261, 'no': 13587, 'no2': 13766, 'o3': 13746}, 'pm': {'pm1': 13203, 'pm10': 13205, 'pm25': 13204}}",4.32,12.99,23.71,1.75,1.78,1.78,779505465,40.5,MOD-00614,24.6,2026-09-13T03:53:22,2026-09-12T20:53:22,https://api.quant-aq.com/v1/devices/MOD-00614/data/779505139
1594.39,855.83,"{'lat': None, 'lon': None}","{'rh': 40.6, 'temp': 24.6, 'wd': 0.0, 'ws': 0.0, 'ws_scalar': 0.0}","{'gas': {'co': 13499, 'co2': 13261, 'no': 13587, 'no2': 13766, 'o3': 13746}, 'pm': {'pm1': 13203, 'pm10': 13205, 'pm25': 13204}}",4.08,12.31,23.68,1.31,1.4,1.35,779505466,40.6,MOD-00614,24.6,2026-09-13T03:52:21,2026-09-12T20:52:21,https://api.quant-aq.com/v1/devices/MOD-00614/data/779505141
1598.09,858.72,"{'lat': None, 'lon': None}","{'rh': 40.6, 'temp': 24.6, 'wd': 0.0, 'ws': 0.0, 'ws_scalar': 0.0}","{'gas': {'co': 13499, 'co2': 13261, 'no': 13587, 'no2': 13766, 'o3': 13746}, 'pm': {'pm1': 13203, 'pm10': 13205, 'pm25': 13204}}",4.08,13.1,23.96,1.22,1.52,1.3,779502612,40.6,MOD-00614,24.6,2026-09-13T03:51:21,2026-09-12T20:51:21,https://api.quant-aq.com/v1/devices/MOD-00614/data/779502287
1600.55,858.96,"{'lat': None, 'lon': None}","{'rh': 40.6, 'temp': 24.6, 'wd': 0.0, 'ws': 0.0, 'ws_scalar': 0.0}","{'gas': {'co': 13499, 'co2': 13261, 'no': 13587, 'no2': 13766, 'o3': 13746}, 'pm': {'pm1': 13203, 'pm10': 13205, 'pm25': 13204}}",4.08,12.58,23.4,1.9,1.99,1.95,779502608,40.6,MOD-00614,24.6,2026-09-13T03:50:21,2026-09-12T20:50:21,https://api.quant-aq.com/v1/devices/MOD-00614/data/779502284
1597.68,861.13,"{'lat': None, 'lon': None}","{'rh': 40.6, 'temp': 24.6, 'wd': 0.0, 'ws': 0.0, 'ws_scalar': 0.0}","{'gas': {'co': 13499, 'co2': 13261, 'no': 13587, 'no2': 13766, 'o3': 13746}, 'pm': {'pm1': 13203, 'pm10': 13205, 'pm25': 13204}}",4.08,12.61,23.68,1.58,1.84,1.62,779502609,40.6,MOD-00614,24.6,2026-09-13T03:49:21,2026-09-12T20:49:21,https://api.quant-aq.com/v1/devices/MOD-00614/data/779502283
1598.16,862.69,"{'lat': None, 'lon': None}","{'rh': 40.5, 'temp': 24.6, 'wd': 0.0, 'ws': 0.0, 'ws_scalar': 0.0}","{'gas': {'co': 13499, 'co2': 13261, 'no': 13587, 'no2': 13766, 'o3': 13746}, 'pm': {'pm1': 13203, 'pm10': 13205, 'pm25': 13204}}",4.32,12.5,23.99,1.78,1.8,1.8,779502610,40.5,MOD-00614,24.6,2026-09-13T03:48:21,2026-09-12T20:48:21,https://api.quant-aq.com/v1/devices/MOD-00614/data/779502285
1597.68,858.72,"{'lat': None, 'lon': None}","{'rh': 40.6, 'temp': 24.6, 'wd': 0.0, 'ws': 0.0, 'ws_scalar': 0.0}","{'gas': {'co': 13499, 'co2': 13261, 'no': 13587, 'no2': 13766, 'o3': 13746}, 'pm': {'pm1': 13203, 'pm10': 13205, 'pm25': 13204}}",4.08,13.1,23.68,1.41,1.49,1.45,779502611,40.6,MOD-00614,24.6,2026-09-13T03:47:21,2026-09-12T20:47:21,https://api.quant-aq.com/v1/devices/MOD-00614/data/779502286
1596.86,856.91,"{'lat': None, 'lon': None}","{'rh': 40.6, 'temp': 24.6, 'wd': 0.0, 'ws': 0.0, 'ws_scalar': 0.0}","{'gas': {'co': 13499, 'co2': 13261, 'no': 13587, 'no2': 13766, 'o3': 13746}, 'pm': {'pm1': 13203, 'pm10': 13205, 'pm25': 13204}}",4.08,12.58,24.24,1.86,2.18,1.91,779499846,40.6,MOD-00614,24.6,2026-09-13T03:46:21,2026-09-12T20:46:21,https://api.quant-aq.com/v1/devices/MOD-00614/data/779499521
1598.5,859.8,"{'lat': None, 'lon': None}","{'rh': 40.6, 'temp': 24.6, 'wd': 0.0, 'ws': 0.0, 'ws_scalar': 0.0}","{'gas': {'co': 13499, 'co2': 13261, 'no': 13587, 'no2': 13766, 'o3': 13746}, 'pm': {'pm1': 13203, 'pm10': 13205, 'pm25': 13204}}",4.08,12.58,24.24,1.77,1.79,1.79,779499844,40.6,MOD-00614,24.6,2026-09-13T03:45:21,2026-09-12T20:45:21,https://api.quant-aq.com/v1/devices/MOD-00614/data/779499520
1596.45,863.05,"{'lat': None, 'lon': None}","{'rh': 40.6, 'temp': 24.6, 'wd': 0.0, 'ws': 0.0, 'ws_scalar': 0.0}","{'gas': {'co': 13499, 'co2': 13261, 'no': 13587, 'no2': 13766, 'o3': 13746}, 'pm': {'pm1': 13203, 'pm10': 13205, 'pm25': 13204}}",4.08,12.58,24.24,1.28,1.84,1.34,779499843,40.6,MOD-00614,24.6,2026-09-13T03:44:21,2026-09-12T20:44:21,https://api.quant-aq.com/v1/devices/MOD-00614/data/779499517
1591.93,861.97,"{'lat': None, 'lon': None}","{'rh': 40.6, 'temp': 24.6, 'wd': 0.0, 'ws': 0.0, 'ws_scalar': 0.0}","{'gas': {'co': 13499, 'co2': 13261, 'no': 13587, 'no2': 13766, 'o3': 13746}, 'pm': {'pm1': 13203, 'pm10': 13205, 'pm25': 13204}}",4.08,12.61,23.96,1.52,3.42,1.57,779499842,40.6,MOD-00614,24.6,2026-09-13T03:43:21,2026-09-12T20:43:21,https://api.quant-aq.com/v1/devices/MOD-00614/data/779499518
1596.45,863.3,"{'lat': None, 'lon': None}","{'rh': 40.6, 'temp': 24.6, 'wd': 0.0, 'ws': 0.0, 'ws_scalar': 0.0}","{'gas': {'co': 13499, 'co2': 13261, 'no': 13587, 'no2': 13766, 'o3': 13746}, 'pm': {'pm1': 13203, 'pm10': 13205, 'pm25': 13204}}",4.08,12.61,23.68,1.36,1.49,1.44,779499841,40.6,MOD-00614,24.6,2026-09-13T03:42:21,2026-09-12T20:42:21,https://api.quant-aq.com/v1/devices/MOD-00614/data/779499516
1590.7,864.62,"{'lat': None, 'lon': None}","{'rh': 40.6, 'temp': 24.6, 'wd': 0.0, 'ws': 0.0, 'ws_scalar': 0.0}","{'gas': {'co': 13499, 'co2': 13261, 'no': 13587, 'no2': 13766, 'o3': 13746}, 'pm': {'pm1': 13203, 'pm10': 13205, 'pm25': 13204}}",4.08,12.61,24.51,1.36,1.51,1.46,779496854,40.6,MOD-00614,24.6,2026-09-13T03:41:21,2026-09-12T20:41:21,https://api.quant-aq.com/v1/devices/MOD-00614/data/779496531
1594.39,863.9,"{'lat': None, 'lon': None}","{'rh': 40.6, 'temp': 24.6, 'wd': 0.0, 'ws': 0.0, 'ws_scalar': 0.0}","{'gas': {'co': 13499, 'co2': 13261, 'no': 13587, 'no2': 13766, 'o3': 13746}, 'pm': {'pm1': 13203, 'pm10': 13205, 'pm25': 13204}}",4.08,13.1,24.24,1.75,1.82,1.82,779496855,40.6,MOD-00614,24.6,2026-09-13T03:40:21,2026-09-12T20:40:21,https://api.quant-aq.com/v1/devices/MOD-00614/data/779496529
1587.42,863.05,"{'lat': None, 'lon': None}","{'rh': 40.6, 'temp': 24.6, 'wd': 0.0, 'ws': 0.0, 'ws_scalar': 0.0}","{'gas': {'co': 13499, 'co2': 13261, 'no': 13587, 'no2': 13766, 'o3': 13746}, 'pm': {'pm1': 13203, 'pm10': 13205, 'pm25': 13204}}",4.08,13.1,23.68,1.91,2.06,1.98,779496856,40.6,MOD-00614,24.6,2026-09-13T03:39:20,2026-09-12T20:39:20,https://api.quant-aq.com/v1/devices/MOD-00614/data/779496530
1590.29,864.14,"{'lat': None, 'lon': None}","{'rh': 40.6, 'temp': 24.6, 'wd': 0.0, 'ws': 0.0, 'ws_scalar': 0.0}","{'gas': {'co': 13499, 'co2': 13261, 'no': 13587, 'no2': 13766, 'o3': 13746}, 'pm': {'pm1': 13203, 'pm10': 13205, 'pm25': 13204}}",4.08,12.61,23.96,1.9,3.85,1.94,779496853,40.6,MOD-00614,24.6,2026-09-13T03:38:20,2026-09-12T20:38:20,https://api.quant-aq.com/v1/devices/MOD-00614/data/779496528
1590.7,865.58,"{'lat': None, 'lon': None}","{'rh': 40.6, 'temp': 24.6, 'wd': 0.0, 'ws': 0.0, 'ws_scalar': 0.0}","{'gas': {'co': 13499, 'co2': 13261, 'no': 13587, 'no2': 13766, 'o3': 13746}, 'pm': {'pm1': 13203, 'pm10': 13205, 'pm25': 13204}}",4.08,12.89,23.96,1.54,2.66,1.6,779496852,40.6,MOD-00614,24.6,2026-09-13T03:37:20,2026-09-12T20:37:20,https://api.quant-aq.com/v1/devices/MOD-00614/data/779496527
1594.81,863.05,"{'lat': None, 'lon': None}","{'rh': 40.6, 'temp': 24.6, 'wd': 0.0, 'ws': 0.0, 'ws_scalar': 0.0}","{'gas': {'co': 13499, 'co2': 13261, 'no': 13587, 'no2': 13766, 'o3': 13746}, 'pm': {'pm1': 13203, 'pm10': 13205, 'pm25': 13204}}",4.08,12.58,24.24,1.64,2.71,1.68,779493977,40.6,MOD-00614,24.6,2026-09-13T03:36:20,2026-09-12T20:36:20,https://api.quant-aq.com/v1/devices/MOD-00614/data/779493652
1589.54,868.47,"{'lat': None, 'lon': None}","{'rh': 40.5, 'temp': 24.6, 'wd': 0.0, 'ws': 0.0, 'ws_scalar': 0.0}","{'gas': {'co': 13499, 'co2': 13261, 'no': 13587, 'no2': 13766, 'o3': 13746}, 'pm': {'pm1': 13203, 'pm10': 13205, 'pm25': 13204}}",4.33,12.53,23.99,1.87,1.88,1.88,779493971,40.5,MOD-00614,24.6,2026-09-13T03:35:20,2026-09-12T20:35:20,https://api.quant-aq.com/v1/devices/MOD-00614/data/779493646
1592.41,862.69,"{'lat': None, 'lon': None}","{'rh': 40.5, 'temp': 24.6, 'wd': 0.0, 'ws': 0.0, 'ws_scalar': 0.0}","{'gas': {'co': 13499, 'co2': 13261, 'no': 13587, 'no2': 13766, 'o3': 13746}, 'pm': {'pm1': 13203, 'pm10': 13205, 'pm25': 13204}}",4.32,12.41,23.71,1.43,2.0,1.49,779493973,40.5,MOD-00614,24.6,2026-09-13T03:34:20,2026-09-12T20:34:20,https://api.quant-aq.com/v1/devices/MOD-00614/data/779493648
1588.72,867.63,"{'lat': None, 'lon': None}","{'rh': 40.5, 'temp': 24.6, 'wd': 0.0, 'ws': 0.0, 'ws_scalar': 0.0}","{'gas': {'co': 13499, 'co2': 13261, 'no': 13587, 'no2': 13766, 'o3': 13746}, 'pm': {'pm1': 13203, 'pm10': 13205, 'pm25': 13204}}",4.33,12.53,24.55,1.55,1.92,1.65,779493976,40.5,MOD-00614,24.6,2026-09-13T03:33:20,2026-09-12T20:33:20,https://api.quant-aq.com/v1/devices/MOD-00614/data/779493651
1587.49,867.63,"{'lat': None, 'lon': None}","{'rh': 40.5, 'temp': 24.6, 'wd': 0.0, 'ws': 0.0, 'ws_scalar': 0.0}","{'gas': {'co': 13499, 'co2': 13261, 'no': 13587, 'no2': 13766, 'o3': 13746}, 'pm': {'pm1': 13203, 'pm10': 13205, 'pm25': 13204}}",4.33,12.53,23.43,1.69,1.88,1.8,779493975,40.5,MOD-00614,24.6,2026-09-13T03:32:20,2026-09-12T20:32:20,https://api.quant-aq.com/v1/devices/MOD-00614/data/779493650
1594.06,868.84,"{'lat': None, 'lon': None}","{'rh': 40.5, 'temp': 24.6, 'wd': 0.0, 'ws': 0.0, 'ws_scalar': 0.0}","{'gas': {'co': 13499, 'co2': 13261, 'no': 13587, 'no2': 13766, 'o3': 13746}, 'pm': {'pm1': 13203, 'pm10': 13205, 'pm25': 13204}}",4.32,12.99,23.99,1.28,3.18,1.33,779491116,40.5,MOD-00614,24.6,2026-09-13T03:31:20,2026-09-12T20:31:20,https://api.quant-aq.com/v1/devices/MOD-00614/data/779490791
1591.18,869.2,"{'lat': None, 'lon': None}","{'rh': 40.5, 'temp': 24.6, 'wd': 0.0, 'ws': 0.0, 'ws_scalar': 0.0}","{'gas': {'co': 13499, 'co2': 13261, 'no': 13587, 'no2': 13766, 'o3': 13746}, 'pm': {'pm1': 13203, 'pm10': 13205, 'pm25': 13204}}",4.33,12.99,24.27,1.42,4.47,1.53,779491118,40.5,MOD-00614,24.6,2026-09-13T03:30:20,2026-09-12T20:30:20,https://api.quant-aq.com/v1/devices/MOD-00614/data/779490793
1589.54,869.56,"{'lat': None, 'lon': None}","{'rh': 40.5, 'temp': 24.6, 'wd': 0.0, 'ws': 0.0, 'ws_scalar': 0.0}","{'gas': {'co': 13499, 'co2': 13261, 'no': 13587, 'no2': 13766, 'o3': 13746}, 'pm': {'pm1': 13203, 'pm10': 13205, 'pm25': 13204}}",4.32,12.53,23.99,1.83,2.19,1.93,779491117,40.5,MOD-00614,24.6,2026-09-13T03:29:20,2026-09-12T20:29:20,https://api.quant-aq.com/v1/devices/MOD-00614/data/779490792
1596.93,868.84,"{'lat': None, 'lon': None}","{'rh': 40.5, 'temp': 24.6, 'wd': 0.0, 'ws': 0.0, 'ws_scalar': 0.0}","{'gas': {'co': 13499, 'co2': 13261, 'no': 13587, 'no2': 13766, 'o3': 13746}, 'pm': {'pm1': 13203, 'pm10': 13205, 'pm25': 13204}}",4.32,12.81,24.55,1.56,1.9,1.67,779491119,40.5,MOD-00614,24.6,2026-09-13T03:28:20,2026-09-12T20:28:20,https://api.quant-aq.com/v1/devices/MOD-00614/data/779490794
1596.93,871.0,"{'lat': None, 'lon': None}","{'rh': 40.5, 'temp': 24.6, 'wd': 0.0, 'ws': 0.0, 'ws_scalar': 0.0}","{'gas': {'co': 13499, 'co2': 13261, 'no': 13587, 'no2': 13766, 'o3': 13746}, 'pm': {'pm1': 13203, 'pm10': 13205, 'pm25': 13204}}",4.32,12.81,23.99,1.38,2.1,1.41,779488826,40.5,MOD-00614,24.6,2026-09-13T03:27:20,2026-09-12T20:27:20,https://api.quant-aq.com/v1/devices/MOD-00614/data/779488501
1591.59,871.85,"{'lat': None, 'lon': None}","{'rh': 40.5, 'temp': 24.6, 'wd': 0.0, 'ws': 0.0, 'ws_scalar': 0.0}","{'gas': {'co': 13499, 'co2': 13261, 'no': 13587, 'no2': 13766, 'o3': 13746}, 'pm': {'pm1': 13203, 'pm10': 13205, 'pm25': 13204}}",4.32,12.63,24.27,1.68,2.38,1.82,779488824,40.5,MOD-00614,24.6,2026-09-13T03:26:19,2026-09-12T20:26:19,https://api.quant-aq.com/v1/devices/MOD-00614/data/779488499
1590.36,868.96,"{'lat': None, 'lon': None}","{'rh': 40.5, 'temp': 24.6, 'wd': 0.0, 'ws': 0.0, 'ws_scalar': 0.0}","{'gas': {'co': 13499, 'co2': 13261, 'no': 13587, 'no2': 13766, 'o3': 13746}, 'pm': {'pm1': 13203, 'pm10': 13205, 'pm25': 13204}}",4.33,12.41,24.27,1.4,1.65,1.46,779488825,40.5,MOD-00614,24.6,2026-09-13T03:25:19,2026-09-12T20:25:19,https://api.quant-aq.com/v1/devices/MOD-00614/data/779488500
1595.22,872.21,"{'lat': None, 'lon': None}","{'rh': 40.6, 'temp': 24.6, 'wd': 0.0, 'ws': 0.0, 'ws_scalar': 0.0}","{'gas': {'co': 13499, 'co2': 13261, 'no': 13587, 'no2': 13766, 'o3': 13746}, 'pm': {'pm1': 13203, 'pm10': 13205, 'pm25': 13204}}",4.08,13.1,23.96,1.34,2.07,1.44,779488827,40.6,MOD-00614,24.6,2026-09-13T03:24:19,2026-09-12T20:24:19,https://api.quant-aq.com/v1/devices/MOD-00614/data/779488502
1598.91,870.52,"{'lat': None, 'lon': None}","{'rh': 40.6, 'temp': 24.6, 'wd': 0.0, 'ws': 0.0, 'ws_scalar': 0.0}","{'gas': {'co': 13499, 'co2': 13261, 'no': 13587, 'no2': 13766, 'o3': 13746}, 'pm': {'pm1': 13203, 'pm10': 13205, 'pm25': 13204}}",4.08,12.58,24.79,1.33,2.6,1.46,779488828,40.6,MOD-00614,24.6,2026-09-13T03:23:19,2026-09-12T20:23:19,https://api.quant-aq.com/v1/devices/MOD-00614/data/779488503
1595.22,874.14,"{'lat': None, 'lon': None}","{'rh': 40.6, 'temp': 24.6, 'wd': 0.0, 'ws': 0.0, 'ws_scalar': 0.0}","{'gas': {'co': 13499, 'co2': 13261, 'no': 13587, 'no2': 13766, 'o3': 13746}, 'pm': {'pm1': 13203, 'pm10': 13205, 'pm25': 13204}}",4.08,12.68,23.68,1.45,7.5,1.49,779485994,40.6,MOD-00614,24.6,2026-09-13T03:22:19,2026-09-12T20:22:19,https://api.quant-aq.com/v1/devices/MOD-00614/data/779485669
1596.93,872.81,"{'lat': None, 'lon': None}","{'rh': 40.5, 'temp': 24.6, 'wd': 0.0, 'ws': 0.0, 'ws_scalar': 0.0}","{'gas': {'co': 13499, 'co2': 13261, 'no': 13587, 'no2': 13766, 'o3': 13746}, 'pm': {'pm1': 13203, 'pm10': 13205, 'pm25': 13204}}",4.32,12.99,24.55,1.44,1.88,1.6,779485993,40.5,MOD-00614,24.6,2026-09-13T03:21:19,2026-09-12T20:21:19,https://api.quant-aq.com/v1/devices/MOD-00614/data/779485668
1596.45,874.01,"{'lat': None, 'lon': None}","{'rh': 40.6, 'temp': 24.6, 'wd': 0.0, 'ws': 0.0, 'ws_scalar': 0.0}","{'gas': {'co': 13499, 'co2': 13261, 'no': 13587, 'no2': 13766, 'o3': 13746}, 'pm': {'pm1': 13203, 'pm10': 13205, 'pm25': 13204}}",4.08,13.1,24.24,1.03,1.92,1.15,779485996,40.6,MOD-00614,24.6,2026-09-13T03:20:19,2026-09-12T20:20:19,https://api.quant-aq.com/v1/devices/MOD-00614/data/779485671
1596.45,875.34,"{'lat': None, 'lon': None}","{'rh': 40.6, 'temp': 24.6, 'wd': 0.0, 'ws': 0.0, 'ws_scalar': 0.0}","{'gas': {'co': 13499, 'co2': 13261, 'no': 13587, 'no2': 13766, 'o3': 13746}, 'pm': {'pm1': 13203, 'pm10': 13205, 'pm25': 13204}}",4.08,13.1,23.96,1.27,2.08,1.35,779485995,40.6,MOD-00614,24.6,2026-09-13T03:19:19,2026-09-12T20:19:19,https://api.quant-aq.com/v1/devices/MOD-00614/data/779485670
1599.73,873.29,"{'lat': None, 'lon': None}","{'rh': 40.6, 'temp': 24.6, 'wd': 0.0, 'ws': 0.0, 'ws_scalar': 0.0}","{'gas': {'co': 13499, 'co2': 13261, 'no': 13587, 'no2': 13766, 'o3': 13746}, 'pm': {'pm1': 13203, 'pm10': 13205, 'pm25': 13204}}",4.08,12.89,24.79,1.13,1.72,1.25,779483721,40.6,MOD-00614,24.6,2026-09-13T03:18:19,2026-09-12T20:18:19,https://api.quant-aq.com/v1/devices/MOD-00614/data/779483397
1596.45,873.77,"{'lat': None, 'lon': None}","{'rh': 40.6, 'temp': 24.6, 'wd': 0.0, 'ws': 0.0, 'ws_scalar': 0.0}","{'gas': {'co': 13499, 'co2': 13261, 'no': 13587, 'no2': 13766, 'o3': 13746}, 'pm': {'pm1': 13203, 'pm10': 13205, 'pm25': 13204}}",4.08,12.89,24.24,1.46,1.94,1.53,779483719,40.6,MOD-00614,24.6,2026-09-13T03:17:19,2026-09-12T20:17:19,https://api.quant-aq.com/v1/devices/MOD-00614/data/779483394
1596.86,874.74,"{'lat': None, 'lon': None}","{'rh': 40.6, 'temp': 24.6, 'wd': 0.0, 'ws': 0.0, 'ws_scalar': 0.0}","{'gas': {'co': 13499, 'co2': 13261, 'no': 13587, 'no2': 13766, 'o3': 13746}, 'pm': {'pm1': 13203, 'pm10': 13205, 'pm25': 13204}}",4.08,13.1,24.24,1.36,8.1,1.48,779483722,40.6,MOD-00614,24.6,2026-09-13T03:16:19,2026-09-12T20:16:19,https://api.quant-aq.com/v1/devices/MOD-00614/data/779483396
1596.86,874.01,"{'lat': None, 'lon': None}","{'rh': 40.6, 'temp': 24.6, 'wd': 0.0, 'ws': 0.0, 'ws_scalar': 0.0}","{'gas': {'co': 13499, 'co2': 13261, 'no': 13587, 'no2': 13766, 'o3': 13746}, 'pm': {'pm1': 13203, 'pm10': 13205, 'pm25': 13204}}",4.08,12.49,24.51,1.33,3.86,1.41,779483720,40.6,MOD-00614,24.6,2026-09-13T03:15:19,2026-09-12T20:15:19,https://api.quant-aq.com/v1/devices/MOD-00614/data/779483395
1602.61,874.5,"{'lat': None, 'lon': None}","{'rh': 40.6, 'temp': 24.6, 'wd': 0.0, 'ws': 0.0, 'ws_scalar': 0.0}","{'gas': {'co': 13499, 'co2': 13261, 'no': 13587, 'no2': 13766, 'o3': 13746}, 'pm': {'pm1': 13203, 'pm10': 13205, 'pm25': 13204}}",4.08,12.61,24.51,1.1,3.74,1.33,779481410,40.6,MOD-00614,24.6,2026-09-13T03:14:18,2026-09-12T20:14:18,https://api.quant-aq.com/v1/devices/MOD-00614/data/779481085
1600.96,875.1,"{'lat': None, 'lon': None}","{'rh': 40.6, 'temp': 24.6, 'wd': 0.0, 'ws': 0.0, 'ws_scalar': 0.0}","{'gas': {'co': 13499, 'co2': 13261, 'no': 13587, 'no2': 13766, 'o3': 13746}, 'pm': {'pm1': 13203, 'pm10': 13205, 'pm25': 13204}}",4.08,13.1,23.96,0.88,1.5,0.96,779481409,40.6,MOD-00614,24.6,2026-09-13T03:13:18,2026-09-12T20:13:18,https://api.quant-aq.com/v1/devices/MOD-00614/data/779481083
1597.27,868.84,"{'lat': None, 'lon': None}","{'rh': 40.6, 'temp': 24.6, 'wd': 0.0, 'ws': 0.0, 'ws_scalar': 0.0}","{'gas': {'co': 13499, 'co2': 13261, 'no': 13587, 'no2': 13766, 'o3': 13746}, 'pm': {'pm1': 13203, 'pm10': 13205, 'pm25': 13204}}",4.08,13.1,24.24,1.26,1.54,1.49,779481407,40.6,MOD-00614,24.6,2026-09-13T03:12:18,2026-09-12T20:12:18,https://api.quant-aq.com/v1/devices/MOD-00614/data/779481082
1595.29,870.76,"{'lat': None, 'lon': None}","{'rh': 40.5, 'temp': 24.6, 'wd': 0.0, 'ws': 0.0, 'ws_scalar': 0.0}","{'gas': {'co': 13499, 'co2': 13261, 'no': 13587, 'no2': 13766, 'o3': 13746}, 'pm': {'pm1': 13203, 'pm10': 13205, 'pm25': 13204}}",4.33,12.81,24.27,1.63,2.43,1.81,779481408,40.5,MOD-00614,24.6,2026-09-13T03:11:18,2026-09-12T20:11:18,https://api.quant-aq.com/v1/devices/MOD-00614/data/779481084
1612.94,873.41,"{'lat': None, 'lon': None}","{'rh': 40.5, 'temp': 24.6, 'wd': 0.0, 'ws': 0.0, 'ws_scalar': 0.0}","{'gas': {'co': 13499, 'co2': 13261, 'no': 13587, 'no2': 13766, 'o3': 13746}, 'pm': {'pm1': 13203, 'pm10': 13205, 'pm25': 13204}}",4.06,12.53,24.55,1.07,1.24,1.2,779481406,40.5,MOD-00614,24.6,2026-09-13T03:10:18,2026-09-12T20:10:18,https://api.quant-aq.com/v1/devices/MOD-00614/data/779481081
1614.85,878.35,"{'lat': None, 'lon': None}","{'rh': 40.7, 'temp': 24.6, 'wd': 0.0, 'ws': 0.0, 'ws_scalar': 0.0}","{'gas': {'co': 13499, 'co2': 13261, 'no': 13587, 'no2': 13766, 'o3': 13746}, 'pm': {'pm1': 13203, 'pm10': 13205, 'pm25': 13204}}",4.09,12.97,24.21,1.18,3.3,1.28,779478506,40.7,MOD-00614,24.6,2026-09-13T03:09:18,2026-09-12T20:09:18,https://api.quant-aq.com/v1/devices/MOD-00614/data/779478180
1604.18,877.03,"{'lat': None, 'lon': None}","{'rh': 40.7, 'temp': 24.6, 'wd': 0.0, 'ws': 0.0, 'ws_scalar': 0.0}","{'gas': {'co': 13499, 'co2': 13261, 'no': 13587, 'no2': 13766, 'o3': 13746}, 'pm': {'pm1': 13203, 'pm10': 13205, 'pm25': 13204}}",4.09,13.22,24.21,1.14,1.49,1.24,779478507,40.7,MOD-00614,24.6,2026-09-13T03:08:18,2026-09-12T20:08:18,https://api.quant-aq.com/v1/devices/MOD-00614/data/779478182
1604.11,879.8,"{'lat': None, 'lon': None}","{'rh': 40.8, 'temp': 24.6, 'wd': 0.0, 'ws': 0.0, 'ws_scalar': 0.0}","{'gas': {'co': 13499, 'co2': 13261, 'no': 13587, 'no2': 13766, 'o3': 13746}, 'pm': {'pm1': 13203, 'pm10': 13205, 'pm25': 13204}}",4.09,12.78,24.17,1.4,2.28,1.59,779478503,40.8,MOD-00614,24.6,2026-09-13T03:07:18,2026-09-12T20:07:18,https://api.quant-aq.com/v1/devices/MOD-00614/data/779478178
1605.68,874.74,"{'lat': None, 'lon': None}","{'rh': 40.9, 'temp': 24.6, 'wd': 0.0, 'ws': 0.0, 'ws_scalar': 0.0}","{'gas': {'co': 13499, 'co2': 13261, 'no': 13587, 'no2': 13766, 'o3': 13746}, 'pm': {'pm1': 13203, 'pm10': 13205, 'pm25': 13204}}",4.09,12.82,24.7,1.0,1.64,1.11,779478505,40.9,MOD-00614,24.6,2026-09-13T03:06:18,2026-09-12T20:06:18,https://api.quant-aq.com/v1/devices/MOD-00614/data/779478179
1605.61,878.59,"{'lat': None, 'lon': None}","{'rh': 41.0, 'temp': 24.6, 'wd': 0.0, 'ws': 0.0, 'ws_scalar': 0.0}","{'gas': {'co': 13499, 'co2': 13261, 'no': 13587, 'no2': 13766, 'o3': 13746}, 'pm': {'pm1': 13203, 'pm10': 13205, 'pm25': 13204}}",4.09,12.87,24.39,1.32,3.46,1.47,779478504,41.0,MOD-00614,24.6,2026-09-13T03:05:18,2026-09-12T20:05:18,https://api.quant-aq.com/v1/devices/MOD-00614/data/779478181
1602.32,879.07,"{'lat': None, 'lon': None}","{'rh': 41.0, 'temp': 24.6, 'wd': 0.0, 'ws': 0.0, 'ws_scalar': 0.0}","{'gas': {'co': 13499, 'co2': 13261, 'no': 13587, 'no2': 13766, 'o3': 13746}, 'pm': {'pm1': 13203, 'pm10': 13205, 'pm25': 13204}}",4.1,12.63,24.39,1.12,12.37,1.45,779475612,41.0,MOD-00614,24.6,2026-09-13T03:04:18,2026-09-12T20:04:18,https://api.quant-aq.com/v1/devices/MOD-00614/data/779475286
1598.32,878.83,"{'lat': None, 'lon': None}","{'rh': 41.0, 'temp': 24.7, 'wd': 0.0, 'ws': 0.0, 'ws_scalar': 0.0}","{'gas': {'co': 13499, 'co2': 13261, 'no': 13587, 'no2': 13766, 'o3': 13746}, 'pm': {'pm1': 13203, 'pm10': 13205, 'pm25': 13204}}",4.09,12.9,24.41,1.64,4.79,1.72,779475611,41.0,MOD-00614,24.7,2026-09-13T03:03:18,2026-09-12T20:03:18,https://api.quant-aq.com/v1/devices/MOD-00614/data/779475288
1600.79,876.91,"{'lat': None, 'lon': None}","{'rh': 41.0, 'temp': 24.7, 'wd': 0.0, 'ws': 0.0, 'ws_scalar': 0.0}","{'gas': {'co': 13499, 'co2': 13261, 'no': 13587, 'no2': 13766, 'o3': 13746}, 'pm': {'pm1': 13203, 'pm10': 13205, 'pm25': 13204}}",4.09,13.7,25.52,1.19,7.15,1.38,779475610,41.0,MOD-00614,24.7,2026-09-13T03:02:17,2026-09-12T20:02:17,https://api.quant-aq.com/v1/devices/MOD-00614/data/779475285
1594.15,875.82,"{'lat': None, 'lon': None}","{'rh': 41.1, 'temp': 24.7, 'wd': 0.0, 'ws': 0.0, 'ws_scalar': 0.0}","{'gas': {'co': 13499, 'co2': 13261, 'no': 13587, 'no2': 13766, 'o3': 13746}, 'pm': {'pm1': 13203, 'pm10': 13205, 'pm25': 13204}}",4.09,12.89,24.66,1.15,3.26,1.29,779475613,41.1,MOD-00614,24.7,2026-09-13T03:01:17,2026-09-12T20:01:17,https://api.quant-aq.com/v1/devices/MOD-00614/data/779475289
1593.67,879.31,"{'lat': None, 'lon': None}","{'rh': 41.2, 'temp': 24.7, 'wd': 0.0, 'ws': 0.0, 'ws_scalar': 0.0}","{'gas': {'co': 13499, 'co2': 13261, 'no': 13587, 'no2': 13766, 'o3': 13746}, 'pm': {'pm1': 13203, 'pm10': 13205, 'pm25': 13204}}",4.1,13.28,24.63,1.01,2.66,1.26,779473300,41.2,MOD-00614,24.7,2026-09-13T03:00:17,2026-09-12T20:00:17,https://api.quant-aq.com/v1/devices/MOD-00614/data/779472980
1587.1,879.19,"{'lat': None, 'lon': None}","{'rh': 41.2, 'temp': 24.7, 'wd': 0.0, 'ws': 0.0, 'ws_scalar': 0.0}","{'gas': {'co': 13499, 'co2': 13261, 'no': 13587, 'no2': 13766, 'o3': 13746}, 'pm': {'pm1': 13203, 'pm10': 13205, 'pm25': 13204}}",4.1,12.54,24.91,0.85,9.63,1.02,779473303,41.2,MOD-00614,24.7,2026-09-13T02:59:17,2026-09-12T19:59:17,https://api.quant-aq.com/v1/devices/MOD-00614/data/779472979
1575.67,875.46,"{'lat': None, 'lon': None}","{'rh': 41.1, 'temp': 24.7, 'wd': 0.0, 'ws': 0.0, 'ws_scalar': 0.0}","{'gas': {'co': 13499, 'co2': 13261, 'no': 13587, 'no2': 13766, 'o3': 13746}, 'pm': {'pm1': 13203, 'pm10': 13205, 'pm25': 13204}}",4.1,14.52,24.94,0.9,1.54,1.07,779473299,41.1,MOD-00614,24.7,2026-09-13T02:58:17,2026-09-12T19:58:17,https://api.quant-aq.com/v1/devices/MOD-00614/data/779472974
1574.37,878.59,"{'lat': None, 'lon': None}","{'rh': 41.2, 'temp': 24.7, 'wd': 0.0, 'ws': 0.0, 'ws_scalar': 0.0}","{'gas': {'co': 13499, 'co2': 13261, 'no': 13587, 'no2': 13766, 'o3': 13746}, 'pm': {'pm1': 13203, 'pm10': 13205, 'pm25': 13204}}",4.09,12.54,24.63,0.94,4.84,1.18,779473306,41.2,MOD-00614,24.7,2026-09-13T02:57:17,2026-09-12T19:57:17,https://api.quant-aq.com/v1/devices/MOD-00614/data/779472982
1570.27,880.76,"{'lat': None, 'lon': None}","{'rh': 41.2, 'temp': 24.7, 'wd': 0.0, 'ws': 0.0, 'ws_scalar': 0.0}","{'gas': {'co': 13499, 'co2': 13261, 'no': 13587, 'no2': 13766, 'o3': 13746}, 'pm': {'pm1': 13203, 'pm10': 13205, 'pm25': 13204}}",4.09,14.57,24.63,1.04,2.71,1.24,779470959,41.2,MOD-00614,24.7,2026-09-13T02:56:17,2026-09-12T19:56:17,https://api.quant-aq.com/v1/devices/MOD-00614/data/779470634
1562.4,882.69,"{'lat': None, 'lon': None}","{'rh': 41.3, 'temp': 24.7, 'wd': 0.0, 'ws': 0.0, 'ws_scalar': 0.0}","{'gas': {'co': 13499, 'co2': 13261, 'no': 13587, 'no2': 13766, 'o3': 13746}, 'pm': {'pm1': 13203, 'pm10': 13205, 'pm25': 13204}}",4.1,12.55,25.44,1.41,7.81,1.62,779470960,41.3,MOD-00614,24.7,2026-09-13T02:55:17,2026-09-12T19:55:17,https://api.quant-aq.com/v1/devices/MOD-00614/data/779470635
1547.55,885.7,"{'lat': None, 'lon': None}","{'rh': 41.4, 'temp': 24.7, 'wd': 0.0, 'ws': 0.0, 'ws_scalar': 0.0}","{'gas': {'co': 13499, 'co2': 13261, 'no': 13587, 'no2': 13766, 'o3': 13746}, 'pm': {'pm1': 13203, 'pm10': 13205, 'pm25': 13204}}",4.1,15.85,25.13,1.24,3.06,1.54,779470958,41.4,MOD-00614,24.7,2026-09-13T02:54:17,2026-09-12T19:54:17,https://api.quant-aq.com/v1/devices/MOD-00614/data/779470633
1539.41,887.87,"{'lat': None, 'lon': None}","{'rh': 41.3, 'temp': 24.7, 'wd': 0.0, 'ws': 0.0, 'ws_scalar': 0.0}","{'gas': {'co': 13499, 'co2': 13261, 'no': 13587, 'no2': 13766, 'o3': 13746}, 'pm': {'pm1': 13203, 'pm10': 13205, 'pm25': 13204}}",4.09,15.13,25.44,1.31,3.98,1.42,779470957,41.3,MOD-00614,24.7,2026-09-13T02:53:17,2026-09-12T19:53:17,https://api.quant-aq.com/v1/devices/MOD-00614/data/779470632
1534.07,882.69,"{'lat': None, 'lon': None}","{'rh': 41.3, 'temp': 24.7, 'wd': 0.0, 'ws': 0.0, 'ws_scalar': 0.0}","{'gas': {'co': 13499, 'co2': 13261, 'no': 13587, 'no2': 13766, 'o3': 13746}, 'pm': {'pm1': 13203, 'pm10': 13205, 'pm25': 13204}}",4.1,12.55,25.72,1.0,1.83,1.24,779468689,41.3,MOD-00614,24.7,2026-09-13T02:52:17,2026-09-12T19:52:17,https://api.quant-aq.com/v1/devices/MOD-00614/data/779468363
1515.6,882.93,"{'lat': None, 'lon': None}","{'rh': 41.3, 'temp': 24.7, 'wd': 0.0, 'ws': 0.0, 'ws_scalar': 0.0}","{'gas': {'co': 13499, 'co2': 13261, 'no': 13587, 'no2': 13766, 'o3': 13746}, 'pm': {'pm1': 13203, 'pm10': 13205, 'pm25': 13204}}",4.1,14.8,25.16,1.71,4.56,1.85,779468688,41.3,MOD-00614,24.7,2026-09-13T02:51:17,2026-09-12T19:51:17,https://api.quant-aq.com/v1/devices/MOD-00614/data/779468364
1506.57,886.78,"{'lat': None, 'lon': None}","{'rh': 41.3, 'temp': 24.7, 'wd': 0.0, 'ws': 0.0, 'ws_scalar': 0.0}","{'gas': {'co': 13499, 'co2': 13261, 'no': 13587, 'no2': 13766, 'o3': 13746}, 'pm': {'pm1': 13203, 'pm10': 13205, 'pm25': 13204}}",4.1,14.8,25.16,1.03,5.07,1.22,779468687,41.3,MOD-00614,24.7,2026-09-13T02:50:17,2026-09-12T19:50:17,https://api.quant-aq.com/v1/devices/MOD-00614/data/779468362
1489.95,885.46,"{'lat': None, 'lon': None}","{'rh': 41.0, 'temp': 24.7, 'wd': 0.0, 'ws': 0.0, 'ws_scalar': 0.0}","{'gas': {'co': 13499, 'co2': 13261, 'no': 13587, 'no2': 13766, 'o3': 13746}, 'pm': {'pm1': 13203, 'pm10': 13205, 'pm25': 13204}}",4.09,12.46,25.52,1.08,11.96,1.3,779468686,41.0,MOD-00614,24.7,2026-09-13T02:49:16,2026-09-12T19:49:16,https://api.quant-aq.com/v1/devices/MOD-00614/data/779468361
1483.86,887.75,"{'lat': None, 'lon': None}","{'rh': 40.9, 'temp': 24.7, 'wd': 0.0, 'ws': 0.0, 'ws_scalar': 0.0}","{'gas': {'co': 13499, 'co2': 13261, 'no': 13587, 'no2': 13766, 'o3': 13746}, 'pm': {'pm1': 13203, 'pm10': 13205, 'pm25': 13204}}",4.09,12.44,25.28,1.07,1.59,1.26,779466394,40.9,MOD-00614,24.7,2026-09-13T02:48:16,2026-09-12T19:48:16,https://api.quant-aq.com/v1/devices/MOD-00614/data/779466068
1480.58,888.11,"{'lat': None, 'lon': None}","{'rh': 40.9, 'temp': 24.7, 'wd': 0.0, 'ws': 0.0, 'ws_scalar': 0.0}","{'gas': {'co': 13499, 'co2': 13261, 'no': 13587, 'no2': 13766, 'o3': 13746}, 'pm': {'pm1': 13203, 'pm10': 13205, 'pm25': 13204}}",4.08,12.44,25.83,0.86,3.1,1.11,779466395,40.9,MOD-00614,24.7,2026-09-13T02:47:16,2026-09-12T19:47:16,https://api.quant-aq.com/v1/devices/MOD-00614/data/779466069
1471.28,887.26,"{'lat': None, 'lon': None}","{'rh': 40.7, 'temp': 24.7, 'wd': 0.0, 'ws': 0.0, 'ws_scalar': 0.0}","{'gas': {'co': 13499, 'co2': 13261, 'no': 13587, 'no2': 13766, 'o3': 13746}, 'pm': {'pm1': 13203, 'pm10': 13205, 'pm25': 13204}}",4.08,12.06,25.61,1.27,2.24,1.46,779466393,40.7,MOD-00614,24.7,2026-09-13T02:46:16,2026-09-12T19:46:16,https://api.quant-aq.com/v1/devices/MOD-00614/data/779466070
1460.66,881.6,"{'lat': None, 'lon': None}","{'rh': 40.2, 'temp': 24.8, 'wd': 0.0, 'ws': 0.0, 'ws_scalar': 0.0}","{'gas': {'co': 13499, 'co2': 13261, 'no': 13587, 'no2': 13766, 'o3': 13746}, 'pm': {'pm1': 13203, 'pm10': 13205, 'pm25': 13204}}",4.49,11.5,25.5,0.96,5.2,1.15,779466396,40.2,MOD-00614,24.8,2026-09-13T02:45:16,2026-09-12T19:45:16,https://api.quant-aq.com/v1/devices/MOD-00614/data/779466071
1454.71,879.19,"{'lat': None, 'lon': None}","{'rh': 39.9, 'temp': 24.8, 'wd': 0.0, 'ws': 0.0, 'ws_scalar': 0.0}","{'gas': {'co': 13499, 'co2': 13261, 'no': 13587, 'no2': 13766, 'o3': 13746}, 'pm': {'pm1': 13203, 'pm10': 13205, 'pm25': 13204}}",4.46,12.24,25.03,1.06,3.15,1.23,779464102,39.9,MOD-00614,24.8,2026-09-13T02:44:16,2026-09-12T19:44:16,https://api.quant-aq.com/v1/devices/MOD-00614/data/779463777
1456.77,878.95,"{'lat': None, 'lon': None}","{'rh': 39.9, 'temp': 24.8, 'wd': 0.0, 'ws': 0.0, 'ws_scalar': 0.0}","{'gas': {'co': 13499, 'co2': 13261, 'no': 13587, 'no2': 13766, 'o3': 13746}, 'pm': {'pm1': 13203, 'pm10': 13205, 'pm25': 13204}}",4.47,12.22,25.03,1.21,2.31,1.43,779464100,39.9,MOD-00614,24.8,2026-09-13T02:43:16,2026-09-12T19:43:16,https://api.quant-aq.com/v1/devices/MOD-00614/data/779463775
1451.98,885.22,"{'lat': None, 'lon': None}","{'rh': 39.7, 'temp': 24.8, 'wd': 0.0, 'ws': 0.0, 'ws_scalar': 0.0}","{'gas': {'co': 13499, 'co2': 13261, 'no': 13587, 'no2': 13766, 'o3': 13746}, 'pm': {'pm1': 13203, 'pm10': 13205, 'pm25': 13204}}",3.44,11.6,24.82,1.03,2.07,1.07,779464101,39.7,MOD-00614,24.8,2026-09-13T02:42:16,2026-09-12T19:42:16,https://api.quant-aq.com/v1/devices/MOD-00614/data/779463776
1456.02,882.45,"{'lat': None, 'lon': None}","{'rh': 39.8, 'temp': 24.8, 'wd': 0.0, 'ws': 0.0, 'ws_scalar': 0.0}","{'gas': {'co': 13499, 'co2': 13261, 'no': 13587, 'no2': 13766, 'o3': 13746}, 'pm': {'pm1': 13203, 'pm10': 13205, 'pm25': 13204}}",3.43,11.16,25.06,0.92,1.42,1.07,779464099,39.8,MOD-00614,24.8,2026-09-13T02:41:16,2026-09-12T19:41:16,https://api.quant-aq.com/v1/devices/MOD-00614/data/779463774
1456.98,883.65,"{'lat': None, 'lon': None}","{'rh': 39.6, 'temp': 24.8, 'wd': 0.0, 'ws': 0.0, 'ws_scalar': 0.0}","{'gas': {'co': 13499, 'co2': 13261, 'no': 13587, 'no2': 13766, 'o3': 13746}, 'pm': {'pm1': 13203, 'pm10': 13205, 'pm25': 13204}}",3.44,11.76,25.4,1.19,1.71,1.3,779461793,39.6,MOD-00614,24.8,2026-09-13T02:40:16,2026-09-12T19:40:16,https://api.quant-aq.com/v1/devices/MOD-00614/data/779461468
1448.57,878.59,"{'lat': None, 'lon': None}","{'rh': 39.3, 'temp': 24.8, 'wd': 0.0, 'ws': 0.0, 'ws_scalar': 0.0}","{'gas': {'co': 13499, 'co2': 13261, 'no': 13587, 'no2': 13766, 'o3': 13746}, 'pm': {'pm1': 13203, 'pm10': 13205, 'pm25': 13204}}",3.45,10.56,24.94,0.8,14.12,0.96,779461794,39.3,MOD-00614,24.8,2026-09-13T02:39:16,2026-09-12T19:39:16,https://api.quant-aq.com/v1/devices/MOD-00614/data/779461469
1451.93,888.23,"{'lat': None, 'lon': None}","{'rh': 39.2, 'temp': 24.8, 'wd': 0.0, 'ws': 0.0, 'ws_scalar': 0.0}","{'gas': {'co': 13499, 'co2': 13261, 'no': 13587, 'no2': 13766, 'o3': 13746}, 'pm': {'pm1': 13203, 'pm10': 13205, 'pm25': 13204}}",3.45,12.33,24.97,0.94,3.22,1.2,779461796,39.2,MOD-00614,24.8,2026-09-13T02:38:16,2026-09-12T19:38:16,https://api.quant-aq.com/v1/devices/MOD-00614/data/779461470
1446.45,885.94,"{'lat': None, 'lon': None}","{'rh': 39.4, 'temp': 24.8, 'wd': 0.0, 'ws': 0.0, 'ws_scalar': 0.0}","{'gas': {'co': 13499, 'co2': 13261, 'no': 13587, 'no2': 13766, 'o3': 13746}, 'pm': {'pm1': 13203, 'pm10': 13205, 'pm25': 13204}}",3.44,11.33,24.36,0.97,7.96,1.21,779461797,39.4,MOD-00614,24.8,2026-09-13T02:37:15,2026-09-12T19:37:15,https://api.quant-aq.com/v1/devices/MOD-00614/data/779461473
1453.77,889.07,"{'lat': None, 'lon': None}","{'rh': 39.5, 'temp': 24.8, 'wd': 0.0, 'ws': 0.0, 'ws_scalar': 0.0}","{'gas': {'co': 13499, 'co2': 13261, 'no': 13587, 'no2': 13766, 'o3': 13746}, 'pm': {'pm1': 13203, 'pm10': 13205, 'pm25': 13204}}",3.44,11.44,25.16,1.01,2.94,1.15,779461795,39.5,MOD-00614,24.8,2026-09-13T02:36:15,2026-09-12T19:36:15,https://api.quant-aq.com/v1/devices/MOD-00614/data/779461471
1451.37,886.3,"{'lat': None, 'lon': None}","{'rh': 39.4, 'temp': 24.8, 'wd': 0.0, 'ws': 0.0, 'ws_scalar': 0.0}","{'gas': {'co': 13499, 'co2': 13261, 'no': 13587, 'no2': 13766, 'o3': 13746}, 'pm': {'pm1': 13203, 'pm10': 13205, 'pm25': 13204}}",3.45,11.22,24.91,1.15,14.49,1.24,779458939,39.4,MOD-00614,24.8,2026-09-13T02:35:15,2026-09-12T19:35:15,https://api.quant-aq.com/v1/devices/MOD-00614/data/779458614
1445.29,885.34,"{'lat': None, 'lon': None}","{'rh': 39.3, 'temp': 24.8, 'wd': 0.0, 'ws': 0.0, 'ws_scalar': 0.0}","{'gas': {'co': 13499, 'co2': 13261, 'no': 13587, 'no2': 13766, 'o3': 13746}, 'pm': {'pm1': 13203, 'pm10': 13205, 'pm25': 13204}}",3.45,10.66,24.66,0.94,11.81,1.18,779458941,39.3,MOD-00614,24.8,2026-09-13T02:34:15,2026-09-12T19:34:15,https://api.quant-aq.com/v1/devices/MOD-00614/data/779458615
1438.99,879.31,"{'lat': None, 'lon': None}","{'rh': 39.5, 'temp': 24.8, 'wd': 0.0, 'ws': 0.0, 'ws_scalar': 0.0}","{'gas': {'co': 13499, 'co2': 13261, 'no': 13587, 'no2': 13766, 'o3': 13746}, 'pm': {'pm1': 13203, 'pm10': 13205, 'pm25': 13204}}",3.44,11.44,24.88,1.08,2.49,1.22,779458942,39.5,MOD-00614,24.8,2026-09-13T02:33:15,2026-09-12T19:33:15,https://api.quant-aq.com/v1/devices/MOD-00614/data/779458616
1443.91,879.56,"{'lat': None, 'lon': None}","{'rh': 39.5, 'temp': 24.8, 'wd': 0.0, 'ws': 0.0, 'ws_scalar': 0.0}","{'gas': {'co': 13499, 'co2': 13261, 'no': 13587, 'no2': 13766, 'o3': 13746}, 'pm': {'pm1': 13203, 'pm10': 13205, 'pm25': 13204}}",3.44,11.44,25.71,1.1,2.79,1.25,779458940,39.5,MOD-00614,24.8,2026-09-13T02:32:15,2026-09-12T19:32:15,https://api.quant-aq.com/v1/devices/MOD-00614/data/779458617
1447.75,883.89,"{'lat': None, 'lon': None}","{'rh': 39.3, 'temp': 24.8, 'wd': 0.0, 'ws': 0.0, 'ws_scalar': 0.0}","{'gas': {'co': 13499, 'co2': 13261, 'no': 13587, 'no2': 13766, 'o3': 13746}, 'pm': {'pm1': 13203, 'pm10': 13205, 'pm25': 13204}}",3.45,10.56,24.66,1.05,7.96,1.25,779456627,39.3,MOD-00614,24.8,2026-09-13T02:31:15,2026-09-12T19:31:15,https://api.quant-aq.com/v1/devices/MOD-00614/data/779456301
1456.55,891.12,"{'lat': None, 'lon': None}","{'rh': 39.2, 'temp': 24.9, 'wd': 0.0, 'ws': 0.0, 'ws_scalar': 0.0}","{'gas': {'co': 13499, 'co2': 13261, 'no': 13587, 'no2': 13766, 'o3': 13746}, 'pm': {'pm1': 13203, 'pm10': 13205, 'pm25': 13204}}",3.45,10.51,25.54,1.27,2.31,1.34,779456624,39.2,MOD-00614,24.9,2026-09-13T02:30:15,2026-09-12T19:30:15,https://api.quant-aq.com/v1/devices/MOD-00614/data/779456299
1460.53,891.0,"{'lat': None, 'lon': None}","{'rh': 38.8, 'temp': 24.9, 'wd': 0.0, 'ws': 0.0, 'ws_scalar': 0.0}","{'gas': {'co': 13499, 'co2': 13261, 'no': 13587, 'no2': 13766, 'o3': 13746}, 'pm': {'pm1': 13203, 'pm10': 13205, 'pm25': 13204}}",3.44,12.48,24.83,0.83,1.82,0.94,779456625,38.8,MOD-00614,24.9,2026-09-13T02:29:15,2026-09-12T19:29:15,https://api.quant-aq.com/v1/devices/MOD-00614/data/779456300
1454.44,885.34,"{'lat': None, 'lon': None}","{'rh': 38.7, 'temp': 24.9, 'wd': 0.0, 'ws': 0.0, 'ws_scalar': 0.0}","{'gas': {'co': 13499, 'co2': 13261, 'no': 13587, 'no2': 13766, 'o3': 13746}, 'pm': {'pm1': 13203, 'pm10': 13205, 'pm25': 13204}}",3.4,12.38,24.86,1.07,3.58,1.33,779456626,38.7,MOD-00614,24.9,2026-09-13T02:28:15,2026-09-12T19:28:15,https://api.quant-aq.com/v1/devices/MOD-00614/data/779456302
1451.98,880.52,"{'lat': None, 'lon': None}","{'rh': 38.7, 'temp': 24.9, 'wd': 0.0, 'ws': 0.0, 'ws_scalar': 0.0}","{'gas': {'co': 13499, 'co2': 13261, 'no': 13587, 'no2': 13766, 'o3': 13746}, 'pm': {'pm1': 13203, 'pm10': 13205, 'pm25': 13204}}",3.4,12.38,24.86,1.07,3.95,1.27,779456623,38.7,MOD-00614,24.9,2026-09-13T02:27:15,2026-09-12T19:27:15,https://api.quant-aq.com/v1/devices/MOD-00614/data/779456298
1446.71,882.81,"{'lat': None, 'lon': None}","{'rh': 38.6, 'temp': 24.9, 'wd': 0.0, 'ws': 0.0, 'ws_scalar': 0.0}","{'gas': {'co': 13499, 'co2': 13261, 'no': 13587, 'no2': 13766, 'o3': 13746}, 'pm': {'pm1': 13203, 'pm10': 13205, 'pm25': 13204}}",3.4,12.57,24.35,1.01,3.72,1.17,779453794,38.6,MOD-00614,24.9,2026-09-13T02:26:15,2026-09-12T19:26:15,https://api.quant-aq.com/v1/devices/MOD-00614/data/779453470
1447.12,886.42,"{'lat': None, 'lon': None}","{'rh': 38.6, 'temp': 24.9, 'wd': 0.0, 'ws': 0.0, 'ws_scalar': 0.0}","{'gas': {'co': 13499, 'co2': 13261, 'no': 13587, 'no2': 13766, 'o3': 13746}, 'pm': {'pm1': 13203, 'pm10': 13205, 'pm25': 13204}}",3.4,12.52,24.62,0.82,2.96,0.91,779453793,38.6,MOD-00614,24.9,2026-09-13T02:25:15,2026-09-12T19:25:15,https://api.quant-aq.com/v1/devices/MOD-00614/data/779453467
1443.16,883.89,"{'lat': None, 'lon': None}","{'rh': 38.4, 'temp': 24.9, 'wd': 0.0, 'ws': 0.0, 'ws_scalar': 0.0}","{'gas': {'co': 13499, 'co2': 13261, 'no': 13587, 'no2': 13766, 'o3': 13746}, 'pm': {'pm1': 13203, 'pm10': 13205, 'pm25': 13204}}",3.4,12.75,25.23,1.07,2.38,1.24,779453795,38.4,MOD-00614,24.9,2026-09-13T02:24:14,2026-09-12T19:24:14,https://api.quant-aq.com/v1/devices/MOD-00614/data/779453469
1439.81,882.33,"{'lat': None, 'lon': None}","{'rh': 38.5, 'temp': 24.9, 'wd': 0.0, 'ws': 0.0, 'ws_scalar': 0.0}","{'gas': {'co': 13499, 'co2': 13261, 'no': 13587, 'no2': 13766, 'o3': 13746}, 'pm': {'pm1': 13203, 'pm10': 13205, 'pm25': 13204}}",3.4,21.76,23.83,0.99,10.13,1.16,779453792,38.5,MOD-00614,24.9,2026-09-13T02:23:14,2026-09-12T19:23:14,https://api.quant-aq.com/v1/devices/MOD-00614/data/779453468
1438.57,879.43,"{'lat': None, 'lon': None}","{'rh': 38.5, 'temp': 24.9, 'wd': 0.0, 'ws': 0.0, 'ws_scalar': 0.0}","{'gas': {'co': 13499, 'co2': 13261, 'no': 13587, 'no2': 13766, 'o3': 13746}, 'pm': {'pm1': 13203, 'pm10': 13205, 'pm25': 13204}}",3.4,21.76,24.65,0.97,5.93,1.12,779451517,38.5,MOD-00614,24.9,2026-09-13T02:22:14,2026-09-12T19:22:14,https://api.quant-aq.com/v1/devices/MOD-00614/data/779451192
1434.68,875.46,"{'lat': None, 'lon': None}","{'rh': 38.2, 'temp': 24.9, 'wd': 0.0, 'ws': 0.0, 'ws_scalar': 0.0}","{'gas': {'co': 13499, 'co2': 13261, 'no': 13587, 'no2': 13766, 'o3': 13746}, 'pm': {'pm1': 13203, 'pm10': 13205, 'pm25': 13204}}",3.4,22.51,25.29,0.97,7.51,1.13,779451516,38.2,MOD-00614,24.9,2026-09-13T02:21:14,2026-09-12T19:21:14,https://api.quant-aq.com/v1/devices/MOD-00614/data/779451191
1436.74,876.42,"{'lat': None, 'lon': None}","{'rh': 38.2, 'temp': 24.9, 'wd': 0.0, 'ws': 0.0, 'ws_scalar': 0.0}","{'gas': {'co': 13499, 'co2': 13261, 'no': 13587, 'no2': 13766, 'o3': 13746}, 'pm': {'pm1': 13203, 'pm10': 13205, 'pm25': 13204}}",3.4,22.51,24.2,0.74,5.72,0.9,779451515,38.2,MOD-00614,24.9,2026-09-13T02:20:14,2026-09-12T19:20:14,https://api.quant-aq.com/v1/devices/MOD-00614/data/779451190
1432.63,874.26,"{'lat': None, 'lon': None}","{'rh': 38.2, 'temp': 24.9, 'wd': 0.0, 'ws': 0.0, 'ws_scalar': 0.0}","{'gas': {'co': 13499, 'co2': 13261, 'no': 13587, 'no2': 13766, 'o3': 13746}, 'pm': {'pm1': 13203, 'pm10': 13205, 'pm25': 13204}}",3.4,22.51,24.47,1.0,7.87,1.25,779451514,38.2,MOD-00614,24.9,2026-09-13T02:19:14,2026-09-12T19:19:14,https://api.quant-aq.com/v1/devices/MOD-00614/data/779451189
1433.59,872.45,"{'lat': None, 'lon': None}","{'rh': 38.0, 'temp': 24.9, 'wd': 0.0, 'ws': 0.0, 'ws_scalar': 0.0}","{'gas': {'co': 13499, 'co2': 13261, 'no': 13587, 'no2': 13766, 'o3': 13746}, 'pm': {'pm1': 13203, 'pm10': 13205, 'pm25': 13204}}",4.28,22.05,24.26,0.98,8.5,1.12,779449195,38.0,MOD-00614,24.9,2026-09-13T02:18:14,2026-09-12T19:18:14,https://api.quant-aq.com/v1/devices/MOD-00614/data/779448870
1430.17,876.66,"{'lat': None, 'lon': None}","{'rh': 38.2, 'temp': 24.9, 'wd': 0.0, 'ws': 0.0, 'ws_scalar': 0.0}","{'gas': {'co': 13499, 'co2': 13261, 'no': 13587, 'no2': 13766, 'o3': 13746}, 'pm': {'pm1': 13203, 'pm10': 13205, 'pm25': 13204}}",3.4,21.02,24.74,1.04,2.74,1.21,779449194,38.2,MOD-00614,24.9,2026-09-13T02:17:14,2026-09-12T19:17:14,https://api.quant-aq.com/v1/devices/MOD-00614/data/779448869
1436.32,880.28,"{'lat': None, 'lon': None}","{'rh': 38.2, 'temp': 24.9, 'wd': 0.0, 'ws': 0.0, 'ws_scalar': 0.0}","{'gas': {'co': 13499, 'co2': 13261, 'no': 13587, 'no2': 13766, 'o3': 13746}, 'pm': {'pm1': 13203, 'pm10': 13205, 'pm25': 13204}}",3.4,22.51,25.29,0.9,13.96,1.06,779449193,38.2,MOD-00614,24.9,2026-09-13T02:16:14,2026-09-12T19:16:14,https://api.quant-aq.com/v1/devices/MOD-00614/data/779448868
1425.49,877.63,"{'lat': None, 'lon': None}","{'rh': 38.0, 'temp': 25.0, 'wd': 0.0, 'ws': 0.0, 'ws_scalar': 0.0}","{'gas': {'co': 13499, 'co2': 13261, 'no': 13587, 'no2': 13766, 'o3': 13746}, 'pm': {'pm1': 13203, 'pm10': 13205, 'pm25': 13204}}",4.28,22.53,24.28,1.04,6.76,1.2,779449192,38.0,MOD-00614,25.0,2026-09-13T02:15:14,2026-09-12T19:15:14,https://api.quant-aq.com/v1/devices/MOD-00614/data/779448867
1433.09,877.63,"{'lat': None, 'lon': None}","{'rh': 37.7, 'temp': 25.0, 'wd': 0.0, 'ws': 0.0, 'ws_scalar': 0.0}","{'gas': {'co': 13499, 'co2': 13261, 'no': 13587, 'no2': 13766, 'o3': 13746}, 'pm': {'pm1': 13203, 'pm10': 13205, 'pm25': 13204}}",4.28,22.3,24.1,0.93,2.46,1.15,779446877,37.7,MOD-00614,25.0,2026-09-13T02:14:14,2026-09-12T19:14:14,https://api.quant-aq.com/v1/devices/MOD-00614/data/779446552
1438.84,881.36,"{'lat': None, 'lon': None}","{'rh': 37.7, 'temp': 25.0, 'wd': 0.0, 'ws': 0.0, 'ws_scalar': 0.0}","{'gas': {'co': 13499, 'co2': 13261, 'no': 13587, 'no2': 13766, 'o3': 13746}, 'pm': {'pm1': 13203, 'pm10': 13205, 'pm25': 13204}}",4.28,19.6,24.1,1.25,8.23,1.55,779446876,37.7,MOD-00614,25.0,2026-09-13T02:13:13,2026-09-12T19:13:13,https://api.quant-aq.com/v1/devices/MOD-00614/data/779446550
1441.64,885.82,"{'lat': None, 'lon': None}","{'rh': 37.8, 'temp': 25.0, 'wd': 0.0, 'ws': 0.0, 'ws_scalar': 0.0}","{'gas': {'co': 13499, 'co2': 13261, 'no': 13587, 'no2': 13766, 'o3': 13746}, 'pm': {'pm1': 13203, 'pm10': 13205, 'pm25': 13204}}",4.28,19.02,24.61,1.11,10.37,1.24,779446874,37.8,MOD-00614,25.0,2026-09-13T02:12:13,2026-09-12T19:12:13,https://api.quant-aq.com/v1/devices/MOD-00614/data/779446549
1440.27,886.3,"{'lat': None, 'lon': None}","{'rh': 38.0, 'temp': 25.0, 'wd': 0.0, 'ws': 0.0, 'ws_scalar': 0.0}","{'gas': {'co': 13499, 'co2': 13261, 'no': 13587, 'no2': 13766, 'o3': 13746}, 'pm': {'pm1': 13203, 'pm10': 13205, 'pm25': 13204}}",4.28,18.82,24.0,0.85,4.81,1.03,779446875,38.0,MOD-00614,25.0,2026-09-13T02:11:13,2026-09-12T19:11:13,https://api.quant-aq.com/v1/devices/MOD-00614/data/779446551
1445.05,889.67,"{'lat': None, 'lon': None}","{'rh': 38.2, 'temp': 25.0, 'wd': 0.0, 'ws': 0.0, 'ws_scalar': 0.0}","{'gas': {'co': 13499, 'co2': 13261, 'no': 13587, 'no2': 13766, 'o3': 13746}, 'pm': {'pm1': 13203, 'pm10': 13205, 'pm25': 13204}}",3.4,12.22,24.21,0.91,17.84,1.05,779444587,38.2,MOD-00614,25.0,2026-09-13T02:10:13,2026-09-12T19:10:13,https://api.quant-aq.com/v1/devices/MOD-00614/data/779444262
1450.8,893.05,"{'lat': None, 'lon': None}","{'rh': 38.2, 'temp': 25.0, 'wd': 0.0, 'ws': 0.0, 'ws_scalar': 0.0}","{'gas': {'co': 13499, 'co2': 13261, 'no': 13587, 'no2': 13766, 'o3': 13746}, 'pm': {'pm1': 13203, 'pm10': 13205, 'pm25': 13204}}",3.4,12.22,24.76,1.09,19.06,1.29,779444586,38.2,MOD-00614,25.0,2026-09-13T02:09:13,2026-09-12T19:09:13,https://api.quant-aq.com/v1/devices/MOD-00614/data/779444261
1442.52,886.06,"{'lat': None, 'lon': None}","{'rh': 38.3, 'temp': 25.0, 'wd': 0.0, 'ws': 0.0, 'ws_scalar': 0.0}","{'gas': {'co': 13499, 'co2': 13261, 'no': 13587, 'no2': 13766, 'o3': 13746}, 'pm': {'pm1': 13203, 'pm10': 13205, 'pm25': 13204}}",3.4,20.92,24.46,1.07,14.26,1.29,779444589,38.3,MOD-00614,25.0,2026-09-13T02:08:13,2026-09-12T19:08:13,https://api.quant-aq.com/v1/devices/MOD-00614/data/779444264
1448.27,888.83,"{'lat': None, 'lon': None}","{'rh': 38.3, 'temp': 25.0, 'wd': 0.0, 'ws': 0.0, 'ws_scalar': 0.0}","{'gas': {'co': 13499, 'co2': 13261, 'no': 13587, 'no2': 13766, 'o3': 13746}, 'pm': {'pm1': 13203, 'pm10': 13205, 'pm25': 13204}}",3.4,12.16,25.0,0.99,23.23,1.18,779444588,38.3,MOD-00614,25.0,2026-09-13T02:07:13,2026-09-12T19:07:13,https://api.quant-aq.com/v1/devices/MOD-00614/data/779444263
1452.71,893.29,"{'lat': None, 'lon': None}","{'rh': 38.4, 'temp': 25.0, 'wd': 0.0, 'ws': 0.0, 'ws_scalar': 0.0}","{'gas': {'co': 13499, 'co2': 13261, 'no': 13587, 'no2': 13766, 'o3': 13746}, 'pm': {'pm1': 13203, 'pm10': 13205, 'pm25': 13204}}",3.4,20.9,24.7,1.18,18.22,1.5,779442272,38.4,MOD-00614,25.0,2026-09-13T02:06:13,2026-09-12T19:06:13,https://api.quant-aq.com/v1/devices/MOD-00614/data/779441946
1451.48,896.78,"{'lat': None, 'lon': None}","{'rh': 38.4, 'temp': 25.0, 'wd': 0.0, 'ws': 0.0, 'ws_scalar': 0.0}","{'gas': {'co': 13499, 'co2': 13261, 'no': 13587, 'no2': 13766, 'o3': 13746}, 'pm': {'pm1': 13203, 'pm10': 13205, 'pm25': 13204}}",3.4,12.66,24.42,0.94,26.08,1.14,779442273,38.4,MOD-00614,25.0,2026-09-13T02:05:13,2026-09-12T19:05:13,https://api.quant-aq.com/v1/devices/MOD-00614/data/779441948
1451.07,896.9,"{'lat': None, 'lon': None}","{'rh': 38.4, 'temp': 25.0, 'wd': 0.0, 'ws': 0.0, 'ws_scalar': 0.0}","{'gas': {'co': 13499, 'co2': 13261, 'no': 13587, 'no2': 13766, 'o3': 13746}, 'pm': {'pm1': 13203, 'pm10': 13205, 'pm25': 13204}}",3.4,20.9,24.97,1.19,28.0,1.51,779442270,38.4,MOD-00614,25.0,2026-09-13T02:04:13,2026-09-12T19:04:13,https://api.quant-aq.com/v1/devices/MOD-00614/data/779441947
1443.04,889.31,"{'lat': None, 'lon': None}","{'rh': 38.3, 'temp': 25.1, 'wd': 0.0, 'ws': 0.0, 'ws_scalar': 0.0}","{'gas': {'co': 13499, 'co2': 13261, 'no': 13587, 'no2': 13766, 'o3': 13746}, 'pm': {'pm1': 13203, 'pm10': 13205, 'pm25': 13204}}",3.4,20.77,24.75,1.11,40.86,1.66,779442271,38.3,MOD-00614,25.1,2026-09-13T02:03:13,2026-09-12T19:03:13,https://api.quant-aq.com/v1/devices/MOD-00614/data/779441945
1450.02,886.18,"{'lat': None, 'lon': None}","{'rh': 38.3, 'temp': 25.1, 'wd': 0.0, 'ws': 0.0, 'ws_scalar': 0.0}","{'gas': {'co': 13499, 'co2': 13261, 'no': 13587, 'no2': 13766, 'o3': 13746}, 'pm': {'pm1': 13203, 'pm10': 13205, 'pm25': 13204}}",3.4,12.05,24.75,0.77,32.72,1.06,779439932,38.3,MOD-00614,25.1,2026-09-13T02:02:13,2026-09-12T19:02:13,https://api.quant-aq.com/v1/devices/MOD-00614/data/779439607
1447.55,893.17,"{'lat': None, 'lon': None}","{'rh': 38.3, 'temp': 25.1, 'wd': 0.0, 'ws': 0.0, 'ws_scalar': 0.0}","{'gas': {'co': 13499, 'co2': 13261, 'no': 13587, 'no2': 13766, 'o3': 13746}, 'pm': {'pm1': 13203, 'pm10': 13205, 'pm25': 13204}}",3.4,21.51,25.02,0.94,30.62,1.42,779439930,38.3,MOD-00614,25.1,2026-09-13T02:01:13,2026-09-12T19:01:13,https://api.quant-aq.com/v1/devices/MOD-00614/data/779439605
1441.95,889.43,"{'lat': None, 'lon': None}","{'rh': 38.1, 'temp': 25.1, 'wd': 0.0, 'ws': 0.0, 'ws_scalar': 0.0}","{'gas': {'co': 13499, 'co2': 13261, 'no': 13587, 'no2': 13766, 'o3': 13746}, 'pm': {'pm1': 13203, 'pm10': 13205, 'pm25': 13204}}",4.28,19.95,24.53,1.04,23.02,1.42,779439933,38.1,MOD-00614,25.1,2026-09-13T02:00:12,2026-09-12T19:00:12,https://api.quant-aq.com/v1/devices/MOD-00614/data/779439608
1441.2,889.07,"{'lat': None, 'lon': None}","{'rh': 38.0, 'temp': 25.1, 'wd': 0.0, 'ws': 0.0, 'ws_scalar': 0.0}","{'gas': {'co': 13499, 'co2': 13261, 'no': 13587, 'no2': 13766, 'o3': 13746}, 'pm': {'pm1': 13203, 'pm10': 13205, 'pm25': 13204}}",4.28,18.24,25.11,1.02,44.27,1.59,779439931,38.0,MOD-00614,25.1,2026-09-13T01:59:12,2026-09-12T18:59:12,https://api.quant-aq.com/v1/devices/MOD-00614/data/779439606
1442.77,884.01,"{'lat': None, 'lon': None}","{'rh': 38.1, 'temp': 25.1, 'wd': 0.0, 'ws': 0.0, 'ws_scalar': 0.0}","{'gas': {'co': 13499, 'co2': 13261, 'no': 13587, 'no2': 13766, 'o3': 13746}, 'pm': {'pm1': 13203, 'pm10': 13205, 'pm25': 13204}}",4.34,22.77,24.53,0.97,14.5,1.24,779437662,38.1,MOD-00614,25.1,2026-09-13T01:58:12,2026-09-12T18:58:12,https://api.quant-aq.com/v1/devices/MOD-00614/data/779437337
1435.04,881.12,"{'lat': None, 'lon': None}","{'rh': 38.0, 'temp': 25.1, 'wd': 0.0, 'ws': 0.0, 'ws_scalar': 0.0}","{'gas': {'co': 13499, 'co2': 13261, 'no': 13587, 'no2': 13766, 'o3': 13746}, 'pm': {'pm1': 13203, 'pm10': 13205, 'pm25': 13204}}",4.28,20.57,24.02,0.86,17.82,1.09,779437661,38.0,MOD-00614,25.1,2026-09-13T01:57:12,2026-09-12T18:57:12,https://api.quant-aq.com/v1/devices/MOD-00614/data/779437336
1430.53,879.07,"{'lat': None, 'lon': None}","{'rh': 38.0, 'temp': 25.1, 'wd': 0.0, 'ws': 0.0, 'ws_scalar': 0.0}","{'gas': {'co': 13499, 'co2': 13261, 'no': 13587, 'no2': 13766, 'o3': 13746}, 'pm': {'pm1': 13203, 'pm10': 13205, 'pm25': 13204}}",4.28,20.57,24.29,0.86,16.68,1.09,779437660,38.0,MOD-00614,25.1,2026-09-13T01:56:12,2026-09-12T18:56:12,https://api.quant-aq.com/v1/devices/MOD-00614/data/779437335
1441.2,877.27,"{'lat': None, 'lon': None}","{'rh': 38.0, 'temp': 25.1, 'wd': 0.0, 'ws': 0.0, 'ws_scalar': 0.0}","{'gas': {'co': 13499, 'co2': 13261, 'no': 13587, 'no2': 13766, 'o3': 13746}, 'pm': {'pm1': 13203, 'pm10': 13205, 'pm25': 13204}}",4.28,18.24,24.57,1.09,7.54,1.27,779437659,38.0,MOD-00614,25.1,2026-09-13T01:55:12,2026-09-12T18:55:12,https://api.quant-aq.com/v1/devices/MOD-00614/data/779437334
1448.11,887.38,"{'lat': None, 'lon': None}","{'rh': 38.1, 'temp': 25.1, 'wd': 0.0, 'ws': 0.0, 'ws_scalar': 0.0}","{'gas': {'co': 13499, 'co2': 13261, 'no': 13587, 'no2': 13766, 'o3': 13746}, 'pm': {'pm1': 13203, 'pm10': 13205, 'pm25': 13204}}",4.34,22.77,24.53,1.09,34.24,1.43,779435345,38.1,MOD-00614,25.1,2026-09-13T01:54:12,2026-09-12T18:54:12,https://api.quant-aq.com/v1/devices/MOD-00614/data/779435020
1448.11,887.63,"{'lat': None, 'lon': None}","{'rh': 38.1, 'temp': 25.1, 'wd': 0.0, 'ws': 0.0, 'ws_scalar': 0.0}","{'gas': {'co': 13499, 'co2': 13261, 'no': 13587, 'no2': 13766, 'o3': 13746}, 'pm': {'pm1': 13203, 'pm10': 13205, 'pm25': 13204}}",4.28,22.53,24.81,0.9,43.14,1.22,779435347,38.1,MOD-00614,25.1,2026-09-13T01:53:12,2026-09-12T18:53:12,https://api.quant-aq.com/v1/devices/MOD-00614/data/779435022
1449.11,881.72,"{'lat': None, 'lon': None}","{'rh': 38.0, 'temp': 25.2, 'wd': 0.0, 'ws': 0.0, 'ws_scalar': 0.0}","{'gas': {'co': 13499, 'co2': 13261, 'no': 13587, 'no2': 13766, 'o3': 13746}, 'pm': {'pm1': 13203, 'pm10': 13205, 'pm25': 13204}}",4.33,20.13,24.58,1.11,32.9,1.32,779435344,38.0,MOD-00614,25.2,2026-09-13T01:52:12,2026-09-12T18:52:12,https://api.quant-aq.com/v1/devices/MOD-00614/data/779435019
1447.87,885.34,"{'lat': None, 'lon': None}","{'rh': 38.0, 'temp': 25.2, 'wd': 0.0, 'ws': 0.0, 'ws_scalar': 0.0}","{'gas': {'co': 13499, 'co2': 13261, 'no': 13587, 'no2': 13766, 'o3': 13746}, 'pm': {'pm1': 13203, 'pm10': 13205, 'pm25': 13204}}",4.28,18.92,25.13,0.75,30.55,1.2,779435346,38.0,MOD-00614,25.2,2026-09-13T01:51:12,2026-09-12T18:51:12,https://api.quant-aq.com/v1/devices/MOD-00614/data/779435021
1451.98,889.91,"{'lat': None, 'lon': None}","{'rh': 38.0, 'temp': 25.2, 'wd': 0.0, 'ws': 0.0, 'ws_scalar': 0.0}","{'gas': {'co': 13499, 'co2': 13261, 'no': 13587, 'no2': 13766, 'o3': 13746}, 'pm': {'pm1': 13203, 'pm10': 13205, 'pm25': 13204}}",4.33,18.92,24.58,1.1,13.32,1.51,779432942,38.0,MOD-00614,25.2,2026-09-13T01:50:12,2026-09-12T18:50:12,https://api.quant-aq.com/v1/devices/MOD-00614/data/779432618
1452.8,888.59,"{'lat': None, 'lon': None}","{'rh': 38.0, 'temp': 25.2, 'wd': 0.0, 'ws': 0.0, 'ws_scalar': 0.0}","{'gas': {'co': 13499, 'co2': 13261, 'no': 13587, 'no2': 13766, 'o3': 13746}, 'pm': {'pm1': 13203, 'pm10': 13205, 'pm25': 13204}}",4.33,22.54,24.58,1.07,16.57,1.32,779432938,38.0,MOD-00614,25.2,2026-09-13T01:49:12,2026-09-12T18:49:12,https://api.quant-aq.com/v1/devices/MOD-00614/data/779432614
1452.39,888.83,"{'lat': None, 'lon': None}","{'rh': 38.0, 'temp': 25.2, 'wd': 0.0, 'ws': 0.0, 'ws_scalar': 0.0}","{'gas': {'co': 13499, 'co2': 13261, 'no': 13587, 'no2': 13766, 'o3': 13746}, 'pm': {'pm1': 13203, 'pm10': 13205, 'pm25': 13204}}",4.28,22.78,24.58,0.97,7.27,1.12,779432941,38.0,MOD-00614,25.2,2026-09-13T01:48:12,2026-09-12T18:48:12,https://api.quant-aq.com/v1/devices/MOD-00614/data/779432615
1455.67,888.95,"{'lat': None, 'lon': None}","{'rh': 38.0, 'temp': 25.2, 'wd': 0.0, 'ws': 0.0, 'ws_scalar': 0.0}","{'gas': {'co': 13499, 'co2': 13261, 'no': 13587, 'no2': 13766, 'o3': 13746}, 'pm': {'pm1': 13203, 'pm10': 13205, 'pm25': 13204}}",4.33,18.92,24.86,0.75,15.53,1.06,779432939,38.0,MOD-00614,25.2,2026-09-13T01:47:11,2026-09-12T18:47:11,https://api.quant-aq.com/v1/devices/MOD-00614/data/779432613
1451.98,889.91,"{'lat': None, 'lon': None}","{'rh': 38.0, 'temp': 25.2, 'wd': 0.0, 'ws': 0.0, 'ws_scalar': 0.0}","{'gas': {'co': 13499, 'co2': 13261, 'no': 13587, 'no2': 13766, 'o3': 13746}, 'pm': {'pm1': 13203, 'pm10': 13205, 'pm25': 13204}}",4.28,22.78,24.86,1.01,3.18,1.16,779430280,38.0,MOD-00614,25.2,2026-09-13T01:46:11,2026-09-12T18:46:11,https://api.quant-aq.com/v1/devices/MOD-00614/data/779429957
1452.32,887.14,"{'lat': None, 'lon': None}","{'rh': 38.1, 'temp': 25.2, 'wd': 0.0, 'ws': 0.0, 'ws_scalar': 0.0}","{'gas': {'co': 13499, 'co2': 13261, 'no': 13587, 'no2': 13766, 'o3': 13746}, 'pm': {'pm1': 13203, 'pm10': 13205, 'pm25': 13204}}",4.33,12.04,24.55,0.89,16.5,1.06,779430276,38.1,MOD-00614,25.2,2026-09-13T01:45:11,2026-09-12T18:45:11,https://api.quant-aq.com/v1/devices/MOD-00614/data/779429951
1451.16,886.3,"{'lat': None, 'lon': None}","{'rh': 38.0, 'temp': 25.2, 'wd': 0.0, 'ws': 0.0, 'ws_scalar': 0.0}","{'gas': {'co': 13499, 'co2': 13261, 'no': 13587, 'no2': 13766, 'o3': 13746}, 'pm': {'pm1': 13203, 'pm10': 13205, 'pm25': 13204}}",4.28,22.78,24.58,0.91,4.71,1.09,779430277,38.0,MOD-00614,25.2,2026-09-13T01:44:11,2026-09-12T18:44:11,https://api.quant-aq.com/v1/devices/MOD-00614/data/779429953
1449.52,879.07,"{'lat': None, 'lon': None}","{'rh': 38.0, 'temp': 25.2, 'wd': 0.0, 'ws': 0.0, 'ws_scalar': 0.0}","{'gas': {'co': 13499, 'co2': 13261, 'no': 13587, 'no2': 13766, 'o3': 13746}, 'pm': {'pm1': 13203, 'pm10': 13205, 'pm25': 13204}}",4.28,23.02,24.31,0.87,1.42,0.9,779430279,38.0,MOD-00614,25.2,2026-09-13T01:43:11,2026-09-12T18:43:11,https://api.quant-aq.com/v1/devices/MOD-00614/data/779429954
1448.12,879.43,"{'lat': None, 'lon': None}","{'rh': 37.8, 'temp': 25.3, 'wd': 0.0, 'ws': 0.0, 'ws_scalar': 0.0}","{'gas': {'co': 13499, 'co2': 13261, 'no': 13587, 'no2': 13766, 'o3': 13746}, 'pm': {'pm1': 13203, 'pm10': 13205, 'pm25': 13204}}",4.28,11.06,25.21,0.78,0.9,0.85,779430278,37.8,MOD-00614,25.3,2026-09-13T01:42:11,2026-09-12T18:42:11,https://api.quant-aq.com/v1/devices/MOD-00614/data/779429952
1446.89,879.31,"{'lat': None, 'lon': None}","{'rh': 37.8, 'temp': 25.3, 'wd': 0.0, 'ws': 0.0, 'ws_scalar': 0.0}","{'gas': {'co': 13499, 'co2': 13261, 'no': 13587, 'no2': 13766, 'o3': 13746}, 'pm': {'pm1': 13203, 'pm10': 13205, 'pm25': 13204}}",4.28,20.77,24.93,0.9,1.17,0.95,779426678,37.8,MOD-00614,25.3,2026-09-13T01:41:11,2026-09-12T18:41:11,https://api.quant-aq.com/v1/devices/MOD-00614/data/779426351
1442.79,878.95,"{'lat': None, 'lon': None}","{'rh': 37.8, 'temp': 25.3, 'wd': 0.0, 'ws': 0.0, 'ws_scalar': 0.0}","{'gas': {'co': 13499, 'co2': 13261, 'no': 13587, 'no2': 13766, 'o3': 13746}, 'pm': {'pm1': 13203, 'pm10': 13205, 'pm25': 13204}}",4.28,11.06,24.66,0.9,6.15,0.98,779426679,37.8,MOD-00614,25.3,2026-09-13T01:40:11,2026-09-12T18:40:11,https://api.quant-aq.com/v1/devices/MOD-00614/data/779426355
1437.93,871.0,"{'lat': None, 'lon': None}","{'rh': 37.7, 'temp': 25.3, 'wd': 0.0, 'ws': 0.0, 'ws_scalar': 0.0}","{'gas': {'co': 13499, 'co2': 13261, 'no': 13587, 'no2': 13766, 'o3': 13746}, 'pm': {'pm1': 13203, 'pm10': 13205, 'pm25': 13204}}",4.28,22.8,24.69,0.83,1.05,0.87,779426680,37.7,MOD-00614,25.3,2026-09-13T01:39:11,2026-09-12T18:39:11,https://api.quant-aq.com/v1/devices/MOD-00614/data/779426359
1427.4,863.42,"{'lat': None, 'lon': None}","{'rh': 37.5, 'temp': 25.3, 'wd': 0.0, 'ws': 0.0, 'ws_scalar': 0.0}","{'gas': {'co': 13499, 'co2': 13261, 'no': 13587, 'no2': 13766, 'o3': 13746}, 'pm': {'pm1': 13203, 'pm10': 13205, 'pm25': 13204}}",4.28,20.79,24.76,0.97,6.15,1.03,779426675,37.5,MOD-00614,25.3,2026-09-13T01:38:11,2026-09-12T18:38:11,https://api.quant-aq.com/v1/devices/MOD-00614/data/779426350
1441.29,871.73,"{'lat': None, 'lon': None}","{'rh': 37.6, 'temp': 25.3, 'wd': 0.0, 'ws': 0.0, 'ws_scalar': 0.0}","{'gas': {'co': 13499, 'co2': 13261, 'no': 13587, 'no2': 13766, 'o3': 13746}, 'pm': {'pm1': 13203, 'pm10': 13205, 'pm25': 13204}}",4.28,8.91,24.45,0.81,1.45,0.9,779426673,37.6,MOD-00614,25.3,2026-09-13T01:37:11,2026-09-12T18:37:11,https://api.quant-aq.com/v1/devices/MOD-00614/data/779426349
1432.26,874.26,"{'lat': None, 'lon': None}","{'rh': 37.6, 'temp': 25.3, 'wd': 0.0, 'ws': 0.0, 'ws_scalar': 0.0}","{'gas': {'co': 13499, 'co2': 13261, 'no': 13587, 'no2': 13766, 'o3': 13746}, 'pm': {'pm1': 13203, 'pm10': 13205, 'pm25': 13204}}",4.28,22.33,25.0,1.15,8.38,1.17,779423370,37.6,MOD-00614,25.3,2026-09-13T01:36:11,2026-09-12T18:36:11,https://api.quant-aq.com/v1/devices/MOD-00614/data/779423045
1429.53,869.32,"{'lat': None, 'lon': None}","{'rh': 37.4, 'temp': 25.3, 'wd': 0.0, 'ws': 0.0, 'ws_scalar': 0.0}","{'gas': {'co': 13499, 'co2': 13261, 'no': 13587, 'no2': 13766, 'o3': 13746}, 'pm': {'pm1': 13203, 'pm10': 13205, 'pm25': 13204}}",4.28,17.75,24.52,0.91,1.09,1.01,779423366,37.4,MOD-00614,25.3,2026-09-13T01:35:10,2026-09-12T18:35:10,https://api.quant-aq.com/v1/devices/MOD-00614/data/779423042
1438.07,875.58,"{'lat': None, 'lon': None}","{'rh': 37.5, 'temp': 25.3, 'wd': 0.0, 'ws': 0.0, 'ws_scalar': 0.0}","{'gas': {'co': 13499, 'co2': 13261, 'no': 13587, 'no2': 13766, 'o3': 13746}, 'pm': {'pm1': 13203, 'pm10': 13205, 'pm25': 13204}}",4.28,11.74,25.03,1.09,2.97,1.11,779423369,37.5,MOD-00614,25.3,2026-09-13T01:34:10,2026-09-12T18:34:10,https://api.quant-aq.com/v1/devices/MOD-00614/data/779423044
1434.04,872.93,"{'lat': None, 'lon': None}","{'rh': 37.4, 'temp': 25.3, 'wd': 0.0, 'ws': 0.0, 'ws_scalar': 0.0}","{'gas': {'co': 13499, 'co2': 13261, 'no': 13587, 'no2': 13766, 'o3': 13746}, 'pm': {'pm1': 13203, 'pm10': 13205, 'pm25': 13204}}",4.28,22.58,24.52,0.97,1.11,1.07,779423368,37.4,MOD-00614,25.3,2026-09-13T01:33:10,2026-09-12T18:33:10,https://api.quant-aq.com/v1/devices/MOD-00614/data/779423043
1434.45,876.54,"{'lat': None, 'lon': None}","{'rh': 37.4, 'temp': 25.3, 'wd': 0.0, 'ws': 0.0, 'ws_scalar': 0.0}","{'gas': {'co': 13499, 'co2': 13261, 'no': 13587, 'no2': 13766, 'o3': 13746}, 'pm': {'pm1': 13203, 'pm10': 13205, 'pm25': 13204}}",4.28,10.35,24.52,0.76,0.85,0.81,779423367,37.4,MOD-00614,25.3,2026-09-13T01:32:10,2026-09-12T18:32:10,https://api.quant-aq.com/v1/devices/MOD-00614/data/779423041
1440.13,884.49,"{'lat': None, 'lon': None}","{'rh': 37.5, 'temp': 25.3, 'wd': 0.0, 'ws': 0.0, 'ws_scalar': 0.0}","{'gas': {'co': 13499, 'co2': 13261, 'no': 13587, 'no2': 13766, 'o3': 13746}, 'pm': {'pm1': 13203, 'pm10': 13205, 'pm25': 13204}}",4.28,20.79,24.76,0.83,0.94,0.9,779420076,37.5,MOD-00614,25.3,2026-09-13T01:31:10,2026-09-12T18:31:10,https://api.quant-aq.com/v1/devices/MOD-00614/data/779419750
1440.27,881.48,"{'lat': None, 'lon': None}","{'rh': 37.3, 'temp': 25.3, 'wd': 0.0, 'ws': 0.0, 'ws_scalar': 0.0}","{'gas': {'co': 13499, 'co2': 13261, 'no': 13587, 'no2': 13766, 'o3': 13746}, 'pm': {'pm1': 13203, 'pm10': 13205, 'pm25': 13204}}",4.28,16.06,24.28,1.02,1.07,1.07,779420075,37.3,MOD-00614,25.3,2026-09-13T01:30:10,2026-09-12T18:30:10,https://api.quant-aq.com/v1/devices/MOD-00614/data/779419751
1438.74,881.6,"{'lat': None, 'lon': None}","{'rh': 37.3, 'temp': 25.4, 'wd': 0.0, 'ws': 0.0, 'ws_scalar': 0.0}","{'gas': {'co': 13499, 'co2': 13261, 'no': 13587, 'no2': 13766, 'o3': 13746}, 'pm': {'pm1': 13203, 'pm10': 13205, 'pm25': 13204}}",4.28,8.17,25.38,0.87,0.95,0.91,779420074,37.3,MOD-00614,25.4,2026-09-13T01:29:10,2026-09-12T18:29:10,https://api.quant-aq.com/v1/devices/MOD-00614/data/779419749
1433.26,892.92,"{'lat': None, 'lon': None}","{'rh': 37.5, 'temp': 25.4, 'wd': 0.0, 'ws': 0.0, 'ws_scalar': 0.0}","{'gas': {'co': 13499, 'co2': 13261, 'no': 13587, 'no2': 13766, 'o3': 13746}, 'pm': {'pm1': 13203, 'pm10': 13205, 'pm25': 13204}}",4.28,22.55,25.04,0.75,1.42,0.78,779420073,37.5,MOD-00614,25.4,2026-09-13T01:28:10,2026-09-12T18:28:10,https://api.quant-aq.com/v1/devices/MOD-00614/data/779419747
1423.48,885.58,"{'lat': None, 'lon': None}","{'rh': 37.4, 'temp': 25.4, 'wd': 0.0, 'ws': 0.0, 'ws_scalar': 0.0}","{'gas': {'co': 13499, 'co2': 13261, 'no': 13587, 'no2': 13766, 'o3': 13746}, 'pm': {'pm1': 13203, 'pm10': 13205, 'pm25': 13204}}",4.28,8.25,24.53,1.2,2.91,1.21,779420072,37.4,MOD-00614,25.4,2026-09-13T01:27:10,2026-09-12T18:27:10,https://api.quant-aq.com/v1/devices/MOD-00614/data/779419748
1426.01,881.12,"{'lat': None, 'lon': None}","{'rh': 37.3, 'temp': 25.4, 'wd': 0.0, 'ws': 0.0, 'ws_scalar': 0.0}","{'gas': {'co': 13499, 'co2': 13261, 'no': 13587, 'no2': 13766, 'o3': 13746}, 'pm': {'pm1': 13203, 'pm10': 13205, 'pm25': 13204}}",4.28,14.38,25.11,0.94,1.13,0.96,779416610,37.3,MOD-00614,25.4,2026-09-13T01:26:10,2026-09-12T18:26:10,https://api.quant-aq.com/v1/devices/MOD-00614/data/779416285
1422.73,884.85,"{'lat': None, 'lon': None}","{'rh': 37.3, 'temp': 25.4, 'wd': 0.0, 'ws': 0.0, 'ws_scalar': 0.0}","{'gas': {'co': 13499, 'co2': 13261, 'no': 13587, 'no2': 13766, 'o3': 13746}, 'pm': {'pm1': 13203, 'pm10': 13205, 'pm25': 13204}}",4.28,14.38,24.84,0.75,1.33,0.8,779416611,37.3,MOD-00614,25.4,2026-09-13T01:25:10,2026-09-12T18:25:10,https://api.quant-aq.com/v1/devices/MOD-00614/data/779416286
1421.56,875.34,"{'lat': None, 'lon': None}","{'rh': 37.2, 'temp': 25.4, 'wd': 0.0, 'ws': 0.0, 'ws_scalar': 0.0}","{'gas': {'co': 13499, 'co2': 13261, 'no': 13587, 'no2': 13766, 'o3': 13746}, 'pm': {'pm1': 13203, 'pm10': 13205, 'pm25': 13204}}",4.28,10.2,24.32,1.06,1.64,1.09,779416607,37.2,MOD-00614,25.4,2026-09-13T01:24:10,2026-09-12T18:24:10,https://api.quant-aq.com/v1/devices/MOD-00614/data/779416282
1417.46,873.77,"{'lat': None, 'lon': None}","{'rh': 37.2, 'temp': 25.4, 'wd': 0.0, 'ws': 0.0, 'ws_scalar': 0.0}","{'gas': {'co': 13499, 'co2': 13261, 'no': 13587, 'no2': 13766, 'o3': 13746}, 'pm': {'pm1': 13203, 'pm10': 13205, 'pm25': 13204}}",4.28,13.78,25.14,0.93,10.52,0.95,779416608,37.2,MOD-00614,25.4,2026-09-13T01:23:10,2026-09-12T18:23:10,https://api.quant-aq.com/v1/devices/MOD-00614/data/779416283
1413.02,868.84,"{'lat': None, 'lon': None}","{'rh': 37.1, 'temp': 25.4, 'wd': 0.0, 'ws': 0.0, 'ws_scalar': 0.0}","{'gas': {'co': 13499, 'co2': 13261, 'no': 13587, 'no2': 13766, 'o3': 13746}, 'pm': {'pm1': 13203, 'pm10': 13205, 'pm25': 13204}}",4.28,10.19,24.9,0.76,0.82,0.82,779416609,37.1,MOD-00614,25.4,2026-09-13T01:22:09,2026-09-12T18:22:09,https://api.quant-aq.com/v1/devices/MOD-00614/data/779416284
1405.29,870.28,"{'lat': None, 'lon': None}","{'rh': 37.0, 'temp': 25.4, 'wd': 0.0, 'ws': 0.0, 'ws_scalar': 0.0}","{'gas': {'co': 13499, 'co2': 13261, 'no': 13587, 'no2': 13766, 'o3': 13746}, 'pm': {'pm1': 13203, 'pm10': 13205, 'pm25': 13204}}",4.28,21.97,24.66,0.98,1.08,1.04,779413203,37.0,MOD-00614,25.4,2026-09-13T01:21:09,2026-09-12T18:21:09,https://api.quant-aq.com/v1/devices/MOD-00614/data/779412878
1415.55,870.16,"{'lat': None, 'lon': None}","{'rh': 37.0, 'temp': 25.4, 'wd': 0.0, 'ws': 0.0, 'ws_scalar': 0.0}","{'gas': {'co': 13499, 'co2': 13261, 'no': 13587, 'no2': 13766, 'o3': 13746}, 'pm': {'pm1': 13203, 'pm10': 13205, 'pm25': 13204}}",4.28,21.97,24.66,1.21,1.26,1.26,779413202,37.0,MOD-00614,25.4,2026-09-13T01:20:09,2026-09-12T18:20:09,https://api.quant-aq.com/v1/devices/MOD-00614/data/779412877
1411.03,872.57,"{'lat': None, 'lon': None}","{'rh': 37.0, 'temp': 25.4, 'wd': 0.0, 'ws': 0.0, 'ws_scalar': 0.0}","{'gas': {'co': 13499, 'co2': 13261, 'no': 13587, 'no2': 13766, 'o3': 13746}, 'pm': {'pm1': 13203, 'pm10': 13205, 'pm25': 13204}}",4.28,21.97,24.93,0.83,0.92,0.88,779413200,37.0,MOD-00614,25.4,2026-09-13T01:19:09,2026-09-12T18:19:09,https://api.quant-aq.com/v1/devices/MOD-00614/data/779412876
1413.5,869.68,"{'lat': None, 'lon': None}","{'rh': 37.0, 'temp': 25.4, 'wd': 0.0, 'ws': 0.0, 'ws_scalar': 0.0}","{'gas': {'co': 13499, 'co2': 13261, 'no': 13587, 'no2': 13766, 'o3': 13746}, 'pm': {'pm1': 13203, 'pm10': 13205, 'pm25': 13204}}",4.29,19.95,24.66,0.99,1.21,1.03,779413201,37.0,MOD-00614,25.4,2026-09-13T01:18:09,2026-09-12T18:18:09,https://api.quant-aq.com/v1/devices/MOD-00614/data/779412875
1411.85,875.46,"{'lat': None, 'lon': None}","{'rh': 37.0, 'temp': 25.4, 'wd': 0.0, 'ws': 0.0, 'ws_scalar': 0.0}","{'gas': {'co': 13499, 'co2': 13261, 'no': 13587, 'no2': 13766, 'o3': 13746}, 'pm': {'pm1': 13203, 'pm10': 13205, 'pm25': 13204}}",4.28,21.97,25.47,0.94,0.96,0.96,779413199,37.0,MOD-00614,25.4,2026-09-13T01:17:09,2026-09-12T18:17:09,https://api.quant-aq.com/v1/devices/MOD-00614/data/779412874
1411.44,875.94,"{'lat': None, 'lon': None}","{'rh': 37.0, 'temp': 25.4, 'wd': 0.0, 'ws': 0.0, 'ws_scalar': 0.0}","{'gas': {'co': 13499, 'co2': 13261, 'no': 13587, 'no2': 13766, 'o3': 13746}, 'pm': {'pm1': 13203, 'pm10': 13205, 'pm25': 13204}}",4.29,11.86,24.12,0.84,0.88,0.88,779409896,37.0,MOD-00614,25.4,2026-09-13T01:16:09,2026-09-12T18:16:09,https://api.quant-aq.com/v1/devices/MOD-00614/data/779409571
1413.91,873.17,"{'lat': None, 'lon': None}","{'rh': 37.0, 'temp': 25.4, 'wd': 0.0, 'ws': 0.0, 'ws_scalar': 0.0}","{'gas': {'co': 13499, 'co2': 13261, 'no': 13587, 'no2': 13766, 'o3': 13746}, 'pm': {'pm1': 13203, 'pm10': 13205, 'pm25': 13204}}",4.28,11.86,24.66,1.1,2.42,1.11,779409895,37.0,MOD-00614,25.4,2026-09-13T01:15:09,2026-09-12T18:15:09,https://api.quant-aq.com/v1/devices/MOD-00614/data/779409568
1409.05,868.11,"{'lat': None, 'lon': None}","{'rh': 36.9, 'temp': 25.4, 'wd': 0.0, 'ws': 0.0, 'ws_scalar': 0.0}","{'gas': {'co': 13499, 'co2': 13261, 'no': 13587, 'no2': 13766, 'o3': 13746}, 'pm': {'pm1': 13203, 'pm10': 13205, 'pm25': 13204}}",4.28,11.95,24.42,1.09,1.79,1.15,779409892,36.9,MOD-00614,25.4,2026-09-13T01:14:09,2026-09-12T18:14:09,https://api.quant-aq.com/v1/devices/MOD-00614/data/779409567
1405.06,868.59,"{'lat': None, 'lon': None}","{'rh': 36.9, 'temp': 25.5, 'wd': 0.0, 'ws': 0.0, 'ws_scalar': 0.0}","{'gas': {'co': 13499, 'co2': 13261, 'no': 13587, 'no2': 13766, 'o3': 13746}, 'pm': {'pm1': 13203, 'pm10': 13205, 'pm25': 13204}}",4.28,11.3,24.98,1.22,1.38,1.34,779409894,36.9,MOD-00614,25.5,2026-09-13T01:13:09,2026-09-12T18:13:09,https://api.quant-aq.com/v1/devices/MOD-00614/data/779409569
1412.44,869.56,"{'lat': None, 'lon': None}","{'rh': 36.9, 'temp': 25.5, 'wd': 0.0, 'ws': 0.0, 'ws_scalar': 0.0}","{'gas': {'co': 13499, 'co2': 13261, 'no': 13587, 'no2': 13766, 'o3': 13746}, 'pm': {'pm1': 13203, 'pm10': 13205, 'pm25': 13204}}",4.28,11.3,24.44,0.66,2.42,0.72,779409893,36.9,MOD-00614,25.5,2026-09-13T01:12:09,2026-09-12T18:12:09,https://api.quant-aq.com/v1/devices/MOD-00614/data/779409570
1409.64,870.76,"{'lat': None, 'lon': None}","{'rh': 36.8, 'temp': 25.5, 'wd': 0.0, 'ws': 0.0, 'ws_scalar': 0.0}","{'gas': {'co': 13499, 'co2': 13261, 'no': 13587, 'no2': 13766, 'o3': 13746}, 'pm': {'pm1': 13203, 'pm10': 13205, 'pm25': 13204}}",4.23,11.42,24.74,0.76,0.79,0.79,779406607,36.8,MOD-00614,25.5,2026-09-13T01:11:09,2026-09-12T18:11:09,https://api.quant-aq.com/v1/devices/MOD-00614/data/779406283
1404.31,867.75,"{'lat': None, 'lon': None}","{'rh': 36.8, 'temp': 25.5, 'wd': 0.0, 'ws': 0.0, 'ws_scalar': 0.0}","{'gas': {'co': 13499, 'co2': 13261, 'no': 13587, 'no2': 13766, 'o3': 13746}, 'pm': {'pm1': 13203, 'pm10': 13205, 'pm25': 13204}}",4.23,10.8,25.01,1.11,1.63,1.14,779406604,36.8,MOD-00614,25.5,2026-09-13T01:10:09,2026-09-12T18:10:09,https://api.quant-aq.com/v1/devices/MOD-00614/data/779406278
1408.41,870.88,"{'lat': None, 'lon': None}","{'rh': 36.8, 'temp': 25.5, 'wd': 0.0, 'ws': 0.0, 'ws_scalar': 0.0}","{'gas': {'co': 13499, 'co2': 13261, 'no': 13587, 'no2': 13766, 'o3': 13746}, 'pm': {'pm1': 13203, 'pm10': 13205, 'pm25': 13204}}",4.23,10.72,25.28,1.25,1.95,1.37,779406606,36.8,MOD-00614,25.5,2026-09-13T01:09:08,2026-09-12T18:09:08,https://api.quant-aq.com/v1/devices/MOD-00614/data/779406281
1408.41,871.73,"{'lat': None, 'lon': None}","{'rh': 36.8, 'temp': 25.5, 'wd': 0.0, 'ws': 0.0, 'ws_scalar': 0.0}","{'gas': {'co': 13499, 'co2': 13261, 'no': 13587, 'no2': 13766, 'o3': 13746}, 'pm': {'pm1': 13203, 'pm10': 13205, 'pm25': 13204}}",4.29,11.42,24.74,0.82,0.84,0.84,779406603,36.8,MOD-00614,25.5,2026-09-13T01:08:08,2026-09-12T18:08:08,https://api.quant-aq.com/v1/devices/MOD-00614/data/779406279
1406.02,871.73,"{'lat': None, 'lon': None}","{'rh': 36.7, 'temp': 25.5, 'wd': 0.0, 'ws': 0.0, 'ws_scalar': 0.0}","{'gas': {'co': 13499, 'co2': 13261, 'no': 13587, 'no2': 13766, 'o3': 13746}, 'pm': {'pm1': 13203, 'pm10': 13205, 'pm25': 13204}}",4.22,21.81,25.04,0.89,0.93,0.93,779406605,36.7,MOD-00614,25.5,2026-09-13T01:07:08,2026-09-12T18:07:08,https://api.quant-aq.com/v1/devices/MOD-00614/data/779406280
1402.73,874.26,"{'lat': None, 'lon': None}","{'rh': 36.7, 'temp': 25.5, 'wd': 0.0, 'ws': 0.0, 'ws_scalar': 0.0}","{'gas': {'co': 13499, 'co2': 13261, 'no': 13587, 'no2': 13766, 'o3': 13746}, 'pm': {'pm1': 13203, 'pm10': 13205, 'pm25': 13204}}",4.23,21.81,25.04,1.23,1.57,1.31,779403451,36.7,MOD-00614,25.5,2026-09-13T01:06:08,2026-09-12T18:06:08,https://api.quant-aq.com/v1/devices/MOD-00614/data/779403126
1400.68,873.05,"{'lat': None, 'lon': None}","{'rh': 36.7, 'temp': 25.5, 'wd': 0.0, 'ws': 0.0, 'ws_scalar': 0.0}","{'gas': {'co': 13499, 'co2': 13261, 'no': 13587, 'no2': 13766, 'o3': 13746}, 'pm': {'pm1': 13203, 'pm10': 13205, 'pm25': 13204}}",4.23,10.91,24.77,0.89,0.96,0.91,779403452,36.7,MOD-00614,25.5,2026-09-13T01:05:08,2026-09-12T18:05:08,https://api.quant-aq.com/v1/devices/MOD-00614/data/779403127
1397.47,873.29,"{'lat': None, 'lon': None}","{'rh': 36.6, 'temp': 25.5, 'wd': 0.0, 'ws': 0.0, 'ws_scalar': 0.0}","{'gas': {'co': 13499, 'co2': 13261, 'no': 13587, 'no2': 13766, 'o3': 13746}, 'pm': {'pm1': 13203, 'pm10': 13205, 'pm25': 13204}}",4.23,15.91,24.8,0.87,1.5,0.97,779403448,36.6,MOD-00614,25.5,2026-09-13T01:04:08,2026-09-12T18:04:08,https://api.quant-aq.com/v1/devices/MOD-00614/data/779403123
1399.93,873.05,"{'lat': None, 'lon': None}","{'rh': 36.6, 'temp': 25.5, 'wd': 0.0, 'ws': 0.0, 'ws_scalar': 0.0}","{'gas': {'co': 13499, 'co2': 13261, 'no': 13587, 'no2': 13766, 'o3': 13746}, 'pm': {'pm1': 13203, 'pm10': 13205, 'pm25': 13204}}",4.23,12.65,24.53,1.07,1.2,1.16,779403449,36.6,MOD-00614,25.5,2026-09-13T01:03:08,2026-09-12T18:03:08,https://api.quant-aq.com/v1/devices/MOD-00614/data/779403124
1401.16,870.16,"{'lat': None, 'lon': None}","{'rh': 36.6, 'temp': 25.5, 'wd': 0.0, 'ws': 0.0, 'ws_scalar': 0.0}","{'gas': {'co': 13499, 'co2': 13261, 'no': 13587, 'no2': 13766, 'o3': 13746}, 'pm': {'pm1': 13203, 'pm10': 13205, 'pm25': 13204}}",4.23,10.85,24.8,1.05,1.4,1.15,779403450,36.6,MOD-00614,25.5,2026-09-13T01:02:08,2026-09-12T18:02:08,https://api.quant-aq.com/v1/devices/MOD-00614/data/779403125
1397.06,872.81,"{'lat': None, 'lon': None}","{'rh': 36.6, 'temp': 25.5, 'wd': 0.0, 'ws': 0.0, 'ws_scalar': 0.0}","{'gas': {'co': 13499, 'co2': 13261, 'no': 13587, 'no2': 13766, 'o3': 13746}, 'pm': {'pm1': 13203, 'pm10': 13205, 'pm25': 13204}}",4.23,10.85,24.8,1.02,1.42,1.11,779400549,36.6,MOD-00614,25.5,2026-09-13T01:01:08,2026-09-12T18:01:08,https://api.quant-aq.com/v1/devices/MOD-00614/data/779400224
1397.54,871.97,"{'lat': None, 'lon': None}","{'rh': 36.5, 'temp': 25.5, 'wd': 0.0, 'ws': 0.0, 'ws_scalar': 0.0}","{'gas': {'co': 13499, 'co2': 13261, 'no': 13587, 'no2': 13766, 'o3': 13746}, 'pm': {'pm1': 13203, 'pm10': 13205, 'pm25': 13204}}",4.23,12.95,24.84,0.94,1.62,1.06,779400547,36.5,MOD-00614,25.5,2026-09-13T01:00:08,2026-09-12T18:00:08,https://api.quant-aq.com/v1/devices/MOD-00614/data/779400222
1398.02,870.88,"{'lat': None, 'lon': None}","{'rh': 36.4, 'temp': 25.5, 'wd': 0.0, 'ws': 0.0, 'ws_scalar': 0.0}","{'gas': {'co': 13499, 'co2': 13261, 'no': 13587, 'no2': 13766, 'o3': 13746}, 'pm': {'pm1': 13203, 'pm10': 13205, 'pm25': 13204}}",4.23,17.7,24.33,0.79,0.85,0.85,779400548,36.4,MOD-00614,25.5,2026-09-13T00:59:08,2026-09-12T17:59:08,https://api.quant-aq.com/v1/devices/MOD-00614/data/779400223
1392.27,871.85,"{'lat': None, 'lon': None}","{'rh': 36.4, 'temp': 25.5, 'wd': 0.0, 'ws': 0.0, 'ws_scalar': 0.0}","{'gas': {'co': 13499, 'co2': 13261, 'no': 13587, 'no2': 13766, 'o3': 13746}, 'pm': {'pm1': 13203, 'pm10': 13205, 'pm25': 13204}}",4.23,17.7,24.33,0.88,1.39,0.89,779400545,36.4,MOD-00614,25.5,2026-09-13T00:58:08,2026-09-12T17:58:08,https://api.quant-aq.com/v1/devices/MOD-00614/data/779400220
1398.84,872.93,"{'lat': None, 'lon': None}","{'rh': 36.4, 'temp': 25.5, 'wd': 0.0, 'ws': 0.0, 'ws_scalar': 0.0}","{'gas': {'co': 13499, 'co2': 13261, 'no': 13587, 'no2': 13766, 'o3': 13746}, 'pm': {'pm1': 13203, 'pm10': 13205, 'pm25': 13204}}",4.23,17.1,24.87,0.95,3.39,1.01,779400546,36.4,MOD-00614,25.5,2026-09-13T00:57:08,2026-09-12T17:57:08,https://api.quant-aq.com/v1/devices/MOD-00614/data/779400221
1394.33,870.16,"{'lat': None, 'lon': None}","{'rh': 36.4, 'temp': 25.5, 'wd': 0.0, 'ws': 0.0, 'ws_scalar': 0.0}","{'gas': {'co': 13499, 'co2': 13261, 'no': 13587, 'no2': 13766, 'o3': 13746}, 'pm': {'pm1': 13203, 'pm10': 13205, 'pm25': 13204}}",4.23,17.1,24.33,1.0,1.34,1.12,779397703,36.4,MOD-00614,25.5,2026-09-13T00:56:07,2026-09-12T17:56:07,https://api.quant-aq.com/v1/devices/MOD-00614/data/779397377
1393.68,873.53,"{'lat': None, 'lon': None}","{'rh': 36.3, 'temp': 25.6, 'wd': 0.0, 'ws': 0.0, 'ws_scalar': 0.0}","{'gas': {'co': 13499, 'co2': 13261, 'no': 13587, 'no2': 13766, 'o3': 13746}, 'pm': {'pm1': 13203, 'pm10': 13205, 'pm25': 13204}}",4.22,20.01,24.92,0.95,5.25,0.99,779397701,36.3,MOD-00614,25.6,2026-09-13T00:55:07,2026-09-12T17:55:07,https://api.quant-aq.com/v1/devices/MOD-00614/data/779397376
1401.0,875.46,"{'lat': None, 'lon': None}","{'rh': 36.4, 'temp': 25.6, 'wd': 0.0, 'ws': 0.0, 'ws_scalar': 0.0}","{'gas': {'co': 13499, 'co2': 13261, 'no': 13587, 'no2': 13766, 'o3': 13746}, 'pm': {'pm1': 13203, 'pm10': 13205, 'pm25': 13204}}",4.23,13.13,24.88,0.74,0.78,0.78,779397704,36.4,MOD-00614,25.6,2026-09-13T00:54:07,2026-09-12T17:54:07,https://api.quant-aq.com/v1/devices/MOD-00614/data/779397380
1390.4,873.05,"{'lat': None, 'lon': None}","{'rh': 36.3, 'temp': 25.6, 'wd': 0.0, 'ws': 0.0, 'ws_scalar': 0.0}","{'gas': {'co': 13499, 'co2': 13261, 'no': 13587, 'no2': 13766, 'o3': 13746}, 'pm': {'pm1': 13203, 'pm10': 13205, 'pm25': 13204}}",4.22,14.21,24.11,0.82,1.07,0.94,779397702,36.3,MOD-00614,25.6,2026-09-13T00:53:07,2026-09-12T17:53:07,https://api.quant-aq.com/v1/devices/MOD-00614/data/779397378
1394.58,870.76,"{'lat': None, 'lon': None}","{'rh': 36.2, 'temp': 25.6, 'wd': 0.0, 'ws': 0.0, 'ws_scalar': 0.0}","{'gas': {'co': 13499, 'co2': 13261, 'no': 13587, 'no2': 13766, 'o3': 13746}, 'pm': {'pm1': 13203, 'pm10': 13205, 'pm25': 13204}}",4.22,20.46,24.68,1.07,1.88,1.14,779397705,36.2,MOD-00614,25.6,2026-09-13T00:52:07,2026-09-12T17:52:07,https://api.quant-aq.com/v1/devices/MOD-00614/data/779397379
1389.17,871.97,"{'lat': None, 'lon': None}","{'rh': 36.3, 'temp': 25.6, 'wd': 0.0, 'ws': 0.0, 'ws_scalar': 0.0}","{'gas': {'co': 13499, 'co2': 13261, 'no': 13587, 'no2': 13766, 'o3': 13746}, 'pm': {'pm1': 13203, 'pm10': 13205, 'pm25': 13204}}",4.22,13.92,24.65,1.06,3.0,1.1,779394845,36.3,MOD-00614,25.6,2026-09-13T00:51:07,2026-09-12T17:51:07,https://api.quant-aq.com/v1/devices/MOD-00614/data/779394519
1397.86,872.81,"{'lat': None, 'lon': None}","{'rh': 36.2, 'temp': 25.6, 'wd': 0.0, 'ws': 0.0, 'ws_scalar': 0.0}","{'gas': {'co': 13499, 'co2': 13261, 'no': 13587, 'no2': 13766, 'o3': 13746}, 'pm': {'pm1': 13203, 'pm10': 13205, 'pm25': 13204}}",4.22,19.89,24.68,1.0,3.13,1.14,779394844,36.2,MOD-00614,25.6,2026-09-13T00:50:07,2026-09-12T17:50:07,https://api.quant-aq.com/v1/devices/MOD-00614/data/779394520
1398.68,877.99,"{'lat': None, 'lon': None}","{'rh': 36.2, 'temp': 25.6, 'wd': 0.0, 'ws': 0.0, 'ws_scalar': 0.0}","{'gas': {'co': 13499, 'co2': 13261, 'no': 13587, 'no2': 13766, 'o3': 13746}, 'pm': {'pm1': 13203, 'pm10': 13205, 'pm25': 13204}}",4.22,20.46,24.41,0.89,0.98,0.94,779394842,36.2,MOD-00614,25.6,2026-09-13T00:49:07,2026-09-12T17:49:07,https://api.quant-aq.com/v1/devices/MOD-00614/data/779394517
1389.65,878.47,"{'lat': None, 'lon': None}","{'rh': 36.2, 'temp': 25.6, 'wd': 0.0, 'ws': 0.0, 'ws_scalar': 0.0}","{'gas': {'co': 13499, 'co2': 13261, 'no': 13587, 'no2': 13766, 'o3': 13746}, 'pm': {'pm1': 13203, 'pm10': 13205, 'pm25': 13204}}",4.22,19.89,24.14,0.98,1.09,1.05,779394843,36.2,MOD-00614,25.6,2026-09-13T00:48:07,2026-09-12T17:48:07,https://api.quant-aq.com/v1/devices/MOD-00614/data/779394518
1387.67,873.65,"{'lat': None, 'lon': None}","{'rh': 36.1, 'temp': 25.6, 'wd': 0.0, 'ws': 0.0, 'ws_scalar': 0.0}","{'gas': {'co': 13499, 'co2': 13261, 'no': 13587, 'no2': 13766, 'o3': 13746}, 'pm': {'pm1': 13203, 'pm10': 13205, 'pm25': 13204}}",3.78,16.72,24.98,0.91,11.65,1.01,779394841,36.1,MOD-00614,25.6,2026-09-13T00:47:07,2026-09-12T17:47:07,https://api.quant-aq.com/v1/devices/MOD-00614/data/779394516
1395.88,878.11,"{'lat': None, 'lon': None}","{'rh': 36.1, 'temp': 25.6, 'wd': 0.0, 'ws': 0.0, 'ws_scalar': 0.0}","{'gas': {'co': 13499, 'co2': 13261, 'no': 13587, 'no2': 13766, 'o3': 13746}, 'pm': {'pm1': 13203, 'pm10': 13205, 'pm25': 13204}}",3.77,21.11,24.44,0.94,1.08,1.04,779391787,36.1,MOD-00614,25.6,2026-09-13T00:46:07,2026-09-12T17:46:07,https://api.quant-aq.com/v1/devices/MOD-00614/data/779391462
1393.42,877.27,"{'lat': None, 'lon': None}","{'rh': 36.1, 'temp': 25.6, 'wd': 0.0, 'ws': 0.0, 'ws_scalar': 0.0}","{'gas': {'co': 13499, 'co2': 13261, 'no': 13587, 'no2': 13766, 'o3': 13746}, 'pm': {'pm1': 13203, 'pm10': 13205, 'pm25': 13204}}",3.77,20.28,24.44,1.22,1.26,1.26,779391789,36.1,MOD-00614,25.6,2026-09-13T00:45:07,2026-09-12T17:45:07,https://api.quant-aq.com/v1/devices/MOD-00614/data/779391464
1406.14,877.51,"{'lat': None, 'lon': None}","{'rh': 36.1, 'temp': 25.6, 'wd': 0.0, 'ws': 0.0, 'ws_scalar': 0.0}","{'gas': {'co': 13499, 'co2': 13261, 'no': 13587, 'no2': 13766, 'o3': 13746}, 'pm': {'pm1': 13203, 'pm10': 13205, 'pm25': 13204}}",3.78,16.18,24.71,1.01,6.54,1.09,779391785,36.1,MOD-00614,25.6,2026-09-13T00:44:06,2026-09-12T17:44:06,https://api.quant-aq.com/v1/devices/MOD-00614/data/779391460
1404.84,884.85,"{'lat': None, 'lon': None}","{'rh': 36.2, 'temp': 25.6, 'wd': 0.0, 'ws': 0.0, 'ws_scalar': 0.0}","{'gas': {'co': 13499, 'co2': 13261, 'no': 13587, 'no2': 13766, 'o3': 13746}, 'pm': {'pm1': 13203, 'pm10': 13205, 'pm25': 13204}}",4.22,18.97,24.95,0.96,1.55,1.04,779391788,36.2,MOD-00614,25.6,2026-09-13T00:43:06,2026-09-12T17:43:06,https://api.quant-aq.com/v1/devices/MOD-00614/data/779391463
1401.22,878.83,"{'lat': None, 'lon': None}","{'rh': 36.1, 'temp': 25.6, 'wd': 0.0, 'ws': 0.0, 'ws_scalar': 0.0}","{'gas': {'co': 13499, 'co2': 13261, 'no': 13587, 'no2': 13766, 'o3': 13746}, 'pm': {'pm1': 13203, 'pm10': 13205, 'pm25': 13204}}",3.78,20.28,24.17,1.01,1.22,1.04,779391786,36.1,MOD-00614,25.6,2026-09-13T00:42:06,2026-09-12T17:42:06,https://api.quant-aq.com/v1/devices/MOD-00614/data/779391461
1397.93,879.56,"{'lat': None, 'lon': None}","{'rh': 36.1, 'temp': 25.6, 'wd': 0.0, 'ws': 0.0, 'ws_scalar': 0.0}","{'gas': {'co': 13499, 'co2': 13261, 'no': 13587, 'no2': 13766, 'o3': 13746}, 'pm': {'pm1': 13203, 'pm10': 13205, 'pm25': 13204}}",3.76,20.28,24.17,0.72,1.5,0.86,779388748,36.1,MOD-00614,25.6,2026-09-13T00:41:06,2026-09-12T17:41:06,https://api.quant-aq.com/v1/devices/MOD-00614/data/779388424
1408.94,885.94,"{'lat': None, 'lon': None}","{'rh': 36.2, 'temp': 25.6, 'wd': 0.0, 'ws': 0.0, 'ws_scalar': 0.0}","{'gas': {'co': 13499, 'co2': 13261, 'no': 13587, 'no2': 13766, 'o3': 13746}, 'pm': {'pm1': 13203, 'pm10': 13205, 'pm25': 13204}}",4.23,19.89,24.41,0.7,5.94,0.78,779388746,36.2,MOD-00614,25.6,2026-09-13T00:40:06,2026-09-12T17:40:06,https://api.quant-aq.com/v1/devices/MOD-00614/data/779388421
1395.47,880.28,"{'lat': None, 'lon': None}","{'rh': 36.1, 'temp': 25.6, 'wd': 0.0, 'ws': 0.0, 'ws_scalar': 0.0}","{'gas': {'co': 13499, 'co2': 13261, 'no': 13587, 'no2': 13766, 'o3': 13746}, 'pm': {'pm1': 13203, 'pm10': 13205, 'pm25': 13204}}",3.78,16.72,24.71,0.64,1.56,0.78,779388749,36.1,MOD-00614,25.6,2026-09-13T00:39:06,2026-09-12T17:39:06,https://api.quant-aq.com/v1/devices/MOD-00614/data/779388423
1400.73,893.53,"{'lat': None, 'lon': None}","{'rh': 36.2, 'temp': 25.6, 'wd': 0.0, 'ws': 0.0, 'ws_scalar': 0.0}","{'gas': {'co': 13499, 'co2': 13261, 'no': 13587, 'no2': 13766, 'o3': 13746}, 'pm': {'pm1': 13203, 'pm10': 13205, 'pm25': 13204}}",4.23,18.97,24.41,1.14,2.02,1.33,779388747,36.2,MOD-00614,25.6,2026-09-13T00:38:06,2026-09-12T17:38:06,https://api.quant-aq.com/v1/devices/MOD-00614/data/779388422
1402.86,883.53,"{'lat': None, 'lon': None}","{'rh': 36.1, 'temp': 25.6, 'wd': 0.0, 'ws': 0.0, 'ws_scalar': 0.0}","{'gas': {'co': 13499, 'co2': 13261, 'no': 13587, 'no2': 13766, 'o3': 13746}, 'pm': {'pm1': 13203, 'pm10': 13205, 'pm25': 13204}}",3.78,16.72,24.44,1.1,2.03,1.28,779388750,36.1,MOD-00614,25.6,2026-09-13T00:37:06,2026-09-12T17:37:06,https://api.quant-aq.com/v1/devices/MOD-00614/data/779388425
1407.07,889.67,"{'lat': None, 'lon': None}","{'rh': 36.1, 'temp': 25.7, 'wd': 0.0, 'ws': 0.0, 'ws_scalar': 0.0}","{'gas': {'co': 13499, 'co2': 13261, 'no': 13587, 'no2': 13766, 'o3': 13746}, 'pm': {'pm1': 13203, 'pm10': 13205, 'pm25': 13204}}",4.23,13.51,24.19,0.72,11.17,0.85,779385923,36.1,MOD-00614,25.7,2026-09-13T00:36:06,2026-09-12T17:36:06,https://api.quant-aq.com/v1/devices/MOD-00614/data/779385598
1424.17,914.85,"{'lat': None, 'lon': None}","{'rh': 36.3, 'temp': 25.7, 'wd': 0.0, 'ws': 0.0, 'ws_scalar': 0.0}","{'gas': {'co': 13499, 'co2': 13261, 'no': 13587, 'no2': 13766, 'o3': 13746}, 'pm': {'pm1': 13203, 'pm10': 13205, 'pm25': 13204}}",4.24,13.38,24.4,1.08,1.82,1.21,779385926,36.3,MOD-00614,25.7,2026-09-13T00:35:06,2026-09-12T17:35:06,https://api.quant-aq.com/v1/devices/MOD-00614/data/779385600
1411.37,910.87,"{'lat': None, 'lon': None}","{'rh': 36.4, 'temp': 25.7, 'wd': 0.0, 'ws': 0.0, 'ws_scalar': 0.0}","{'gas': {'co': 13499, 'co2': 13261, 'no': 13587, 'no2': 13766, 'o3': 13746}, 'pm': {'pm1': 13203, 'pm10': 13205, 'pm25': 13204}}",4.23,12.75,24.63,1.0,3.97,1.07,779385922,36.4,MOD-00614,25.7,2026-09-13T00:34:06,2026-09-12T17:34:06,https://api.quant-aq.com/v1/devices/MOD-00614/data/779385597
1396.33,884.49,"{'lat': None, 'lon': None}","{'rh': 36.2, 'temp': 25.7, 'wd': 0.0, 'ws': 0.0, 'ws_scalar': 0.0}","{'gas': {'co': 13499, 'co2': 13261, 'no': 13587, 'no2': 13766, 'o3': 13746}, 'pm': {'pm1': 13203, 'pm10': 13205, 'pm25': 13204}}",4.23,13.97,24.43,0.83,1.45,0.9,779385925,36.2,MOD-00614,25.7,2026-09-13T00:33:06,2026-09-12T17:33:06,https://api.quant-aq.com/v1/devices/MOD-00614/data/779385599
1392.29,884.37,"{'lat': None, 'lon': None}","{'rh': 36.1, 'temp': 25.7, 'wd': 0.0, 'ws': 0.0, 'ws_scalar': 0.0}","{'gas': {'co': 13499, 'co2': 13261, 'no': 13587, 'no2': 13766, 'o3': 13746}, 'pm': {'pm1': 13203, 'pm10': 13205, 'pm25': 13204}}",4.22,20.8,24.46,1.11,3.57,1.22,779385924,36.1,MOD-00614,25.7,2026-09-13T00:32:06,2026-09-12T17:32:06,https://api.quant-aq.com/v1/devices/MOD-00614/data/779385601
1384.08,887.14,"{'lat': None, 'lon': None}","{'rh': 36.1, 'temp': 25.7, 'wd': 0.0, 'ws': 0.0, 'ws_scalar': 0.0}","{'gas': {'co': 13499, 'co2': 13261, 'no': 13587, 'no2': 13766, 'o3': 13746}, 'pm': {'pm1': 13203, 'pm10': 13205, 'pm25': 13204}}",4.22,20.42,24.46,0.9,1.68,1.08,779383064,36.1,MOD-00614,25.7,2026-09-13T00:31:05,2026-09-12T17:31:05,https://api.quant-aq.com/v1/devices/MOD-00614/data/779382738
1381.21,880.76,"{'lat': None, 'lon': None}","{'rh': 36.1, 'temp': 25.7, 'wd': 0.0, 'ws': 0.0, 'ws_scalar': 0.0}","{'gas': {'co': 13499, 'co2': 13261, 'no': 13587, 'no2': 13766, 'o3': 13746}, 'pm': {'pm1': 13203, 'pm10': 13205, 'pm25': 13204}}",4.22,13.51,24.73,1.03,1.72,1.13,779383060,36.1,MOD-00614,25.7,2026-09-13T00:30:05,2026-09-12T17:30:05,https://api.quant-aq.com/v1/devices/MOD-00614/data/779382735
1395.58,894.01,"{'lat': None, 'lon': None}","{'rh': 36.1, 'temp': 25.7, 'wd': 0.0, 'ws': 0.0, 'ws_scalar': 0.0}","{'gas': {'co': 13499, 'co2': 13261, 'no': 13587, 'no2': 13766, 'o3': 13746}, 'pm': {'pm1': 13203, 'pm10': 13205, 'pm25': 13204}}",4.22,20.8,24.19,1.02,1.31,1.1,779383061,36.1,MOD-00614,25.7,2026-09-13T00:29:05,2026-09-12T17:29:05,https://api.quant-aq.com/v1/devices/MOD-00614/data/779382736
1384.83,887.14,"{'lat': None, 'lon': None}","{'rh': 36.2, 'temp': 25.7, 'wd': 0.0, 'ws': 0.0, 'ws_scalar': 0.0}","{'gas': {'co': 13499, 'co2': 13261, 'no': 13587, 'no2': 13766, 'o3': 13746}, 'pm': {'pm1': 13203, 'pm10': 13205, 'pm25': 13204}}",4.22,13.97,24.7,1.13,1.34,1.26,779383063,36.2,MOD-00614,25.7,2026-09-13T00:28:05,2026-09-12T17:28:05,https://api.quant-aq.com/v1/devices/MOD-00614/data/779382739
1373.89,878.83,"{'lat': None, 'lon': None}","{'rh': 36.0, 'temp': 25.7, 'wd': 0.0, 'ws': 0.0, 'ws_scalar': 0.0}","{'gas': {'co': 13499, 'co2': 13261, 'no': 13587, 'no2': 13766, 'o3': 13746}, 'pm': {'pm1': 13203, 'pm10': 13205, 'pm25': 13204}}",3.78,20.32,24.76,1.14,2.18,1.27,779383062,36.0,MOD-00614,25.7,2026-09-13T00:27:05,2026-09-12T17:27:05,https://api.quant-aq.com/v1/devices/MOD-00614/data/779382737
1370.27,872.93,"{'lat': None, 'lon': None}","{'rh': 35.9, 'temp': 25.7, 'wd': 0.0, 'ws': 0.0, 'ws_scalar': 0.0}","{'gas': {'co': 13499, 'co2': 13261, 'no': 13587, 'no2': 13766, 'o3': 13746}, 'pm': {'pm1': 13203, 'pm10': 13205, 'pm25': 13204}}",3.77,21.49,24.26,1.15,3.66,1.31,779380235,35.9,MOD-00614,25.7,2026-09-13T00:26:05,2026-09-12T17:26:05,https://api.quant-aq.com/v1/devices/MOD-00614/data/779379911
1367.32,876.91,"{'lat': None, 'lon': None}","{'rh': 36.0, 'temp': 25.7, 'wd': 0.0, 'ws': 0.0, 'ws_scalar': 0.0}","{'gas': {'co': 13499, 'co2': 13261, 'no': 13587, 'no2': 13766, 'o3': 13746}, 'pm': {'pm1': 13203, 'pm10': 13205, 'pm25': 13204}}",3.77,13.44,24.49,1.16,1.22,1.22,779380234,36.0,MOD-00614,25.7,2026-09-13T00:25:05,2026-09-12T17:25:05,https://api.quant-aq.com/v1/devices/MOD-00614/data/779379909
1361.58,874.14,"{'lat': None, 'lon': None}","{'rh': 36.0, 'temp': 25.7, 'wd': 0.0, 'ws': 0.0, 'ws_scalar': 0.0}","{'gas': {'co': 13499, 'co2': 13261, 'no': 13587, 'no2': 13766, 'o3': 13746}, 'pm': {'pm1': 13203, 'pm10': 13205, 'pm25': 13204}}",3.79,20.66,24.76,1.26,1.63,1.4,779380238,36.0,MOD-00614,25.7,2026-09-13T00:24:05,2026-09-12T17:24:05,https://api.quant-aq.com/v1/devices/MOD-00614/data/779379913
1359.59,871.49,"{'lat': None, 'lon': None}","{'rh': 35.9, 'temp': 25.7, 'wd': 0.0, 'ws': 0.0, 'ws_scalar': 0.0}","{'gas': {'co': 13499, 'co2': 13261, 'no': 13587, 'no2': 13766, 'o3': 13746}, 'pm': {'pm1': 13203, 'pm10': 13205, 'pm25': 13204}}",3.78,20.25,23.99,0.97,3.03,1.11,779380236,35.9,MOD-00614,25.7,2026-09-13T00:23:05,2026-09-12T17:23:05,https://api.quant-aq.com/v1/devices/MOD-00614/data/779379910
1363.7,871.97,"{'lat': None, 'lon': None}","{'rh': 35.9, 'temp': 25.7, 'wd': 0.0, 'ws': 0.0, 'ws_scalar': 0.0}","{'gas': {'co': 13499, 'co2': 13261, 'no': 13587, 'no2': 13766, 'o3': 13746}, 'pm': {'pm1': 13203, 'pm10': 13205, 'pm25': 13204}}",3.78,21.18,24.26,1.11,6.33,1.24,779380237,35.9,MOD-00614,25.7,2026-09-13T00:22:05,2026-09-12T17:22:05,https://api.quant-aq.com/v1/devices/MOD-00614/data/779379912
1365.34,876.42,"{'lat': None, 'lon': None}","{'rh': 35.9, 'temp': 25.7, 'wd': 0.0, 'ws': 0.0, 'ws_scalar': 0.0}","{'gas': {'co': 13499, 'co2': 13261, 'no': 13587, 'no2': 13766, 'o3': 13746}, 'pm': {'pm1': 13203, 'pm10': 13205, 'pm25': 13204}}",3.78,20.25,24.79,0.9,1.67,0.96,779377310,35.9,MOD-00614,25.7,2026-09-13T00:21:05,2026-09-12T17:21:05,https://api.quant-aq.com/v1/devices/MOD-00614/data/779376985
1370.61,876.3,"{'lat': None, 'lon': None}","{'rh': 36.0, 'temp': 25.7, 'wd': 0.0, 'ws': 0.0, 'ws_scalar': 0.0}","{'gas': {'co': 13499, 'co2': 13261, 'no': 13587, 'no2': 13766, 'o3': 13746}, 'pm': {'pm1': 13203, 'pm10': 13205, 'pm25': 13204}}",3.76,20.66,24.49,0.96,1.63,1.12,779377309,36.0,MOD-00614,25.7,2026-09-13T00:20:05,2026-09-12T17:20:05,https://api.quant-aq.com/v1/devices/MOD-00614/data/779376984
1362.47,875.58,"{'lat': None, 'lon': None}","{'rh': 35.9, 'temp': 25.7, 'wd': 0.0, 'ws': 0.0, 'ws_scalar': 0.0}","{'gas': {'co': 13499, 'co2': 13261, 'no': 13587, 'no2': 13766, 'o3': 13746}, 'pm': {'pm1': 13203, 'pm10': 13205, 'pm25': 13204}}",3.77,21.18,24.53,0.86,1.02,0.97,779377308,35.9,MOD-00614,25.7,2026-09-13T00:19:05,2026-09-12T17:19:05,https://api.quant-aq.com/v1/devices/MOD-00614/data/779376983
1361.72,873.17,"{'lat': None, 'lon': None}","{'rh': 35.8, 'temp': 25.7, 'wd': 0.0, 'ws': 0.0, 'ws_scalar': 0.0}","{'gas': {'co': 13499, 'co2': 13261, 'no': 13587, 'no2': 13766, 'o3': 13746}, 'pm': {'pm1': 13203, 'pm10': 13205, 'pm25': 13204}}",3.77,20.47,24.29,1.08,1.36,1.28,779377307,35.8,MOD-00614,25.7,2026-09-13T00:18:04,2026-09-12T17:18:04,https://api.quant-aq.com/v1/devices/MOD-00614/data/779376982
1370.61,890.88,"{'lat': None, 'lon': None}","{'rh': 36.0, 'temp': 25.7, 'wd': 0.0, 'ws': 0.0, 'ws_scalar': 0.0}","{'gas': {'co': 13499, 'co2': 13261, 'no': 13587, 'no2': 13766, 'o3': 13746}, 'pm': {'pm1': 13203, 'pm10': 13205, 'pm25': 13204}}",3.79,20.32,24.49,1.13,2.45,1.22,779377306,36.0,MOD-00614,25.7,2026-09-13T00:17:04,2026-09-12T17:17:04,https://api.quant-aq.com/v1/devices/MOD-00614/data/779376981
1353.78,880.28,"{'lat': None, 'lon': None}","{'rh': 36.0, 'temp': 25.7, 'wd': 0.0, 'ws': 0.0, 'ws_scalar': 0.0}","{'gas': {'co': 13499, 'co2': 13261, 'no': 13587, 'no2': 13766, 'o3': 13746}, 'pm': {'pm1': 13203, 'pm10': 13205, 'pm25': 13204}}",3.76,21.01,24.49,0.77,3.37,0.87,779374466,36.0,MOD-00614,25.7,2026-09-13T00:16:04,2026-09-12T17:16:04,https://api.quant-aq.com/v1/devices/MOD-00614/data/779374141
1347.42,868.84,"{'lat': None, 'lon': None}","{'rh': 35.7, 'temp': 25.7, 'wd': 0.0, 'ws': 0.0, 'ws_scalar': 0.0}","{'gas': {'co': 13499, 'co2': 13261, 'no': 13587, 'no2': 13766, 'o3': 13746}, 'pm': {'pm1': 13203, 'pm10': 13205, 'pm25': 13204}}",3.79,14.31,24.86,0.92,3.0,0.95,779374470,35.7,MOD-00614,25.7,2026-09-13T00:15:04,2026-09-12T17:15:04,https://api.quant-aq.com/v1/devices/MOD-00614/data/779374145
1355.08,878.35,"{'lat': None, 'lon': None}","{'rh': 35.9, 'temp': 25.7, 'wd': 0.0, 'ws': 0.0, 'ws_scalar': 0.0}","{'gas': {'co': 13499, 'co2': 13261, 'no': 13587, 'no2': 13766, 'o3': 13746}, 'pm': {'pm1': 13203, 'pm10': 13205, 'pm25': 13204}}",3.78,20.56,24.53,0.87,1.7,1.02,779374468,35.9,MOD-00614,25.7,2026-09-13T00:14:04,2026-09-12T17:14:04,https://api.quant-aq.com/v1/devices/MOD-00614/data/779374143
1349.88,875.22,"{'lat': None, 'lon': None}","{'rh': 35.7, 'temp': 25.7, 'wd': 0.0, 'ws': 0.0, 'ws_scalar': 0.0}","{'gas': {'co': 13499, 'co2': 13261, 'no': 13587, 'no2': 13766, 'o3': 13746}, 'pm': {'pm1': 13203, 'pm10': 13205, 'pm25': 13204}}",3.77,14.31,24.59,0.7,1.28,0.92,779374469,35.7,MOD-00614,25.7,2026-09-13T00:13:04,2026-09-12T17:13:04,https://api.quant-aq.com/v1/devices/MOD-00614/data/779374144
1347.83,871.97,"{'lat': None, 'lon': None}","{'rh': 35.7, 'temp': 25.7, 'wd': 0.0, 'ws': 0.0, 'ws_scalar': 0.0}","{'gas': {'co': 13499, 'co2': 13261, 'no': 13587, 'no2': 13766, 'o3': 13746}, 'pm': {'pm1': 13203, 'pm10': 13205, 'pm25': 13204}}",3.78,14.31,24.59,1.08,1.39,1.2,779374467,35.7,MOD-00614,25.7,2026-09-13T00:12:04,2026-09-12T17:12:04,https://api.quant-aq.com/v1/devices/MOD-00614/data/779374142
1337.57,867.39,"{'lat': None, 'lon': None}","{'rh': 35.7, 'temp': 25.7, 'wd': 0.0, 'ws': 0.0, 'ws_scalar': 0.0}","{'gas': {'co': 13499, 'co2': 13261, 'no': 13587, 'no2': 13766, 'o3': 13746}, 'pm': {'pm1': 13203, 'pm10': 13205, 'pm25': 13204}}",3.77,21.15,24.59,1.11,2.1,1.28,779371603,35.7,MOD-00614,25.7,2026-09-13T00:11:04,2026-09-12T17:11:04,https://api.quant-aq.com/v1/devices/MOD-00614/data/779371276
1340.1,867.51,"{'lat': None, 'lon': None}","{'rh': 35.6, 'temp': 25.7, 'wd': 0.0, 'ws': 0.0, 'ws_scalar': 0.0}","{'gas': {'co': 13499, 'co2': 13261, 'no': 13587, 'no2': 13766, 'o3': 13746}, 'pm': {'pm1': 13203, 'pm10': 13205, 'pm25': 13204}}",3.78,20.97,24.62,1.01,1.55,1.2,779371599,35.6,MOD-00614,25.7,2026-09-13T00:10:04,2026-09-12T17:10:04,https://api.quant-aq.com/v1/devices/MOD-00614/data/779371275
1340.51,866.79,"{'lat': None, 'lon': None}","{'rh': 35.6, 'temp': 25.7, 'wd': 0.0, 'ws': 0.0, 'ws_scalar': 0.0}","{'gas': {'co': 13499, 'co2': 13261, 'no': 13587, 'no2': 13766, 'o3': 13746}, 'pm': {'pm1': 13203, 'pm10': 13205, 'pm25': 13204}}",3.78,20.97,24.09,0.97,11.68,1.18,779371601,35.6,MOD-00614,25.7,2026-09-13T00:09:04,2026-09-12T17:09:04,https://api.quant-aq.com/v1/devices/MOD-00614/data/779371277
1328.61,855.1,"{'lat': None, 'lon': None}","{'rh': 35.6, 'temp': 25.7, 'wd': 0.0, 'ws': 0.0, 'ws_scalar': 0.0}","{'gas': {'co': 13499, 'co2': 13261, 'no': 13587, 'no2': 13766, 'o3': 13746}, 'pm': {'pm1': 13203, 'pm10': 13205, 'pm25': 13204}}",3.77,18.64,24.62,1.01,1.58,1.04,779371602,35.6,MOD-00614,25.7,2026-09-13T00:08:04,2026-09-12T17:08:04,https://api.quant-aq.com/v1/devices/MOD-00614/data/779371278
1327.04,855.59,"{'lat': None, 'lon': None}","{'rh': 35.5, 'temp': 25.7, 'wd': 0.0, 'ws': 0.0, 'ws_scalar': 0.0}","{'gas': {'co': 13499, 'co2': 13261, 'no': 13587, 'no2': 13766, 'o3': 13746}, 'pm': {'pm1': 13203, 'pm10': 13205, 'pm25': 13204}}",3.76,21.01,25.19,1.01,2.26,1.08,779371600,35.5,MOD-00614,25.7,2026-09-13T00:07:04,2026-09-12T17:07:04,https://api.quant-aq.com/v1/devices/MOD-00614/data/779371274
1322.52,850.05,"{'lat': None, 'lon': None}","{'rh': 35.5, 'temp': 25.7, 'wd': 0.0, 'ws': 0.0, 'ws_scalar': 0.0}","{'gas': {'co': 13499, 'co2': 13261, 'no': 13587, 'no2': 13766, 'o3': 13746}, 'pm': {'pm1': 13203, 'pm10': 13205, 'pm25': 13204}}",3.77,21.25,24.39,1.34,2.38,1.39,779368766,35.5,MOD-00614,25.7,2026-09-13T00:06:03,2026-09-12T17:06:03,https://api.quant-aq.com/v1/devices/MOD-00614/data/779368440
1323.82,849.81,"{'lat': None, 'lon': None}","{'rh': 35.4, 'temp': 25.7, 'wd': 0.0, 'ws': 0.0, 'ws_scalar': 0.0}","{'gas': {'co': 13499, 'co2': 13261, 'no': 13587, 'no2': 13766, 'o3': 13746}, 'pm': {'pm1': 13203, 'pm10': 13205, 'pm25': 13204}}",3.78,18.42,24.42,0.89,1.08,1.03,779368767,35.4,MOD-00614,25.7,2026-09-13T00:05:03,2026-09-12T17:05:03,https://api.quant-aq.com/v1/devices/MOD-00614/data/779368441
1323.41,845.71,"{'lat': None, 'lon': None}","{'rh': 35.4, 'temp': 25.7, 'wd': 0.0, 'ws': 0.0, 'ws_scalar': 0.0}","{'gas': {'co': 13499, 'co2': 13261, 'no': 13587, 'no2': 13766, 'o3': 13746}, 'pm': {'pm1': 13203, 'pm10': 13205, 'pm25': 13204}}",3.78,16.31,24.42,0.87,1.73,0.97,779368764,35.4,MOD-00614,25.7,2026-09-13T00:04:03,2026-09-12T17:04:03,https://api.quant-aq.com/v1/devices/MOD-00614/data/779368442
1318.08,846.43,"{'lat': None, 'lon': None}","{'rh': 35.4, 'temp': 25.7, 'wd': 0.0, 'ws': 0.0, 'ws_scalar': 0.0}","{'gas': {'co': 13499, 'co2': 13261, 'no': 13587, 'no2': 13766, 'o3': 13746}, 'pm': {'pm1': 13203, 'pm10': 13205, 'pm25': 13204}}",3.78,16.31,24.15,0.67,1.33,0.76,779368765,35.4,MOD-00614,25.7,2026-09-13T00:03:03,2026-09-12T17:03:03,https://api.quant-aq.com/v1/devices/MOD-00614/data/779368439
1319.31,844.14,"{'lat': None, 'lon': None}","{'rh': 35.4, 'temp': 25.7, 'wd': 0.0, 'ws': 0.0, 'ws_scalar': 0.0}","{'gas': {'co': 13499, 'co2': 13261, 'no': 13587, 'no2': 13766, 'o3': 13746}, 'pm': {'pm1': 13203, 'pm10': 13205, 'pm25': 13204}}",3.77,20.77,23.88,1.19,10.74,1.26,779368768,35.4,MOD-00614,25.7,2026-09-13T00:02:03,2026-09-12T17:02:03,https://api.quant-aq.com/v1/devices/MOD-00614/data/779368443
1318.08,843.18,"{'lat': None, 'lon': None}","{'rh': 35.4, 'temp': 25.7, 'wd': 0.0, 'ws': 0.0, 'ws_scalar': 0.0}","{'gas': {'co': 13499, 'co2': 13261, 'no': 13587, 'no2': 13766, 'o3': 13746}, 'pm': {'pm1': 13203, 'pm10': 13205, 'pm25': 13204}}",3.78,16.31,24.15,0.96,1.3,1.05,779365847,35.4,MOD-00614,25.7,2026-09-13T00:01:03,2026-09-12T17:01:03,https://api.quant-aq.com/v1/devices/MOD-00614/data/779365522
1315.2,840.77,"{'lat': None, 'lon': None}","{'rh': 35.4, 'temp': 25.7, 'wd': 0.0, 'ws': 0.0, 'ws_scalar': 0.0}","{'gas': {'co': 13499, 'co2': 13261, 'no': 13587, 'no2': 13766, 'o3': 13746}, 'pm': {'pm1': 13203, 'pm10': 13205, 'pm25': 13204}}",3.79,16.31,24.69,1.11,1.24,1.2,779365848,35.4,MOD-00614,25.7,2026-09-13T00:00:03,2026-09-12T17:00:03,https://api.quant-aq.com/v1/devices/MOD-00614/data/779365523
