flag,gases.co.ae,gases.co.diff,gases.co.we,gases.co2.raw,gases.no.ae,gases.no.diff,gases.no.we,gases.no2.ae,gases.no2.diff,gases.no2.we,gases.o3.ae,gases.o3.diff,gases.o3.we,geo.lat,geo.lon,met.rh,met.temp,met.wd,met.ws,met.ws_scalar,neph.cscat,neph.pm1,neph.pm10,neph.pm25,opc.bin0,opc.bin1,opc.bin10,opc.bin11,opc.bin12,opc.bin13,opc.bin14,opc.bin15,opc.bin16,opc.bin17,opc.bin18,opc.bin19,opc.bin2,opc.bin20,opc.bin21,opc.bin22,opc.bin23,opc.bin3,opc.bin4,opc.bin5,opc.bin6,opc.bin7,opc.bin8,opc.bin9,opc.pm1,opc.pm10,opc.pm25,opc.rh,opc.temp,operating_state,sn,timestamp,timestamp_local,url
0,652.1,27.799999999999955,679.9,1269.0,673.5,3.3999999999999773,676.9,1645.6,-1.099999999999909,1644.5,1645.0,8.400000000000091,1652.9,,,34.5,19.5,0.0,0.0,0.0,251.75,0.3,1.7,1.2,2.0045,0.5813,0.0,0.0,0.0,0.0,0.0,0.0,0.0,0.0,0.0,0.0,0.2508,0.0,0.0,0.0,0.0,0.058,0.0421,0.0388,0.0312,0.0234,0.0,0.0038,0.67,5.08,2.12,25.04,25.65,0,MOD-00632,2025-04-15T23:59:30,2025-04-15T16:59:30,https://api.quant-aq.com/v1/devices/MOD-00632/data/raw/364065649
0,652.3,26.0,678.3,1267.5,672.9,3.1000000000000227,676.0,1645.6,-0.7999999999999545,1644.8,1645.1,8.400000000000091,1653.2,,,34.9,19.6,0.0,0.0,0.0,298.25,1.0,1.7,1.5,1.925,0.5582,0.0,0.0,0.0,0.0,0.0,0.0,0.0,0.0,0.0,0.0,0.2669,0.0,0.0,0.0,0.0,0.0668,0.0547,0.0296,0.0148,0.0076,0.0114,0.0038,0.68,5.14,1.8,25.23,25.72,0,MOD-00632,2025-04-15T23:58:30,2025-04-15T16:58:30,https://api.quant-aq.com/v1/devices/MOD-00632/data/raw/364065650
0,649.5,27.899999999999977,677.4,1269.3,673.1,3.0,676.1,1645.3,-0.3999999999998636,1644.9,1645.2,8.299999999999955,1653.2,,,35.1,19.7,0.0,0.0,0.0,226.75,0.4,0.9,0.9,2.0286,0.5772,0.0,0.0,0.0,0.0,0.0,0.0,0.0,0.0,0.0,0.0,0.2771,0.0,0.0,0.0,0.0,0.0711,0.0672,0.0338,0.0186,0.0039,0.0039,0.0,0.72,3.06,1.84,25.39,25.78,0,MOD-00632,2025-04-15T23:57:30,2025-04-15T16:57:30,https://api.quant-aq.com/v1/devices/MOD-00632/data/raw/364065651
0,650.6,28.899999999999977,679.5,1272.1,673.4,3.1000000000000227,676.5,1645.7,-0.6000000000001364,1645.1,1645.4,8.200000000000045,1653.3,,,35.5,19.7,0.0,0.0,0.0,257.25,0.6,1.2,0.8,2.1766,0.5192,0.0,0.0,0.0,0.0,0.0,0.0,0.0,0.0,0.0,0.0,0.2869,0.0,0.0,0.0,0.0,0.0646,0.0715,0.0488,0.0229,0.0114,0.0037,0.0,0.74,3.88,2.15,25.46,25.84,0,MOD-00632,2025-04-15T23:56:30,2025-04-15T16:56:30,https://api.quant-aq.com/v1/devices/MOD-00632/data/raw/364063321
0,650.6,26.899999999999977,677.5,1273.3,672.3,2.2000000000000455,674.5,1645.3,0.10000000000013642,1645.4,1645.2,8.199999999999818,1653.6,,,35.3,19.8,0.0,0.0,0.0,271.75,0.7,1.9,1.8,2.1428,0.5478,0.0,0.0,0.0,0.0,0.0,0.0,0.0,0.0,0.0,0.0,0.3063,0.0,0.0,0.0,0.0,0.0423,0.1304,0.0422,0.0192,0.0153,0.0038,0.0038,0.78,5.28,2.38,25.43,25.89,0,MOD-00632,2025-04-15T23:55:30,2025-04-15T16:55:30,https://api.quant-aq.com/v1/devices/MOD-00632/data/raw/364063322
0,650.8,25.300000000000068,676.1,1270.5,674.0,3.3999999999999773,677.4,1645.4,-0.3000000000001819,1645.1,1645.2,8.100000000000136,1653.2,,,35.0,19.8,0.0,0.0,0.0,241.0,0.5,1.8,1.0,1.9216,0.4572,0.0,0.0,0.0,0.0,0.0,0.0,0.0,0.0,0.0,0.0,0.3659,0.0,0.0,0.0,0.0,0.041,0.0634,0.0333,0.0113,0.0074,0.0074,0.0,0.7,3.52,1.77,25.13,25.92,0,MOD-00632,2025-04-15T23:54:30,2025-04-15T16:54:30,https://api.quant-aq.com/v1/devices/MOD-00632/data/raw/364063320
0,650.5,24.799999999999955,675.3,1274.3,672.8,2.7000000000000455,675.5,1645.5,-0.2999999999999545,1645.2,1645.0,8.200000000000045,1653.4,,,34.6,19.8,0.0,0.0,0.0,214.25,0.0,1.0,0.8,2.0458,0.525,0.0,0.0,0.0,0.0,0.0,0.0,0.0,0.0,0.0,0.0,0.3371,0.0,0.0,0.0,0.0,0.0606,0.0831,0.0376,0.0228,0.0077,0.0,0.0,0.76,3.04,2.05,24.92,25.95,0,MOD-00632,2025-04-15T23:53:30,2025-04-15T16:53:30,https://api.quant-aq.com/v1/devices/MOD-00632/data/raw/364063323
0,651.2,24.0,675.2,1271.6,673.8,2.800000000000068,676.6,1645.6,-0.599999999999909,1645.0,1645.1,7.900000000000091,1652.9,,,33.9,19.9,0.0,0.0,0.0,224.25,0.2,1.2,1.2,1.9914,0.5141,0.0,0.004,0.0,0.0,0.0,0.0,0.0,0.0,0.0,0.0,0.2983,0.0,0.0,0.0,0.0,0.0736,0.0667,0.0466,0.0229,0.0076,0.0078,0.0,0.72,6.58,2.11,24.53,26.0,0,MOD-00632,2025-04-15T23:52:30,2025-04-15T16:52:30,https://api.quant-aq.com/v1/devices/MOD-00632/data/raw/364060979
0,651.4,23.700000000000045,675.1,1271.6,673.6,3.699999999999932,677.3,1645.6,-0.8999999999998636,1644.7,1645.3,8.200000000000045,1652.9,,,34.0,19.9,0.0,0.0,0.0,210.0,0.1,0.8,0.8,1.9612,0.3871,0.0,0.0,0.0,0.0,0.0,0.0,0.0,0.0,0.0,0.0,0.2511,0.0,0.0,0.0,0.0,0.0812,0.0681,0.0266,0.0189,0.0075,0.0038,0.0038,0.65,4.17,1.79,24.42,26.03,0,MOD-00632,2025-04-15T23:51:30,2025-04-15T16:51:30,https://api.quant-aq.com/v1/devices/MOD-00632/data/raw/364060980
0,652.0,24.200000000000045,676.2,1267.2,674.1,2.3999999999999773,676.5,1645.7,-0.5,1645.2,1645.2,8.299999999999955,1653.5,,,33.9,19.9,0.0,0.0,0.0,252.75,0.4,1.5,1.5,1.734,0.5335,0.0,0.0,0.0,0.0,0.0,0.0,0.0,0.0,0.0,0.0,0.2592,0.0,0.0,0.0,0.0,0.0561,0.0448,0.0222,0.0152,0.0076,0.0073,0.0,0.62,3.32,1.56,24.35,26.07,0,MOD-00632,2025-04-15T23:50:30,2025-04-15T16:50:30,https://api.quant-aq.com/v1/devices/MOD-00632/data/raw/364060981
0,652.1,24.699999999999932,676.8,1268.7,672.9,3.1000000000000227,676.0,1645.9,-1.0,1644.9,1645.3,8.299999999999955,1653.2,,,33.4,19.9,0.0,0.0,0.0,287.25,0.7,1.4,1.3,2.1684,0.5075,0.0,0.0,0.0,0.0,0.0,0.0,0.0,0.0,0.0,0.0,0.2751,0.0,0.0,0.0,0.0,0.0505,0.0713,0.0272,0.0427,0.0041,0.0038,0.0,0.7,3.66,2.06,24.04,26.13,0,MOD-00632,2025-04-15T23:49:30,2025-04-15T16:49:30,https://api.quant-aq.com/v1/devices/MOD-00632/data/raw/364060982
0,653.7,23.799999999999955,677.5,1267.4,674.0,3.1000000000000227,677.1,1646.0,-1.099999999999909,1644.9,1645.6,8.899999999999864,1653.8,,,33.1,20.0,0.0,0.0,0.0,193.0,0.4,0.9,0.9,1.9054,0.484,0.0,0.0,0.0,0.0,0.0034,0.0,0.0,0.0,0.0,0.0,0.2281,0.0,0.0,0.0,0.0,0.0355,0.0535,0.0349,0.0246,0.0036,0.0,0.0,0.61,4.63,1.64,23.9,26.15,0,MOD-00632,2025-04-15T23:48:30,2025-04-15T16:48:30,https://api.quant-aq.com/v1/devices/MOD-00632/data/raw/364058577
0,653.8,23.700000000000045,677.5,1271.5,674.0,3.1000000000000227,677.1,1646.0,-1.2999999999999545,1644.7,1645.7,9.0,1653.7,,,32.6,20.0,0.0,0.0,0.0,277.0,0.8,1.3,1.0,1.8874,0.4373,0.0,0.0,0.0,0.0,0.0,0.0,0.0,0.0,0.0,0.0,0.2659,0.0,0.0,0.0,0.0,0.0485,0.0342,0.0417,0.0346,0.024,0.0069,0.0,0.62,5.12,2.14,23.71,26.22,0,MOD-00632,2025-04-15T23:47:30,2025-04-15T16:47:30,https://api.quant-aq.com/v1/devices/MOD-00632/data/raw/364058574
0,649.7,26.09999999999991,675.8,1270.4,673.4,3.3999999999999773,676.8,1646.0,-1.5,1644.5,1645.8,8.900000000000091,1653.4,,,32.2,20.1,0.0,0.0,0.0,276.75,0.4,1.5,1.2,1.6964,0.4813,0.0,0.0,0.0,0.0,0.0,0.0,0.0,0.0,0.0,0.0,0.2162,0.0,0.0,0.0,0.0,0.0882,0.0709,0.0398,0.0174,0.0033,0.0,0.0033,0.64,3.32,1.79,23.53,26.23,0,MOD-00632,2025-04-15T23:46:30,2025-04-15T16:46:30,https://api.quant-aq.com/v1/devices/MOD-00632/data/raw/364058575
0,650.6,24.5,675.1,1271.3,673.7,4.099999999999909,677.8,1645.8,-1.2000000000000455,1644.6,1645.8,8.5,1653.1,,,32.4,20.1,0.0,0.0,0.0,208.0,0.0,0.3,0.3,1.9971,0.4883,0.0,0.0,0.0,0.0,0.0,0.0,0.0,0.0,0.0,0.0,0.3079,0.0,0.0,0.0,0.0,0.0576,0.0729,0.031,0.0114,0.0,0.0,0.0036,0.7,2.95,1.64,23.81,26.23,0,MOD-00632,2025-04-15T23:45:30,2025-04-15T16:45:30,https://api.quant-aq.com/v1/devices/MOD-00632/data/raw/364058576
0,650.0,25.5,675.5,1273.0,673.9,3.300000000000068,677.2,1646.1,-1.199999999999818,1644.9,1646.0,8.699999999999818,1653.6,,,32.7,20.1,0.0,0.0,0.0,249.0,0.9,1.8,1.2,2.1025,0.4468,0.0,0.0,0.0,0.0,0.0,0.0,0.0,0.0,0.0,0.0,0.3135,0.0,0.0,0.0,0.0,0.043,0.0702,0.0078,0.0234,0.0115,0.0078,0.0,0.68,3.89,1.76,23.85,26.26,0,MOD-00632,2025-04-15T23:44:30,2025-04-15T16:44:30,https://api.quant-aq.com/v1/devices/MOD-00632/data/raw/364056232
0,651.4,25.300000000000068,676.7,1272.5,673.2,3.8999999999999773,677.1,1646.1,-1.2999999999999545,1644.8,1645.9,8.5,1653.3,,,32.9,20.1,0.0,0.0,0.0,251.25,0.6,1.6,1.5,2.192,0.4583,0.0038,0.0,0.0,0.0,0.0,0.0,0.0,0.0,0.0,0.0,0.2333,0.0,0.0,0.0,0.0,0.0567,0.0713,0.0224,0.0226,0.0076,0.0037,0.0,0.66,4.8,1.77,23.9,26.27,0,MOD-00632,2025-04-15T23:43:30,2025-04-15T16:43:30,https://api.quant-aq.com/v1/devices/MOD-00632/data/raw/364056229
0,650.2,26.09999999999991,676.3,1272.8,674.1,2.6000000000000227,676.7,1646.2,-1.1000000000001364,1645.1,1645.9,8.900000000000091,1654.0,,,33.1,20.1,0.0,0.0,0.0,237.0,0.5,1.3,0.8,1.9826,0.5868,0.0,0.0,0.0,0.0,0.0,0.0,0.0,0.0,0.0,0.0,0.2586,0.0,0.0,0.0,0.0,0.0689,0.0401,0.0221,0.0217,0.0181,0.0036,0.0037,0.67,4.74,1.82,24.02,26.3,0,MOD-00632,2025-04-15T23:42:30,2025-04-15T16:42:30,https://api.quant-aq.com/v1/devices/MOD-00632/data/raw/364056231
0,651.1,26.0,677.1,1273.3,673.8,3.800000000000068,677.6,1646.0,-0.900000000000091,1645.1,1646.0,8.400000000000091,1653.5,,,33.4,20.1,0.0,0.0,0.0,254.0,0.6,1.6,0.9,2.1123,0.4678,0.0,0.0,0.0,0.0,0.0,0.0,0.0,0.0,0.0,0.0,0.2845,0.0,0.0,0.0,0.0,0.0878,0.0655,0.0182,0.0037,0.0074,0.0073,0.0,0.71,3.16,1.6,24.09,26.27,0,MOD-00632,2025-04-15T23:41:30,2025-04-15T16:41:30,https://api.quant-aq.com/v1/devices/MOD-00632/data/raw/364056230
0,652.3,25.40000000000009,677.7,1272.6,673.2,3.0,676.2,1646.0,-0.7999999999999545,1645.2,1646.2,8.899999999999864,1654.1,,,33.4,20.1,0.0,0.0,0.0,241.75,0.4,1.0,1.0,2.0765,0.5396,0.0,0.0,0.0,0.0,0.0038,0.0,0.0,0.0,0.0,0.0,0.3055,0.0,0.0,0.0,0.0,0.0484,0.0636,0.0298,0.0223,0.011,0.0,0.0,0.71,5.44,1.86,24.02,26.3,0,MOD-00632,2025-04-15T23:40:30,2025-04-15T16:40:30,https://api.quant-aq.com/v1/devices/MOD-00632/data/raw/364053889
0,651.2,26.199999999999932,677.4,1271.4,673.4,3.5,676.9,1646.1,-1.5,1644.6,1646.0,9.100000000000136,1653.7,,,32.6,20.1,0.0,0.0,0.0,269.0,0.7,1.2,1.0,1.8126,0.4893,0.0,0.0,0.0,0.0,0.0,0.0,0.0,0.0,0.0,0.0,0.2392,0.0,0.0,0.0,0.0,0.0512,0.0688,0.0203,0.0137,0.0034,0.0,0.0,0.62,2.01,1.48,23.63,26.3,0,MOD-00632,2025-04-15T23:39:30,2025-04-15T16:39:30,https://api.quant-aq.com/v1/devices/MOD-00632/data/raw/364053886
0,647.7,28.5,676.2,1271.4,674.2,3.699999999999932,677.9,1645.9,-1.6000000000001364,1644.3,1646.0,9.0,1653.3,,,32.3,20.1,0.0,0.0,0.0,295.0,0.6,2.7,1.8,1.8019,0.4685,0.0,0.0,0.0,0.0,0.0,0.0,0.0,0.0,0.0,0.0,0.2264,0.0,0.0,0.0,0.0,0.081,0.0207,0.0348,0.0201,0.0037,0.0,0.0,0.6,2.2,1.51,23.6,26.3,0,MOD-00632,2025-04-15T23:38:30,2025-04-15T16:38:30,https://api.quant-aq.com/v1/devices/MOD-00632/data/raw/364053888
0,650.1,26.399999999999977,676.5,1272.4,673.7,3.599999999999909,677.3,1645.8,-1.0,1644.8,1646.2,8.700000000000045,1653.5,,,33.7,20.1,0.0,0.0,0.0,231.75,0.4,0.9,0.9,1.965,0.5428,0.0,0.0,0.0,0.0,0.0,0.0,0.0,0.0,0.0,0.0,0.2643,0.0,0.0,0.0,0.0,0.0557,0.0806,0.0366,0.0145,0.0,0.0075,0.0,0.69,3.25,1.8,24.29,26.29,0,MOD-00632,2025-04-15T23:37:30,2025-04-15T16:37:30,https://api.quant-aq.com/v1/devices/MOD-00632/data/raw/364053887
0,647.8,26.600000000000023,674.4,1271.3,673.8,3.400000000000091,677.2,1645.6,-0.8999999999998636,1644.7,1645.9,8.399999999999864,1653.1,,,33.3,20.1,0.0,0.0,0.0,276.75,0.7,1.0,1.0,2.2987,0.4255,0.0,0.0,0.0,0.0,0.0,0.0,0.0,0.0,0.0,0.0,0.2797,0.0,0.0,0.0,0.0,0.0729,0.0582,0.0508,0.0215,0.0073,0.0072,0.0035,0.71,4.97,2.08,24.15,26.27,0,MOD-00632,2025-04-15T23:36:30,2025-04-15T16:36:30,https://api.quant-aq.com/v1/devices/MOD-00632/data/raw/364051507
0,647.7,26.399999999999977,674.1,1273.7,673.9,3.6000000000000227,677.5,1645.6,-0.7999999999999545,1644.8,1645.4,8.100000000000136,1652.9,,,33.7,20.1,0.0,0.0,0.0,216.75,0.4,1.2,1.1,2.109,0.4948,0.0,0.0,0.0,0.0,0.0,0.0,0.0,0.0,0.0,0.0,0.2643,0.0,0.0,0.0,0.0,0.0732,0.0655,0.0421,0.0229,0.0038,0.0,0.0038,0.7,3.71,1.93,24.39,26.24,0,MOD-00632,2025-04-15T23:35:30,2025-04-15T16:35:30,https://api.quant-aq.com/v1/devices/MOD-00632/data/raw/364051505
0,648.7,24.199999999999932,672.9,1266.7,673.3,2.7000000000000455,676.0,1645.4,-0.40000000000009095,1645.0,1645.7,8.099999999999909,1653.1,,,33.8,20.0,0.0,0.0,0.0,252.5,0.3,1.3,0.8,1.8166,0.4809,0.0,0.0039,0.0,0.0,0.0,0.0,0.0,0.0,0.0,0.0,0.2593,0.0,0.0,0.0,0.0,0.0941,0.0628,0.039,0.0158,0.0,0.0041,0.0,0.68,5.12,1.77,24.26,26.2,0,MOD-00632,2025-04-15T23:34:30,2025-04-15T16:34:30,https://api.quant-aq.com/v1/devices/MOD-00632/data/raw/364051506
0,646.9,24.5,671.4,1271.1,673.4,2.5,675.9,1645.1,-0.599999999999909,1644.5,1645.3,8.299999999999955,1652.8,,,32.7,20.0,0.0,0.0,0.0,210.0,0.0,0.9,0.9,2.046,0.5274,0.0,0.0,0.0,0.0,0.0,0.0,0.0,0.0,0.0,0.0,0.2659,0.0,0.0,0.0,0.0,0.0547,0.0472,0.0236,0.0238,0.0039,0.0079,0.004,0.66,4.55,1.71,23.74,26.22,0,MOD-00632,2025-04-15T23:33:30,2025-04-15T16:33:30,https://api.quant-aq.com/v1/devices/MOD-00632/data/raw/364051504
0,648.7,23.399999999999977,672.1,1268.9,672.7,4.599999999999909,677.3,1645.2,-1.2000000000000455,1644.0,1644.9,7.7000000000000455,1651.7,,,32.6,19.9,0.0,0.0,0.0,203.5,0.0,0.3,0.3,2.1545,0.4841,0.0,0.0,0.0,0.0,0.0,0.0,0.0,0.0,0.0,0.0,0.2199,0.0,0.0,0.0,0.0,0.0312,0.0938,0.0434,0.0197,0.0038,0.004,0.0,0.66,3.21,1.91,23.38,26.22,0,MOD-00632,2025-04-15T23:32:30,2025-04-15T16:32:30,https://api.quant-aq.com/v1/devices/MOD-00632/data/raw/364048989
0,651.6,22.199999999999932,673.8,1269.3,673.6,3.1000000000000227,676.7,1645.3,-0.599999999999909,1644.7,1645.1,7.7999999999999545,1652.5,,,33.7,19.9,0.0,0.0,0.0,240.25,0.6,0.8,0.8,2.053,0.4842,0.0,0.0,0.0,0.0,0.0,0.0,0.0,0.0,0.0,0.0,0.2905,0.0,0.0,0.0,0.0,0.0633,0.0677,0.0358,0.0197,0.0,0.0,0.0039,0.7,3.31,1.77,24.03,26.24,0,MOD-00632,2025-04-15T23:31:30,2025-04-15T16:31:30,https://api.quant-aq.com/v1/devices/MOD-00632/data/raw/364048988
0,651.7,21.59999999999991,673.3,1266.1,673.5,2.8999999999999773,676.4,1645.5,-1.0,1644.5,1644.9,8.0,1652.5,,,33.0,19.9,0.0,0.0,0.0,259.5,0.5,1.4,0.9,1.7734,0.471,0.0,0.0,0.004,0.0,0.0,0.0,0.0,0.0,0.0,0.0,0.1874,0.0,0.0,0.0,0.0,0.0434,0.077,0.024,0.0128,0.01,0.0,0.0,0.58,5.6,1.55,23.59,26.29,0,MOD-00632,2025-04-15T23:30:30,2025-04-15T16:30:30,https://api.quant-aq.com/v1/devices/MOD-00632/data/raw/364048987
0,652.0,21.0,673.0,1264.9,673.6,3.199999999999932,676.8,1645.4,-1.5,1643.9,1644.8,8.199999999999818,1652.1,,,32.0,19.9,0.0,0.0,0.0,335.5,0.8,1.8,1.8,1.7145,0.4341,0.0032,0.0,0.0,0.0,0.0,0.0,0.0,0.0,0.0,0.0,0.1701,0.0,0.0,0.0,0.0,0.0653,0.0523,0.029,0.0289,0.0068,0.0,0.0034,0.56,4.96,1.69,23.0,26.31,0,MOD-00632,2025-04-15T23:29:30,2025-04-15T16:29:30,https://api.quant-aq.com/v1/devices/MOD-00632/data/raw/364048986
0,650.7,22.09999999999991,672.8,1267.2,673.8,4.400000000000091,678.2,1645.4,-1.800000000000182,1643.6,1645.1,8.0,1651.6,,,31.9,20.0,0.0,0.0,0.0,273.25,0.6,1.8,1.3,1.8615,0.4899,0.0,0.0,0.0,0.0,0.0,0.0,0.0,0.0,0.0,0.0,0.227,0.0,0.0,0.0,0.0,0.0724,0.0511,0.0406,0.0207,0.0069,0.0035,0.0,0.64,3.17,1.8,22.76,26.38,0,MOD-00632,2025-04-15T23:28:30,2025-04-15T16:28:30,https://api.quant-aq.com/v1/devices/MOD-00632/data/raw/364046596
0,653.0,21.0,674.0,1267.6,673.8,3.7000000000000455,677.5,1645.5,-1.2000000000000455,1644.3,1644.8,7.900000000000091,1652.2,,,32.4,20.1,0.0,0.0,0.0,295.5,0.8,1.8,1.4,1.8774,0.4924,0.0,0.0,0.0,0.0,0.0,0.0,0.0,0.0,0.0,0.0,0.2232,0.0,0.0,0.0,0.0,0.0476,0.0584,0.0104,0.0233,0.0068,0.0,0.0034,0.6,3.24,1.51,23.27,26.43,0,MOD-00632,2025-04-15T23:27:30,2025-04-15T16:27:30,https://api.quant-aq.com/v1/devices/MOD-00632/data/raw/364046594
0,654.4,20.100000000000023,674.5,1265.3,673.0,3.2000000000000455,676.2,1645.8,-1.5,1644.3,1645.1,8.200000000000045,1652.5,,,32.1,20.1,0.0,0.0,0.0,247.0,0.7,1.0,1.0,1.7457,0.4945,0.0,0.0,0.0,0.0,0.0,0.0,0.0,0.0,0.0,0.0,0.2291,0.0,0.0,0.0,0.0,0.0532,0.0601,0.0214,0.0212,0.0,0.007,0.0,0.6,2.98,1.55,22.98,26.48,0,MOD-00632,2025-04-15T23:26:30,2025-04-15T16:26:30,https://api.quant-aq.com/v1/devices/MOD-00632/data/raw/364046595
0,653.5,21.299999999999955,674.8,1262.5,673.7,4.099999999999909,677.8,1645.8,-2.2999999999999545,1643.5,1645.0,8.599999999999909,1652.1,,,31.1,20.1,0.0,0.0,0.0,294.5,0.7,1.8,1.5,1.8128,0.4195,0.0,0.0,0.0,0.0,0.0,0.0,0.0,0.0,0.0,0.0,0.2086,0.0,0.0,0.0,0.0,0.0513,0.0539,0.0224,0.0129,0.0065,0.0,0.0032,0.57,2.94,1.42,22.48,26.52,0,MOD-00632,2025-04-15T23:25:30,2025-04-15T16:25:30,https://api.quant-aq.com/v1/devices/MOD-00632/data/raw/364046597
0,652.9,21.700000000000045,674.6,1267.4,673.7,4.0,677.7,1645.7,-1.900000000000091,1643.8,1645.3,8.299999999999955,1652.1,,,31.8,20.2,0.0,0.0,0.0,285.0,0.5,1.2,1.2,1.7901,0.4224,0.0,0.0,0.0,0.0,0.0,0.0,0.0,0.0,0.0,0.0,0.2125,0.0,0.0,0.0,0.0,0.0666,0.0564,0.0313,0.0349,0.0062,0.0097,0.0,0.6,4.3,1.92,22.93,26.55,0,MOD-00632,2025-04-15T23:24:30,2025-04-15T16:24:30,https://api.quant-aq.com/v1/devices/MOD-00632/data/raw/364044185
0,651.5,22.899999999999977,674.4,1273.7,674.0,3.6000000000000227,677.6,1645.6,-1.699999999999818,1643.9,1645.4,8.5,1652.4,,,31.3,20.3,0.0,0.0,0.0,219.0,0.2,0.8,0.6,1.7356,0.3776,0.0,0.0,0.0,0.0,0.0,0.0,0.0,0.0,0.0,0.0,0.1938,0.0,0.0,0.0,0.0,0.038,0.0553,0.035,0.0207,0.0034,0.0034,0.0,0.54,2.71,1.55,22.74,26.56,0,MOD-00632,2025-04-15T23:23:30,2025-04-15T16:23:30,https://api.quant-aq.com/v1/devices/MOD-00632/data/raw/364044186
0,651.4,22.899999999999977,674.3,1271.7,674.6,3.7999999999999545,678.4,1645.9,-1.800000000000182,1644.1,1645.5,8.100000000000136,1652.2,,,31.7,20.3,0.0,0.0,0.0,219.75,0.2,1.2,1.1,1.7252,0.4941,0.0,0.0,0.0,0.0,0.0,0.0,0.0,0.0,0.0,0.0,0.2267,0.0,0.0,0.0,0.0,0.0446,0.0659,0.0316,0.0209,0.0036,0.0033,0.0068,0.6,4.66,1.7,22.99,26.59,0,MOD-00632,2025-04-15T23:22:30,2025-04-15T16:22:30,https://api.quant-aq.com/v1/devices/MOD-00632/data/raw/364044184
0,650.6,24.199999999999932,674.8,1270.3,674.8,4.5,679.3,1645.9,-2.1000000000001364,1643.8,1645.6,8.200000000000045,1652.0,,,31.4,20.3,0.0,0.0,0.0,256.5,0.6,2.0,1.1,1.6357,0.4712,0.0,0.0,0.0,0.0,0.0,0.0,0.0,0.0,0.0,0.0,0.2253,0.0,0.0,0.0,0.0,0.0286,0.0652,0.0286,0.0253,0.0065,0.0067,0.0,0.57,3.53,1.7,22.73,26.62,0,MOD-00632,2025-04-15T23:21:30,2025-04-15T16:21:30,https://api.quant-aq.com/v1/devices/MOD-00632/data/raw/364044187
0,653.4,21.300000000000068,674.7,1272.6,673.7,3.599999999999909,677.3,1645.8,-1.7000000000000455,1644.1,1645.6,8.5,1652.6,,,31.4,20.4,0.0,0.0,0.0,265.25,0.6,1.6,1.1,2.0294,0.4909,0.0,0.0,0.0,0.0,0.0,0.0,0.0,0.0,0.0,0.0,0.2885,0.0,0.0,0.0,0.0,0.0515,0.091,0.018,0.0327,0.0039,0.0,0.0037,0.7,3.77,1.92,22.95,26.64,0,MOD-00632,2025-04-15T23:20:30,2025-04-15T16:20:30,https://api.quant-aq.com/v1/devices/MOD-00632/data/raw/364041847
0,653.4,22.0,675.4,1272.9,673.6,4.600000000000023,678.2,1646.1,-2.0,1644.1,1645.8,8.200000000000045,1652.3,,,32.1,20.4,0.0,0.0,0.0,287.0,0.6,0.9,0.9,1.9094,0.3962,0.0,0.0035,0.0,0.0,0.0,0.0,0.0,0.0,0.0,0.0,0.1864,0.0,0.0,0.0,0.0,0.0526,0.0558,0.0315,0.0244,0.0,0.0035,0.0,0.57,4.76,1.58,23.03,26.64,0,MOD-00632,2025-04-15T23:19:30,2025-04-15T16:19:30,https://api.quant-aq.com/v1/devices/MOD-00632/data/raw/364041846
0,653.4,21.800000000000068,675.2,1270.4,673.6,3.6000000000000227,677.2,1645.9,-1.900000000000091,1644.0,1645.5,8.400000000000091,1652.4,,,31.6,20.4,0.0,0.0,0.0,271.5,0.7,1.8,1.7,1.6121,0.5007,0.0035,0.0,0.0,0.0,0.0,0.0,0.0,0.0,0.0,0.0,0.2578,0.0,0.0,0.0,0.0,0.0303,0.0511,0.0169,0.0035,0.007,0.007,0.0,0.57,4.27,1.29,23.05,26.67,0,MOD-00632,2025-04-15T23:18:30,2025-04-15T16:18:30,https://api.quant-aq.com/v1/devices/MOD-00632/data/raw/364041845
0,652.2,24.899999999999977,677.1,1275.4,674.4,5.100000000000023,679.5,1646.3,-2.599999999999909,1643.7,1646.1,8.5,1652.2,,,32.0,20.4,0.0,0.0,0.0,245.0,0.3,1.6,1.2,1.8527,0.4592,0.0,0.0,0.0,0.0,0.0,0.0,0.0,0.0,0.0,0.0,0.2647,0.0,0.0,0.0,0.0,0.0549,0.0458,0.025,0.0281,0.0107,0.0,0.0,0.62,2.9,1.73,22.9,26.67,0,MOD-00632,2025-04-15T23:17:30,2025-04-15T16:17:30,https://api.quant-aq.com/v1/devices/MOD-00632/data/raw/364041844
0,652.5,24.399999999999977,676.9,1274.3,673.9,3.5,677.4,1645.9,-1.7000000000000455,1644.2,1645.9,8.700000000000045,1652.9,,,32.2,20.5,0.0,0.0,0.0,234.5,0.3,1.6,1.1,1.8439,0.4092,0.0,0.0,0.0,0.0,0.0,0.0,0.0,0.0,0.0,0.0,0.2162,0.0,0.0,0.0,0.0,0.0492,0.0453,0.0282,0.014,0.0,0.0,0.0071,0.57,3.64,1.38,23.48,26.67,0,MOD-00632,2025-04-15T23:16:30,2025-04-15T16:16:30,https://api.quant-aq.com/v1/devices/MOD-00632/data/raw/364039511
0,648.9,26.800000000000068,675.7,1275.9,674.2,4.899999999999977,679.1,1646.2,-2.2999999999999545,1643.9,1646.0,8.399999999999864,1652.3,,,32.4,20.5,0.0,0.0,0.0,269.75,0.7,1.3,1.1,1.8688,0.4628,0.0,0.0,0.0,0.0,0.0,0.0,0.0,0.0,0.0,0.0,0.2209,0.0,0.0,0.0,0.0,0.0301,0.0455,0.0267,0.0235,0.0036,0.0076,0.0037,0.57,4.29,1.57,23.55,26.68,0,MOD-00632,2025-04-15T23:15:30,2025-04-15T16:15:30,https://api.quant-aq.com/v1/devices/MOD-00632/data/raw/364039509
0,650.7,25.199999999999932,675.9,1277.5,674.0,3.7999999999999545,677.8,1646.1,-1.3999999999998636,1644.7,1646.1,8.200000000000045,1652.9,,,33.8,20.5,0.0,0.0,0.0,248.0,0.4,1.1,1.0,1.7131,0.453,0.0,0.0,0.0,0.0,0.0,0.0,0.0,0.0,0.0,0.0,0.2822,0.0,0.0,0.0,0.0,0.0419,0.0573,0.0231,0.0192,0.0073,0.0078,0.0,0.61,3.54,1.65,24.32,26.7,0,MOD-00632,2025-04-15T23:14:30,2025-04-15T16:14:30,https://api.quant-aq.com/v1/devices/MOD-00632/data/raw/364039510
0,649.1,25.799999999999955,674.9,1277.9,674.3,3.5,677.8,1646.0,-1.5,1644.5,1646.1,8.400000000000091,1652.9,,,33.1,20.5,0.0,0.0,0.0,207.25,0.2,0.8,0.8,1.8839,0.5414,0.0,0.0,0.0,0.0,0.0,0.0,0.0,0.0,0.0,0.0,0.2653,0.0,0.0,0.0,0.0,0.0643,0.0478,0.0439,0.0197,0.0119,0.008,0.0039,0.67,5.25,1.97,23.97,26.71,0,MOD-00632,2025-04-15T23:13:30,2025-04-15T16:13:30,https://api.quant-aq.com/v1/devices/MOD-00632/data/raw/364039512
0,649.6,25.199999999999932,674.8,1276.2,673.9,3.3999999999999773,677.3,1645.9,-1.400000000000091,1644.5,1646.0,8.200000000000045,1652.7,,,32.9,20.5,0.0,0.0,0.0,165.25,0.2,0.7,0.3,1.9555,0.4053,0.0,0.0,0.0,0.0,0.0,0.0,0.0,0.0,0.0,0.0,0.2756,0.0,0.0,0.0,0.0,0.039,0.0672,0.0394,0.0195,0.0119,0.0,0.0,0.64,2.99,1.84,23.9,26.67,0,MOD-00632,2025-04-15T23:12:30,2025-04-15T16:12:30,https://api.quant-aq.com/v1/devices/MOD-00632/data/raw/364037121
0,648.3,25.100000000000023,673.4,1277.1,673.5,4.2999999999999545,677.8,1645.7,-1.900000000000091,1643.8,1645.7,8.100000000000136,1651.9,,,32.5,20.5,0.0,0.0,0.0,209.5,0.3,0.8,0.8,1.8142,0.4548,0.0,0.0,0.0,0.0,0.0,0.0,0.0,0.0,0.0,0.0,0.2254,0.0,0.0,0.0,0.0,0.0619,0.0578,0.019,0.0038,0.0075,0.0078,0.0,0.6,3.04,1.41,23.47,26.7,0,MOD-00632,2025-04-15T23:11:30,2025-04-15T16:11:30,https://api.quant-aq.com/v1/devices/MOD-00632/data/raw/364037124
0,648.1,24.699999999999932,672.8,1276.5,673.8,4.100000000000023,677.9,1645.6,-1.599999999999909,1644.0,1645.5,7.7999999999999545,1651.8,,,33.1,20.4,0.0,0.0,0.0,187.25,0.2,0.9,0.9,1.8086,0.4872,0.0,0.0,0.0,0.0,0.0,0.0,0.0,0.0,0.0,0.0,0.2399,0.0,0.0,0.0,0.0,0.0394,0.0624,0.028,0.0238,0.0076,0.0075,0.0041,0.61,4.82,1.77,23.93,26.71,0,MOD-00632,2025-04-15T23:10:30,2025-04-15T16:10:30,https://api.quant-aq.com/v1/devices/MOD-00632/data/raw/364037122
0,649.4,22.700000000000045,672.1,1274.5,674.3,3.7000000000000455,678.0,1645.3,-1.099999999999909,1644.2,1645.6,7.7000000000000455,1651.9,,,33.3,20.4,0.0,0.0,0.0,169.5,0.0,0.8,0.8,1.6874,0.419,0.0036,0.0,0.0,0.0,0.0,0.0,0.0,0.0,0.0,0.0,0.2417,0.0,0.0,0.0,0.0,0.0701,0.0513,0.0217,0.0251,0.0038,0.0035,0.0,0.59,4.38,1.62,23.93,26.71,0,MOD-00632,2025-04-15T23:09:30,2025-04-15T16:09:30,https://api.quant-aq.com/v1/devices/MOD-00632/data/raw/364037123
0,648.8,22.700000000000045,671.5,1273.7,673.7,3.7999999999999545,677.5,1645.5,-1.599999999999909,1643.9,1645.3,7.399999999999864,1651.3,,,32.6,20.4,0.0,0.0,0.0,178.75,0.0,0.1,0.1,1.7486,0.4098,0.0,0.0037,0.0,0.0,0.0,0.0,0.0,0.0,0.0,0.0,0.2164,0.0,0.0,0.0,0.0,0.0374,0.0527,0.034,0.0528,0.0037,0.0,0.0081,0.57,7.6,2.0,23.62,26.74,0,MOD-00632,2025-04-15T23:08:30,2025-04-15T16:08:30,https://api.quant-aq.com/v1/devices/MOD-00632/data/raw/364034754
0,650.8,21.800000000000068,672.6,1274.6,673.6,4.699999999999932,678.3,1645.7,-2.1000000000001364,1643.6,1645.3,7.600000000000136,1651.2,,,32.8,20.4,0.0,0.0,0.0,200.75,0.0,0.5,0.5,1.7096,0.4278,0.0037,0.0,0.0,0.0,0.0,0.0,0.0,0.0,0.0,0.0,0.2291,0.0,0.0,0.0,0.0,0.0418,0.0457,0.0348,0.0344,0.0039,0.0115,0.0,0.57,5.93,1.83,23.65,26.75,0,MOD-00632,2025-04-15T23:07:30,2025-04-15T16:07:30,https://api.quant-aq.com/v1/devices/MOD-00632/data/raw/364034751
0,651.9,21.600000000000023,673.5,1269.1,673.8,2.900000000000091,676.7,1645.8,-1.7999999999999545,1644.0,1645.2,7.900000000000091,1651.9,,,33.2,20.4,0.0,0.0,0.0,228.75,0.4,1.3,1.1,1.643,0.5099,0.0,0.0,0.0,0.0,0.0,0.0,0.0,0.0,0.0,0.0,0.2283,0.0,0.0,0.0,0.0,0.0598,0.0544,0.0401,0.0219,0.0071,0.0109,0.0,0.61,4.26,1.85,23.83,26.77,0,MOD-00632,2025-04-15T23:06:30,2025-04-15T16:06:30,https://api.quant-aq.com/v1/devices/MOD-00632/data/raw/364034753
0,650.4,22.399999999999977,672.8,1271.2,673.7,4.899999999999977,678.6,1645.5,-2.0,1643.5,1645.3,7.5,1651.0,,,33.1,20.4,0.0,0.0,0.0,220.75,0.2,1.1,0.6,1.6882,0.5459,0.0034,0.0,0.0,0.0,0.0,0.0,0.0,0.0,0.0,0.0,0.183,0.0,0.0,0.0,0.0,0.052,0.0624,0.0248,0.0285,0.0071,0.0,0.0,0.59,4.14,1.69,23.74,26.81,0,MOD-00632,2025-04-15T23:05:30,2025-04-15T16:05:30,https://api.quant-aq.com/v1/devices/MOD-00632/data/raw/364034752
0,653.0,20.0,673.0,1268.1,674.1,3.2999999999999545,677.4,1645.9,-1.6000000000001364,1644.3,1645.1,7.600000000000136,1651.9,,,33.7,20.4,0.0,0.0,0.0,220.75,0.1,2.3,0.6,1.7712,0.4751,0.0035,0.0,0.0,0.0,0.0,0.0,0.0,0.0,0.0,0.0,0.2128,0.0,0.0,0.0,0.0,0.046,0.0678,0.0174,0.0325,0.0109,0.0034,0.0037,0.59,5.97,1.81,23.94,26.85,0,MOD-00632,2025-04-15T23:04:30,2025-04-15T16:04:30,https://api.quant-aq.com/v1/devices/MOD-00632/data/raw/364032366
0,652.4,20.899999999999977,673.3,1270.7,674.4,3.8999999999999773,678.3,1645.6,-1.7999999999999545,1643.8,1645.4,7.7999999999999545,1651.6,,,32.7,20.5,0.0,0.0,0.0,242.75,0.8,1.6,1.1,1.6906,0.4153,0.0,0.0,0.0,0.0,0.0,0.0,0.0,0.0,0.0,0.0,0.2972,0.0,0.0,0.0,0.0,0.0484,0.0699,0.056,0.0173,0.0104,0.0139,0.0,0.64,5.1,2.11,23.36,26.88,0,MOD-00632,2025-04-15T23:03:30,2025-04-15T16:03:30,https://api.quant-aq.com/v1/devices/MOD-00632/data/raw/364032368
0,651.8,21.200000000000045,673.0,1273.5,674.0,4.7999999999999545,678.8,1645.9,-2.400000000000091,1643.5,1645.2,7.5,1651.0,,,32.4,20.5,0.0,0.0,0.0,299.75,0.8,1.2,1.2,1.615,0.4064,0.0,0.0,0.0,0.0,0.0,0.0,0.0,0.0,0.0,0.0,0.2373,0.0,0.0,0.0,0.0,0.0208,0.0633,0.0348,0.0032,0.0098,0.0038,0.0031,0.55,3.54,1.46,23.01,26.93,0,MOD-00632,2025-04-15T23:02:30,2025-04-15T16:02:30,https://api.quant-aq.com/v1/devices/MOD-00632/data/raw/364032365
0,652.2,20.899999999999977,673.1,1271.8,674.8,4.100000000000023,678.9,1645.6,-1.8999999999998636,1643.7,1645.3,7.599999999999909,1651.3,,,32.2,20.6,0.0,0.0,0.0,226.25,0.2,0.8,0.7,1.7219,0.4005,0.0,0.0,0.0,0.0,0.0,0.0,0.0,0.0,0.0,0.0,0.2537,0.0,0.0,0.0,0.0,0.0569,0.0534,0.0171,0.02,0.0101,0.0,0.0035,0.59,3.47,1.56,23.25,26.99,0,MOD-00632,2025-04-15T23:01:30,2025-04-15T16:01:30,https://api.quant-aq.com/v1/devices/MOD-00632/data/raw/364032367
0,653.0,21.0,674.0,1271.3,674.0,4.2999999999999545,678.3,1645.8,-2.2000000000000455,1643.6,1645.3,7.400000000000091,1651.0,,,32.2,20.6,0.0,0.0,0.0,214.5,0.0,0.6,0.6,1.6089,0.4166,0.0035,0.0,0.0,0.0,0.0,0.0,0.0,0.0,0.0,0.0,0.2015,0.0,0.0,0.0,0.0,0.0448,0.048,0.0239,0.0139,0.007,0.0,0.0069,0.53,5.45,1.4,23.25,27.03,0,MOD-00632,2025-04-15T23:00:30,2025-04-15T16:00:30,https://api.quant-aq.com/v1/devices/MOD-00632/data/raw/364029992
0,653.2,21.699999999999932,674.9,1273.9,674.6,4.199999999999932,678.8,1646.0,-2.099999999999909,1643.9,1645.4,7.699999999999818,1651.6,,,32.7,20.6,0.0,0.0,0.0,258.5,0.2,1.2,0.9,1.6794,0.4249,0.0035,0.0,0.0,0.0,0.0,0.0,0.0,0.0,0.0,0.0,0.2073,0.0,0.0,0.0,0.0,0.0581,0.0884,0.034,0.0202,0.0035,0.0,0.0,0.6,3.97,1.75,23.59,27.06,0,MOD-00632,2025-04-15T22:59:30,2025-04-15T15:59:30,https://api.quant-aq.com/v1/devices/MOD-00632/data/raw/364029991
0,653.1,21.799999999999955,674.9,1272.4,673.9,4.2000000000000455,678.1,1646.3,-2.5,1643.8,1645.5,7.7000000000000455,1651.5,,,32.6,20.7,0.0,0.0,0.0,267.0,0.6,1.2,0.8,1.5812,0.4305,0.0,0.0,0.0,0.0,0.0,0.0,0.0,0.0034,0.0,0.0,0.206,0.0,0.0,0.0,0.0,0.048,0.0473,0.0413,0.0205,0.0108,0.0034,0.0,0.55,4.41,1.7,23.41,27.1,0,MOD-00632,2025-04-15T22:58:30,2025-04-15T15:58:30,https://api.quant-aq.com/v1/devices/MOD-00632/data/raw/364029990
0,654.5,21.600000000000023,676.1,1274.7,674.4,4.2000000000000455,678.6,1646.3,-2.3999999999998636,1643.9,1645.8,7.899999999999864,1651.8,,,32.9,20.7,0.0,0.0,0.0,183.5,0.1,0.7,0.7,1.8436,0.4423,0.0031,0.0,0.0,0.0,0.0,0.0,0.0,0.0,0.0,0.0,0.2148,0.0,0.0,0.0,0.0,0.0501,0.041,0.0237,0.0233,0.007,0.0068,0.0,0.57,4.73,1.58,23.55,27.13,0,MOD-00632,2025-04-15T22:57:30,2025-04-15T15:57:30,https://api.quant-aq.com/v1/devices/MOD-00632/data/raw/364029989
0,653.5,23.100000000000023,676.6,1271.9,674.3,4.300000000000068,678.6,1646.3,-2.7999999999999545,1643.5,1646.0,8.400000000000091,1651.9,,,32.2,20.8,0.0,0.0,0.0,268.5,0.5,1.6,1.0,1.645,0.4572,0.0,0.0,0.0,0.0,0.0,0.0,0.0,0.0,0.0,0.0,0.1887,0.0,0.0,0.0,0.0,0.0426,0.0651,0.0293,0.016,0.0162,0.0,0.0,0.55,2.94,1.65,23.26,27.15,0,MOD-00632,2025-04-15T22:56:30,2025-04-15T15:56:30,https://api.quant-aq.com/v1/devices/MOD-00632/data/raw/364027637
0,650.6,25.299999999999955,675.9,1275.4,674.0,5.5,679.5,1646.1,-3.0,1643.1,1646.1,8.100000000000136,1651.2,,,32.1,20.8,0.0,0.0,0.0,321.75,1.1,2.1,1.8,1.7291,0.4289,0.0,0.0,0.0,0.0,0.0,0.0,0.0,0.0,0.0,0.0,0.2272,0.0,0.0,0.0,0.0,0.0365,0.0496,0.0133,0.0197,0.0099,0.0067,0.0034,0.55,4.24,1.49,23.26,27.2,0,MOD-00632,2025-04-15T22:55:30,2025-04-15T15:55:30,https://api.quant-aq.com/v1/devices/MOD-00632/data/raw/364027635
0,651.2,24.199999999999932,675.4,1276.0,675.4,4.2000000000000455,679.6,1646.4,-2.300000000000182,1644.1,1646.1,7.900000000000091,1652.0,,,33.4,20.9,0.0,0.0,0.0,259.0,0.6,1.7,1.4,1.5932,0.4176,0.0,0.0,0.0,0.0,0.0,0.0,0.0,0.0,0.0,0.0,0.2352,0.0,0.0,0.0,0.0,0.0545,0.041,0.0412,0.0203,0.0067,0.0,0.0034,0.57,3.42,1.64,24.12,27.18,0,MOD-00632,2025-04-15T22:54:30,2025-04-15T15:54:30,https://api.quant-aq.com/v1/devices/MOD-00632/data/raw/364027634
0,649.8,24.600000000000023,674.4,1277.6,673.7,4.5,678.2,1646.1,-2.0,1644.1,1646.1,7.600000000000136,1651.7,,,33.7,20.9,0.0,0.0,0.0,226.0,0.3,1.3,1.1,1.8108,0.6459,0.0,0.0,0.0,0.0,0.0,0.0,0.0,0.0,0.0,0.0,0.2129,0.0,0.0,0.0,0.0,0.0491,0.0579,0.015,0.0295,0.011,0.0,0.0033,0.64,3.77,1.72,24.19,27.18,0,MOD-00632,2025-04-15T22:53:30,2025-04-15T15:53:30,https://api.quant-aq.com/v1/devices/MOD-00632/data/raw/364027636
0,650.7,23.899999999999977,674.6,1280.1,674.7,4.199999999999932,678.9,1646.0,-1.900000000000091,1644.1,1646.0,7.7000000000000455,1651.8,,,33.9,20.8,0.0,0.0,0.0,219.75,0.4,1.4,1.0,1.8803,0.5214,0.0,0.0,0.0,0.0,0.0,0.0,0.0,0.0,0.0,0.0,0.2535,0.0,0.0,0.0,0.0,0.0398,0.051,0.0182,0.0111,0.0037,0.0073,0.0038,0.62,3.9,1.43,24.46,27.15,0,MOD-00632,2025-04-15T22:52:30,2025-04-15T15:52:30,https://api.quant-aq.com/v1/devices/MOD-00632/data/raw/364025270
0,649.5,25.399999999999977,674.9,1279.9,674.6,4.2999999999999545,678.9,1646.3,-2.2000000000000455,1644.1,1646.1,7.7000000000000455,1651.8,,,34.1,20.8,0.0,0.0,0.0,235.5,0.2,0.6,0.4,1.8447,0.5325,0.0,0.0,0.0,0.0,0.0,0.0,0.0,0.0,0.0,0.0,0.2675,0.0,0.0,0.0,0.0,0.0506,0.0584,0.0326,0.0073,0.0035,0.0,0.0037,0.65,2.97,1.52,24.58,27.13,0,MOD-00632,2025-04-15T22:51:30,2025-04-15T15:51:30,https://api.quant-aq.com/v1/devices/MOD-00632/data/raw/364025269
0,651.4,24.0,675.4,1280.9,674.1,4.100000000000023,678.2,1646.2,-1.900000000000091,1644.3,1646.0,7.600000000000136,1651.9,,,34.4,20.8,0.0,0.0,0.0,197.25,0.1,0.4,0.4,1.7507,0.5269,0.0,0.0,0.0,0.0037,0.0,0.0,0.0,0.0,0.0,0.0,0.2584,0.0,0.0,0.0,0.0,0.0668,0.056,0.0226,0.0187,0.0038,0.0,0.0037,0.64,5.88,1.59,24.72,27.14,0,MOD-00632,2025-04-15T22:50:30,2025-04-15T15:50:30,https://api.quant-aq.com/v1/devices/MOD-00632/data/raw/364025268
0,651.8,22.800000000000068,674.6,1275.7,674.4,3.6000000000000227,678.0,1646.0,-1.7999999999999545,1644.2,1645.8,7.7999999999999545,1652.0,,,34.2,20.8,0.0,0.0,0.0,178.0,0.0,0.6,0.2,1.8184,0.4534,0.0,0.0039,0.0,0.0,0.0,0.0,0.0,0.0,0.0,0.0,0.2507,0.0,0.0,0.0,0.0,0.0807,0.0752,0.0345,0.0304,0.0184,0.0113,0.0039,0.66,8.9,2.27,24.52,27.13,0,MOD-00632,2025-04-15T22:49:30,2025-04-15T15:49:30,https://api.quant-aq.com/v1/devices/MOD-00632/data/raw/364025267
0,650.4,24.300000000000068,674.7,1271.8,674.3,5.0,679.3,1646.1,-2.2999999999999545,1643.8,1646.0,7.5,1651.3,,,34.0,20.8,0.0,0.0,0.0,217.75,0.2,1.3,0.8,1.8836,0.478,0.0,0.0,0.0,0.0,0.0,0.0,0.0,0.0,0.0,0.0,0.2785,0.0,0.0,0.0,0.0,0.0462,0.0514,0.0289,0.0213,0.0035,0.0038,0.0,0.64,2.84,1.64,24.38,27.14,0,MOD-00632,2025-04-15T22:48:30,2025-04-15T15:48:30,https://api.quant-aq.com/v1/devices/MOD-00632/data/raw/364022871
0,651.1,23.399999999999977,674.5,1275.8,674.2,4.2999999999999545,678.5,1646.0,-1.900000000000091,1644.1,1645.8,7.300000000000182,1651.4,,,34.0,20.8,0.0,0.0,0.0,189.0,0.0,0.5,0.3,1.8822,0.4399,0.0,0.0,0.0,0.0,0.0,0.0,0.0,0.0,0.0,0.0,0.2052,0.0,0.0,0.0,0.0,0.0843,0.0414,0.0418,0.0114,0.0,0.0077,0.0,0.61,3.01,1.58,24.47,27.1,0,MOD-00632,2025-04-15T22:47:30,2025-04-15T15:47:30,https://api.quant-aq.com/v1/devices/MOD-00632/data/raw/364022870
0,652.1,22.699999999999932,674.8,1277.3,674.3,3.2000000000000455,677.5,1646.1,-1.699999999999818,1644.4,1646.0,7.599999999999909,1652.0,,,34.0,20.8,0.0,0.0,0.0,143.25,0.0,0.3,0.2,1.6463,0.4718,0.0,0.0,0.0,0.0,0.0,0.0,0.0,0.0,0.0,0.0,0.2154,0.0,0.0,0.0,0.0,0.0615,0.058,0.0264,0.0342,0.0038,0.0075,0.0036,0.59,4.72,1.83,24.5,27.1,0,MOD-00632,2025-04-15T22:46:30,2025-04-15T15:46:30,https://api.quant-aq.com/v1/devices/MOD-00632/data/raw/364022873
0,651.1,24.299999999999955,675.4,1277.8,674.8,4.800000000000068,679.6,1646.0,-2.7999999999999545,1643.2,1645.9,7.7999999999999545,1651.0,,,33.1,20.8,0.0,0.0,0.0,237.0,0.3,0.8,0.8,1.7532,0.3911,0.0,0.0,0.0,0.0,0.0,0.0,0.0,0.0,0.0,0.0,0.2005,0.0,0.0,0.0,0.0,0.069,0.0827,0.0433,0.0212,0.0036,0.0,0.0,0.61,2.6,1.83,24.07,27.11,0,MOD-00632,2025-04-15T22:45:30,2025-04-15T15:45:30,https://api.quant-aq.com/v1/devices/MOD-00632/data/raw/364022872
0,648.5,26.200000000000045,674.7,1276.7,674.9,5.0,679.9,1645.9,-2.7000000000000455,1643.2,1646.0,7.7999999999999545,1651.0,,,33.5,20.8,0.0,0.0,0.0,248.5,0.0,1.5,1.3,1.6311,0.4654,0.0,0.0,0.0,0.0,0.0,0.0,0.0,0.0,0.0,0.0,0.221,0.0,0.0,0.0,0.0,0.0465,0.075,0.025,0.018,0.0074,0.0035,0.0,0.59,2.95,1.64,24.39,27.15,0,MOD-00632,2025-04-15T22:44:30,2025-04-15T15:44:30,https://api.quant-aq.com/v1/devices/MOD-00632/data/raw/364020535
0,651.8,23.40000000000009,675.2,1280.8,673.8,4.2000000000000455,678.0,1646.1,-1.8999999999998636,1644.2,1645.9,7.2999999999999545,1651.5,,,35.3,20.8,0.0,0.0,0.0,169.5,0.0,0.9,0.7,1.7393,0.5502,0.0,0.0,0.0,0.0,0.0,0.0,0.0,0.0,0.0,0.0,0.2549,0.0,0.0,0.0,0.0,0.0192,0.0569,0.0228,0.0307,0.0076,0.0039,0.0,0.61,3.28,1.71,25.33,27.15,0,MOD-00632,2025-04-15T22:43:30,2025-04-15T15:43:30,https://api.quant-aq.com/v1/devices/MOD-00632/data/raw/364020533
0,649.8,24.600000000000023,674.4,1279.7,674.3,4.300000000000068,678.6,1645.9,-2.2000000000000455,1643.7,1645.6,7.2000000000000455,1650.9,,,34.5,20.8,0.0,0.0,0.0,158.5,0.0,0.8,0.2,1.4931,0.4656,0.0,0.0,0.0,0.0,0.0,0.0,0.0,0.0,0.0,0.0,0.2042,0.0,0.0,0.0,0.0,0.0717,0.0558,0.0223,0.0226,0.008,0.0,0.0036,0.57,3.49,1.6,24.93,27.15,0,MOD-00632,2025-04-15T22:42:30,2025-04-15T15:42:30,https://api.quant-aq.com/v1/devices/MOD-00632/data/raw/364020534
0,649.8,24.90000000000009,674.7,1283.5,674.4,5.2000000000000455,679.6,1645.9,-2.400000000000091,1643.5,1645.7,7.2000000000000455,1650.7,,,34.8,20.8,0.0,0.0,0.0,203.0,0.3,1.1,0.8,1.7144,0.4413,0.0,0.0,0.0,0.0,0.0,0.0,0.0,0.0,0.0,0.0,0.2954,0.0,0.0,0.0,0.0,0.0471,0.0473,0.0111,0.0351,0.0,0.0,0.004,0.61,3.29,1.56,25.18,27.15,0,MOD-00632,2025-04-15T22:41:30,2025-04-15T15:41:30,https://api.quant-aq.com/v1/devices/MOD-00632/data/raw/364020532
0,651.2,24.399999999999977,675.6,1278.1,674.2,3.3999999999999773,677.6,1645.8,-1.2999999999999545,1644.5,1645.9,7.2999999999999545,1651.8,,,36.2,20.8,0.0,0.0,0.0,165.0,0.0,0.0,0.0,1.7882,0.5347,0.0,0.0,0.0,0.0,0.0,0.0,0.0,0.0,0.0,0.0,0.2245,0.0,0.0,0.0,0.0,0.053,0.0466,0.0226,0.0198,0.0111,0.0036,0.0,0.61,3.14,1.61,25.88,27.18,0,MOD-00632,2025-04-15T22:40:30,2025-04-15T15:40:30,https://api.quant-aq.com/v1/devices/MOD-00632/data/raw/364018180
0,652.2,23.299999999999955,675.5,1277.1,674.3,3.5,677.8,1646.0,-1.7000000000000455,1644.3,1645.6,7.2000000000000455,1651.5,,,35.8,20.8,0.0,0.0,0.0,229.5,0.5,1.6,1.0,1.5888,0.4588,0.0,0.0,0.0,0.0,0.0,0.0,0.0035,0.0,0.0,0.0,0.2773,0.0,0.0,0.0,0.0,0.0497,0.0598,0.0318,0.0107,0.0,0.0035,0.0,0.61,3.87,1.49,25.59,27.15,0,MOD-00632,2025-04-15T22:39:30,2025-04-15T15:39:30,https://api.quant-aq.com/v1/devices/MOD-00632/data/raw/364018181
0,649.8,24.300000000000068,674.1,1276.4,674.5,4.2000000000000455,678.7,1645.9,-2.2000000000000455,1643.7,1645.9,7.5,1651.2,,,35.2,20.8,0.0,0.0,0.0,188.75,0.0,1.1,0.2,1.6039,0.4218,0.0,0.0,0.0,0.0,0.0,0.0,0.0,0.0,0.0,0.0,0.2658,0.0,0.0,0.0,0.0,0.0531,0.0528,0.0322,0.032,0.0036,0.0,0.0,0.59,2.63,1.74,25.3,27.17,0,MOD-00632,2025-04-15T22:38:30,2025-04-15T15:38:30,https://api.quant-aq.com/v1/devices/MOD-00632/data/raw/364018182
0,650.2,24.199999999999932,674.4,1281.6,674.3,4.900000000000091,679.2,1645.9,-2.400000000000091,1643.5,1645.7,7.099999999999909,1650.6,,,35.3,20.8,0.0,0.0,0.0,189.25,0.0,0.7,0.1,1.6798,0.5174,0.0,0.0,0.0,0.0,0.0,0.0,0.0,0.0,0.0,0.0,0.3152,0.0,0.0,0.0,0.0,0.0298,0.0404,0.0109,0.0218,0.0036,0.0,0.0,0.62,2.0,1.37,25.31,27.21,0,MOD-00632,2025-04-15T22:37:30,2025-04-15T15:37:30,https://api.quant-aq.com/v1/devices/MOD-00632/data/raw/364018183
0,651.0,23.0,674.0,1278.0,674.3,4.2000000000000455,678.5,1645.8,-1.7999999999999545,1644.0,1645.8,7.099999999999909,1651.1,,,36.1,20.9,0.0,0.0,0.0,173.25,0.0,0.2,0.1,1.6499,0.4512,0.0,0.0,0.0,0.0,0.0,0.0,0.0,0.0,0.0,0.0,0.2503,0.0,0.0,0.0,0.0,0.0504,0.0467,0.0158,0.0237,0.0077,0.004,0.0,0.58,2.97,1.53,25.95,27.23,0,MOD-00632,2025-04-15T22:36:30,2025-04-15T15:36:30,https://api.quant-aq.com/v1/devices/MOD-00632/data/raw/364015730
0,651.0,23.399999999999977,674.4,1277.4,675.3,3.900000000000091,679.2,1646.0,-2.0,1644.0,1645.7,7.2000000000000455,1651.2,,,36.0,20.9,0.0,0.0,0.0,142.5,0.0,0.2,0.2,1.5255,0.5076,0.0,0.0,0.0,0.0,0.0,0.0,0.0,0.0,0.0,0.0,0.2405,0.0,0.0,0.0,0.0,0.04,0.0332,0.0257,0.0109,0.0037,0.0,0.0,0.56,1.76,1.26,25.85,27.23,0,MOD-00632,2025-04-15T22:35:30,2025-04-15T15:35:30,https://api.quant-aq.com/v1/devices/MOD-00632/data/raw/364015729
0,652.1,22.899999999999977,675.0,1278.1,673.9,4.2000000000000455,678.1,1646.0,-2.0,1644.0,1645.5,6.900000000000091,1650.9,,,36.0,20.9,0.0,0.0,0.0,154.75,0.0,0.7,0.6,1.7932,0.5936,0.0,0.0,0.0,0.0,0.0,0.0,0.0,0.0,0.0,0.0,0.2435,0.0,0.0,0.0,0.0,0.0574,0.0587,0.0257,0.0324,0.004,0.0091,0.0,0.65,3.99,1.87,25.78,27.23,0,MOD-00632,2025-04-15T22:34:30,2025-04-15T15:34:30,https://api.quant-aq.com/v1/devices/MOD-00632/data/raw/364015727
0,651.5,23.399999999999977,674.9,1276.7,674.8,3.800000000000068,678.6,1646.0,-1.900000000000091,1644.1,1645.8,7.2000000000000455,1651.3,,,36.2,20.9,0.0,0.0,0.0,191.75,0.0,0.8,0.8,1.8102,0.4285,0.0,0.0,0.0,0.0,0.0,0.0,0.0,0.0,0.0,0.0,0.2188,0.0,0.0,0.0,0.0,0.0463,0.0462,0.043,0.0119,0.0075,0.0,0.0039,0.58,3.4,1.58,25.81,27.27,0,MOD-00632,2025-04-15T22:33:30,2025-04-15T15:33:30,https://api.quant-aq.com/v1/devices/MOD-00632/data/raw/364015728
0,651.7,23.5,675.2,1275.7,675.1,4.100000000000023,679.2,1645.8,-2.2000000000000455,1643.6,1645.4,7.300000000000182,1650.9,,,35.6,20.9,0.0,0.0,0.0,252.5,0.6,1.5,1.5,1.5467,0.4417,0.0,0.0,0.0,0.0,0.0,0.0,0.0,0.0,0.0,0.0,0.2051,0.0,0.0,0.0,0.0,0.0726,0.0492,0.0381,0.0205,0.0036,0.0,0.0,0.57,2.33,1.61,25.6,27.3,0,MOD-00632,2025-04-15T22:32:30,2025-04-15T15:32:30,https://api.quant-aq.com/v1/devices/MOD-00632/data/raw/364013395
0,651.1,25.199999999999932,676.3,1279.3,674.4,4.899999999999977,679.3,1645.8,-2.0,1643.8,1645.7,6.900000000000091,1650.7,,,36.1,20.9,0.0,0.0,0.0,217.5,0.2,1.3,0.7,1.8536,0.4949,0.0,0.0,0.0,0.0,0.0,0.0,0.0,0.0,0.0,0.0,0.2532,0.0,0.0,0.0,0.0,0.074,0.0706,0.045,0.0071,0.0264,0.0,0.0,0.67,3.77,2.02,25.8,27.33,0,MOD-00632,2025-04-15T22:31:30,2025-04-15T15:31:30,https://api.quant-aq.com/v1/devices/MOD-00632/data/raw/364013393
0,652.5,25.200000000000045,677.7,1277.0,675.2,3.7999999999999545,679.0,1646.2,-2.0,1644.2,1645.9,7.2000000000000455,1651.4,,,36.4,20.9,0.0,0.0,0.0,181.75,0.0,0.8,0.3,1.6206,0.4893,0.0,0.0,0.0,0.0,0.0,0.0,0.0,0.0,0.0,0.0,0.2962,0.0,0.0,0.0,0.0,0.0677,0.0568,0.0152,0.0191,0.0076,0.0,0.0,0.64,2.4,1.57,26.0,27.33,0,MOD-00632,2025-04-15T22:30:30,2025-04-15T15:30:30,https://api.quant-aq.com/v1/devices/MOD-00632/data/raw/364013392
0,651.4,24.5,675.9,1278.4,674.6,4.2999999999999545,678.9,1646.0,-2.099999999999909,1643.9,1645.7,7.099999999999909,1651.0,,,36.1,21.0,0.0,0.0,0.0,161.0,0.0,0.6,0.6,1.594,0.4837,0.0,0.0,0.0,0.0,0.0,0.0,0.0,0.0,0.0,0.0,0.2414,0.0,0.0,0.0,0.0,0.07,0.0406,0.0367,0.0145,0.0114,0.0111,0.0037,0.6,5.26,1.76,25.82,27.33,0,MOD-00632,2025-04-15T22:29:30,2025-04-15T15:29:30,https://api.quant-aq.com/v1/devices/MOD-00632/data/raw/364013394
0,650.8,24.200000000000045,675.0,1277.3,675.4,4.399999999999977,679.8,1646.0,-2.0,1644.0,1645.6,6.900000000000091,1650.9,,,36.2,21.0,0.0,0.0,0.0,172.5,0.0,1.2,0.3,1.736,0.5981,0.0,0.0,0.0,0.0,0.0,0.0,0.0,0.0,0.0,0.0,0.2369,0.0,0.0,0.0,0.0,0.066,0.069,0.0232,0.0307,0.0038,0.0038,0.0078,0.66,5.29,1.87,25.99,27.36,0,MOD-00632,2025-04-15T22:28:30,2025-04-15T15:28:30,https://api.quant-aq.com/v1/devices/MOD-00632/data/raw/364010988
0,651.5,23.899999999999977,675.4,1275.8,674.8,4.400000000000091,679.2,1646.0,-1.7999999999999545,1644.2,1645.8,6.7000000000000455,1650.9,,,36.7,21.0,0.0,0.0,0.0,185.25,0.0,0.7,0.6,1.7729,0.5468,0.0,0.0,0.0,0.0,0.0,0.0,0.0,0.0,0.0,0.0,0.2889,0.0,0.0,0.0,0.0,0.0859,0.0666,0.0195,0.0152,0.0,0.0,0.0,0.7,1.96,1.58,26.14,27.37,0,MOD-00632,2025-04-15T22:27:30,2025-04-15T15:27:30,https://api.quant-aq.com/v1/devices/MOD-00632/data/raw/364010990
0,653.7,26.299999999999955,680.0,1279.3,674.7,4.5,679.2,1646.2,-1.900000000000091,1644.3,1645.8,6.7999999999999545,1651.1,,,36.4,21.0,0.0,0.0,0.0,158.25,0.2,0.5,0.4,1.6484,0.5304,0.0,0.0,0.0,0.0,0.0,0.0,0.0,0.0,0.0,0.0,0.2624,0.0,0.0,0.0,0.0,0.0417,0.0643,0.0263,0.0113,0.0192,0.0039,0.0,0.62,3.61,1.73,25.94,27.4,0,MOD-00632,2025-04-15T22:26:30,2025-04-15T15:26:30,https://api.quant-aq.com/v1/devices/MOD-00632/data/raw/364010989
0,653.6,32.60000000000002,686.2,1278.2,675.0,4.2000000000000455,679.2,1646.6,-2.2999999999999545,1644.3,1645.9,7.2999999999999545,1651.6,,,36.3,21.0,0.0,0.0,0.0,168.75,0.0,0.7,0.2,1.6469,0.5458,0.0034,0.0,0.0,0.0,0.0,0.0,0.0,0.0,0.0,0.0,0.298,0.0,0.0,0.0,0.0,0.0626,0.0907,0.0334,0.0259,0.0,0.0104,0.0,0.7,5.48,2.02,25.98,27.41,0,MOD-00632,2025-04-15T22:25:30,2025-04-15T15:25:30,https://api.quant-aq.com/v1/devices/MOD-00632/data/raw/364010991
0,653.0,24.399999999999977,677.4,1277.1,675.5,4.2999999999999545,679.8,1646.2,-2.2999999999999545,1643.9,1646.1,7.399999999999864,1651.3,,,36.0,21.1,0.0,0.0,0.0,228.25,0.5,1.7,1.1,1.7548,0.5493,0.0,0.0,0.0,0.0,0.0,0.0,0.0,0.0,0.0,0.0,0.2713,0.0,0.0,0.0,0.0,0.0685,0.0789,0.0342,0.0445,0.0204,0.0137,0.0034,0.69,7.3,2.54,25.8,27.47,0,MOD-00632,2025-04-15T22:24:30,2025-04-15T15:24:30,https://api.quant-aq.com/v1/devices/MOD-00632/data/raw/364008625
0,653.2,25.09999999999991,678.3,1283.1,674.9,4.899999999999977,679.8,1646.6,-2.2999999999999545,1644.3,1646.3,7.0,1651.3,,,36.3,21.1,0.0,0.0,0.0,216.75,0.0,1.3,0.8,1.6569,0.5563,0.0,0.0036,0.0,0.0,0.0,0.0,0.0,0.0,0.0,0.0,0.2663,0.0,0.0,0.0,0.0,0.0371,0.0751,0.0287,0.0069,0.0,0.0,0.0,0.64,3.89,1.44,26.02,27.48,0,MOD-00632,2025-04-15T22:23:30,2025-04-15T15:23:30,https://api.quant-aq.com/v1/devices/MOD-00632/data/raw/364008623
0,654.2,24.799999999999955,679.0,1282.6,675.1,4.7999999999999545,679.9,1646.6,-1.8999999999998636,1644.7,1646.3,7.099999999999909,1651.8,,,36.3,21.1,0.0,0.0,0.0,234.0,0.2,1.0,0.8,1.6169,0.501,0.004,0.0,0.0,0.0,0.0,0.0,0.0,0.0,0.0,0.0,0.2677,0.0,0.0,0.0,0.0,0.0657,0.0386,0.039,0.0232,0.0078,0.0115,0.0,0.62,6.09,1.85,25.94,27.49,0,MOD-00632,2025-04-15T22:22:30,2025-04-15T15:22:30,https://api.quant-aq.com/v1/devices/MOD-00632/data/raw/364008626
0,651.4,24.800000000000068,676.2,1280.7,675.3,4.2000000000000455,679.5,1646.5,-2.400000000000091,1644.1,1646.3,7.400000000000091,1651.5,,,35.4,21.2,0.0,0.0,0.0,216.5,0.4,1.5,0.8,1.7847,0.497,0.0,0.0,0.0,0.0,0.0,0.0,0.0,0.0,0.0,0.0,0.2097,0.0,0.0,0.0,0.0,0.0379,0.0525,0.0299,0.0038,0.0076,0.0114,0.0037,0.58,4.62,1.48,25.42,27.52,0,MOD-00632,2025-04-15T22:21:30,2025-04-15T15:21:30,https://api.quant-aq.com/v1/devices/MOD-00632/data/raw/364008624
0,651.2,25.09999999999991,676.3,1279.1,674.7,5.2999999999999545,680.0,1646.5,-2.7000000000000455,1643.8,1646.5,7.2999999999999545,1651.1,,,35.3,21.2,0.0,0.0,0.0,198.75,0.1,0.7,0.7,1.7721,0.448,0.0,0.0,0.0,0.0,0.0,0.0,0.0,0.0,0.0,0.0,0.2433,0.0,0.0,0.0,0.0,0.0557,0.0425,0.0238,0.0273,0.0118,0.0041,0.0081,0.59,5.65,1.75,25.31,27.52,0,MOD-00632,2025-04-15T22:20:30,2025-04-15T15:20:30,https://api.quant-aq.com/v1/devices/MOD-00632/data/raw/364006281
0,650.4,25.800000000000068,676.2,1282.7,675.0,4.100000000000023,679.1,1646.2,-1.900000000000091,1644.3,1646.6,7.400000000000091,1651.7,,,35.8,21.2,0.0,0.0,0.0,196.25,0.0,0.5,0.3,1.8093,0.5185,0.0,0.0,0.0,0.0,0.0,0.0,0.0,0.0,0.0,0.0,0.2216,0.0,0.0,0.0,0.0,0.0583,0.0599,0.0116,0.0312,0.0038,0.0,0.0038,0.62,3.42,1.62,25.79,27.56,0,MOD-00632,2025-04-15T22:19:30,2025-04-15T15:19:30,https://api.quant-aq.com/v1/devices/MOD-00632/data/raw/364006279
0,649.2,26.699999999999932,675.9,1281.1,674.9,4.800000000000068,679.7,1646.1,-2.099999999999909,1644.0,1646.4,7.099999999999909,1651.1,,,35.8,21.2,0.0,0.0,0.0,238.0,0.5,1.4,1.2,1.6223,0.4449,0.0,0.0,0.0,0.0,0.0,0.0,0.0,0.0,0.0,0.0,0.249,0.0,0.0,0.0,0.0,0.0607,0.0449,0.0367,0.0083,0.0082,0.0,0.0083,0.59,4.48,1.54,25.72,27.55,0,MOD-00632,2025-04-15T22:18:30,2025-04-15T15:18:30,https://api.quant-aq.com/v1/devices/MOD-00632/data/raw/364006280
0,650.9,24.600000000000023,675.5,1279.6,675.8,4.800000000000068,680.6,1646.4,-2.5,1643.9,1646.3,7.0,1650.9,,,36.0,21.2,0.0,0.0,0.0,180.0,0.0,0.3,0.3,1.8086,0.5149,0.0,0.0,0.0,0.0,0.0,0.0,0.0,0.0,0.0,0.0,0.2186,0.0,0.0,0.0,0.0,0.07,0.0317,0.0288,0.0086,0.0041,0.0,0.0,0.6,1.84,1.35,25.77,27.56,0,MOD-00632,2025-04-15T22:17:30,2025-04-15T15:17:30,https://api.quant-aq.com/v1/devices/MOD-00632/data/raw/364006278
0,648.5,25.799999999999955,674.3,1280.8,674.9,4.800000000000068,679.7,1646.1,-2.199999999999818,1643.9,1646.0,6.899999999999864,1650.8,,,36.4,21.2,0.0,0.0,0.0,178.25,0.1,0.9,0.7,1.601,0.405,0.0,0.0037,0.0,0.0,0.0,0.0,0.0,0.0,0.0,0.0,0.2424,0.0,0.0,0.0,0.0,0.068,0.0568,0.0345,0.0229,0.0037,0.0,0.0,0.59,4.63,1.67,25.98,27.59,0,MOD-00632,2025-04-15T22:16:30,2025-04-15T15:16:30,https://api.quant-aq.com/v1/devices/MOD-00632/data/raw/364003899
0,649.1,24.799999999999955,673.9,1281.0,675.1,4.5,679.6,1646.0,-1.7999999999999545,1644.2,1646.2,6.599999999999909,1650.8,,,37.1,21.1,0.0,0.0,0.0,166.75,0.1,0.5,0.5,1.4693,0.4622,0.0,0.0,0.0,0.0,0.0,0.0,0.0,0.0,0.0,0.0,0.2366,0.0,0.0,0.0,0.0,0.0678,0.0302,0.0152,0.0262,0.0038,0.0,0.0075,0.55,4.15,1.44,26.25,27.58,0,MOD-00632,2025-04-15T22:15:30,2025-04-15T15:15:30,https://api.quant-aq.com/v1/devices/MOD-00632/data/raw/364003901
0,648.5,24.299999999999955,672.8,1279.4,674.8,3.900000000000091,678.7,1645.7,-1.5,1644.2,1645.6,6.5,1650.7,,,36.6,21.1,0.0,0.0,0.0,208.25,0.2,0.9,0.7,1.4785,0.4496,0.0037,0.0,0.0,0.0,0.0,0.0,0.0,0.0,0.0,0.0,0.3509,0.0,0.0,0.0,0.0,0.0535,0.0349,0.035,0.0429,0.0155,0.0,0.0,0.63,5.35,2.07,26.12,27.54,0,MOD-00632,2025-04-15T22:14:30,2025-04-15T15:14:30,https://api.quant-aq.com/v1/devices/MOD-00632/data/raw/364003897
0,650.6,23.100000000000023,673.7,1280.7,674.3,5.0,679.3,1645.9,-2.1000000000001364,1643.8,1645.5,6.2999999999999545,1650.1,,,36.3,21.1,0.0,0.0,0.0,128.25,0.0,0.2,0.1,1.7144,0.4433,0.0,0.0,0.0,0.0,0.0,0.0,0.0,0.0,0.0,0.0,0.2389,0.0,0.0,0.0,0.0,0.0619,0.0502,0.0114,0.0154,0.0116,0.0039,0.0,0.59,2.96,1.48,25.92,27.56,0,MOD-00632,2025-04-15T22:13:30,2025-04-15T15:13:30,https://api.quant-aq.com/v1/devices/MOD-00632/data/raw/364003903
0,653.1,22.199999999999932,675.3,1277.5,674.7,4.5,679.2,1646.2,-2.2999999999999545,1643.9,1645.8,6.599999999999909,1650.5,,,36.5,21.1,0.0,0.0,0.0,194.25,0.3,1.2,1.0,1.5604,0.4198,0.0,0.0,0.0,0.0,0.0,0.0,0.0,0.0,0.0,0.0,0.2385,0.0,0.0,0.0,0.0,0.0529,0.0455,0.0265,0.0188,0.0,0.0037,0.0,0.56,2.37,1.43,25.98,27.56,0,MOD-00632,2025-04-15T22:12:30,2025-04-15T15:12:30,https://api.quant-aq.com/v1/devices/MOD-00632/data/raw/364001563
0,654.2,21.899999999999977,676.1,1275.1,674.7,4.2999999999999545,679.0,1646.0,-2.2000000000000455,1643.8,1645.6,6.7999999999999545,1650.6,,,36.5,21.1,0.0,0.0,0.0,192.5,0.2,0.7,0.5,1.6325,0.4808,0.0,0.0,0.0,0.0,0.0,0.0,0.0,0.0,0.0,0.0,0.2346,0.0,0.0,0.0,0.0,0.056,0.0335,0.0297,0.0224,0.0037,0.0,0.0,0.58,2.2,1.49,25.93,27.59,0,MOD-00632,2025-04-15T22:11:30,2025-04-15T15:11:30,https://api.quant-aq.com/v1/devices/MOD-00632/data/raw/364001561
0,654.0,22.5,676.5,1277.5,674.8,4.900000000000091,679.7,1646.2,-2.6000000000001364,1643.6,1645.9,7.0,1650.6,,,36.2,21.1,0.0,0.0,0.0,167.25,0.0,0.5,0.5,1.3457,0.4339,0.0,0.0,0.0,0.0,0.0,0.0,0.0,0.0,0.0,0.0,0.2584,0.0,0.0,0.0,0.0,0.0376,0.0563,0.0148,0.0258,0.0114,0.0,0.0036,0.54,3.66,1.57,25.64,27.65,0,MOD-00632,2025-04-15T22:10:30,2025-04-15T15:10:30,https://api.quant-aq.com/v1/devices/MOD-00632/data/raw/364001564
0,653.6,23.100000000000023,676.7,1276.8,675.0,4.5,679.5,1646.3,-2.8999999999998636,1643.4,1645.8,7.2999999999999545,1650.7,,,36.0,21.1,0.0,0.0,0.0,134.75,0.0,0.7,0.2,1.6025,0.4242,0.0,0.0,0.0,0.0,0.0,0.0,0.0,0.0,0.0,0.0,0.2121,0.0,0.0,0.0,0.0,0.0316,0.0737,0.0244,0.0145,0.0069,0.0071,0.0,0.55,3.27,1.55,25.68,27.66,0,MOD-00632,2025-04-15T22:09:30,2025-04-15T15:09:30,https://api.quant-aq.com/v1/devices/MOD-00632/data/raw/364001562
0,652.9,23.200000000000045,676.1,1275.1,675.1,4.7999999999999545,679.9,1646.2,-2.900000000000091,1643.3,1646.0,7.100000000000136,1650.4,,,36.0,21.2,0.0,0.0,0.0,140.25,0.0,0.6,0.4,1.5177,0.4261,0.0036,0.0,0.0,0.0,0.0,0.0,0.0,0.0,0.0,0.0,0.2392,0.0,0.0,0.0,0.0,0.0691,0.0611,0.047,0.022,0.0146,0.0,0.0072,0.6,6.78,1.99,25.61,27.71,0,MOD-00632,2025-04-15T22:08:30,2025-04-15T15:08:30,https://api.quant-aq.com/v1/devices/MOD-00632/data/raw/363998953
0,649.9,26.200000000000045,676.1,1280.4,675.2,4.599999999999909,679.8,1646.2,-3.0,1643.2,1646.1,7.0,1650.2,,,35.7,21.3,0.0,0.0,0.0,182.75,0.0,0.8,0.7,1.5606,0.4461,0.0,0.0,0.0,0.0,0.0,0.0,0.0,0.0,0.0,0.0,0.2526,0.0,0.0,0.0,0.0,0.0432,0.0357,0.0181,0.0107,0.0035,0.0,0.0037,0.55,2.66,1.22,25.57,27.75,0,MOD-00632,2025-04-15T22:07:30,2025-04-15T15:07:30,https://api.quant-aq.com/v1/devices/MOD-00632/data/raw/363998952
0,652.5,22.5,675.0,1280.8,675.3,5.300000000000068,680.6,1646.0,-2.599999999999909,1643.4,1646.0,6.399999999999864,1649.8,,,36.7,21.3,0.0,0.0,0.0,121.25,0.0,0.0,0.0,1.3258,0.499,0.0,0.0,0.0,0.0,0.0,0.0,0.0,0.0,0.0,0.0,0.1897,0.0,0.0,0.0,0.0,0.0681,0.0394,0.0234,0.0183,0.0038,0.0038,0.0,0.53,2.55,1.4,26.08,27.75,0,MOD-00632,2025-04-15T22:06:30,2025-04-15T15:06:30,https://api.quant-aq.com/v1/devices/MOD-00632/data/raw/363998954
0,650.8,22.800000000000068,673.6,1281.3,674.6,3.699999999999932,678.3,1646.0,-2.2000000000000455,1643.8,1645.9,6.7000000000000455,1650.5,,,37.0,21.3,0.0,0.0,0.0,179.0,0.0,0.4,0.3,1.4993,0.4377,0.0,0.0037,0.0,0.0,0.0,0.0,0.0,0.0,0.0,0.0,0.2952,0.0,0.0,0.0,0.0,0.0353,0.0732,0.0462,0.0039,0.0192,0.0076,0.004,0.61,7.48,1.89,26.27,27.78,0,MOD-00632,2025-04-15T22:05:30,2025-04-15T15:05:30,https://api.quant-aq.com/v1/devices/MOD-00632/data/raw/363998955
0,650.9,23.200000000000045,674.1,1280.9,674.9,5.2000000000000455,680.1,1645.9,-2.6000000000001364,1643.3,1645.6,6.400000000000091,1649.7,,,36.5,21.2,0.0,0.0,0.0,204.75,0.0,0.7,0.5,1.5102,0.4411,0.0,0.0,0.0,0.0,0.0,0.0,0.0,0.0,0.0,0.0,0.2114,0.0,0.0,0.0,0.0,0.0301,0.0683,0.0413,0.0191,0.0114,0.0038,0.0,0.55,3.41,1.76,26.08,27.78,0,MOD-00632,2025-04-15T22:04:30,2025-04-15T15:04:30,https://api.quant-aq.com/v1/devices/MOD-00632/data/raw/363996608
0,652.4,21.200000000000045,673.6,1278.9,674.8,4.5,679.3,1646.0,-2.400000000000091,1643.6,1645.7,6.5,1650.1,,,37.5,21.3,0.0,0.0,0.0,188.0,0.2,0.8,0.5,1.6506,0.5392,0.0,0.0,0.0,0.0,0.0,0.0,0.0,0.0,0.0,0.0,0.2014,0.0,0.0,0.0,0.0,0.0764,0.068,0.0077,0.0153,0.0039,0.0076,0.0,0.61,3.05,1.48,26.57,27.8,0,MOD-00632,2025-04-15T22:03:30,2025-04-15T15:03:30,https://api.quant-aq.com/v1/devices/MOD-00632/data/raw/363996606
0,650.5,21.899999999999977,672.4,1276.7,675.3,4.900000000000091,680.2,1645.8,-2.599999999999909,1643.2,1645.5,6.2999999999999545,1649.5,,,36.8,21.3,0.0,0.0,0.0,144.5,0.0,0.3,0.0,1.5437,0.4648,0.0035,0.0,0.0,0.0,0.0,0.0,0.0,0.0,0.0,0.0,0.2659,0.0,0.0,0.0,0.0,0.0603,0.046,0.0322,0.0213,0.0073,0.0039,0.0,0.6,4.62,1.68,26.21,27.82,0,MOD-00632,2025-04-15T22:02:30,2025-04-15T15:02:30,https://api.quant-aq.com/v1/devices/MOD-00632/data/raw/363996607
0,650.8,22.700000000000045,673.5,1279.4,674.9,4.899999999999977,679.8,1645.7,-1.7999999999999545,1643.9,1645.2,5.699999999999818,1649.6,,,37.9,21.3,0.0,0.0,0.0,182.75,0.0,1.3,0.7,1.6898,0.4968,0.0,0.0,0.0,0.0,0.0,0.0,0.0,0.0,0.0,0.0,0.2826,0.0,0.0,0.0,0.0,0.0378,0.0829,0.0303,0.0339,0.0113,0.0038,0.0,0.65,3.91,2.05,26.65,27.86,0,MOD-00632,2025-04-15T22:01:30,2025-04-15T15:01:30,https://api.quant-aq.com/v1/devices/MOD-00632/data/raw/363996609
0,652.8,22.300000000000068,675.1,1278.1,675.2,4.7999999999999545,680.0,1646.0,-1.900000000000091,1644.1,1645.5,5.900000000000091,1650.0,,,37.8,21.3,0.0,0.0,0.0,147.5,0.0,0.6,0.6,1.5619,0.5838,0.0,0.0,0.0,0.0,0.0,0.0,0.0,0.0037,0.0,0.0,0.282,0.0,0.0,0.0,0.0,0.0553,0.0694,0.0512,0.0332,0.0,0.0036,0.0073,0.67,6.58,2.11,26.71,27.85,0,MOD-00632,2025-04-15T22:00:30,2025-04-15T15:00:30,https://api.quant-aq.com/v1/devices/MOD-00632/data/raw/363994267
0,657.1,19.5,676.6,1277.2,675.4,4.800000000000068,680.2,1646.2,-2.0,1644.2,1645.5,6.099999999999909,1650.3,,,37.7,21.3,0.0,0.0,0.0,210.0,0.3,1.1,1.1,1.8788,0.6435,0.0114,0.0038,0.0,0.0,0.0,0.0,0.0,0.0,0.0,0.0,0.3566,0.0,0.0,0.0,0.0,0.1211,0.103,0.0498,0.0462,0.023,0.0269,0.0075,0.87,18.36,3.29,26.54,27.9,0,MOD-00632,2025-04-15T21:59:30,2025-04-15T14:59:30,https://api.quant-aq.com/v1/devices/MOD-00632/data/raw/363994266
0,658.4,19.800000000000068,678.2,1276.2,675.1,4.699999999999932,679.8,1646.6,-2.3999999999998636,1644.2,1645.7,6.7000000000000455,1650.9,,,37.4,21.3,0.0,0.0,0.0,204.0,0.3,1.1,0.7,1.7229,0.8105,0.0038,0.0,0.0,0.0,0.004,0.0,0.0,0.0,0.0,0.0,0.4415,0.0,0.0,0.0,0.0,0.1517,0.1811,0.1271,0.0743,0.0586,0.0419,0.0156,1.1,24.61,5.63,26.29,27.93,0,MOD-00632,2025-04-15T21:58:30,2025-04-15T14:58:30,https://api.quant-aq.com/v1/devices/MOD-00632/data/raw/363994269
0,657.8,21.200000000000045,679.0,1272.8,675.6,4.699999999999932,680.3,1646.7,-2.900000000000091,1643.8,1645.8,7.0,1650.8,,,36.6,21.4,0.0,0.0,0.0,255.5,0.3,1.8,1.2,1.8334,0.719,0.0105,0.0034,0.0,0.0,0.0,0.0,0.0,0.0,0.0,0.0,0.3963,0.0,0.0,0.0,0.0,0.0854,0.1439,0.06,0.064,0.0396,0.0356,0.0073,0.92,20.87,4.11,25.89,28.03,0,MOD-00632,2025-04-15T21:57:30,2025-04-15T14:57:30,https://api.quant-aq.com/v1/devices/MOD-00632/data/raw/363994268
0,655.7,22.299999999999955,678.0,1272.6,675.6,5.100000000000023,680.7,1646.8,-2.8999999999998636,1643.9,1646.2,6.7999999999999545,1650.7,,,36.2,21.5,0.0,0.0,0.0,434.0,1.5,6.8,4.7,2.1319,1.2588,0.0135,0.0178,0.0,0.0,0.0,0.0,0.0,0.0,0.0,0.0,0.6402,0.0,0.0,0.0,0.0,0.2193,0.344,0.2956,0.2755,0.0764,0.07,0.0377,1.75,57.86,11.9,25.8,28.08,0,MOD-00632,2025-04-15T21:56:30,2025-04-15T14:56:30,https://api.quant-aq.com/v1/devices/MOD-00632/data/raw/363991880
0,652.5,24.5,677.0,1283.9,675.5,4.899999999999977,680.4,1646.9,-2.7000000000000455,1644.2,1646.5,6.599999999999909,1650.8,,,36.2,21.6,0.0,0.0,0.0,316.25,1.0,2.2,1.8,2.1655,0.8746,0.0179,0.0106,0.0073,0.0,0.0,0.0,0.0,0.0,0.0,0.0,0.4024,0.0,0.0,0.0,0.0,0.1193,0.2824,0.1755,0.1663,0.0573,0.0762,0.0181,1.25,49.18,8.13,25.83,28.11,0,MOD-00632,2025-04-15T21:55:30,2025-04-15T14:55:30,https://api.quant-aq.com/v1/devices/MOD-00632/data/raw/363991878
0,655.5,23.200000000000045,678.7,1284.6,675.6,6.5,682.1,1647.0,-2.5,1644.5,1646.7,6.400000000000091,1650.9,,,36.2,21.6,0.0,0.0,0.0,267.0,0.8,1.2,1.2,1.6805,0.656,0.0,0.0,0.0,0.0,0.0,0.0,0.0,0.0,0.0,0.0,0.3047,0.0,0.0,0.0,0.0,0.0522,0.0597,0.0447,0.0299,0.0149,0.0075,0.0037,0.71,5.73,2.23,25.81,28.11,0,MOD-00632,2025-04-15T21:54:30,2025-04-15T14:54:30,https://api.quant-aq.com/v1/devices/MOD-00632/data/raw/363991881
0,656.6,22.5,679.1,1281.5,676.0,5.100000000000023,681.1,1647.1,-2.099999999999909,1645.0,1647.0,6.7999999999999545,1651.8,,,36.6,21.6,0.0,0.0,0.0,234.0,0.3,0.8,0.8,1.8544,0.6558,0.0,0.0,0.0,0.0,0.0,0.0,0.0,0.0,0.0,0.0,0.3073,0.0,0.0,0.0,0.0,0.0542,0.0664,0.0311,0.0118,0.0039,0.0117,0.0,0.72,3.94,1.79,25.97,28.13,0,MOD-00632,2025-04-15T21:53:30,2025-04-15T14:53:30,https://api.quant-aq.com/v1/devices/MOD-00632/data/raw/363991879
0,654.6,23.699999999999932,678.3,1279.4,676.0,4.899999999999977,680.9,1647.5,-3.0,1644.5,1646.9,7.0,1651.5,,,35.7,21.7,0.0,0.0,0.0,192.75,0.0,1.0,0.4,1.8711,0.5692,0.0,0.0,0.0,0.0,0.0,0.0,0.0,0.0,0.0,0.0,0.3391,0.0,0.0,0.0,0.0,0.082,0.0606,0.0191,0.03,0.018,0.0037,0.0,0.74,4.16,2.08,25.51,28.18,0,MOD-00632,2025-04-15T21:52:30,2025-04-15T14:52:30,https://api.quant-aq.com/v1/devices/MOD-00632/data/raw/363989551
0,654.0,24.399999999999977,678.4,1284.0,675.2,5.5,680.7,1647.3,-3.0,1644.3,1647.1,6.900000000000091,1651.2,,,35.5,21.8,0.0,0.0,0.0,198.5,0.0,0.8,0.8,1.6423,0.5664,0.0,0.0,0.0,0.0,0.0,0.0,0.0,0.0,0.0,0.0,0.2359,0.0,0.0,0.0,0.0,0.0507,0.0871,0.0289,0.015,0.0106,0.0036,0.0071,0.64,5.19,1.84,25.44,28.21,0,MOD-00632,2025-04-15T21:51:30,2025-04-15T14:51:30,https://api.quant-aq.com/v1/devices/MOD-00632/data/raw/363989552
0,652.7,25.199999999999932,677.9,1283.2,675.5,5.7000000000000455,681.2,1647.3,-3.2000000000000455,1644.1,1647.3,6.900000000000091,1651.0,,,35.3,21.8,0.0,0.0,0.0,226.5,0.2,0.4,0.4,1.4885,0.618,0.0035,0.0,0.0,0.0,0.0,0.0,0.0,0.0,0.0,0.0,0.2606,0.0,0.0,0.0,0.0,0.0371,0.0627,0.0143,0.0222,0.0072,0.0,0.0,0.61,3.91,1.55,25.42,28.22,0,MOD-00632,2025-04-15T21:50:30,2025-04-15T14:50:30,https://api.quant-aq.com/v1/devices/MOD-00632/data/raw/363989553
0,654.0,24.100000000000023,678.1,1283.2,676.9,5.5,682.4,1647.5,-3.099999999999909,1644.4,1647.2,6.899999999999864,1651.3,,,35.6,21.8,0.0,0.0,0.0,169.0,0.1,0.7,0.7,1.7076,0.562,0.0,0.0,0.0,0.0,0.0,0.0,0.0,0.0,0.0,0.0,0.2409,0.0,0.0,0.0,0.0,0.0959,0.0533,0.0305,0.0306,0.0075,0.0,0.0,0.67,2.97,1.9,25.77,28.21,0,MOD-00632,2025-04-15T21:49:30,2025-04-15T14:49:30,https://api.quant-aq.com/v1/devices/MOD-00632/data/raw/363989550
0,654.3,24.700000000000045,679.0,1283.6,675.8,5.2000000000000455,681.0,1647.4,-2.7000000000000455,1644.7,1647.2,6.899999999999864,1651.6,,,36.4,21.8,0.0,0.0,0.0,169.0,0.0,0.6,0.6,1.8385,0.5891,0.0,0.0,0.0,0.0,0.0,0.0,0.0,0.0,0.0,0.0,0.2972,0.0,0.0,0.0,0.0,0.0654,0.0577,0.0229,0.0272,0.0,0.0116,0.0,0.7,3.97,1.82,26.25,28.2,0,MOD-00632,2025-04-15T21:48:30,2025-04-15T14:48:30,https://api.quant-aq.com/v1/devices/MOD-00632/data/raw/363987184
0,653.0,26.5,679.5,1281.5,675.5,5.100000000000023,680.6,1647.6,-3.0,1644.6,1647.5,7.300000000000182,1651.9,,,36.3,21.7,0.0,0.0,0.0,235.5,0.2,1.2,1.0,1.8849,0.6276,0.0,0.0,0.0,0.0,0.0,0.0,0.0,0.0,0.0,0.0,0.3158,0.0,0.0,0.0,0.0,0.0761,0.0649,0.0362,0.0242,0.004,0.0039,0.0,0.75,3.31,1.98,26.13,28.15,0,MOD-00632,2025-04-15T21:47:30,2025-04-15T14:47:30,https://api.quant-aq.com/v1/devices/MOD-00632/data/raw/363987183
0,653.1,27.100000000000023,680.2,1280.7,675.7,4.7999999999999545,680.5,1647.6,-2.8999999999998636,1644.7,1647.3,7.099999999999909,1651.8,,,36.6,21.7,0.0,0.0,0.0,178.75,0.2,0.8,0.6,1.7339,0.5456,0.0,0.0,0.0,0.0,0.0,0.0,0.0,0.0,0.0,0.0,0.2822,0.0,0.0,0.0,0.0,0.0616,0.07,0.035,0.031,0.0038,0.0077,0.0,0.68,3.95,2.01,26.35,28.14,0,MOD-00632,2025-04-15T21:46:30,2025-04-15T14:46:30,https://api.quant-aq.com/v1/devices/MOD-00632/data/raw/363987185
0,651.1,28.100000000000023,679.2,1278.4,675.9,5.300000000000068,681.2,1647.4,-2.800000000000182,1644.6,1647.6,7.2000000000000455,1651.8,,,36.7,21.7,0.0,0.0,0.0,166.0,0.1,0.4,0.4,1.7215,0.5384,0.0,0.0,0.0,0.0,0.0,0.0,0.0,0.0,0.0,0.0,0.3707,0.0,0.0,0.0,0.0,0.0568,0.0555,0.0152,0.0117,0.0036,0.0036,0.0,0.7,2.5,1.52,26.32,28.08,0,MOD-00632,2025-04-15T21:45:30,2025-04-15T14:45:30,https://api.quant-aq.com/v1/devices/MOD-00632/data/raw/363987186
0,651.9,27.200000000000045,679.1,1280.0,675.7,4.7999999999999545,680.5,1647.4,-2.800000000000182,1644.6,1647.6,7.5,1652.1,,,37.0,21.7,0.0,0.0,0.0,233.75,0.1,0.5,0.5,1.8735,0.6653,0.0,0.0,0.0,0.0,0.0,0.0,0.0,0.0,0.0,0.0,0.3558,0.0,0.0,0.0,0.0,0.0692,0.0889,0.0309,0.0343,0.0078,0.0039,0.0,0.8,3.97,2.27,26.62,28.04,0,MOD-00632,2025-04-15T21:44:30,2025-04-15T14:44:30,https://api.quant-aq.com/v1/devices/MOD-00632/data/raw/363984818
0,650.2,28.899999999999977,679.1,1282.2,675.2,5.599999999999909,680.8,1647.6,-3.099999999999909,1644.5,1647.4,7.099999999999909,1651.6,,,37.0,21.6,0.0,0.0,0.0,195.5,0.1,0.9,0.7,1.9176,0.5628,0.0039,0.0,0.0,0.0,0.0,0.0,0.0,0.0,0.0,0.0,0.294,0.0,0.0,0.0,0.0,0.0788,0.0718,0.0196,0.0158,0.0119,0.0081,0.0,0.72,5.67,1.87,26.79,27.99,0,MOD-00632,2025-04-15T21:43:30,2025-04-15T14:43:30,https://api.quant-aq.com/v1/devices/MOD-00632/data/raw/363984816
0,650.5,28.299999999999955,678.8,1281.4,675.6,4.600000000000023,680.2,1647.4,-2.5,1644.9,1647.3,7.0,1651.9,,,37.8,21.6,0.0,0.0,0.0,194.5,0.2,1.0,0.8,1.9909,0.7872,0.0041,0.0,0.0,0.0,0.0,0.0,0.0,0.0,0.0,0.0,0.3858,0.0,0.0,0.0,0.0,0.0798,0.0811,0.0441,0.0208,0.0121,0.0044,0.0,0.87,5.93,2.35,27.26,27.95,0,MOD-00632,2025-04-15T21:42:30,2025-04-15T14:42:30,https://api.quant-aq.com/v1/devices/MOD-00632/data/raw/363984817
0,651.7,28.59999999999991,680.3,1282.2,675.2,5.2999999999999545,680.5,1647.5,-2.5,1645.0,1647.6,7.2000000000000455,1652.2,,,38.4,21.5,0.0,0.0,0.0,151.75,0.0,0.5,0.3,1.8116,0.6332,0.0,0.0,0.0,0.0,0.0,0.0,0.0,0.0,0.0,0.0,0.4495,0.0,0.0,0.0,0.0,0.077,0.0935,0.0153,0.0192,0.0076,0.0038,0.0,0.84,3.39,2.03,27.57,27.86,0,MOD-00632,2025-04-15T21:41:30,2025-04-15T14:41:30,https://api.quant-aq.com/v1/devices/MOD-00632/data/raw/363984815
0,654.7,26.299999999999955,681.0,1280.0,675.5,3.7000000000000455,679.2,1647.3,-1.599999999999909,1645.7,1647.6,7.2000000000000455,1652.9,,,39.3,21.4,0.0,0.0,0.0,158.75,0.0,0.8,0.6,1.8996,0.6963,0.0,0.0,0.0,0.0,0.0,0.0,0.0,0.0,0.0,0.0,0.3925,0.0,0.0,0.0,0.0,0.0878,0.0871,0.0317,0.0159,0.0041,0.008,0.0,0.85,3.85,2.1,27.79,27.83,0,MOD-00632,2025-04-15T21:40:30,2025-04-15T14:40:30,https://api.quant-aq.com/v1/devices/MOD-00632/data/raw/363982458
0,651.4,28.0,679.4,1279.7,674.8,4.2000000000000455,679.0,1647.3,-2.2999999999999545,1645.0,1647.4,7.5,1652.5,,,37.8,21.4,0.0,0.0,0.0,189.75,0.1,0.9,0.7,1.9375,0.6655,0.0,0.0,0.0,0.0,0.0,0.0,0.0,0.0,0.0,0.0,0.3512,0.0,0.0,0.0,0.0,0.0464,0.0678,0.0312,0.0306,0.0,0.0076,0.0,0.76,3.7,1.99,27.15,27.76,0,MOD-00632,2025-04-15T21:39:30,2025-04-15T14:39:30,https://api.quant-aq.com/v1/devices/MOD-00632/data/raw/363982460
0,651.6,27.699999999999932,679.3,1280.9,675.1,5.199999999999932,680.3,1647.5,-2.7000000000000455,1644.8,1647.5,7.2000000000000455,1652.0,,,37.9,21.3,0.0,0.0,0.0,197.5,0.0,1.4,0.8,1.9116,0.6926,0.0,0.0,0.0,0.0,0.0,0.0,0.0,0.0,0.0,0.0,0.3702,0.0,0.0,0.0,0.0,0.0888,0.0765,0.0122,0.0283,0.0078,0.0079,0.0,0.82,4.12,2.06,27.33,27.72,0,MOD-00632,2025-04-15T21:38:30,2025-04-15T14:38:30,https://api.quant-aq.com/v1/devices/MOD-00632/data/raw/363982459
0,651.9,27.5,679.4,1280.4,674.9,5.100000000000023,680.0,1647.6,-2.599999999999909,1645.0,1647.5,7.2999999999999545,1652.3,,,38.3,21.3,0.0,0.0,0.0,247.25,0.5,1.8,1.6,1.8982,0.6474,0.0,0.0,0.0,0.0,0.0,0.0,0.0,0.0,0.0,0.0,0.3188,0.0,0.0,0.0,0.0,0.0455,0.0688,0.0191,0.0227,0.0114,0.0077,0.0,0.72,4.04,1.89,27.4,27.68,0,MOD-00632,2025-04-15T21:37:30,2025-04-15T14:37:30,https://api.quant-aq.com/v1/devices/MOD-00632/data/raw/363982461
0,652.9,27.300000000000068,680.2,1278.7,674.6,4.2999999999999545,678.9,1647.5,-2.2999999999999545,1645.2,1647.6,7.5,1652.7,,,38.6,21.2,0.0,0.0,0.0,151.25,0.0,0.2,0.2,1.8767,0.6256,0.0,0.0,0.0,0.0,0.0,0.0,0.0,0.0,0.0,0.0,0.4006,0.0,0.0,0.0,0.0,0.0799,0.0649,0.0264,0.0154,0.0078,0.0038,0.0,0.8,3.24,1.91,27.55,27.62,0,MOD-00632,2025-04-15T21:36:30,2025-04-15T14:36:30,https://api.quant-aq.com/v1/devices/MOD-00632/data/raw/363980117
0,652.5,27.200000000000045,679.7,1279.3,675.1,4.199999999999932,679.3,1647.4,-1.900000000000091,1645.5,1647.6,7.5,1653.0,,,39.0,21.2,0.0,0.0,0.0,117.0,0.0,0.0,0.0,1.9092,0.562,0.0,0.0,0.0,0.0,0.0,0.0,0.0,0.0,0.0,0.0,0.4088,0.0,0.0,0.0,0.0,0.0781,0.1161,0.0464,0.0153,0.004,0.0,0.0,0.85,2.97,2.25,27.7,27.58,0,MOD-00632,2025-04-15T21:35:30,2025-04-15T14:35:30,https://api.quant-aq.com/v1/devices/MOD-00632/data/raw/363980118
0,651.8,28.700000000000045,680.5,1281.2,674.6,4.399999999999977,679.0,1647.5,-2.7999999999999545,1644.7,1647.6,7.7000000000000455,1652.4,,,37.7,21.2,0.0,0.0,0.0,213.0,0.0,0.9,0.7,1.7318,0.7272,0.0,0.0,0.0,0.0,0.0,0.0,0.0,0.0,0.0,0.0,0.3055,0.0,0.0,0.0,0.0,0.0417,0.0668,0.0264,0.03,0.0112,0.0037,0.0,0.72,3.73,1.99,27.13,27.54,0,MOD-00632,2025-04-15T21:34:30,2025-04-15T14:34:30,https://api.quant-aq.com/v1/devices/MOD-00632/data/raw/363980120
0,652.4,32.700000000000045,685.1,1281.8,674.3,5.100000000000023,679.4,1647.3,-2.5,1644.8,1647.5,7.400000000000091,1652.2,,,38.3,21.2,0.0,0.0,0.0,149.5,0.0,1.0,0.1,1.8697,0.6538,0.0041,0.0,0.0,0.0,0.0,0.0,0.0,0.0,0.0,0.0,0.367,0.0,0.0,0.0,0.0,0.0562,0.0771,0.0241,0.0122,0.0041,0.0,0.0,0.77,4.05,1.75,27.3,27.48,0,MOD-00632,2025-04-15T21:33:30,2025-04-15T14:33:30,https://api.quant-aq.com/v1/devices/MOD-00632/data/raw/363980119
0,651.7,31.09999999999991,682.8,1276.5,675.2,5.0,680.2,1647.3,-2.3999999999998636,1644.9,1647.5,7.399999999999864,1652.3,,,38.6,21.1,0.0,0.0,0.0,191.75,0.3,1.0,0.6,1.9763,0.7372,0.0,0.0,0.0,0.0,0.0,0.0,0.0,0.0,0.0,0.0,0.3454,0.0,0.0,0.0,0.0,0.1027,0.0758,0.028,0.0197,0.0165,0.0,0.0,0.84,3.54,2.17,27.83,27.44,0,MOD-00632,2025-04-15T21:32:30,2025-04-15T14:32:30,https://api.quant-aq.com/v1/devices/MOD-00632/data/raw/363977732
0,649.9,29.300000000000068,679.2,1281.2,674.4,4.5,678.9,1647.2,-2.1000000000001364,1645.1,1647.5,7.5,1652.6,,,39.3,21.0,0.0,0.0,0.0,237.0,0.0,1.2,0.8,1.9651,0.73,0.0,0.0,0.0,0.0,0.0,0.0,0.0,0.0,0.0,0.0,0.3686,0.0,0.0,0.0,0.0,0.0856,0.063,0.0447,0.0186,0.0112,0.0037,0.0,0.83,3.81,2.18,28.2,27.38,0,MOD-00632,2025-04-15T21:31:30,2025-04-15T14:31:30,https://api.quant-aq.com/v1/devices/MOD-00632/data/raw/363977731
0,649.6,30.199999999999932,679.8,1279.8,674.1,4.699999999999932,678.8,1647.3,-2.2999999999999545,1645.0,1647.7,7.5,1652.5,,,39.6,21.0,0.0,0.0,0.0,204.75,0.1,0.7,0.6,1.8829,0.7953,0.0,0.0,0.0039,0.0,0.0,0.0,0.0,0.0,0.0,0.0,0.3996,0.0,0.0,0.0,0.0,0.0796,0.0979,0.0614,0.0187,0.0116,0.0036,0.0,0.9,7.03,2.55,28.37,27.34,0,MOD-00632,2025-04-15T21:30:30,2025-04-15T14:30:30,https://api.quant-aq.com/v1/devices/MOD-00632/data/raw/363977728
0,650.2,28.899999999999977,679.1,1281.1,674.2,3.8999999999999773,678.1,1647.0,-1.7000000000000455,1645.3,1647.5,7.5,1652.8,,,40.0,20.9,0.0,0.0,0.0,231.5,0.2,0.8,0.7,2.0535,0.7927,0.0,0.0,0.0,0.0,0.0,0.0,0.0,0.0,0.0,0.0,0.3932,0.0,0.0,0.0,0.0,0.1159,0.1229,0.0465,0.0274,0.0117,0.004,0.0,0.96,4.63,2.76,28.6,27.26,0,MOD-00632,2025-04-15T21:29:30,2025-04-15T14:29:30,https://api.quant-aq.com/v1/devices/MOD-00632/data/raw/363977726
0,649.4,29.200000000000045,678.6,1278.8,674.3,4.900000000000091,679.2,1646.9,-2.0,1644.9,1647.1,7.2999999999999545,1652.2,,,39.9,20.8,0.0,0.0,0.0,300.25,0.1,1.4,0.8,2.0216,0.7183,0.0,0.0,0.0,0.0,0.0,0.0,0.0,0.0,0.0,0.0,0.3977,0.0,0.0,0.0,0.0,0.1069,0.0794,0.0339,0.0115,0.0113,0.0037,0.0,0.88,3.65,2.16,28.6,27.17,0,MOD-00632,2025-04-15T21:28:30,2025-04-15T14:28:30,https://api.quant-aq.com/v1/devices/MOD-00632/data/raw/363975308
0,650.6,28.199999999999932,678.8,1283.7,674.0,4.0,678.0,1647.1,-1.699999999999818,1645.4,1647.4,7.399999999999864,1652.8,,,40.6,20.7,0.0,0.0,0.0,193.75,0.0,0.9,0.5,2.0952,0.7836,0.0,0.0,0.0,0.0,0.0,0.0,0.0,0.0,0.0,0.0,0.4665,0.0,0.0,0.0,0.0,0.1353,0.121,0.0425,0.0269,0.0078,0.0038,0.0,1.02,4.39,2.77,29.0,27.1,0,MOD-00632,2025-04-15T21:27:30,2025-04-15T14:27:30,https://api.quant-aq.com/v1/devices/MOD-00632/data/raw/363975306
0,651.9,28.0,679.9,1280.3,673.7,4.2999999999999545,678.0,1647.0,-1.7000000000000455,1645.3,1647.4,7.400000000000091,1652.7,,,40.8,20.7,0.0,0.0,0.0,258.25,0.2,1.0,0.4,2.0856,0.7924,0.0,0.0,0.0,0.0,0.0,0.0,0.0,0.0,0.0,0.0,0.4079,0.0,0.0,0.0,0.0,0.0963,0.0879,0.052,0.0316,0.016,0.0,0.0,0.93,4.32,2.68,28.93,27.03,0,MOD-00632,2025-04-15T21:26:30,2025-04-15T14:26:30,https://api.quant-aq.com/v1/devices/MOD-00632/data/raw/363975305
0,650.7,30.899999999999977,681.6,1280.8,673.8,3.900000000000091,677.7,1647.2,-1.400000000000091,1645.8,1647.4,7.400000000000091,1653.2,,,41.2,20.6,0.0,0.0,0.0,234.5,0.4,1.6,0.7,2.292,0.7973,0.0,0.0,0.0038,0.0,0.0,0.0,0.0,0.0,0.0,0.0,0.5133,0.0,0.0,0.0,0.0,0.1483,0.1482,0.0692,0.0348,0.0151,0.008,0.004,1.13,10.14,3.53,29.14,27.0,0,MOD-00632,2025-04-15T21:25:30,2025-04-15T14:25:30,https://api.quant-aq.com/v1/devices/MOD-00632/data/raw/363975307
0,651.9,29.5,681.4,1281.1,673.7,4.7999999999999545,678.5,1646.9,-1.900000000000091,1645.0,1647.2,7.599999999999909,1652.6,,,40.5,20.5,0.0,0.0,0.0,220.25,0.1,0.9,0.2,2.265,0.9079,0.0,0.0,0.0,0.0,0.0,0.0,0.0,0.0,0.0,0.0,0.5395,0.0,0.0,0.0,0.0,0.0962,0.0886,0.0462,0.023,0.0117,0.0077,0.0038,1.06,6.03,2.73,28.79,26.93,0,MOD-00632,2025-04-15T21:24:30,2025-04-15T14:24:30,https://api.quant-aq.com/v1/devices/MOD-00632/data/raw/363972951
0,649.5,29.700000000000045,679.2,1278.0,673.5,3.5,677.0,1646.9,-1.7000000000000455,1645.2,1647.4,7.7999999999999545,1653.0,,,40.7,20.5,0.0,0.0,0.0,213.5,0.1,1.0,0.8,2.3171,0.7922,0.0,0.0,0.0,0.0,0.0,0.0,0.0,0.0,0.0,0.0,0.5132,0.0,0.0,0.0,0.0,0.0928,0.1201,0.0687,0.0154,0.0192,0.0077,0.0041,1.05,6.78,3.04,28.87,26.89,0,MOD-00632,2025-04-15T21:23:30,2025-04-15T14:23:30,https://api.quant-aq.com/v1/devices/MOD-00632/data/raw/363972953
0,649.3,29.0,678.3,1280.4,673.6,5.0,678.6,1646.8,-2.2999999999999545,1644.5,1647.1,7.599999999999909,1652.1,,,40.3,20.5,0.0,0.0,0.0,242.25,0.3,0.8,0.8,2.086,0.7972,0.0,0.0,0.0,0.0,0.0,0.0,0.0,0.0,0.0,0.0,0.4564,0.0,0.0,0.0,0.0,0.1157,0.0806,0.0314,0.0363,0.0,0.0078,0.0,0.96,4.3,2.47,28.67,26.85,0,MOD-00632,2025-04-15T21:22:30,2025-04-15T14:22:30,https://api.quant-aq.com/v1/devices/MOD-00632/data/raw/363972948
0,649.1,28.600000000000023,677.7,1282.1,673.1,4.600000000000023,677.7,1646.7,-1.7999999999999545,1644.9,1646.9,7.199999999999818,1652.1,,,41.0,20.4,0.0,0.0,0.0,249.25,0.2,0.4,0.3,2.0543,0.8005,0.0,0.0,0.0,0.0,0.0,0.0,0.0,0.0,0.0,0.0,0.5345,0.0,0.0,0.0,0.0,0.1454,0.1104,0.0804,0.0445,0.0117,0.0,0.0,1.1,5.17,3.41,29.34,26.77,0,MOD-00632,2025-04-15T21:21:30,2025-04-15T14:21:30,https://api.quant-aq.com/v1/devices/MOD-00632/data/raw/363972949
0,648.9,29.300000000000068,678.2,1284.1,673.6,4.399999999999977,678.0,1646.6,-1.2999999999999545,1645.3,1646.7,6.7999999999999545,1652.1,,,42.4,20.3,0.0,0.0,0.0,224.75,0.2,0.9,0.7,2.119,0.8447,0.0,0.0,0.0041,0.0,0.0,0.0,0.0,0.0,0.0,0.0,0.4743,0.0,0.0,0.0,0.0,0.1184,0.1685,0.0407,0.024,0.0122,0.0,0.0,1.07,7.44,2.96,29.94,26.71,0,MOD-00632,2025-04-15T21:20:30,2025-04-15T14:20:30,https://api.quant-aq.com/v1/devices/MOD-00632/data/raw/363970577
0,651.1,27.100000000000023,678.2,1281.9,672.8,3.2000000000000455,676.0,1646.5,-0.7999999999999545,1645.7,1646.6,7.2999999999999545,1653.0,,,42.3,20.3,0.0,0.0,0.0,233.5,0.2,0.8,0.4,2.2333,0.9074,0.0,0.0,0.0,0.0,0.0,0.0,0.0,0.0,0.0,0.0,0.5743,0.0,0.0,0.0,0.0,0.2202,0.1857,0.0803,0.0385,0.0,0.0042,0.0,1.31,5.51,3.87,29.72,26.67,0,MOD-00632,2025-04-15T21:19:30,2025-04-15T14:19:30,https://api.quant-aq.com/v1/devices/MOD-00632/data/raw/363970578
0,651.7,26.59999999999991,678.3,1278.7,672.9,3.6000000000000227,676.5,1646.5,-1.2999999999999545,1645.2,1646.9,7.399999999999864,1652.6,,,42.1,20.2,0.0,0.0,0.0,180.75,0.2,1.4,0.6,2.4084,0.7669,0.0,0.0,0.0,0.0,0.0,0.0,0.0,0.0,0.0,0.0,0.4363,0.0,0.0,0.0,0.0,0.1508,0.1236,0.0532,0.0124,0.0173,0.008,0.0,1.06,5.4,2.9,29.49,26.64,0,MOD-00632,2025-04-15T21:18:30,2025-04-15T14:18:30,https://api.quant-aq.com/v1/devices/MOD-00632/data/raw/363970576
0,652.2,26.199999999999932,678.4,1280.0,673.4,4.399999999999977,677.8,1646.5,-1.900000000000091,1644.6,1646.7,7.600000000000136,1652.2,,,41.4,20.2,0.0,0.0,0.0,276.5,0.3,2.0,0.7,2.1104,0.8328,0.0041,0.0,0.0,0.0,0.0,0.0,0.0,0.0,0.0,0.0,0.3334,0.0,0.0,0.0,0.0,0.0915,0.1343,0.0495,0.0388,0.0073,0.0039,0.0,0.93,6.41,2.84,29.12,26.62,0,MOD-00632,2025-04-15T21:17:30,2025-04-15T14:17:30,https://api.quant-aq.com/v1/devices/MOD-00632/data/raw/363970575
0,652.7,26.299999999999955,679.0,1278.6,673.1,3.7999999999999545,676.9,1646.4,-1.6000000000001364,1644.8,1646.7,7.600000000000136,1652.4,,,41.6,20.2,0.0,0.0,0.0,265.5,0.5,1.0,0.7,2.2652,0.8935,0.004,0.0,0.0,0.0038,0.0,0.0,0.0,0.0,0.0,0.0,0.5449,0.0,0.0,0.0,0.0,0.1202,0.1419,0.1133,0.0364,0.0119,0.008,0.0041,1.17,12.29,3.88,29.32,26.61,0,MOD-00632,2025-04-15T21:16:30,2025-04-15T14:16:30,https://api.quant-aq.com/v1/devices/MOD-00632/data/raw/363968252
0,651.1,27.299999999999955,678.4,1280.8,672.7,4.399999999999977,677.1,1646.6,-2.199999999999818,1644.4,1646.6,7.5,1651.9,,,41.3,20.2,0.0,0.0,0.0,263.5,0.6,1.8,1.1,2.001,0.7741,0.0,0.0,0.0,0.0,0.0,0.0,0.0,0.0,0.0,0.0,0.5371,0.0,0.0,0.0,0.0,0.129,0.1209,0.026,0.0362,0.0111,0.0,0.0,1.04,4.17,2.79,29.14,26.61,0,MOD-00632,2025-04-15T21:15:30,2025-04-15T14:15:30,https://api.quant-aq.com/v1/devices/MOD-00632/data/raw/363968255
0,650.1,27.100000000000023,677.2,1278.1,673.2,3.699999999999932,676.9,1646.1,-1.3999999999998636,1644.7,1646.4,7.5,1652.2,,,42.0,20.2,0.0,0.0,0.0,228.5,0.2,1.2,0.9,2.1912,0.8703,0.0038,0.0,0.0,0.0,0.0,0.0,0.0,0.0,0.0,0.0,0.4292,0.0,0.0,0.0,0.0,0.1121,0.1377,0.0442,0.0235,0.0,0.0082,0.0,1.03,6.1,2.71,29.43,26.58,0,MOD-00632,2025-04-15T21:14:30,2025-04-15T14:14:30,https://api.quant-aq.com/v1/devices/MOD-00632/data/raw/363968253
0,648.7,27.0,675.7,1280.5,673.2,4.2999999999999545,677.5,1646.3,-2.099999999999909,1644.2,1646.4,7.2000000000000455,1651.4,,,41.2,20.1,0.0,0.0,0.0,317.25,1.0,2.0,1.8,2.1155,0.7547,0.0,0.0,0.0,0.0,0.0,0.0,0.0,0.0,0.0,0.0,0.3975,0.0,0.0,0.0,0.0,0.1503,0.1231,0.0452,0.0187,0.0075,0.0077,0.0,0.99,4.7,2.7,29.17,26.58,0,MOD-00632,2025-04-15T21:13:30,2025-04-15T14:13:30,https://api.quant-aq.com/v1/devices/MOD-00632/data/raw/363968254
0,649.8,25.5,675.3,1281.4,673.7,4.199999999999932,677.9,1646.3,-1.599999999999909,1644.7,1646.2,6.899999999999864,1651.6,,,41.9,20.1,0.0,0.0,0.0,279.5,0.7,1.3,0.9,2.2193,0.8425,0.0,0.0,0.0,0.0,0.0,0.0,0.0,0.0,0.0,0.0,0.5045,0.0,0.0,0.0,0.0,0.0919,0.093,0.0465,0.0079,0.0037,0.0,0.0,1.01,2.85,2.28,29.57,26.56,0,MOD-00632,2025-04-15T21:12:30,2025-04-15T14:12:30,https://api.quant-aq.com/v1/devices/MOD-00632/data/raw/363965838
0,650.8,24.300000000000068,675.1,1279.6,672.7,4.199999999999932,676.9,1645.9,-1.2000000000000455,1644.7,1646.0,6.7999999999999545,1651.5,,,41.9,20.1,0.0,0.0,0.0,240.25,0.5,1.0,1.0,2.3301,0.8534,0.0,0.0,0.0,0.0,0.0,0.0,0.0,0.0,0.0,0.0,0.4888,0.0,0.0,0.0,0.0,0.1312,0.115,0.045,0.029,0.0122,0.0163,0.0,1.08,6.63,3.03,29.41,26.54,0,MOD-00632,2025-04-15T21:11:30,2025-04-15T14:11:30,https://api.quant-aq.com/v1/devices/MOD-00632/data/raw/363965839
0,651.4,25.100000000000023,676.5,1279.6,673.3,3.800000000000068,677.1,1646.4,-1.7000000000000455,1644.7,1645.9,6.599999999999909,1651.3,,,41.7,20.0,0.0,0.0,0.0,172.25,0.0,0.9,0.2,1.9971,0.8404,0.0,0.0,0.0,0.0,0.0,0.0,0.0,0.0,0.0,0.0,0.4651,0.0,0.0,0.0,0.0,0.1066,0.1404,0.0609,0.0356,0.0035,0.0111,0.0,1.03,5.71,3.1,29.29,26.56,0,MOD-00632,2025-04-15T21:10:30,2025-04-15T14:10:30,https://api.quant-aq.com/v1/devices/MOD-00632/data/raw/363965836
0,653.8,22.700000000000045,676.5,1278.5,673.0,4.399999999999977,677.4,1646.2,-1.7000000000000455,1644.5,1646.0,6.900000000000091,1651.4,,,41.8,20.0,0.0,0.0,0.0,177.25,0.0,0.8,0.4,2.1944,0.9159,0.0,0.0,0.0,0.0,0.0,0.0,0.0,0.0,0.0,0.0,0.5543,0.0,0.0,0.0,0.0,0.0835,0.0882,0.0519,0.0154,0.0,0.0038,0.0,1.06,3.48,2.44,29.28,26.54,0,MOD-00632,2025-04-15T21:09:30,2025-04-15T14:09:30,https://api.quant-aq.com/v1/devices/MOD-00632/data/raw/363965837
0,655.7,21.899999999999977,677.6,1277.8,672.5,4.0,676.5,1646.5,-1.7000000000000455,1644.8,1645.9,7.100000000000136,1651.9,,,42.0,20.0,0.0,0.0,0.0,209.5,0.1,0.9,0.9,2.1382,0.9507,0.0,0.0,0.0,0.0,0.0,0.0,0.0,0.0,0.0,0.0,0.5178,0.0,0.0,0.0,0.0,0.1347,0.1117,0.0672,0.043,0.0038,0.0,0.0041,1.12,5.52,3.2,29.16,26.56,0,MOD-00632,2025-04-15T21:08:30,2025-04-15T14:08:30,https://api.quant-aq.com/v1/devices/MOD-00632/data/raw/363963452
0,653.8,24.300000000000068,678.1,1273.5,673.0,4.0,677.0,1646.8,-2.2999999999999545,1644.5,1646.2,7.599999999999909,1652.1,,,41.3,20.1,0.0,0.0,0.0,281.0,0.6,2.0,1.5,1.9962,0.7534,0.0,0.0,0.0,0.0,0.0,0.0,0.0,0.0,0.0,0.0,0.4546,0.0,0.0,0.0,0.0,0.1368,0.1166,0.0415,0.0372,0.0075,0.004,0.0,1.0,4.64,2.84,28.99,26.56,0,MOD-00632,2025-04-15T21:07:30,2025-04-15T14:07:30,https://api.quant-aq.com/v1/devices/MOD-00632/data/raw/363963451
0,654.2,23.5,677.7,1278.7,672.9,4.100000000000023,677.0,1646.9,-2.5,1644.4,1646.7,7.5,1651.9,,,41.1,20.1,0.0,0.0,0.0,321.25,1.0,2.1,1.6,1.8172,0.788,0.0,0.0034,0.0,0.0,0.0,0.0,0.0,0.0,0.0,0.0,0.4081,0.0,0.0,0.0,0.0,0.1028,0.1095,0.0445,0.0417,0.0103,0.0036,0.0,0.92,6.79,2.79,28.91,26.65,0,MOD-00632,2025-04-15T21:06:30,2025-04-15T14:06:30,https://api.quant-aq.com/v1/devices/MOD-00632/data/raw/363963447
0,653.8,24.300000000000068,678.1,1283.5,673.9,4.300000000000068,678.2,1646.8,-2.3999999999998636,1644.4,1646.8,7.5,1651.9,,,40.8,20.2,0.0,0.0,0.0,273.5,0.7,1.6,1.4,2.08,0.838,0.0,0.0,0.0,0.0,0.0,0.0,0.0,0.0,0.0,0.0,0.5177,0.0,0.0,0.0,0.0,0.1357,0.1313,0.0712,0.0342,0.0039,0.0186,0.0038,1.1,8.03,3.36,28.8,26.67,0,MOD-00632,2025-04-15T21:05:30,2025-04-15T14:05:30,https://api.quant-aq.com/v1/devices/MOD-00632/data/raw/363963448
0,652.0,26.5,678.5,1280.3,672.9,4.5,677.4,1646.7,-2.2000000000000455,1644.5,1646.6,7.599999999999909,1652.1,,,41.1,20.2,0.0,0.0,0.0,238.25,0.1,1.1,0.6,1.9941,0.7597,0.0,0.0,0.0,0.0,0.0,0.0,0.0,0.0,0.0,0.0,0.4705,0.0,0.0,0.0,0.0,0.177,0.1008,0.0415,0.03,0.0,0.0037,0.0,1.03,3.92,2.68,29.0,26.7,0,MOD-00632,2025-04-15T21:04:30,2025-04-15T14:04:30,https://api.quant-aq.com/v1/devices/MOD-00632/data/raw/363961067
0,653.8,24.200000000000045,678.0,1281.0,673.3,4.400000000000091,677.7,1647.0,-2.2000000000000455,1644.8,1646.8,7.400000000000091,1652.2,,,41.0,20.3,0.0,0.0,0.0,235.25,0.6,2.3,1.2,1.8998,0.8534,0.0,0.0,0.0,0.0,0.0,0.0,0.0,0.0,0.0,0.0,0.3919,0.0,0.0,0.0,0.0,0.1085,0.1076,0.0482,0.0298,0.0038,0.0,0.0035,0.94,4.47,2.58,28.84,26.71,0,MOD-00632,2025-04-15T21:03:30,2025-04-15T14:03:30,https://api.quant-aq.com/v1/devices/MOD-00632/data/raw/363961066
0,652.1,24.899999999999977,677.0,1282.7,673.0,4.2999999999999545,677.3,1646.6,-2.0,1644.6,1646.7,7.400000000000091,1652.0,,,40.7,20.3,0.0,0.0,0.0,233.5,0.0,2.1,1.2,1.7918,0.8587,0.0,0.0,0.0,0.0,0.0,0.0,0.0,0.0,0.0,0.0,0.4059,0.0,0.0,0.0,0.0,0.1146,0.1444,0.0643,0.0345,0.0074,0.0077,0.0,0.99,5.46,3.1,28.79,26.71,0,MOD-00632,2025-04-15T21:02:30,2025-04-15T14:02:30,https://api.quant-aq.com/v1/devices/MOD-00632/data/raw/363961064
0,650.5,25.899999999999977,676.4,1281.0,673.7,4.7999999999999545,678.5,1646.5,-2.2000000000000455,1644.3,1646.7,7.2000000000000455,1651.5,,,40.5,20.3,0.0,0.0,0.0,183.75,0.2,1.8,1.2,1.9306,0.7468,0.0,0.0,0.0,0.0,0.0,0.0,0.0,0.0,0.0,0.0,0.3961,0.0,0.0,0.0,0.0,0.1164,0.1078,0.0671,0.0323,0.0161,0.0,0.0038,0.94,5.68,2.96,28.64,26.72,0,MOD-00632,2025-04-15T21:01:30,2025-04-15T14:01:30,https://api.quant-aq.com/v1/devices/MOD-00632/data/raw/363961065
0,650.5,26.0,676.5,1278.9,672.8,4.100000000000023,676.9,1646.7,-1.7999999999999545,1644.9,1646.6,7.0,1651.9,,,40.9,20.3,0.0,0.0,0.0,219.0,0.2,1.1,0.6,1.8183,0.7624,0.0,0.0,0.0,0.0,0.0,0.0,0.0,0.0,0.0,0.0,0.449,0.0,0.0,0.0,0.0,0.0512,0.0942,0.0549,0.0396,0.0078,0.0081,0.0,0.88,5.14,2.7,28.91,26.7,0,MOD-00632,2025-04-15T21:00:30,2025-04-15T14:00:30,https://api.quant-aq.com/v1/devices/MOD-00632/data/raw/363958697
0,652.4,23.800000000000068,676.2,1281.1,673.5,4.2999999999999545,677.8,1646.8,-2.099999999999909,1644.7,1646.7,7.0,1651.7,,,40.8,20.2,0.0,0.0,0.0,217.5,0.0,1.2,0.8,1.8986,0.6794,0.0,0.0,0.0,0.0,0.0,0.0,0.0,0.0,0.0,0.0,0.4193,0.0,0.0,0.0,0.0,0.1174,0.0987,0.0325,0.0327,0.0121,0.004,0.0039,0.9,5.54,2.58,28.85,26.68,0,MOD-00632,2025-04-15T20:59:30,2025-04-15T13:59:30,https://api.quant-aq.com/v1/devices/MOD-00632/data/raw/363958694
0,653.1,24.199999999999932,677.3,1280.1,673.0,4.2999999999999545,677.3,1646.9,-2.1000000000001364,1644.8,1646.7,7.2000000000000455,1652.0,,,41.0,20.2,0.0,0.0,0.0,174.75,0.0,1.0,0.6,1.9062,0.6569,0.0,0.0,0.0,0.0,0.0,0.0,0.0,0.0,0.0,0.0,0.4563,0.0,0.0,0.0,0.0,0.0967,0.1156,0.0739,0.0147,0.0037,0.0112,0.0,0.94,5.04,2.72,28.85,26.68,0,MOD-00632,2025-04-15T20:58:30,2025-04-15T13:58:30,https://api.quant-aq.com/v1/devices/MOD-00632/data/raw/363958696
0,654.4,23.700000000000045,678.1,1277.6,673.3,4.400000000000091,677.7,1646.8,-1.8999999999998636,1644.9,1646.6,7.199999999999818,1652.1,,,41.1,20.2,0.0,0.0,0.0,146.75,0.0,0.6,0.2,1.9986,0.7432,0.0038,0.0,0.0,0.0,0.0,0.0,0.0,0.0,0.0,0.0,0.3896,0.0,0.0,0.0,0.0,0.1485,0.0784,0.0783,0.0234,0.0037,0.0155,0.0038,0.95,8.55,2.86,28.8,26.68,0,MOD-00632,2025-04-15T20:57:30,2025-04-15T13:57:30,https://api.quant-aq.com/v1/devices/MOD-00632/data/raw/363958695
0,654.4,24.700000000000045,679.1,1273.6,672.6,4.199999999999932,676.8,1647.1,-2.5,1644.6,1646.9,7.900000000000091,1652.5,,,40.7,20.2,0.0,0.0,0.0,188.25,0.2,1.0,0.8,1.7613,0.724,0.0,0.0,0.0,0.0,0.0,0.0,0.0,0.0,0.0,0.0,0.4277,0.0,0.0,0.0,0.0,0.0683,0.115,0.0535,0.0363,0.0,0.0037,0.0037,0.89,4.98,2.62,28.55,26.68,0,MOD-00632,2025-04-15T20:56:30,2025-04-15T13:56:30,https://api.quant-aq.com/v1/devices/MOD-00632/data/raw/363956354
0,654.3,25.200000000000045,679.5,1283.2,673.4,4.7000000000000455,678.1,1647.0,-2.599999999999909,1644.4,1647.1,7.7999999999999545,1652.2,,,40.6,20.2,0.0,0.0,0.0,251.5,0.1,1.3,0.8,1.9041,0.8502,0.0,0.0,0.0,0.0,0.0,0.0,0.0,0.0,0.0,0.0,0.4681,0.0,0.0,0.0,0.0,0.114,0.0857,0.0537,0.0168,0.0076,0.0141,0.0,0.98,5.47,2.61,28.61,26.7,0,MOD-00632,2025-04-15T20:55:30,2025-04-15T13:55:30,https://api.quant-aq.com/v1/devices/MOD-00632/data/raw/363956352
0,652.5,27.600000000000023,680.1,1274.4,673.4,4.600000000000023,678.0,1647.1,-3.0,1644.1,1647.0,8.0,1652.1,,,40.4,20.3,0.0,0.0,0.0,276.5,0.8,1.9,1.7,1.604,0.7357,0.0,0.0,0.0,0.0,0.0,0.0,0.0,0.0,0.0,0.0,0.3632,0.0,0.0,0.0,0.0,0.085,0.0751,0.0386,0.0291,0.0137,0.01,0.0,0.8,5.14,2.38,28.71,26.68,0,MOD-00632,2025-04-15T20:54:30,2025-04-15T13:54:30,https://api.quant-aq.com/v1/devices/MOD-00632/data/raw/363956353
0,651.8,26.800000000000068,678.6,1281.6,673.6,5.399999999999977,679.0,1646.8,-2.7000000000000455,1644.1,1647.4,7.7000000000000455,1651.8,,,40.7,20.3,0.0,0.0,0.0,265.75,0.2,0.9,0.8,1.8888,0.8125,0.0,0.0,0.0,0.0,0.0,0.0,0.0,0.0,0.0,0.0,0.5265,0.0,0.0,0.0,0.0,0.1138,0.1117,0.0464,0.0211,0.0073,0.0,0.0,1.02,3.62,2.63,28.79,26.71,0,MOD-00632,2025-04-15T20:53:30,2025-04-15T13:53:30,https://api.quant-aq.com/v1/devices/MOD-00632/data/raw/363956351
0,651.4,26.300000000000068,677.7,1280.1,673.2,3.7999999999999545,677.0,1646.8,-1.7999999999999545,1645.0,1647.2,7.7000000000000455,1652.7,,,41.7,20.3,0.0,0.0,0.0,151.25,0.0,0.2,0.2,1.8665,0.8063,0.0,0.0,0.0,0.0,0.0,0.0,0.0,0.0,0.0,0.0,0.4486,0.0,0.0,0.0,0.0,0.1272,0.0997,0.0957,0.0422,0.0195,0.0,0.0,1.0,5.61,3.43,29.66,26.68,0,MOD-00632,2025-04-15T20:52:30,2025-04-15T13:52:30,https://api.quant-aq.com/v1/devices/MOD-00632/data/raw/363953965
0,649.6,27.799999999999955,677.4,1284.3,673.2,5.0,678.2,1646.7,-2.6000000000001364,1644.1,1647.1,7.5,1651.6,,,41.1,20.3,0.0,0.0,0.0,207.25,0.0,1.2,0.8,2.1267,0.8519,0.0,0.0,0.0,0.0,0.0,0.0,0.0,0.0,0.0,0.0,0.4502,0.0,0.0,0.0,0.0,0.1093,0.1303,0.0485,0.0568,0.0203,0.0,0.0,1.03,5.65,3.35,29.3,26.62,0,MOD-00632,2025-04-15T20:51:30,2025-04-15T13:51:30,https://api.quant-aq.com/v1/devices/MOD-00632/data/raw/363953963
0,648.7,28.5,677.2,1281.7,673.5,4.7999999999999545,678.3,1646.7,-2.2000000000000455,1644.5,1646.9,7.2999999999999545,1651.8,,,41.7,20.2,0.0,0.0,0.0,191.25,0.5,1.2,0.8,1.871,0.7632,0.0,0.0,0.0,0.0,0.0,0.0,0.0,0.0,0.0,0.0,0.4763,0.0,0.0,0.0,0.0,0.1362,0.1079,0.0313,0.0382,0.0271,0.0,0.0038,0.99,6.27,2.98,29.83,26.59,0,MOD-00632,2025-04-15T20:50:30,2025-04-15T13:50:30,https://api.quant-aq.com/v1/devices/MOD-00632/data/raw/363953966
0,651.8,24.800000000000068,676.6,1281.9,672.6,4.100000000000023,676.7,1646.5,-1.2000000000000455,1645.3,1646.8,6.7999999999999545,1652.1,,,43.0,20.1,0.0,0.0,0.0,190.75,0.0,1.3,1.0,2.0762,0.8509,0.0,0.0,0.0,0.0,0.0,0.0,0.0,0.0,0.0,0.0,0.5365,0.0,0.0,0.0,0.0,0.1813,0.1306,0.0868,0.0278,0.0121,0.0,0.0,1.16,5.0,3.46,30.31,26.5,0,MOD-00632,2025-04-15T20:49:30,2025-04-15T13:49:30,https://api.quant-aq.com/v1/devices/MOD-00632/data/raw/363953964
0,650.9,24.700000000000045,675.6,1280.3,672.8,3.5,676.3,1646.4,-1.300000000000182,1645.1,1646.4,7.0,1652.1,,,42.9,20.1,0.0,0.0,0.0,181.25,0.2,1.1,0.7,2.1103,0.8377,0.0,0.0,0.0,0.0,0.0,0.0,0.0,0.0,0.0,0.0,0.6513,0.0,0.0,0.0,0.0,0.1138,0.1419,0.0449,0.0408,0.0082,0.0,0.0,1.17,4.58,3.19,30.05,26.48,0,MOD-00632,2025-04-15T20:48:30,2025-04-15T13:48:30,https://api.quant-aq.com/v1/devices/MOD-00632/data/raw/363951614
0,649.8,26.0,675.8,1283.5,673.4,4.399999999999977,677.8,1646.4,-1.7000000000000455,1644.7,1646.5,7.099999999999909,1651.8,,,42.1,20.0,0.0,0.0,0.0,243.5,0.6,2.2,1.3,2.194,0.9372,0.0,0.0,0.0,0.0,0.0,0.0,0.0,0.0,0.0,0.0,0.5225,0.0,0.0,0.0,0.0,0.1471,0.1384,0.0368,0.0367,0.0039,0.0042,0.004,1.14,5.73,3.05,29.7,26.47,0,MOD-00632,2025-04-15T20:47:30,2025-04-15T13:47:30,https://api.quant-aq.com/v1/devices/MOD-00632/data/raw/363951615
0,653.1,23.5,676.6,1278.9,672.0,3.7000000000000455,675.7,1646.7,-1.7999999999999545,1644.9,1646.4,7.099999999999909,1652.0,,,42.5,20.0,0.0,0.0,0.0,238.5,0.4,1.0,0.8,2.0551,0.9434,0.0,0.0,0.0,0.0,0.0,0.0,0.0,0.0,0.0,0.0,0.454,0.0,0.0,0.0,0.0,0.1633,0.1156,0.0642,0.0323,0.016,0.0039,0.0,1.09,5.48,3.23,29.83,26.45,0,MOD-00632,2025-04-15T20:46:30,2025-04-15T13:46:30,https://api.quant-aq.com/v1/devices/MOD-00632/data/raw/363951613
0,653.8,22.5,676.3,1279.2,672.9,4.399999999999977,677.3,1646.6,-2.0,1644.6,1646.4,7.100000000000136,1651.7,,,42.1,20.0,0.0,0.0,0.0,194.5,0.0,1.9,0.9,2.0739,0.8892,0.0,0.0,0.0,0.0,0.0,0.0,0.0,0.0,0.0,0.0,0.5742,0.0,0.0,0.0,0.0,0.0898,0.1294,0.0592,0.0272,0.0196,0.008,0.0038,1.1,7.11,3.22,29.43,26.45,0,MOD-00632,2025-04-15T20:45:30,2025-04-15T13:45:30,https://api.quant-aq.com/v1/devices/MOD-00632/data/raw/363951616
0,653.7,22.699999999999932,676.4,1278.6,672.8,4.5,677.3,1646.5,-2.0,1644.5,1646.5,7.099999999999909,1651.6,,,41.8,20.0,0.0,0.0,0.0,193.75,0.0,1.0,0.7,1.967,0.8087,0.0,0.0,0.0,0.0,0.0,0.0,0.0,0.0,0.0,0.0,0.5447,0.0,0.0,0.0,0.0,0.1372,0.134,0.0346,0.0269,0.008,0.0081,0.0,1.08,5.07,2.88,29.38,26.45,0,MOD-00632,2025-04-15T20:44:30,2025-04-15T13:44:30,https://api.quant-aq.com/v1/devices/MOD-00632/data/raw/363949255
0,653.9,22.600000000000023,676.5,1280.0,673.0,3.7999999999999545,676.8,1646.6,-2.099999999999909,1644.5,1646.4,7.099999999999909,1651.6,,,41.5,20.0,0.0,0.0,0.0,201.5,0.1,0.9,0.7,1.9206,0.7293,0.0,0.0,0.0,0.0,0.0,0.0,0.0,0.0,0.0,0.0,0.4946,0.0,0.0,0.0,0.0,0.1218,0.1352,0.0364,0.0117,0.0162,0.0112,0.0,1.0,5.54,2.73,29.27,26.45,0,MOD-00632,2025-04-15T20:43:30,2025-04-15T13:43:30,https://api.quant-aq.com/v1/devices/MOD-00632/data/raw/363949253
0,654.4,23.800000000000068,678.2,1276.7,672.6,5.2999999999999545,677.9,1646.9,-2.800000000000182,1644.1,1646.6,7.300000000000182,1651.4,,,41.3,20.0,0.0,0.0,0.0,216.75,0.2,0.7,0.6,1.7491,0.7486,0.0038,0.0,0.0,0.0,0.0,0.0,0.0,0.0,0.0,0.0,0.4833,0.0,0.0,0.0,0.0,0.1076,0.1615,0.0463,0.0266,0.0037,0.0037,0.0,1.0,5.9,2.85,29.13,26.47,0,MOD-00632,2025-04-15T20:42:30,2025-04-15T13:42:30,https://api.quant-aq.com/v1/devices/MOD-00632/data/raw/363949256
0,656.2,24.09999999999991,680.3,1278.4,672.5,3.8999999999999773,676.4,1646.9,-2.1000000000001364,1644.8,1646.9,7.600000000000136,1652.4,,,42.5,20.0,0.0,0.0,0.0,200.5,0.4,0.8,0.8,1.8527,0.701,0.0,0.0,0.0,0.0,0.0,0.0,0.0,0.0,0.0,0.0,0.4535,0.0,0.0,0.0,0.0,0.1336,0.1123,0.0742,0.038,0.0042,0.004,0.0043,0.98,5.96,3.07,29.72,26.5,0,MOD-00632,2025-04-15T20:41:30,2025-04-15T13:41:30,https://api.quant-aq.com/v1/devices/MOD-00632/data/raw/363949254
0,653.3,25.700000000000045,679.0,1276.1,672.8,4.5,677.3,1647.1,-3.0,1644.1,1646.8,7.800000000000182,1651.9,,,41.4,20.1,0.0,0.0,0.0,244.75,0.7,1.0,0.8,1.7704,0.7348,0.0035,0.0,0.0,0.0,0.0,0.0,0.0,0.0,0.0,0.0,0.471,0.0,0.0,0.0,0.0,0.1106,0.1045,0.0439,0.0304,0.0066,0.0035,0.0,0.94,5.7,2.63,29.17,26.48,0,MOD-00632,2025-04-15T20:40:30,2025-04-15T13:40:30,https://api.quant-aq.com/v1/devices/MOD-00632/data/raw/363946877
0,651.3,27.700000000000045,679.0,1282.3,673.1,5.2999999999999545,678.4,1646.8,-2.5,1644.3,1647.2,7.2999999999999545,1651.6,,,41.6,20.1,0.0,0.0,0.0,199.25,0.5,1.8,1.0,1.9053,0.7816,0.0,0.0,0.0,0.0,0.0,0.0,0.0,0.0,0.0,0.0,0.4732,0.0,0.0,0.0,0.0,0.0953,0.1255,0.0329,0.0292,0.0038,0.0038,0.0036,0.97,4.95,2.58,29.5,26.51,0,MOD-00632,2025-04-15T20:39:30,2025-04-15T13:39:30,https://api.quant-aq.com/v1/devices/MOD-00632/data/raw/363946876
0,652.8,26.200000000000045,679.0,1281.3,673.4,4.300000000000068,677.7,1646.8,-1.599999999999909,1645.2,1647.0,7.2000000000000455,1652.4,,,42.8,20.1,0.0,0.0,0.0,160.25,0.0,1.6,0.3,1.8547,0.9795,0.0,0.0,0.0,0.0,0.0,0.0,0.0,0.0,0.0,0.0,0.4201,0.0,0.0,0.0,0.0,0.1901,0.1529,0.0448,0.0364,0.0,0.0126,0.0,1.1,5.77,3.18,30.2,26.51,0,MOD-00632,2025-04-15T20:38:30,2025-04-15T13:38:30,https://api.quant-aq.com/v1/devices/MOD-00632/data/raw/363946878
0,652.9,26.200000000000045,679.1,1280.7,672.7,4.199999999999932,676.9,1647.0,-2.0,1645.0,1647.0,7.2000000000000455,1652.2,,,42.4,20.1,0.0,0.0,0.0,171.25,0.0,1.3,0.7,2.0644,0.7943,0.0,0.0,0.0,0.0,0.0,0.0,0.0,0.0,0.0,0.0,0.514,0.0,0.0,0.0,0.0,0.1615,0.1148,0.0661,0.0489,0.0127,0.0084,0.0,1.09,6.43,3.47,29.88,26.43,0,MOD-00632,2025-04-15T20:37:30,2025-04-15T13:37:30,https://api.quant-aq.com/v1/devices/MOD-00632/data/raw/363946879
0,651.7,26.899999999999977,678.6,1278.0,673.2,4.0,677.2,1647.0,-2.2999999999999545,1644.7,1646.9,7.5,1652.2,,,42.0,20.1,0.0,0.0,0.0,230.25,0.5,2.5,1.4,2.0626,0.8657,0.0,0.0,0.0,0.0,0.0,0.0,0.0,0.0,0.0,0.0,0.4943,0.0,0.0,0.0,0.0,0.1237,0.1561,0.0719,0.0395,0.0039,0.0,0.0,1.1,4.56,3.32,29.63,26.44,0,MOD-00632,2025-04-15T20:36:30,2025-04-15T13:36:30,https://api.quant-aq.com/v1/devices/MOD-00632/data/raw/363944531
0,650.7,26.5,677.2,1282.7,673.0,4.2000000000000455,677.2,1646.9,-2.1000000000001364,1644.8,1647.0,7.400000000000091,1652.2,,,42.0,20.1,0.0,0.0,0.0,267.75,0.3,2.1,1.8,2.0802,0.7575,0.0,0.0,0.0,0.0,0.0,0.0,0.0,0.0,0.0,0.0,0.5285,0.0,0.0,0.0,0.0,0.1508,0.1388,0.0677,0.0158,0.016,0.0,0.0,1.1,4.58,3.11,29.57,26.43,0,MOD-00632,2025-04-15T20:35:30,2025-04-15T13:35:30,https://api.quant-aq.com/v1/devices/MOD-00632/data/raw/363944530
0,651.9,26.399999999999977,678.3,1284.6,672.9,4.899999999999977,677.8,1647.2,-2.400000000000091,1644.8,1647.2,7.100000000000136,1651.9,,,42.0,20.1,0.0,0.0,0.0,222.0,0.4,0.8,0.8,2.0082,0.9193,0.0041,0.0,0.0,0.0,0.0,0.0,0.0,0.0,0.0,0.0,0.5384,0.0,0.0,0.0,0.0,0.1456,0.1266,0.061,0.0445,0.0041,0.0041,0.0041,1.13,8.01,3.31,29.79,26.44,0,MOD-00632,2025-04-15T20:34:29,2025-04-15T13:34:29,https://api.quant-aq.com/v1/devices/MOD-00632/data/raw/363944533
0,654.7,24.09999999999991,678.8,1281.8,673.3,3.900000000000091,677.2,1647.1,-1.7999999999999545,1645.3,1647.1,7.2000000000000455,1652.5,,,42.7,20.0,0.0,0.0,0.0,145.5,0.0,0.4,0.4,1.9658,0.9191,0.0,0.0,0.0,0.0,0.0,0.0,0.0,0.0,0.0,0.0,0.44,0.0,0.0,0.0,0.0,0.1391,0.1464,0.0525,0.0286,0.0041,0.004,0.0,1.06,4.51,2.97,29.86,26.41,0,MOD-00632,2025-04-15T20:33:29,2025-04-15T13:33:29,https://api.quant-aq.com/v1/devices/MOD-00632/data/raw/363944532
0,653.1,25.899999999999977,679.0,1280.1,672.5,4.2000000000000455,676.7,1647.1,-2.099999999999909,1645.0,1647.2,7.599999999999909,1652.6,,,42.1,20.0,0.0,0.0,0.0,160.75,0.0,0.6,0.6,1.8739,0.8561,0.0,0.0,0.0,0.0,0.0,0.0,0.0,0.0,0.0,0.0,0.56,0.0,0.0,0.0,0.0,0.1586,0.1583,0.0848,0.0122,0.0158,0.0041,0.0,1.16,5.46,3.42,29.57,26.4,0,MOD-00632,2025-04-15T20:32:29,2025-04-15T13:32:29,https://api.quant-aq.com/v1/devices/MOD-00632/data/raw/363942125
0,653.5,26.5,680.0,1279.3,673.0,4.399999999999977,677.4,1646.9,-2.300000000000182,1644.6,1647.3,7.7000000000000455,1652.3,,,41.6,20.0,0.0,0.0,0.0,172.0,0.1,1.2,0.8,1.9882,0.7154,0.0,0.0,0.0,0.0,0.0,0.0,0.0,0.0,0.0,0.0,0.5473,0.0,0.0,0.0,0.0,0.0912,0.1517,0.058,0.0268,0.0116,0.0076,0.0037,1.04,6.5,3.11,29.44,26.4,0,MOD-00632,2025-04-15T20:31:29,2025-04-15T13:31:29,https://api.quant-aq.com/v1/devices/MOD-00632/data/raw/363942127
0,652.7,27.5,680.2,1283.0,672.8,4.400000000000091,677.2,1647.0,-2.2999999999999545,1644.7,1647.4,7.599999999999909,1652.3,,,41.8,20.0,0.0,0.0,0.0,205.25,0.2,1.1,1.0,1.6837,0.7692,0.0,0.0,0.0,0.0,0.0,0.0,0.0,0.0,0.0,0.0,0.4817,0.0,0.0,0.0,0.0,0.1244,0.1244,0.0742,0.0276,0.0113,0.0041,0.0,1.0,5.07,3.08,29.58,26.37,0,MOD-00632,2025-04-15T20:30:29,2025-04-15T13:30:29,https://api.quant-aq.com/v1/devices/MOD-00632/data/raw/363942126
0,652.5,26.799999999999955,679.3,1285.5,672.9,4.399999999999977,677.3,1647.1,-2.599999999999909,1644.5,1647.1,7.7000000000000455,1652.2,,,41.5,20.0,0.0,0.0,0.0,196.0,0.2,0.8,0.8,1.8253,0.7914,0.0,0.0,0.0,0.0,0.0,0.0,0.0,0.0,0.0,0.0,0.4958,0.0,0.0,0.0,0.0,0.1196,0.1118,0.0505,0.0154,0.0074,0.0,0.004,0.99,4.57,2.58,29.54,26.36,0,MOD-00632,2025-04-15T20:29:29,2025-04-15T13:29:29,https://api.quant-aq.com/v1/devices/MOD-00632/data/raw/363942128
0,651.8,27.200000000000045,679.0,1279.3,672.7,4.699999999999932,677.4,1647.1,-2.2999999999999545,1644.8,1647.3,7.5,1652.3,,,42.4,20.0,0.0,0.0,0.0,181.5,0.0,0.7,0.7,2.1378,0.7649,0.0,0.0,0.0,0.0,0.0,0.0,0.0,0.0,0.0,0.0,0.514,0.0,0.0,0.0,0.0,0.1419,0.1567,0.0513,0.0193,0.0173,0.0041,0.0042,1.1,6.35,3.15,29.77,26.36,0,MOD-00632,2025-04-15T20:28:29,2025-04-15T13:28:29,https://api.quant-aq.com/v1/devices/MOD-00632/data/raw/363939701
0,652.6,26.199999999999932,678.8,1279.2,672.8,5.300000000000068,678.1,1647.0,-2.5,1644.5,1647.2,7.5,1652.0,,,42.2,19.9,0.0,0.0,0.0,206.75,0.0,2.2,0.8,1.7933,0.7514,0.0,0.0,0.0,0.0,0.0,0.0,0.0,0.0,0.0,0.0,0.4369,0.0,0.0,0.0,0.0,0.148,0.1712,0.0663,0.0335,0.0074,0.0,0.0038,1.03,5.61,3.27,29.79,26.31,0,MOD-00632,2025-04-15T20:27:29,2025-04-15T13:27:29,https://api.quant-aq.com/v1/devices/MOD-00632/data/raw/363939698
0,649.5,28.399999999999977,677.9,1281.1,671.8,3.7000000000000455,675.5,1646.9,-1.800000000000182,1645.1,1647.0,7.5,1652.6,,,42.7,19.9,0.0,0.0,0.0,202.0,0.1,1.2,0.9,1.9776,0.8776,0.0,0.0,0.0,0.0,0.0,0.0,0.0,0.0,0.0,0.0,0.54,0.0,0.0,0.0,0.0,0.1511,0.148,0.0447,0.0243,0.0083,0.0,0.0042,1.13,5.24,3.01,30.13,26.27,0,MOD-00632,2025-04-15T20:26:29,2025-04-15T13:26:29,https://api.quant-aq.com/v1/devices/MOD-00632/data/raw/363939697
0,650.3,26.800000000000068,677.1,1280.9,672.4,4.600000000000023,677.0,1646.8,-1.8999999999998636,1644.9,1647.1,7.199999999999818,1652.1,,,42.6,19.9,0.0,0.0,0.0,200.0,0.0,0.9,0.8,2.1956,0.7554,0.0,0.0,0.0,0.0,0.0,0.0,0.0,0.0,0.0,0.0,0.4553,0.0,0.0,0.0,0.0,0.1341,0.1259,0.0447,0.0447,0.0123,0.0041,0.0,1.03,5.32,3.11,29.99,26.26,0,MOD-00632,2025-04-15T20:25:29,2025-04-15T13:25:29,https://api.quant-aq.com/v1/devices/MOD-00632/data/raw/363939700
0,652.2,25.5,677.7,1280.2,672.6,4.0,676.6,1647.0,-2.099999999999909,1644.9,1646.8,7.2999999999999545,1652.2,,,42.6,19.8,0.0,0.0,0.0,171.75,0.0,0.2,0.1,2.1291,0.72,0.004,0.0,0.0,0.0,0.0,0.0,0.0,0.0,0.0,0.0,0.5042,0.0,0.0,0.0,0.0,0.1206,0.1128,0.0681,0.0285,0.0,0.0082,0.0041,1.03,7.64,2.94,29.97,26.23,0,MOD-00632,2025-04-15T20:24:29,2025-04-15T13:24:29,https://api.quant-aq.com/v1/devices/MOD-00632/data/raw/363937325
0,650.6,26.299999999999955,676.9,1277.4,672.5,4.0,676.5,1646.6,-1.7999999999999545,1644.8,1647.3,7.2999999999999545,1652.1,,,42.1,19.8,0.0,0.0,0.0,194.25,0.2,1.2,1.2,1.8402,0.6987,0.0,0.0,0.0,0.0,0.0,0.0,0.0,0.0,0.0,0.0,0.4125,0.0,0.0,0.0,0.0,0.149,0.1212,0.0786,0.0195,0.0039,0.0116,0.0,0.97,5.44,2.96,29.71,26.17,0,MOD-00632,2025-04-15T20:23:29,2025-04-15T13:23:29,https://api.quant-aq.com/v1/devices/MOD-00632/data/raw/363937324
0,652.0,25.700000000000045,677.7,1282.3,672.9,5.0,677.9,1647.2,-2.7999999999999545,1644.4,1647.1,7.399999999999864,1651.8,,,41.8,19.8,0.0,0.0,0.0,200.75,0.2,1.5,1.0,1.8889,0.7589,0.0,0.0,0.0,0.0,0.0,0.0,0.0,0.0,0.0,0.0,0.5308,0.0,0.0,0.0,0.0,0.0941,0.0942,0.0466,0.0316,0.0038,0.0077,0.0,0.98,4.66,2.65,29.54,26.17,0,MOD-00632,2025-04-15T20:22:29,2025-04-15T13:22:29,https://api.quant-aq.com/v1/devices/MOD-00632/data/raw/363937323
0,653.1,26.699999999999932,679.8,1279.1,672.4,4.5,676.9,1647.1,-2.599999999999909,1644.5,1647.0,7.400000000000091,1651.9,,,42.5,19.7,0.0,0.0,0.0,191.0,0.2,0.4,0.4,1.936,0.7209,0.0,0.0,0.0,0.0,0.0,0.0,0.0,0.0,0.0,0.0,0.5003,0.0,0.0,0.0,0.0,0.1045,0.0927,0.0519,0.0285,0.0081,0.008,0.0,0.96,4.95,2.7,29.84,26.2,0,MOD-00632,2025-04-15T20:21:29,2025-04-15T13:21:29,https://api.quant-aq.com/v1/devices/MOD-00632/data/raw/363937322
0,652.2,27.299999999999955,679.5,1279.9,672.2,4.5,676.7,1646.9,-2.400000000000091,1644.5,1647.0,7.5,1652.0,,,42.4,19.7,0.0,0.0,0.0,188.75,0.0,0.9,0.6,1.8152,0.83,0.0035,0.0,0.0,0.0,0.0,0.0,0.0,0.0,0.0,0.0,0.4895,0.0,0.0,0.0,0.0,0.1377,0.1343,0.0508,0.0248,0.018,0.004,0.0,1.04,6.73,3.05,29.77,26.17,0,MOD-00632,2025-04-15T20:20:29,2025-04-15T13:20:29,https://api.quant-aq.com/v1/devices/MOD-00632/data/raw/363935019
0,651.6,28.799999999999955,680.4,1278.6,672.8,4.300000000000068,677.1,1646.8,-2.2000000000000455,1644.6,1646.9,7.400000000000091,1652.0,,,42.5,19.7,0.0,0.0,0.0,165.75,0.0,1.2,1.0,2.0329,0.8389,0.0,0.0,0.0,0.0,0.0,0.0,0.0,0.0,0.0,0.0,0.4996,0.0,0.0,0.0,0.0,0.1404,0.1074,0.0594,0.0327,0.0116,0.0078,0.0081,1.06,7.77,3.12,29.91,26.16,0,MOD-00632,2025-04-15T20:19:29,2025-04-15T13:19:29,https://api.quant-aq.com/v1/devices/MOD-00632/data/raw/363935018
0,654.1,29.600000000000023,683.7,1274.3,672.6,4.899999999999977,677.5,1646.8,-2.0,1644.8,1647.1,7.0,1651.8,,,42.8,19.7,0.0,0.0,0.0,211.25,0.2,0.8,0.5,1.8869,0.8534,0.0038,0.0,0.0,0.0,0.0,0.0,0.0,0.0,0.0,0.0,0.486,0.0,0.0,0.0,0.0,0.1088,0.1398,0.0539,0.0114,0.0076,0.0037,0.0,1.03,5.73,2.72,29.97,26.17,0,MOD-00632,2025-04-15T20:18:29,2025-04-15T13:18:29,https://api.quant-aq.com/v1/devices/MOD-00632/data/raw/363935017
0,652.5,25.5,678.0,1280.4,671.9,4.100000000000023,676.0,1647.0,-2.099999999999909,1644.9,1647.0,7.699999999999818,1652.6,,,43.3,19.7,0.0,0.0,0.0,151.5,0.0,0.1,0.1,2.1865,0.7989,0.0039,0.0,0.0,0.0,0.0,0.0,0.0,0.0,0.0,0.0,0.4695,0.0,0.0,0.0,0.0,0.2,0.1733,0.0829,0.0371,0.0327,0.0,0.012,1.17,11.77,4.1,30.32,26.13,0,MOD-00632,2025-04-15T20:17:29,2025-04-15T13:17:29,https://api.quant-aq.com/v1/devices/MOD-00632/data/raw/363935015
0,652.3,25.600000000000023,677.9,1277.8,672.2,4.099999999999909,676.3,1646.9,-2.2000000000000455,1644.7,1647.2,7.7000000000000455,1652.4,,,42.7,19.7,0.0,0.0,0.0,206.5,0.1,1.8,0.8,1.9314,0.805,0.0,0.0,0.0,0.0,0.0,0.0,0.0,0.0,0.0,0.0,0.5156,0.0,0.0,0.0,0.0,0.1356,0.161,0.0916,0.0296,0.0109,0.0,0.0075,1.11,7.07,3.55,29.99,26.12,0,MOD-00632,2025-04-15T20:16:29,2025-04-15T13:16:29,https://api.quant-aq.com/v1/devices/MOD-00632/data/raw/363932622
0,651.2,26.09999999999991,677.3,1279.5,672.0,4.600000000000023,676.6,1646.8,-2.3999999999998636,1644.4,1647.0,7.5,1651.9,,,42.7,19.7,0.0,0.0,0.0,210.5,0.4,1.0,0.7,2.0327,0.8072,0.0,0.0,0.0,0.0,0.0,0.0,0.0,0.0,0.0,0.0,0.4412,0.0,0.0,0.0,0.0,0.1137,0.1736,0.0687,0.0416,0.0117,0.0038,0.0,1.05,5.67,3.45,30.01,26.12,0,MOD-00632,2025-04-15T20:15:29,2025-04-15T13:15:29,https://api.quant-aq.com/v1/devices/MOD-00632/data/raw/363932619
0,651.4,26.700000000000045,678.1,1279.6,672.4,4.600000000000023,677.0,1647.0,-2.5,1644.5,1647.0,7.2999999999999545,1651.8,,,42.7,19.7,0.0,0.0,0.0,176.75,0.1,0.8,0.5,1.8077,0.7779,0.0,0.0,0.0,0.0,0.0,0.0,0.0,0.0,0.0,0.0,0.4922,0.0,0.0,0.0,0.0,0.1559,0.1687,0.0474,0.0199,0.0,0.008,0.0,1.07,4.65,2.94,29.98,26.1,0,MOD-00632,2025-04-15T20:14:29,2025-04-15T13:14:29,https://api.quant-aq.com/v1/devices/MOD-00632/data/raw/363932621
0,651.7,26.0,677.7,1279.9,671.5,4.600000000000023,676.1,1646.8,-2.5,1644.3,1646.7,7.400000000000091,1651.7,,,42.7,19.6,0.0,0.0,0.0,232.0,0.2,1.3,1.2,1.99,0.8642,0.0,0.0,0.0,0.0,0.0,0.0,0.0,0.0,0.0,0.0,0.5296,0.0,0.0,0.0,0.0,0.1455,0.1086,0.0504,0.031,0.0275,0.0118,0.0,1.08,7.13,3.28,30.16,26.1,0,MOD-00632,2025-04-15T20:13:29,2025-04-15T13:13:29,https://api.quant-aq.com/v1/devices/MOD-00632/data/raw/363932620
0,653.2,24.199999999999932,677.4,1278.6,672.5,4.600000000000023,677.1,1646.6,-2.199999999999818,1644.4,1646.8,7.399999999999864,1651.8,,,43.2,19.6,0.0,0.0,0.0,223.5,0.3,1.1,0.8,1.9178,0.7673,0.0,0.0,0.0,0.0,0.0,0.0,0.0,0.0,0.0,0.0,0.489,0.0,0.0,0.0,0.0,0.1654,0.1571,0.064,0.038,0.0077,0.0074,0.0038,1.09,6.84,3.43,30.39,26.06,0,MOD-00632,2025-04-15T20:12:29,2025-04-15T13:12:29,https://api.quant-aq.com/v1/devices/MOD-00632/data/raw/363930285
0,650.8,26.100000000000023,676.9,1277.8,672.1,4.100000000000023,676.2,1646.5,-2.2000000000000455,1644.3,1646.8,7.2000000000000455,1651.5,,,43.1,19.6,0.0,0.0,0.0,186.75,0.0,0.7,0.4,1.9354,0.7764,0.0038,0.0,0.0,0.0,0.0,0.0,0.0,0.0,0.0,0.0,0.4951,0.0,0.0,0.0,0.0,0.1081,0.141,0.0889,0.0409,0.0038,0.0077,0.0,1.05,7.4,3.42,30.44,26.02,0,MOD-00632,2025-04-15T20:11:29,2025-04-15T13:11:29,https://api.quant-aq.com/v1/devices/MOD-00632/data/raw/363930287
0,651.4,25.5,676.9,1280.0,671.8,4.800000000000068,676.6,1646.4,-2.2000000000000455,1644.2,1646.6,6.899999999999864,1651.1,,,43.4,19.6,0.0,0.0,0.0,185.75,0.0,1.2,0.4,1.762,0.883,0.0,0.0,0.0,0.0,0.0,0.0,0.0,0.0,0.0,0.0,0.5031,0.0,0.0,0.0,0.0,0.1753,0.164,0.0637,0.0272,0.0163,0.0,0.0041,1.13,6.19,3.42,30.65,26.02,0,MOD-00632,2025-04-15T20:10:29,2025-04-15T13:10:29,https://api.quant-aq.com/v1/devices/MOD-00632/data/raw/363930286
0,651.2,25.399999999999977,676.6,1279.2,672.4,4.5,676.9,1646.3,-1.599999999999909,1644.7,1646.4,6.599999999999909,1651.3,,,44.3,19.5,0.0,0.0,0.0,204.25,0.2,1.6,0.8,2.0665,0.7706,0.0,0.0,0.0,0.0,0.0,0.0,0.0,0.0,0.0,0.0,0.5096,0.0,0.0,0.0,0.0,0.1378,0.1934,0.0831,0.0397,0.008,0.0038,0.0041,1.14,6.89,3.75,30.8,25.99,0,MOD-00632,2025-04-15T20:09:29,2025-04-15T13:09:29,https://api.quant-aq.com/v1/devices/MOD-00632/data/raw/363930288
0,652.8,23.40000000000009,676.2,1277.8,672.0,4.2000000000000455,676.2,1646.6,-1.7999999999999545,1644.8,1646.4,6.600000000000136,1651.4,,,44.4,19.5,0.0,0.0,0.0,208.75,0.3,1.3,1.1,1.9647,0.8394,0.0,0.0,0.0,0.0,0.0,0.0,0.0,0.0,0.0,0.0,0.5007,0.0,0.0,0.0,0.0,0.133,0.2303,0.0746,0.0469,0.0116,0.0192,0.0,1.17,8.56,4.12,30.86,25.96,0,MOD-00632,2025-04-15T20:08:29,2025-04-15T13:08:29,https://api.quant-aq.com/v1/devices/MOD-00632/data/raw/363927896
0,652.7,23.699999999999932,676.4,1278.0,671.9,3.8999999999999773,675.8,1646.4,-2.0,1644.4,1646.2,6.7999999999999545,1651.2,,,43.9,19.5,0.0,0.0,0.0,190.5,0.0,1.4,0.8,2.0226,0.8773,0.0,0.0,0.0,0.0,0.0,0.0,0.0,0.0,0.0,0.0,0.5871,0.0,0.0,0.0,0.0,0.1335,0.1696,0.0949,0.0313,0.0161,0.0197,0.008,1.19,10.64,4.01,30.69,25.96,0,MOD-00632,2025-04-15T20:07:29,2025-04-15T13:07:29,https://api.quant-aq.com/v1/devices/MOD-00632/data/raw/363927894
0,652.9,23.300000000000068,676.2,1278.8,672.0,4.600000000000023,676.6,1646.4,-2.0,1644.4,1646.4,6.7999999999999545,1651.2,,,43.8,19.5,0.0,0.0,0.0,227.25,0.2,1.3,1.0,1.7866,0.76,0.0,0.0,0.0,0.0,0.0,0.0,0.0,0.0,0.0,0.0,0.5203,0.0,0.0,0.0,0.0,0.1624,0.2002,0.0865,0.0378,0.0152,0.019,0.0073,1.14,10.5,4.09,30.63,25.97,0,MOD-00632,2025-04-15T20:06:29,2025-04-15T13:06:29,https://api.quant-aq.com/v1/devices/MOD-00632/data/raw/363927893
0,654.4,22.899999999999977,677.3,1279.8,672.0,4.5,676.5,1646.7,-2.2999999999999545,1644.4,1646.3,6.599999999999909,1651.0,,,43.8,19.5,0.0,0.0,0.0,191.25,0.0,0.8,0.8,2.1181,0.8924,0.0,0.0,0.0,0.0,0.0,0.0,0.0,0.0,0.0,0.0,0.4987,0.0,0.0,0.0,0.0,0.1947,0.1814,0.1004,0.0581,0.0076,0.0,0.0036,1.23,7.06,4.22,30.46,25.99,0,MOD-00632,2025-04-15T20:05:29,2025-04-15T13:05:29,https://api.quant-aq.com/v1/devices/MOD-00632/data/raw/363927895
0,654.7,22.699999999999932,677.4,1275.8,671.7,4.399999999999977,676.1,1646.6,-2.3999999999998636,1644.2,1646.6,7.2000000000000455,1651.4,,,43.6,19.5,0.0,0.0,0.0,226.0,0.5,1.8,1.2,2.1411,0.8053,0.0041,0.0039,0.0,0.0,0.0,0.0,0.0,0.0,0.0,0.0,0.5961,0.0,0.0,0.0,0.0,0.1596,0.1724,0.1329,0.0265,0.0116,0.0118,0.0041,1.24,12.67,4.22,30.38,25.97,0,MOD-00632,2025-04-15T20:04:29,2025-04-15T13:04:29,https://api.quant-aq.com/v1/devices/MOD-00632/data/raw/363925512
0,653.6,22.799999999999955,676.4,1278.5,672.1,4.7999999999999545,676.9,1646.6,-2.3999999999998636,1644.2,1646.6,6.899999999999864,1651.1,,,43.4,19.5,0.0,0.0,0.0,289.75,0.4,1.4,0.9,2.0472,0.8825,0.0,0.0,0.0,0.0,0.0,0.0,0.0,0.0,0.0,0.0,0.458,0.0,0.0,0.0,0.0,0.1361,0.1495,0.0587,0.0445,0.0144,0.0036,0.0,1.08,5.73,3.41,30.3,26.02,0,MOD-00632,2025-04-15T20:03:29,2025-04-15T13:03:29,https://api.quant-aq.com/v1/devices/MOD-00632/data/raw/363925511
0,653.7,23.299999999999955,677.0,1278.4,672.1,4.5,676.6,1646.9,-2.6000000000001364,1644.3,1646.5,6.7999999999999545,1651.1,,,43.0,19.5,0.0,0.0,0.0,226.0,0.2,1.3,1.1,1.785,0.8249,0.0,0.0,0.0,0.0,0.0,0.0,0.0,0.0,0.0,0.0,0.4771,0.0,0.0,0.0,0.0,0.1167,0.1611,0.0828,0.0181,0.0072,0.0075,0.0,1.05,5.32,3.2,30.16,26.03,0,MOD-00632,2025-04-15T20:02:29,2025-04-15T13:02:29,https://api.quant-aq.com/v1/devices/MOD-00632/data/raw/363925510
0,653.5,23.0,676.5,1276.2,672.2,4.699999999999932,676.9,1646.8,-2.7999999999999545,1644.0,1646.7,7.0,1651.0,,,42.9,19.6,0.0,0.0,0.0,197.0,0.2,0.9,0.8,1.9206,0.799,0.0,0.0,0.0,0.0,0.0,0.0,0.0,0.0,0.0,0.0,0.4875,0.0,0.0,0.0,0.0,0.0893,0.139,0.0898,0.0298,0.0151,0.0,0.0039,1.02,6.09,3.31,30.16,26.05,0,MOD-00632,2025-04-15T20:01:29,2025-04-15T13:01:29,https://api.quant-aq.com/v1/devices/MOD-00632/data/raw/363925509
0,652.7,23.799999999999955,676.5,1279.4,671.7,5.0,676.7,1646.5,-2.400000000000091,1644.1,1646.4,6.600000000000136,1650.7,,,43.2,19.6,0.0,0.0,0.0,204.25,0.0,0.9,0.9,1.8194,0.7112,0.0,0.0,0.0,0.0,0.0,0.0,0.0,0.0,0.0,0.0,0.4232,0.0,0.0,0.0,0.0,0.1314,0.1086,0.0948,0.0262,0.0114,0.0111,0.0036,0.96,7.16,3.22,30.13,26.07,0,MOD-00632,2025-04-15T20:00:29,2025-04-15T13:00:29,https://api.quant-aq.com/v1/devices/MOD-00632/data/raw/363923164
0,653.2,24.699999999999932,677.9,1279.8,672.4,5.100000000000023,677.5,1646.8,-2.5,1644.3,1646.6,6.400000000000091,1650.7,,,43.7,19.6,0.0,0.0,0.0,213.5,0.2,1.2,1.0,1.9188,0.8281,0.0,0.0,0.0,0.0,0.0,0.0,0.0,0.0,0.0,0.0,0.4259,0.0,0.0,0.0,0.0,0.1529,0.191,0.0693,0.0146,0.0402,0.0072,0.0038,1.08,8.48,3.71,30.48,26.09,0,MOD-00632,2025-04-15T19:59:29,2025-04-15T12:59:29,https://api.quant-aq.com/v1/devices/MOD-00632/data/raw/363923165
0,654.4,23.5,677.9,1278.9,671.5,4.2000000000000455,675.7,1646.6,-2.0,1644.6,1646.6,6.600000000000136,1651.2,,,43.9,19.6,0.0,0.0,0.0,175.5,0.2,0.9,0.6,1.7568,0.7362,0.0,0.0,0.0,0.0,0.0,0.0,0.0,0.0,0.0,0.0,0.5432,0.0,0.0,0.0,0.0,0.1598,0.151,0.0972,0.0351,0.0079,0.0039,0.0039,1.11,6.68,3.64,30.68,26.05,0,MOD-00632,2025-04-15T19:58:29,2025-04-15T12:58:29,https://api.quant-aq.com/v1/devices/MOD-00632/data/raw/363923166
0,654.4,23.5,677.9,1277.6,672.0,5.0,677.0,1646.6,-2.5,1644.1,1646.6,6.7000000000000455,1650.8,,,43.3,19.6,0.0,0.0,0.0,177.75,0.0,0.9,0.6,1.958,0.8526,0.0,0.0,0.0,0.0,0.0,0.0,0.0,0.0,0.0,0.0,0.4682,0.0,0.0,0.0,0.0,0.1161,0.1781,0.1006,0.0391,0.0269,0.0081,0.0,1.1,7.71,4.02,30.41,26.06,0,MOD-00632,2025-04-15T19:57:29,2025-04-15T12:57:29,https://api.quant-aq.com/v1/devices/MOD-00632/data/raw/363923163
0,654.4,24.300000000000068,678.7,1277.2,672.6,4.600000000000023,677.2,1646.9,-2.400000000000091,1644.5,1646.8,6.900000000000091,1651.4,,,43.8,19.6,0.0,0.0,0.0,192.0,0.0,0.8,0.7,2.0225,0.8246,0.0,0.0037,0.0,0.0,0.0,0.0,0.0,0.0,0.0,0.0,0.6256,0.0,0.0,0.0,0.0,0.1736,0.2148,0.0811,0.0225,0.0153,0.004,0.0114,1.27,11.41,3.96,30.64,26.06,0,MOD-00632,2025-04-15T19:56:29,2025-04-15T12:56:29,https://api.quant-aq.com/v1/devices/MOD-00632/data/raw/363920796
0,653.6,23.699999999999932,677.3,1281.7,671.9,5.399999999999977,677.3,1646.8,-2.599999999999909,1644.2,1646.7,6.599999999999909,1650.8,,,43.5,19.6,0.0,0.0,0.0,177.25,0.1,0.9,0.6,1.7911,0.7806,0.0,0.0,0.0,0.0,0.0,0.0,0.0,0.0,0.0,0.0,0.4976,0.0,0.0,0.0,0.0,0.1349,0.1651,0.0716,0.0185,0.0073,0.0037,0.0036,1.06,5.7,3.16,30.52,26.07,0,MOD-00632,2025-04-15T19:55:29,2025-04-15T12:55:29,https://api.quant-aq.com/v1/devices/MOD-00632/data/raw/363920795
0,653.7,24.799999999999955,678.5,1281.1,672.2,4.699999999999932,676.9,1646.9,-2.300000000000182,1644.6,1646.5,6.600000000000136,1651.2,,,43.7,19.7,0.0,0.0,0.0,280.75,0.6,2.9,1.4,1.8083,0.9186,0.0,0.0,0.0,0.0,0.0,0.0,0.0,0.0,0.0,0.0,0.5454,0.0,0.0,0.0,0.0,0.1698,0.204,0.0897,0.0449,0.0078,0.0156,0.0,1.22,7.91,4.15,30.71,26.1,0,MOD-00632,2025-04-15T19:54:29,2025-04-15T12:54:29,https://api.quant-aq.com/v1/devices/MOD-00632/data/raw/363920793
0,653.9,25.600000000000023,679.5,1282.4,672.5,4.5,677.0,1647.0,-2.0,1645.0,1646.7,6.2999999999999545,1651.3,,,44.1,19.7,0.0,0.0,0.0,182.5,0.0,0.7,0.3,1.7439,0.7886,0.0038,0.0,0.0,0.0,0.0,0.0,0.0,0.0,0.0,0.0,0.5687,0.0,0.0,0.0,0.0,0.1681,0.1595,0.0675,0.0234,0.024,0.0075,0.0038,1.13,9.29,3.58,30.9,26.09,0,MOD-00632,2025-04-15T19:53:29,2025-04-15T12:53:29,https://api.quant-aq.com/v1/devices/MOD-00632/data/raw/363920794
0,655.8,24.90000000000009,680.7,1280.1,672.2,4.699999999999932,676.9,1647.0,-2.400000000000091,1644.6,1646.9,6.800000000000182,1651.4,,,43.5,19.6,0.0,0.0,0.0,146.25,0.0,0.8,0.3,1.8734,0.7188,0.0,0.0,0.0,0.0,0.0,0.0,0.0,0.0,0.0,0.0,0.4728,0.0,0.0,0.0,0.0,0.1868,0.1689,0.0499,0.0463,0.0077,0.0077,0.0,1.08,6.0,3.47,30.58,26.06,0,MOD-00632,2025-04-15T19:52:29,2025-04-15T12:52:29,https://api.quant-aq.com/v1/devices/MOD-00632/data/raw/363918435
0,656.5,24.600000000000023,681.1,1279.8,672.1,4.600000000000023,676.7,1647.2,-2.7999999999999545,1644.4,1647.1,7.099999999999909,1651.5,,,43.1,19.7,0.0,0.0,0.0,183.75,0.0,1.2,0.8,1.9555,0.7599,0.0039,0.0,0.0,0.0,0.0,0.0,0.0,0.0,0.0,0.0,0.5179,0.0,0.0,0.0,0.0,0.1497,0.2107,0.1022,0.0114,0.0229,0.0116,0.0079,1.16,11.22,3.97,30.35,26.1,0,MOD-00632,2025-04-15T19:51:29,2025-04-15T12:51:29,https://api.quant-aq.com/v1/devices/MOD-00632/data/raw/363918434
0,656.2,26.899999999999977,683.1,1279.5,672.3,5.300000000000068,677.6,1647.2,-3.1000000000001364,1644.1,1647.0,7.0,1651.1,,,42.9,19.7,0.0,0.0,0.0,213.25,0.2,0.5,0.5,1.7238,0.7579,0.0039,0.0,0.0,0.0,0.0,0.0,0.0,0.0,0.0,0.0,0.5089,0.0,0.0,0.0,0.0,0.1188,0.1303,0.0775,0.0298,0.0038,0.0111,0.0,1.02,7.39,3.16,30.16,26.1,0,MOD-00632,2025-04-15T19:50:29,2025-04-15T12:50:29,https://api.quant-aq.com/v1/devices/MOD-00632/data/raw/363918433
0,654.6,25.199999999999932,679.8,1280.8,672.4,5.100000000000023,677.5,1647.4,-2.900000000000091,1644.5,1647.3,6.900000000000091,1651.4,,,43.2,19.7,0.0,0.0,0.0,203.75,0.1,0.9,0.9,1.843,0.6608,0.0,0.0,0.0,0.0,0.0,0.0,0.0,0.0,0.0,0.0,0.4904,0.0,0.0,0.0,0.0,0.1028,0.1535,0.0626,0.0366,0.0111,0.0074,0.0037,0.99,6.74,3.23,30.48,26.07,0,MOD-00632,2025-04-15T19:49:29,2025-04-15T12:49:29,https://api.quant-aq.com/v1/devices/MOD-00632/data/raw/363918436
0,655.2,25.399999999999977,680.6,1282.2,672.5,5.399999999999977,677.9,1647.3,-2.599999999999909,1644.7,1647.6,6.7999999999999545,1651.5,,,43.7,19.7,0.0,0.0,0.0,203.5,0.2,1.9,1.2,1.9153,0.7881,0.0,0.0,0.0,0.0,0.0,0.0,0.0,0.0,0.0,0.0,0.4947,0.0,0.0,0.0,0.0,0.1577,0.1671,0.0824,0.0515,0.0077,0.0114,0.0,1.11,7.09,3.84,30.71,26.07,0,MOD-00632,2025-04-15T19:48:29,2025-04-15T12:48:29,https://api.quant-aq.com/v1/devices/MOD-00632/data/raw/363916024
0,655.6,25.199999999999932,680.8,1282.8,672.0,4.2000000000000455,676.2,1647.6,-2.2999999999999545,1645.3,1647.5,6.900000000000091,1652.2,,,43.9,19.7,0.0,0.0,0.0,179.5,0.1,0.6,0.6,1.9684,0.9075,0.0,0.0,0.0,0.0,0.0,0.0,0.0,0.0,0.0,0.0,0.5102,0.0,0.0,0.0,0.0,0.1733,0.1901,0.0969,0.038,0.0041,0.0167,0.0044,1.2,8.8,4.03,30.82,26.07,0,MOD-00632,2025-04-15T19:47:29,2025-04-15T12:47:29,https://api.quant-aq.com/v1/devices/MOD-00632/data/raw/363916021
0,655.1,25.199999999999932,680.3,1282.8,671.6,4.7999999999999545,676.4,1647.5,-2.7000000000000455,1644.8,1647.7,7.2000000000000455,1652.0,,,42.9,19.8,0.0,0.0,0.0,207.5,0.2,1.7,1.2,1.8758,0.8507,0.0,0.004,0.0,0.0,0.0,0.0,0.0,0.0,0.0,0.0,0.5323,0.0,0.0,0.0,0.0,0.1536,0.1026,0.0818,0.0424,0.0088,0.0085,0.0083,1.09,10.79,3.46,30.39,26.06,0,MOD-00632,2025-04-15T19:46:29,2025-04-15T12:46:29,https://api.quant-aq.com/v1/devices/MOD-00632/data/raw/363916022
0,653.7,25.799999999999955,679.5,1282.2,672.9,4.600000000000023,677.5,1647.6,-2.7999999999999545,1644.8,1647.4,6.900000000000091,1651.7,,,42.8,19.8,0.0,0.0,0.0,186.5,0.1,1.2,0.6,2.0548,0.7699,0.0083,0.0042,0.0,0.0,0.0,0.0,0.0,0.0,0.0,0.0,0.5145,0.0,0.0,0.0,0.0,0.1322,0.1031,0.0498,0.0492,0.0124,0.0043,0.0,1.04,11.58,3.16,30.26,26.06,0,MOD-00632,2025-04-15T19:45:29,2025-04-15T12:45:29,https://api.quant-aq.com/v1/devices/MOD-00632/data/raw/363916023
0,653.4,26.100000000000023,679.5,1280.9,672.2,4.899999999999977,677.1,1647.5,-2.7000000000000455,1644.8,1647.5,6.900000000000091,1651.7,,,42.8,19.8,0.0,0.0,0.0,139.0,0.0,0.8,0.2,1.7551,0.8465,0.0,0.0,0.0,0.0,0.0,0.0,0.0,0.0,0.0,0.0,0.4442,0.0,0.0,0.0,0.0,0.1593,0.118,0.0509,0.0206,0.0087,0.004,0.004,1.01,5.48,2.8,30.36,26.06,0,MOD-00632,2025-04-15T19:44:29,2025-04-15T12:44:29,https://api.quant-aq.com/v1/devices/MOD-00632/data/raw/363913688
0,654.5,26.299999999999955,680.8,1281.3,672.0,4.7999999999999545,676.8,1647.5,-2.7000000000000455,1644.8,1647.9,7.0,1651.8,,,42.9,19.7,0.0,0.0,0.0,164.75,0.1,0.6,0.6,1.9775,0.6949,0.0,0.0,0.0,0.0,0.0,0.0,0.0,0.0,0.0,0.0,0.4112,0.0,0.0,0.0,0.0,0.1176,0.0889,0.0162,0.0295,0.0214,0.0083,0.0,0.89,5.37,2.49,30.35,26.06,0,MOD-00632,2025-04-15T19:43:29,2025-04-15T12:43:29,https://api.quant-aq.com/v1/devices/MOD-00632/data/raw/363913686
0,654.5,26.299999999999955,680.8,1279.2,671.9,5.100000000000023,677.0,1647.7,-3.1000000000001364,1644.6,1647.9,7.300000000000182,1651.9,,,42.8,19.7,0.0,0.0,0.0,139.75,0.1,0.5,0.5,1.7547,0.6949,0.0,0.0,0.0,0.0,0.0,0.0,0.0,0.0,0.0,0.0,0.4735,0.0,0.0,0.0,0.0,0.097,0.1165,0.0659,0.035,0.0075,0.0039,0.0037,0.94,5.76,2.94,30.43,26.03,0,MOD-00632,2025-04-15T19:42:29,2025-04-15T12:42:29,https://api.quant-aq.com/v1/devices/MOD-00632/data/raw/363913689
0,654.1,26.0,680.1,1281.9,672.3,5.2000000000000455,677.5,1647.9,-3.1000000000001364,1644.8,1648.0,7.400000000000091,1652.2,,,43.3,19.7,0.0,0.0,0.0,136.0,0.0,0.8,0.2,1.8765,0.6986,0.0,0.0,0.0,0.0,0.0,0.0,0.0,0.0,0.0,0.0,0.509,0.0,0.0,0.0,0.0,0.1094,0.1063,0.0599,0.0318,0.0,0.0042,0.0,0.98,4.14,2.75,30.7,25.97,0,MOD-00632,2025-04-15T19:41:29,2025-04-15T12:41:29,https://api.quant-aq.com/v1/devices/MOD-00632/data/raw/363913687
0,654.3,26.600000000000023,680.9,1278.5,672.2,4.699999999999932,676.9,1647.7,-2.7999999999999545,1644.9,1647.9,7.2999999999999545,1652.2,,,43.5,19.7,0.0,0.0,0.0,139.25,0.0,0.2,0.2,1.8753,0.7095,0.0,0.0,0.0,0.0,0.0,0.0,0.0,0.0,0.0,0.0,0.4583,0.0,0.0,0.0,0.0,0.1423,0.1508,0.0927,0.0349,0.0117,0.0116,0.0,1.04,6.82,3.59,30.73,25.96,0,MOD-00632,2025-04-15T19:40:29,2025-04-15T12:40:29,https://api.quant-aq.com/v1/devices/MOD-00632/data/raw/363911334
0,653.8,27.5,681.3,1282.2,672.3,5.0,677.3,1647.8,-2.7999999999999545,1645.0,1648.1,7.2000000000000455,1652.2,,,43.6,19.7,0.0,0.0,0.0,148.0,0.0,0.4,0.4,1.9347,0.7903,0.0043,0.0,0.0,0.0,0.0,0.0,0.0,0.0,0.0,0.0,0.43,0.0,0.0,0.0,0.0,0.105,0.1399,0.09,0.0284,0.004,0.0074,0.0,1.0,7.14,3.19,30.67,25.89,0,MOD-00632,2025-04-15T19:39:29,2025-04-15T12:39:29,https://api.quant-aq.com/v1/devices/MOD-00632/data/raw/363911333
0,653.5,27.700000000000045,681.2,1277.3,672.5,4.7999999999999545,677.3,1647.8,-2.8999999999998636,1644.9,1648.0,7.399999999999864,1652.3,,,43.8,19.6,0.0,0.0,0.0,119.75,0.0,0.4,0.2,1.9059,0.8964,0.0,0.0,0.0,0.0,0.0,0.0,0.0,0.0,0.0,0.0,0.4687,0.0,0.0,0.0,0.0,0.1299,0.1573,0.0832,0.0374,0.0043,0.0,0.0,1.09,4.66,3.39,31.07,25.89,0,MOD-00632,2025-04-15T19:38:29,2025-04-15T12:38:29,https://api.quant-aq.com/v1/devices/MOD-00632/data/raw/363911332
0,651.8,29.300000000000068,681.1,1281.7,671.9,4.899999999999977,676.8,1647.8,-2.7999999999999545,1645.0,1648.1,7.5,1652.5,,,43.9,19.6,0.0,0.0,0.0,171.25,0.0,1.8,0.7,1.8607,0.6909,0.0,0.0,0.0,0.0,0.0,0.0,0.0,0.0,0.0,0.0,0.4695,0.0,0.0,0.0,0.0,0.1142,0.1402,0.0723,0.0268,0.0228,0.0113,0.0039,0.99,7.92,3.34,31.18,25.85,0,MOD-00632,2025-04-15T19:37:29,2025-04-15T12:37:29,https://api.quant-aq.com/v1/devices/MOD-00632/data/raw/363911331
0,653.0,27.899999999999977,680.9,1279.7,671.9,4.7000000000000455,676.6,1647.6,-2.2999999999999545,1645.3,1647.9,7.2999999999999545,1652.6,,,44.4,19.5,0.0,0.0,0.0,163.5,0.0,0.7,0.6,2.0329,0.797,0.0,0.0,0.0,0.0,0.0,0.0,0.0,0.0,0.0,0.0,0.5556,0.0,0.0,0.0,0.0,0.117,0.1489,0.0923,0.0284,0.016,0.0121,0.0,1.12,7.05,3.63,31.45,25.81,0,MOD-00632,2025-04-15T19:36:29,2025-04-15T12:36:29,https://api.quant-aq.com/v1/devices/MOD-00632/data/raw/363908992
0,651.6,28.100000000000023,679.7,1281.4,671.7,4.599999999999909,676.3,1647.5,-2.2000000000000455,1645.3,1648.0,7.2999999999999545,1652.6,,,44.5,19.5,0.0,0.0,0.0,170.75,0.1,0.7,0.4,1.8905,0.8033,0.0,0.0,0.0,0.0,0.0,0.0,0.0,0.0,0.0,0.0,0.4502,0.0,0.0,0.0,0.0,0.1512,0.1634,0.0805,0.028,0.004,0.0119,0.0,1.07,6.1,3.39,31.59,25.77,0,MOD-00632,2025-04-15T19:35:29,2025-04-15T12:35:29,https://api.quant-aq.com/v1/devices/MOD-00632/data/raw/363908991
0,651.3,28.700000000000045,680.0,1278.0,671.3,4.600000000000023,675.9,1647.6,-2.3999999999998636,1645.2,1647.9,7.099999999999909,1652.3,,,44.6,19.4,0.0,0.0,0.0,193.0,0.1,1.2,0.9,1.8731,0.7773,0.0,0.0,0.0,0.0,0.0,0.0,0.0,0.0,0.0,0.0,0.4633,0.0,0.0,0.0,0.0,0.1545,0.191,0.0647,0.0168,0.0322,0.0043,0.004,1.09,7.59,3.57,31.59,25.72,0,MOD-00632,2025-04-15T19:34:29,2025-04-15T12:34:29,https://api.quant-aq.com/v1/devices/MOD-00632/data/raw/363908990
0,652.5,27.899999999999977,680.4,1279.2,671.8,4.600000000000023,676.4,1647.3,-2.3999999999998636,1644.9,1647.7,7.2999999999999545,1652.2,,,44.4,19.3,0.0,0.0,0.0,159.25,0.0,0.5,0.4,1.9057,0.8734,0.0,0.0,0.0,0.0,0.0,0.0,0.0,0.0,0.0,0.0,0.5048,0.0,0.0,0.0,0.0,0.1548,0.1918,0.1004,0.034,0.02,0.0041,0.0041,1.17,7.82,4.04,31.55,25.67,0,MOD-00632,2025-04-15T19:33:29,2025-04-15T12:33:29,https://api.quant-aq.com/v1/devices/MOD-00632/data/raw/363908989
0,652.8,28.90000000000009,681.7,1277.6,671.1,4.600000000000023,675.7,1647.5,-2.5,1645.0,1647.5,7.2000000000000455,1652.2,,,45.1,19.3,0.0,0.0,0.0,174.5,0.0,0.5,0.5,2.0173,0.8167,0.0,0.0,0.0,0.0,0.0,0.0,0.0,0.0,0.0,0.0,0.4802,0.0,0.0,0.0,0.0,0.1742,0.167,0.0595,0.0509,0.008,0.0041,0.0041,1.13,6.86,3.62,31.91,25.61,0,MOD-00632,2025-04-15T19:32:29,2025-04-15T12:32:29,https://api.quant-aq.com/v1/devices/MOD-00632/data/raw/363906647
0,653.7,26.299999999999955,680.0,1278.1,671.8,4.300000000000068,676.1,1647.4,-2.300000000000182,1645.1,1647.7,7.400000000000091,1652.5,,,45.4,19.2,0.0,0.0,0.0,180.25,0.2,0.8,0.6,1.9874,0.7155,0.0,0.0,0.0,0.0,0.0,0.0,0.0,0.0,0.0,0.0,0.5292,0.0,0.0,0.0,0.0,0.1147,0.1614,0.0992,0.0234,0.0115,0.0189,0.0039,1.08,8.73,3.65,32.09,25.53,0,MOD-00632,2025-04-15T19:31:29,2025-04-15T12:31:29,https://api.quant-aq.com/v1/devices/MOD-00632/data/raw/363906644
0,652.9,26.399999999999977,679.3,1273.8,671.6,5.100000000000023,676.7,1647.6,-2.7999999999999545,1644.8,1647.6,7.2999999999999545,1652.1,,,45.2,19.2,0.0,0.0,0.0,215.0,0.6,1.5,1.2,1.831,0.9021,0.0039,0.0,0.0,0.0,0.0,0.0,0.0,0.0,0.0,0.0,0.55,0.0,0.0,0.0,0.0,0.1978,0.1858,0.0817,0.0317,0.0233,0.0113,0.0,1.22,9.45,4.06,31.94,25.53,0,MOD-00632,2025-04-15T19:30:29,2025-04-15T12:30:29,https://api.quant-aq.com/v1/devices/MOD-00632/data/raw/363906646
0,651.5,27.5,679.0,1278.0,672.0,4.600000000000023,676.6,1647.4,-2.300000000000182,1645.1,1647.5,7.0,1652.1,,,45.5,19.1,0.0,0.0,0.0,190.75,0.1,1.1,1.0,1.8334,0.7868,0.0,0.0,0.0,0.0,0.0,0.0,0.0,0.0,0.0,0.0,0.4282,0.0,0.0,0.0,0.0,0.1576,0.1531,0.1275,0.0416,0.008,0.0038,0.0111,1.07,9.13,3.97,32.17,25.46,0,MOD-00632,2025-04-15T19:29:29,2025-04-15T12:29:29,https://api.quant-aq.com/v1/devices/MOD-00632/data/raw/363906645
0,653.3,26.5,679.8,1278.7,671.1,4.399999999999977,675.5,1647.4,-1.800000000000182,1645.6,1647.7,6.800000000000182,1652.4,,,46.4,19.1,0.0,0.0,0.0,182.5,0.0,0.9,0.8,1.9115,0.8128,0.0041,0.0,0.0,0.0,0.0,0.0,0.0,0.0,0.0,0.0,0.5193,0.0,0.0,0.0,0.0,0.1817,0.1897,0.1057,0.0363,0.0164,0.0121,0.0,1.19,9.58,4.19,32.51,25.43,0,MOD-00632,2025-04-15T19:28:29,2025-04-15T12:28:29,https://api.quant-aq.com/v1/devices/MOD-00632/data/raw/363904233
0,653.1,27.299999999999955,680.4,1279.4,671.3,4.300000000000068,675.6,1647.2,-1.900000000000091,1645.3,1647.5,7.0,1652.3,,,45.9,19.0,0.0,0.0,0.0,145.0,0.0,0.6,0.4,1.9615,0.693,0.0,0.0,0.0,0.0,0.0,0.0,0.0,0.0,0.0,0.0,0.5487,0.0,0.0,0.0,0.0,0.1712,0.1995,0.0874,0.028,0.016,0.0041,0.0,1.17,6.18,3.84,32.23,25.36,0,MOD-00632,2025-04-15T19:27:29,2025-04-15T12:27:29,https://api.quant-aq.com/v1/devices/MOD-00632/data/raw/363904235
0,653.6,26.5,680.1,1278.9,671.8,4.400000000000091,676.2,1647.3,-2.3999999999998636,1644.9,1647.3,7.0,1651.9,,,45.2,19.0,0.0,0.0,0.0,168.5,0.1,0.8,0.8,1.7116,0.7048,0.0037,0.0,0.0,0.0,0.0,0.0,0.0,0.0,0.0,0.0,0.4589,0.0,0.0,0.0,0.0,0.1019,0.2142,0.0947,0.0347,0.0114,0.0151,0.004,1.04,10.22,3.86,31.91,25.32,0,MOD-00632,2025-04-15T19:26:29,2025-04-15T12:26:29,https://api.quant-aq.com/v1/devices/MOD-00632/data/raw/363904234
0,652.3,26.40000000000009,678.7,1278.5,670.9,5.399999999999977,676.3,1647.2,-2.400000000000091,1644.8,1647.3,6.7000000000000455,1651.5,,,45.4,18.9,0.0,0.0,0.0,205.0,0.2,0.8,0.6,1.8902,0.7762,0.0,0.0,0.0,0.0,0.0,0.0,0.0,0.0,0.0,0.0,0.5127,0.0,0.0,0.0,0.0,0.1593,0.1627,0.1251,0.0261,0.0296,0.0036,0.0036,1.14,8.18,4.13,31.95,25.32,0,MOD-00632,2025-04-15T19:25:29,2025-04-15T12:25:29,https://api.quant-aq.com/v1/devices/MOD-00632/data/raw/363904232
0,654.6,24.699999999999932,679.3,1277.8,670.5,4.399999999999977,674.9,1647.2,-2.1000000000001364,1645.1,1647.4,6.800000000000182,1651.9,,,45.8,18.9,0.0,0.0,0.0,137.5,0.0,1.1,0.3,1.9146,0.6937,0.0,0.0,0.0,0.0,0.0,0.0,0.0,0.0,0.0,0.0,0.4254,0.0,0.0,0.0,0.0,0.1041,0.125,0.0927,0.0469,0.0,0.0,0.0039,0.96,5.48,3.23,32.21,25.29,0,MOD-00632,2025-04-15T19:24:29,2025-04-15T12:24:29,https://api.quant-aq.com/v1/devices/MOD-00632/data/raw/363901900
0,653.6,26.5,680.1,1276.7,671.6,4.699999999999932,676.3,1647.2,-2.1000000000001364,1645.1,1647.4,6.900000000000091,1652.0,,,45.9,18.8,0.0,0.0,0.0,174.0,0.0,1.0,0.4,2.0713,0.667,0.0039,0.0,0.0,0.0,0.0,0.0,0.0,0.0,0.0,0.0,0.4459,0.0,0.0,0.0,0.0,0.1491,0.1446,0.1288,0.0449,0.02,0.0206,0.0,1.06,11.12,4.25,32.2,25.23,0,MOD-00632,2025-04-15T19:23:29,2025-04-15T12:23:29,https://api.quant-aq.com/v1/devices/MOD-00632/data/raw/363901902
0,655.5,25.100000000000023,680.6,1277.2,670.7,4.699999999999932,675.4,1647.2,-2.400000000000091,1644.8,1647.4,7.400000000000091,1652.2,,,45.8,18.8,0.0,0.0,0.0,176.0,0.0,1.1,0.8,1.7064,0.7534,0.0,0.0037,0.0,0.0,0.0,0.0,0.0,0.0,0.0,0.0,0.4227,0.0,0.0,0.0,0.0,0.1307,0.1365,0.0915,0.0507,0.0268,0.0075,0.0,0.99,9.76,3.81,32.16,25.22,0,MOD-00632,2025-04-15T19:22:29,2025-04-15T12:22:29,https://api.quant-aq.com/v1/devices/MOD-00632/data/raw/363901899
0,654.8,25.5,680.3,1271.4,671.4,4.300000000000068,675.7,1647.5,-2.7000000000000455,1644.8,1647.4,7.2999999999999545,1652.1,,,45.7,18.8,0.0,0.0,0.0,223.0,0.5,1.4,1.1,1.8077,0.6912,0.0,0.0,0.0,0.0,0.0,0.0,0.0,0.0,0.0,0.0,0.3599,0.0,0.0,0.0,0.0,0.1478,0.1667,0.08,0.0473,0.0295,0.0073,0.0,0.97,7.6,3.82,32.19,25.22,0,MOD-00632,2025-04-15T19:21:29,2025-04-15T12:21:29,https://api.quant-aq.com/v1/devices/MOD-00632/data/raw/363901901
0,653.5,27.200000000000045,680.7,1276.3,671.0,4.600000000000023,675.6,1647.3,-2.2999999999999545,1645.0,1647.4,6.900000000000091,1651.9,,,46.2,18.8,0.0,0.0,0.0,176.0,0.2,0.7,0.5,1.9254,0.8162,0.0,0.0,0.0,0.0,0.0,0.0,0.0,0.0,0.0,0.0,0.4518,0.0,0.0,0.0,0.0,0.1256,0.1817,0.1415,0.0587,0.0198,0.0078,0.0,1.11,8.33,4.58,32.53,25.18,0,MOD-00632,2025-04-15T19:20:29,2025-04-15T12:20:29,https://api.quant-aq.com/v1/devices/MOD-00632/data/raw/363899509
0,654.2,25.299999999999955,679.5,1278.6,671.4,4.600000000000023,676.0,1647.5,-2.2000000000000455,1645.3,1647.7,6.900000000000091,1652.2,,,47.1,18.8,0.0,0.0,0.0,165.25,0.0,0.2,0.2,1.9373,0.7004,0.0,0.0,0.0,0.0,0.0,0.0,0.0,0.0,0.0,0.0,0.3629,0.0,0.0,0.0,0.0,0.1385,0.1659,0.0946,0.0317,0.0117,0.0081,0.004,0.99,7.31,3.53,32.81,25.15,0,MOD-00632,2025-04-15T19:19:29,2025-04-15T12:19:29,https://api.quant-aq.com/v1/devices/MOD-00632/data/raw/363899510
0,654.7,25.899999999999977,680.6,1279.8,670.2,4.199999999999932,674.4,1647.7,-2.5,1645.2,1647.5,6.899999999999864,1652.1,,,46.4,18.7,0.0,0.0,0.0,188.25,0.1,0.5,0.2,1.5651,0.6928,0.0,0.0,0.0,0.0,0.0,0.0,0.0,0.0,0.0,0.0,0.4954,0.0,0.0,0.0,0.0,0.1449,0.1534,0.139,0.033,0.0182,0.0071,0.0038,1.05,8.2,4.07,32.57,25.11,0,MOD-00632,2025-04-15T19:18:29,2025-04-15T12:18:29,https://api.quant-aq.com/v1/devices/MOD-00632/data/raw/363899507
0,654.4,25.100000000000023,679.5,1278.0,671.2,4.0,675.2,1647.4,-2.2000000000000455,1645.2,1647.7,6.899999999999864,1652.1,,,46.4,18.7,0.0,0.0,0.0,147.25,0.0,0.5,0.5,2.0155,0.7444,0.0,0.0,0.0,0.0,0.0,0.0,0.0,0.0,0.0,0.0,0.4593,0.0,0.0,0.0,0.0,0.1446,0.1189,0.099,0.0303,0.0115,0.0078,0.0039,1.04,7.11,3.44,32.58,25.09,0,MOD-00632,2025-04-15T19:17:29,2025-04-15T12:17:29,https://api.quant-aq.com/v1/devices/MOD-00632/data/raw/363899508
0,653.4,26.700000000000045,680.1,1276.2,671.0,4.5,675.5,1647.5,-2.7999999999999545,1644.7,1647.7,7.399999999999864,1652.1,,,45.7,18.7,0.0,0.0,0.0,181.25,0.1,1.0,0.8,1.9663,0.6677,0.0,0.0,0.0,0.0,0.0,0.0,0.0,0.0,0.0,0.0,0.4818,0.0,0.0,0.0,0.0,0.1536,0.16,0.0989,0.0417,0.0077,0.0116,0.0,1.08,6.93,3.77,32.25,25.08,0,MOD-00632,2025-04-15T19:16:29,2025-04-15T12:16:29,https://api.quant-aq.com/v1/devices/MOD-00632/data/raw/363897091
0,652.1,27.600000000000023,679.7,1274.2,671.2,4.699999999999932,675.9,1647.4,-2.300000000000182,1645.1,1647.5,6.900000000000091,1652.0,,,46.2,18.7,0.0,0.0,0.0,253.75,0.3,1.5,1.2,1.8564,0.6776,0.0,0.0,0.0,0.0,0.0,0.0,0.0,0.0,0.0,0.0,0.5179,0.0,0.0,0.0,0.0,0.1467,0.2031,0.093,0.0303,0.0038,0.0,0.0038,1.12,5.85,3.65,32.62,25.08,0,MOD-00632,2025-04-15T19:15:29,2025-04-15T12:15:29,https://api.quant-aq.com/v1/devices/MOD-00632/data/raw/363897088
0,654.3,25.5,679.8,1276.9,670.4,4.2000000000000455,674.6,1647.7,-2.2999999999999545,1645.4,1647.5,6.7999999999999545,1652.2,,,46.7,18.7,0.0,0.0,0.0,175.25,0.2,1.6,0.5,1.6881,0.6192,0.0,0.0,0.0,0.0,0.0,0.0,0.0,0.0,0.0,0.0,0.354,0.0,0.0,0.0,0.0,0.1421,0.1312,0.0766,0.03,0.0156,0.0192,0.0,0.89,7.56,3.25,32.8,25.02,0,MOD-00632,2025-04-15T19:14:29,2025-04-15T12:14:29,https://api.quant-aq.com/v1/devices/MOD-00632/data/raw/363897090
0,653.5,26.100000000000023,679.6,1277.6,670.8,4.300000000000068,675.1,1647.7,-2.5,1645.2,1647.5,6.7999999999999545,1652.0,,,46.2,18.7,0.0,0.0,0.0,166.0,0.1,0.3,0.2,1.8205,0.5201,0.0,0.0,0.0,0.0,0.0,0.0,0.0,0.0,0.0,0.0,0.3783,0.0,0.0,0.0,0.0,0.1279,0.1015,0.0713,0.0486,0.0037,0.0039,0.0,0.86,4.84,2.96,32.57,25.01,0,MOD-00632,2025-04-15T19:13:29,2025-04-15T12:13:29,https://api.quant-aq.com/v1/devices/MOD-00632/data/raw/363897089
0,656.0,25.799999999999955,681.8,1278.8,670.6,4.899999999999977,675.5,1647.7,-2.2999999999999545,1645.4,1647.7,6.699999999999818,1652.1,,,46.7,18.6,0.0,0.0,0.0,147.25,0.0,0.3,0.2,1.6388,0.6724,0.0038,0.0039,0.0,0.0,0.0,0.0,0.0,0.0,0.0,0.0,0.4122,0.0,0.0,0.0,0.0,0.1224,0.0905,0.0953,0.0266,0.0117,0.0038,0.0039,0.9,10.06,3.02,32.74,24.96,0,MOD-00632,2025-04-15T19:12:29,2025-04-15T12:12:29,https://api.quant-aq.com/v1/devices/MOD-00632/data/raw/363894739
0,654.4,27.100000000000023,681.5,1278.2,670.7,4.199999999999932,674.9,1647.7,-2.2000000000000455,1645.5,1648.0,7.2000000000000455,1652.7,,,46.9,18.6,0.0,0.0,0.0,119.5,0.0,0.3,0.2,1.8357,0.7656,0.0,0.0,0.0,0.0,0.0,0.0,0.0,0.0,0.0,0.0,0.3949,0.0,0.0,0.0,0.0,0.1169,0.1573,0.087,0.0353,0.0158,0.0078,0.0,0.99,6.4,3.48,32.94,24.94,0,MOD-00632,2025-04-15T19:11:29,2025-04-15T12:11:29,https://api.quant-aq.com/v1/devices/MOD-00632/data/raw/363894738
0,653.8,28.300000000000068,682.1,1274.5,670.8,4.300000000000068,675.1,1647.9,-2.800000000000182,1645.1,1648.0,7.400000000000091,1652.5,,,46.4,18.6,0.0,0.0,0.0,191.75,0.0,1.9,0.8,1.5038,0.5976,0.0,0.0,0.0,0.0,0.0,0.0,0.0,0.0,0.0,0.0,0.3976,0.0,0.0,0.0,0.0,0.1436,0.1824,0.12,0.021,0.0036,0.0105,0.0,0.97,6.1,3.56,32.65,24.91,0,MOD-00632,2025-04-15T19:10:29,2025-04-15T12:10:29,https://api.quant-aq.com/v1/devices/MOD-00632/data/raw/363894736
0,653.8,28.0,681.8,1275.9,670.7,5.199999999999932,675.9,1647.9,-2.7000000000000455,1645.2,1648.2,7.099999999999909,1652.3,,,46.7,18.6,0.0,0.0,0.0,211.0,0.0,1.0,0.9,1.8243,0.6743,0.0,0.0,0.0,0.0,0.0,0.0,0.0,0.0,0.0,0.0,0.3754,0.0,0.0,0.0,0.0,0.1205,0.2066,0.0919,0.0178,0.0185,0.0106,0.0,0.99,6.76,3.57,32.63,24.91,0,MOD-00632,2025-04-15T19:09:29,2025-04-15T12:09:29,https://api.quant-aq.com/v1/devices/MOD-00632/data/raw/363894737
0,654.2,28.0,682.2,1278.0,670.9,4.100000000000023,675.0,1647.8,-2.2000000000000455,1645.6,1648.1,7.300000000000182,1652.9,,,47.0,18.5,0.0,0.0,0.0,189.25,0.1,0.5,0.2,1.9822,0.7414,0.0,0.0,0.0,0.0,0.0,0.0,0.0,0.0,0.0,0.0,0.4846,0.0,0.0,0.0,0.0,0.1464,0.1663,0.1033,0.0437,0.008,0.0157,0.0038,1.1,8.74,3.95,33.03,24.87,0,MOD-00632,2025-04-15T19:08:29,2025-04-15T12:08:29,https://api.quant-aq.com/v1/devices/MOD-00632/data/raw/363892358
0,653.2,27.899999999999977,681.1,1273.8,670.2,4.5,674.7,1647.8,-2.2999999999999545,1645.5,1647.9,7.099999999999909,1652.6,,,47.0,18.5,0.0,0.0,0.0,158.5,0.0,0.4,0.4,1.9014,0.6418,0.0,0.0,0.0,0.0,0.0,0.0,0.0,0.0,0.0,0.0,0.4426,0.0,0.0,0.0,0.0,0.0931,0.1476,0.1094,0.0457,0.0189,0.0152,0.0,0.97,8.18,3.85,33.0,24.81,0,MOD-00632,2025-04-15T19:07:29,2025-04-15T12:07:29,https://api.quant-aq.com/v1/devices/MOD-00632/data/raw/363892357
0,652.6,27.899999999999977,680.5,1275.8,671.6,5.199999999999932,676.8,1647.6,-2.599999999999909,1645.0,1648.1,7.2000000000000455,1652.2,,,46.9,18.5,0.0,0.0,0.0,250.25,0.9,1.7,1.4,1.644,0.6578,0.0,0.0036,0.0,0.0,0.0,0.0,0.0,0.0,0.0,0.0,0.4691,0.0,0.0,0.0,0.0,0.1145,0.1329,0.0757,0.0318,0.0145,0.0035,0.0075,0.95,9.53,3.19,33.24,24.78,0,MOD-00632,2025-04-15T19:06:29,2025-04-15T12:06:29,https://api.quant-aq.com/v1/devices/MOD-00632/data/raw/363892356
0,653.8,28.200000000000045,682.0,1280.2,670.5,4.600000000000023,675.1,1647.9,-1.7000000000000455,1646.2,1648.2,6.899999999999864,1653.1,,,48.9,18.4,0.0,0.0,0.0,204.75,0.0,0.6,0.3,1.8735,0.7649,0.0,0.0,0.0,0.0,0.0,0.0,0.0,0.0,0.0,0.0,0.4658,0.0,0.0,0.0,0.0,0.1484,0.1729,0.1217,0.0467,0.0233,0.0038,0.0,1.1,7.36,4.25,34.16,24.67,0,MOD-00632,2025-04-15T19:05:29,2025-04-15T12:05:29,https://api.quant-aq.com/v1/devices/MOD-00632/data/raw/363892355
0,654.5,28.299999999999955,682.8,1276.7,670.8,4.0,674.8,1648.0,-2.0,1646.0,1648.2,7.5,1653.5,,,48.3,18.3,0.0,0.0,0.0,164.5,0.0,0.2,0.2,2.1276,0.703,0.0,0.0077,0.0,0.0,0.0,0.0,0.0,0.0,0.0,0.0,0.4791,0.0,0.0,0.0,0.0,0.1474,0.196,0.0599,0.0358,0.016,0.0119,0.0081,1.1,13.87,3.69,33.92,24.6,0,MOD-00632,2025-04-15T19:04:29,2025-04-15T12:04:29,https://api.quant-aq.com/v1/devices/MOD-00632/data/raw/363889970
0,652.4,28.899999999999977,681.3,1273.6,670.6,4.399999999999977,675.0,1647.8,-2.2999999999999545,1645.5,1648.1,7.400000000000091,1652.9,,,47.8,18.3,0.0,0.0,0.0,200.0,0.2,1.0,0.6,1.9027,0.7621,0.0078,0.0,0.0,0.0,0.0,0.0,0.0,0.0,0.0,0.0,0.4827,0.0,0.0,0.0,0.0,0.1695,0.2392,0.1176,0.0224,0.0119,0.0159,0.0,1.19,11.35,4.27,33.78,24.56,0,MOD-00632,2025-04-15T19:03:29,2025-04-15T12:03:29,https://api.quant-aq.com/v1/devices/MOD-00632/data/raw/363889969
0,651.4,29.300000000000068,680.7,1276.6,669.9,4.399999999999977,674.3,1647.8,-2.0,1645.8,1648.2,7.2999999999999545,1653.1,,,48.6,18.3,0.0,0.0,0.0,182.25,0.2,1.5,0.7,1.8008,0.6805,0.0,0.0,0.0,0.0038,0.0,0.0,0.0,0.0,0.0,0.0,0.428,0.0,0.0,0.0,0.0,0.156,0.1439,0.0908,0.0453,0.0115,0.023,0.0038,1.01,12.48,3.79,34.12,24.5,0,MOD-00632,2025-04-15T19:02:29,2025-04-15T12:02:29,https://api.quant-aq.com/v1/devices/MOD-00632/data/raw/363889972
0,652.3,27.800000000000068,680.1,1279.6,670.9,4.7000000000000455,675.6,1647.7,-1.7999999999999545,1645.9,1648.2,7.099999999999909,1653.0,,,49.2,18.2,0.0,0.0,0.0,198.5,0.1,2.0,0.8,1.9592,0.8267,0.0041,0.0,0.0,0.0,0.0,0.0,0.0,0.0,0.0,0.0,0.5031,0.0,0.0,0.0,0.0,0.1917,0.1746,0.0907,0.02,0.0157,0.012,0.0038,1.17,9.79,3.79,34.5,24.42,0,MOD-00632,2025-04-15T19:01:29,2025-04-15T12:01:29,https://api.quant-aq.com/v1/devices/MOD-00632/data/raw/363889971
0,653.6,28.600000000000023,682.2,1273.9,669.4,3.3999999999999773,672.8,1647.9,-1.6000000000001364,1646.3,1648.1,7.2999999999999545,1653.6,,,49.4,18.1,0.0,0.0,0.0,209.5,0.3,0.6,0.4,1.9191,0.7932,0.0,0.0,0.0,0.0,0.0,0.0,0.0,0.0,0.0,0.0,0.5754,0.0,0.0,0.0,0.0,0.1652,0.1521,0.0955,0.0436,0.0201,0.0076,0.0,1.17,7.31,4.01,34.6,24.36,0,MOD-00632,2025-04-15T19:00:29,2025-04-15T12:00:29,https://api.quant-aq.com/v1/devices/MOD-00632/data/raw/363887626
0,654.4,28.5,682.9,1272.0,670.6,3.8999999999999773,674.5,1647.7,-1.7999999999999545,1645.9,1648.3,7.7999999999999545,1653.7,,,49.4,18.0,0.0,0.0,0.0,206.5,0.3,1.8,0.9,2.0059,0.7091,0.0036,0.0037,0.0,0.0,0.0,0.0,0.0,0.0,0.0,0.0,0.4118,0.0,0.0,0.0,0.0,0.1314,0.1781,0.093,0.0275,0.0116,0.0189,0.0038,1.03,12.55,3.67,34.39,24.3,0,MOD-00632,2025-04-15T18:59:29,2025-04-15T11:59:29,https://api.quant-aq.com/v1/devices/MOD-00632/data/raw/363887623
0,654.9,27.200000000000045,682.1,1274.7,670.0,4.0,674.0,1647.8,-2.2999999999999545,1645.5,1648.1,7.7999999999999545,1653.3,,,48.6,18.0,0.0,0.0,0.0,166.75,0.0,2.0,0.8,1.5017,0.5932,0.0036,0.0,0.0,0.0,0.0,0.0,0.0,0.0,0.0,0.0,0.4449,0.0,0.0,0.0,0.0,0.1663,0.1287,0.0875,0.0487,0.0243,0.0208,0.0104,0.96,13.53,3.9,34.24,24.25,0,MOD-00632,2025-04-15T18:58:29,2025-04-15T11:58:29,https://api.quant-aq.com/v1/devices/MOD-00632/data/raw/363887625
0,652.4,28.899999999999977,681.3,1280.4,670.3,4.2000000000000455,674.5,1647.5,-2.2999999999999545,1645.2,1648.1,7.7000000000000455,1652.9,,,48.7,18.0,0.0,0.0,0.0,200.5,0.2,1.2,0.7,1.8909,0.6402,0.0,0.0,0.0,0.0,0.0,0.0,0.0,0.0,0.0,0.0,0.4659,0.0,0.0,0.0,0.0,0.1543,0.1608,0.1285,0.0514,0.0408,0.0039,0.0074,1.07,10.69,4.57,34.29,24.19,0,MOD-00632,2025-04-15T18:57:29,2025-04-15T11:57:29,https://api.quant-aq.com/v1/devices/MOD-00632/data/raw/363887624
0,650.8,29.800000000000068,680.6,1278.0,669.8,4.400000000000091,674.2,1647.5,-2.099999999999909,1645.4,1648.2,7.2999999999999545,1652.7,,,48.9,17.9,0.0,0.0,0.0,195.0,0.0,1.2,0.8,1.8791,0.7748,0.0,0.0,0.0,0.0,0.0,0.0,0.0,0.0,0.0,0.0,0.441,0.0,0.0,0.0,0.0,0.1649,0.216,0.1194,0.0449,0.026,0.0,0.0074,1.14,9.16,4.48,34.44,24.15,0,MOD-00632,2025-04-15T18:56:29,2025-04-15T11:56:29,https://api.quant-aq.com/v1/devices/MOD-00632/data/raw/363885300
0,651.8,28.90000000000009,680.7,1279.6,669.6,4.2999999999999545,673.9,1647.6,-1.8999999999998636,1645.7,1647.8,7.099999999999909,1652.8,,,49.6,17.9,0.0,0.0,0.0,173.0,0.0,0.2,0.2,2.2701,0.6836,0.0039,0.0,0.0,0.0,0.0,0.0,0.0,0.0,0.0,0.0,0.5404,0.0,0.0,0.0,0.0,0.1978,0.2116,0.1332,0.0549,0.0234,0.0154,0.004,1.26,12.64,5.02,35.02,24.08,0,MOD-00632,2025-04-15T18:55:29,2025-04-15T11:55:29,https://api.quant-aq.com/v1/devices/MOD-00632/data/raw/363885302
0,650.5,30.100000000000023,680.6,1277.6,670.1,3.6000000000000227,673.7,1647.2,-1.400000000000091,1645.8,1647.8,7.100000000000136,1652.9,,,50.1,17.8,0.0,0.0,0.0,175.5,0.2,0.3,0.3,1.8739,0.7985,0.0,0.0041,0.0,0.0,0.0,0.0,0.0,0.0,0.0,0.0,0.4691,0.0,0.0,0.0,0.0,0.1835,0.1755,0.1131,0.0334,0.0124,0.0292,0.0,1.14,12.41,4.2,35.28,23.97,0,MOD-00632,2025-04-15T18:54:29,2025-04-15T11:54:29,https://api.quant-aq.com/v1/devices/MOD-00632/data/raw/363885299
0,650.6,29.5,680.1,1276.5,669.8,4.100000000000023,673.9,1647.1,-1.5,1645.6,1647.4,7.0,1652.6,,,50.5,17.7,0.0,0.0,0.0,181.75,0.0,0.4,0.4,2.3587,0.7948,0.0,0.0,0.0,0.0,0.0,0.0,0.0,0.0,0.0,0.0,0.5383,0.0,0.0,0.0,0.0,0.2019,0.2138,0.1245,0.0651,0.0122,0.008,0.0,1.3,8.33,4.88,35.36,23.91,0,MOD-00632,2025-04-15T18:53:29,2025-04-15T11:53:29,https://api.quant-aq.com/v1/devices/MOD-00632/data/raw/363885301
0,652.7,27.799999999999955,680.5,1275.7,670.1,4.2999999999999545,674.4,1647.0,-1.5,1645.5,1647.4,7.0,1652.5,,,50.5,17.6,0.0,0.0,0.0,156.0,0.0,0.5,0.4,2.0464,0.7778,0.0,0.0038,0.0,0.0,0.0,0.0,0.0,0.0,0.0,0.0,0.5527,0.0,0.0,0.0,0.0,0.1618,0.2747,0.1221,0.0697,0.0118,0.0191,0.004,1.29,13.61,5.22,35.49,23.84,0,MOD-00632,2025-04-15T18:52:29,2025-04-15T11:52:29,https://api.quant-aq.com/v1/devices/MOD-00632/data/raw/363882916
0,653.6,28.899999999999977,682.5,1276.6,668.8,4.100000000000023,672.9,1647.3,-1.2000000000000455,1646.1,1647.9,6.900000000000091,1653.0,,,51.6,17.5,0.0,0.0,0.0,150.0,0.0,0.6,0.3,1.9045,0.8358,0.0,0.0,0.0,0.0,0.0,0.0,0.0,0.0,0.0,0.0,0.5117,0.0,0.0,0.0,0.0,0.1883,0.1513,0.1262,0.0444,0.0204,0.0245,0.0,1.18,10.22,4.48,35.76,23.78,0,MOD-00632,2025-04-15T18:51:29,2025-04-15T11:51:29,https://api.quant-aq.com/v1/devices/MOD-00632/data/raw/363882915
0,655.6,27.199999999999932,682.8,1274.5,669.9,3.3999999999999773,673.3,1647.4,-1.400000000000091,1646.0,1647.5,7.2999999999999545,1653.3,,,51.3,17.5,0.0,0.0,0.0,180.25,0.0,0.8,0.8,1.9495,0.7426,0.0041,0.0,0.0,0.0,0.0,0.0,0.0,0.0,0.0,0.0,0.5533,0.0,0.0,0.0,0.0,0.1657,0.1981,0.142,0.0482,0.0363,0.0201,0.004,1.21,14.02,5.08,35.5,23.76,0,MOD-00632,2025-04-15T18:50:29,2025-04-15T11:50:29,https://api.quant-aq.com/v1/devices/MOD-00632/data/raw/363882913
0,655.1,27.0,682.1,1277.6,669.3,3.6000000000000227,672.9,1647.7,-2.2999999999999545,1645.4,1647.8,7.7999999999999545,1653.2,,,50.3,17.5,0.0,0.0,0.0,170.25,0.0,1.9,0.8,1.92,0.7373,0.0,0.0,0.0,0.0,0.0,0.0,0.0,0.0,0.0,0.0,0.4841,0.0,0.0,0.0,0.0,0.1221,0.2458,0.1294,0.0496,0.0075,0.0075,0.0037,1.16,8.39,4.51,35.18,23.74,0,MOD-00632,2025-04-15T18:49:29,2025-04-15T11:49:29,https://api.quant-aq.com/v1/devices/MOD-00632/data/raw/363882911
0,653.8,28.200000000000045,682.0,1274.6,670.2,3.7999999999999545,674.0,1647.3,-2.099999999999909,1645.2,1647.7,7.7000000000000455,1652.9,,,50.1,17.5,0.0,0.0,0.0,191.25,0.0,1.2,0.9,1.9881,0.7204,0.0,0.0,0.0,0.0,0.0,0.0,0.0,0.0,0.0,0.0,0.4906,0.0,0.0,0.0,0.0,0.1677,0.1847,0.1309,0.0463,0.0347,0.0078,0.0079,1.15,11.07,4.69,35.04,23.74,0,MOD-00632,2025-04-15T18:48:29,2025-04-15T11:48:29,https://api.quant-aq.com/v1/devices/MOD-00632/data/raw/363880574
0,652.8,28.600000000000023,681.4,1277.2,669.1,4.5,673.6,1647.3,-2.2000000000000455,1645.1,1647.9,7.5,1652.6,,,50.2,17.5,0.0,0.0,0.0,229.25,0.2,2.0,1.2,1.9589,0.77,0.0,0.0,0.0,0.0,0.0,0.0,0.0,0.0,0.0,0.0,0.5392,0.0,0.0,0.0,0.0,0.1215,0.2003,0.1047,0.041,0.0038,0.0077,0.0039,1.15,7.45,3.96,35.07,23.73,0,MOD-00632,2025-04-15T18:47:29,2025-04-15T11:47:29,https://api.quant-aq.com/v1/devices/MOD-00632/data/raw/363880575
0,652.6,29.100000000000023,681.7,1277.9,669.0,4.100000000000023,673.1,1647.2,-1.900000000000091,1645.3,1647.7,7.2000000000000455,1652.5,,,50.9,17.5,0.0,0.0,0.0,214.75,0.4,1.8,0.9,1.7469,0.7671,0.0043,0.0,0.0,0.0,0.0,0.0,0.0,0.0,0.0,0.0,0.4635,0.0,0.0,0.0,0.0,0.1935,0.243,0.137,0.0635,0.0039,0.0077,0.0043,1.2,10.81,4.86,35.75,23.69,0,MOD-00632,2025-04-15T18:46:29,2025-04-15T11:46:29,https://api.quant-aq.com/v1/devices/MOD-00632/data/raw/363880573
0,651.0,30.299999999999955,681.3,1278.2,669.3,4.300000000000068,673.6,1647.3,-1.599999999999909,1645.7,1647.7,6.899999999999864,1652.6,,,51.8,17.4,0.0,0.0,0.0,146.25,0.0,0.7,0.5,2.29,0.7636,0.0,0.0039,0.0,0.0,0.0,0.0,0.0,0.0,0.0,0.0,0.6477,0.0,0.0,0.0,0.0,0.1669,0.2688,0.1763,0.0528,0.0203,0.0081,0.0041,1.4,12.98,5.61,36.26,23.64,0,MOD-00632,2025-04-15T18:45:29,2025-04-15T11:45:29,https://api.quant-aq.com/v1/devices/MOD-00632/data/raw/363880572
0,652.2,28.199999999999932,680.4,1277.4,669.5,3.6000000000000227,673.1,1646.9,-1.2000000000000455,1645.7,1647.6,6.899999999999864,1652.6,,,52.3,17.4,0.0,0.0,0.0,171.25,0.0,0.8,0.5,2.1744,0.8693,0.0,0.0,0.0,0.0,0.0,0.0,0.0,0.0,0.0,0.0,0.5407,0.0,0.0,0.0,0.0,0.1879,0.1952,0.1789,0.0558,0.0395,0.0119,0.0041,1.31,12.12,5.57,36.4,23.59,0,MOD-00632,2025-04-15T18:44:29,2025-04-15T11:44:29,https://api.quant-aq.com/v1/devices/MOD-00632/data/raw/363878164
0,649.9,29.200000000000045,679.1,1280.5,668.9,4.0,672.9,1646.8,-1.3999999999998636,1645.4,1647.2,7.0,1652.4,,,52.0,17.3,0.0,0.0,0.0,191.75,0.0,0.6,0.4,2.2362,0.8706,0.004,0.0,0.0,0.0,0.0,0.0,0.0,0.0,0.0,0.0,0.5721,0.0,0.0,0.0,0.0,0.1697,0.286,0.1585,0.0476,0.0238,0.0279,0.0,1.38,13.99,5.65,36.38,23.54,0,MOD-00632,2025-04-15T18:43:29,2025-04-15T11:43:29,https://api.quant-aq.com/v1/devices/MOD-00632/data/raw/363878166
0,653.1,27.0,680.1,1273.0,668.8,3.400000000000091,672.2,1647.0,-1.0,1646.0,1647.4,6.7999999999999545,1652.8,,,52.9,17.2,0.0,0.0,0.0,165.25,0.0,0.6,0.3,2.1488,0.8465,0.0,0.0,0.0,0.0,0.0,0.0,0.0,0.0,0.0,0.0,0.6272,0.0,0.0,0.0,0.0,0.1908,0.2495,0.1963,0.0612,0.0122,0.0206,0.0084,1.42,13.49,5.89,36.8,23.5,0,MOD-00632,2025-04-15T18:42:29,2025-04-15T11:42:29,https://api.quant-aq.com/v1/devices/MOD-00632/data/raw/363878163
0,652.9,26.5,679.4,1274.8,669.0,3.8999999999999773,672.9,1647.0,-1.2999999999999545,1645.7,1647.1,6.7000000000000455,1652.4,,,52.7,17.2,0.0,0.0,0.0,192.0,0.1,1.1,0.9,2.0836,0.9109,0.0038,0.0,0.0,0.0,0.0,0.0,0.0,0.0,0.0,0.0,0.6315,0.0,0.0,0.0,0.0,0.2465,0.2644,0.1668,0.0509,0.0156,0.0117,0.0039,1.47,12.37,5.66,36.52,23.45,0,MOD-00632,2025-04-15T18:41:29,2025-04-15T11:41:29,https://api.quant-aq.com/v1/devices/MOD-00632/data/raw/363878161
0,652.1,27.199999999999932,679.3,1277.1,668.9,3.8999999999999773,672.8,1646.8,-1.2999999999999545,1645.5,1647.2,6.900000000000091,1652.4,,,52.4,17.2,0.0,0.0,0.0,206.75,0.1,1.6,0.4,2.1425,0.8172,0.0038,0.0,0.0,0.0,0.0,0.0,0.0,0.0,0.0,0.0,0.538,0.0,0.0,0.0,0.0,0.1894,0.2517,0.1558,0.0484,0.0113,0.0112,0.0,1.32,10.42,5.12,36.49,23.44,0,MOD-00632,2025-04-15T18:40:29,2025-04-15T11:40:29,https://api.quant-aq.com/v1/devices/MOD-00632/data/raw/363875793
0,653.1,26.600000000000023,679.7,1279.3,669.3,3.7000000000000455,673.0,1646.9,-1.400000000000091,1645.5,1647.1,7.0,1652.5,,,52.7,17.1,0.0,0.0,0.0,237.75,0.3,1.8,0.9,2.1211,0.7221,0.0,0.0039,0.0,0.0,0.0,0.0,0.0,0.0,0.0,0.0,0.6703,0.0,0.0,0.0,0.0,0.1817,0.1933,0.1444,0.0369,0.032,0.0242,0.0079,1.31,15.79,5.09,36.54,23.39,0,MOD-00632,2025-04-15T18:39:29,2025-04-15T11:39:29,https://api.quant-aq.com/v1/devices/MOD-00632/data/raw/363875794
0,654.7,25.5,680.2,1275.9,668.9,3.5,672.4,1647.0,-1.599999999999909,1645.4,1647.3,7.099999999999909,1652.5,,,52.3,17.1,0.0,0.0,0.0,254.75,0.2,2.2,1.0,2.107,0.8644,0.0077,0.0,0.0,0.0,0.0,0.0,0.0,0.0,0.0,0.0,0.5968,0.0,0.0,0.0,0.0,0.2034,0.2726,0.1649,0.0395,0.0158,0.0036,0.0,1.4,11.39,5.29,36.32,23.36,0,MOD-00632,2025-04-15T18:38:29,2025-04-15T11:38:29,https://api.quant-aq.com/v1/devices/MOD-00632/data/raw/363875792
0,654.4,25.600000000000023,680.0,1276.2,669.7,4.099999999999909,673.8,1646.9,-1.6000000000001364,1645.3,1647.2,6.900000000000091,1652.2,,,52.0,17.1,0.0,0.0,0.0,185.25,0.1,1.2,1.0,2.1357,0.795,0.0037,0.0,0.0,0.0,0.0,0.0,0.0,0.0,0.0,0.0,0.5224,0.0,0.0,0.0,0.0,0.1604,0.2335,0.198,0.0419,0.0076,0.0074,0.0037,1.28,10.72,5.17,36.17,23.38,0,MOD-00632,2025-04-15T18:37:29,2025-04-15T11:37:29,https://api.quant-aq.com/v1/devices/MOD-00632/data/raw/363875791
0,655.1,24.699999999999932,679.8,1278.2,668.6,4.0,672.6,1646.9,-1.800000000000182,1645.1,1647.2,7.0,1652.1,,,52.0,17.1,0.0,0.0,0.0,170.25,0.0,0.3,0.3,1.8723,0.8138,0.0,0.0,0.0,0.0,0.0,0.0,0.0,0.0,0.0,0.0,0.4948,0.0,0.0,0.0,0.0,0.177,0.2034,0.1226,0.0655,0.0308,0.0312,0.0,1.19,12.7,5.14,36.22,23.38,0,MOD-00632,2025-04-15T18:36:29,2025-04-15T11:36:29,https://api.quant-aq.com/v1/devices/MOD-00632/data/raw/363873445
0,652.6,27.100000000000023,679.7,1278.3,668.6,3.8999999999999773,672.5,1646.8,-1.8999999999998636,1644.9,1647.1,7.099999999999909,1652.0,,,51.8,17.1,0.0,0.0,0.0,213.0,0.3,1.4,0.8,1.9769,0.6283,0.0,0.0,0.0,0.0,0.0,0.0,0.0,0.0,0.0,0.0,0.5152,0.0,0.0,0.0,0.0,0.19,0.1949,0.1347,0.0299,0.0112,0.0187,0.0,1.17,8.63,4.36,36.19,23.35,0,MOD-00632,2025-04-15T18:35:29,2025-04-15T11:35:29,https://api.quant-aq.com/v1/devices/MOD-00632/data/raw/363873448
0,652.2,28.0,680.2,1279.6,669.8,4.100000000000023,673.9,1647.0,-2.099999999999909,1644.9,1647.1,6.899999999999864,1651.8,,,52.1,17.1,0.0,0.0,0.0,227.25,0.2,0.7,0.7,1.8095,0.7617,0.0,0.0,0.0,0.0,0.0,0.0,0.0,0.0,0.0,0.0,0.5037,0.0,0.0,0.0,0.0,0.1703,0.221,0.1133,0.0667,0.0196,0.0042,0.0041,1.18,9.12,4.73,36.46,23.32,0,MOD-00632,2025-04-15T18:34:29,2025-04-15T11:34:29,https://api.quant-aq.com/v1/devices/MOD-00632/data/raw/363873447
0,652.9,26.600000000000023,679.5,1274.9,668.7,4.199999999999932,672.9,1646.9,-1.6000000000001364,1645.3,1647.3,6.7000000000000455,1652.0,,,53.1,17.1,0.0,0.0,0.0,212.75,0.3,1.3,0.5,2.2556,0.733,0.0041,0.0,0.0,0.0,0.0,0.0,0.0,0.0,0.0,0.0,0.553,0.0,0.0,0.0,0.0,0.1274,0.2497,0.1598,0.0548,0.0285,0.0123,0.004,1.27,13.04,5.35,36.77,23.35,0,MOD-00632,2025-04-15T18:33:29,2025-04-15T11:33:29,https://api.quant-aq.com/v1/devices/MOD-00632/data/raw/363873446
0,652.2,27.199999999999932,679.4,1277.4,669.0,3.5,672.5,1646.6,-1.199999999999818,1645.4,1647.0,6.5,1651.9,,,53.2,17.1,0.0,0.0,0.0,208.75,0.3,1.8,1.4,2.2682,0.8872,0.0,0.0,0.0,0.0,0.0,0.0,0.0,0.0,0.0,0.0,0.5922,0.0,0.0,0.0,0.0,0.1695,0.2471,0.1571,0.0545,0.0391,0.0157,0.0039,1.37,12.58,5.66,36.94,23.32,0,MOD-00632,2025-04-15T18:32:29,2025-04-15T11:32:29,https://api.quant-aq.com/v1/devices/MOD-00632/data/raw/363871062
0,652.1,27.699999999999932,679.8,1279.6,669.3,3.7000000000000455,673.0,1646.7,-1.1000000000001364,1645.6,1647.1,6.400000000000091,1652.0,,,53.3,17.1,0.0,0.0,0.0,192.0,0.0,1.1,0.8,2.221,0.8997,0.0042,0.0,0.0,0.0,0.0,0.0,0.0,0.0,0.0,0.0,0.5908,0.0,0.0,0.0,0.0,0.185,0.2789,0.1767,0.0574,0.0327,0.0121,0.004,1.42,14.03,5.97,36.98,23.33,0,MOD-00632,2025-04-15T18:31:29,2025-04-15T11:31:29,https://api.quant-aq.com/v1/devices/MOD-00632/data/raw/363871064
0,654.9,26.300000000000068,681.2,1278.7,668.6,4.0,672.6,1646.6,-1.099999999999909,1645.5,1646.9,6.5,1652.0,,,53.3,17.1,0.0,0.0,0.0,206.5,0.0,1.0,0.5,2.0373,0.775,0.0,0.0,0.0,0.0,0.0042,0.0,0.0,0.0,0.0,0.0,0.5255,0.0,0.0,0.0,0.0,0.2138,0.2689,0.1471,0.0589,0.0084,0.0127,0.0,1.33,11.88,5.25,36.93,23.28,0,MOD-00632,2025-04-15T18:30:29,2025-04-15T11:30:29,https://api.quant-aq.com/v1/devices/MOD-00632/data/raw/363871061
0,656.3,24.5,680.8,1277.2,669.0,3.5,672.5,1646.6,-1.3999999999998636,1645.2,1646.8,6.5,1651.7,,,53.1,17.0,0.0,0.0,0.0,212.0,0.5,1.7,0.9,2.1836,0.8176,0.0081,0.0,0.0,0.0,0.0,0.0,0.0,0.0,0.0,0.0,0.5618,0.0,0.0,0.0,0.0,0.1899,0.2133,0.2219,0.029,0.0124,0.0209,0.0,1.34,13.86,5.43,36.67,23.3,0,MOD-00632,2025-04-15T18:29:29,2025-04-15T11:29:29,https://api.quant-aq.com/v1/devices/MOD-00632/data/raw/363871063
0,655.3,25.0,680.3,1275.5,669.0,3.7000000000000455,672.7,1646.8,-1.599999999999909,1645.2,1647.0,6.599999999999909,1651.8,,,52.7,17.0,0.0,0.0,0.0,202.0,0.3,0.5,0.5,1.9622,0.604,0.0,0.0038,0.0,0.0,0.0,0.0,0.0,0.0,0.0,0.0,0.4553,0.0,0.0,0.0,0.0,0.1653,0.1818,0.1299,0.0301,0.0035,0.0156,0.0078,1.08,11.79,4.03,36.54,23.3,0,MOD-00632,2025-04-15T18:28:29,2025-04-15T11:28:29,https://api.quant-aq.com/v1/devices/MOD-00632/data/raw/363868491
0,653.2,26.59999999999991,679.8,1277.1,669.2,4.2999999999999545,673.5,1646.6,-1.7999999999999545,1644.8,1646.7,6.400000000000091,1651.2,,,52.4,17.0,0.0,0.0,0.0,214.25,0.1,1.1,0.9,2.0138,0.6794,0.0,0.0,0.0,0.0,0.0,0.0,0.0,0.0,0.0,0.0,0.5247,0.0,0.0,0.0,0.0,0.1596,0.2144,0.1438,0.0376,0.0194,0.0157,0.0,1.19,9.16,4.68,36.35,23.33,0,MOD-00632,2025-04-15T18:27:29,2025-04-15T11:27:29,https://api.quant-aq.com/v1/devices/MOD-00632/data/raw/363868488
0,652.5,27.399999999999977,679.9,1275.8,668.8,3.5,672.3,1646.7,-1.6000000000001364,1645.1,1647.0,6.600000000000136,1651.7,,,52.6,17.1,0.0,0.0,0.0,243.75,0.7,1.3,1.2,2.0641,0.7968,0.0039,0.0039,0.0,0.0,0.0,0.0,0.0,0.0,0.0,0.0,0.5255,0.0,0.0,0.0,0.0,0.1559,0.1592,0.0961,0.0397,0.0278,0.02,0.0039,1.15,14.59,4.2,36.49,23.33,0,MOD-00632,2025-04-15T18:26:29,2025-04-15T11:26:29,https://api.quant-aq.com/v1/devices/MOD-00632/data/raw/363868489
0,652.8,26.90000000000009,679.7,1278.7,669.2,4.0,673.2,1646.5,-1.5,1645.0,1646.7,6.2999999999999545,1651.3,,,52.4,17.1,0.0,0.0,0.0,228.25,0.3,1.8,1.2,1.9929,0.7451,0.0,0.0,0.0,0.0,0.0,0.0,0.0,0.0,0.0,0.0,0.4962,0.0,0.0,0.0,0.0,0.1994,0.2405,0.1657,0.0487,0.019,0.0038,0.0,1.26,8.26,5.13,36.4,23.33,0,MOD-00632,2025-04-15T18:25:29,2025-04-15T11:25:29,https://api.quant-aq.com/v1/devices/MOD-00632/data/raw/363868490
0,655.5,24.5,680.0,1276.4,669.2,4.0,673.2,1646.6,-1.2999999999999545,1645.3,1646.6,6.2000000000000455,1651.5,,,52.8,17.1,0.0,0.0,0.0,166.25,0.0,0.6,0.2,2.1833,0.8177,0.0,0.0,0.0,0.0,0.0,0.0,0.0,0.0,0.0,0.0,0.5689,0.0,0.0,0.0,0.0,0.1669,0.2027,0.1428,0.0692,0.0122,0.0287,0.0082,1.28,13.74,5.22,36.47,23.36,0,MOD-00632,2025-04-15T18:24:29,2025-04-15T11:24:29,https://api.quant-aq.com/v1/devices/MOD-00632/data/raw/363865914
0,654.5,24.0,678.5,1277.7,668.2,3.699999999999932,671.9,1646.9,-1.5,1645.4,1646.9,6.2999999999999545,1651.7,,,52.6,17.0,0.0,0.0,0.0,212.75,0.1,0.8,0.3,2.1947,0.7444,0.0039,0.0,0.0,0.0,0.0,0.0,0.0,0.0,0.0,0.0,0.543,0.0,0.0,0.0,0.0,0.168,0.1915,0.1469,0.0425,0.0198,0.0152,0.0038,1.23,11.95,4.76,36.19,23.36,0,MOD-00632,2025-04-15T18:23:29,2025-04-15T11:23:29,https://api.quant-aq.com/v1/devices/MOD-00632/data/raw/363865917
0,655.6,23.299999999999955,678.9,1276.3,668.6,3.8999999999999773,672.5,1646.9,-1.900000000000091,1645.0,1646.7,6.599999999999909,1651.6,,,51.9,17.1,0.0,0.0,0.0,160.0,0.0,0.3,0.3,1.8523,0.6818,0.0,0.0,0.0,0.0,0.0,0.0,0.0,0.0,0.0,0.0,0.5951,0.0,0.0,0.0,0.0,0.1951,0.2827,0.1314,0.0522,0.0153,0.0037,0.0038,1.31,8.98,5.09,35.89,23.39,0,MOD-00632,2025-04-15T18:22:29,2025-04-15T11:22:29,https://api.quant-aq.com/v1/devices/MOD-00632/data/raw/363865916
0,655.8,24.100000000000023,679.9,1275.2,669.1,4.0,673.1,1647.1,-2.0,1645.1,1646.7,6.5,1651.6,,,52.2,17.1,0.0,0.0,0.0,183.75,0.0,1.2,0.7,2.1495,0.7919,0.0,0.0,0.0,0.0038,0.0,0.0,0.0,0.0,0.0,0.0,0.4937,0.0,0.0,0.0,0.0,0.1781,0.2205,0.1601,0.0711,0.0153,0.0117,0.0,1.26,12.39,5.28,35.99,23.41,0,MOD-00632,2025-04-15T18:21:29,2025-04-15T11:21:29,https://api.quant-aq.com/v1/devices/MOD-00632/data/raw/363865915
0,655.7,24.5,680.2,1274.5,668.8,3.7000000000000455,672.5,1647.0,-1.900000000000091,1645.1,1647.0,6.800000000000182,1651.9,,,51.5,17.1,0.0,0.0,0.0,188.25,0.1,2.0,1.2,1.9691,0.7762,0.004,0.0,0.0,0.0,0.0,0.0,0.0,0.0,0.0,0.0,0.5151,0.0,0.0,0.0,0.0,0.1913,0.1899,0.101,0.0504,0.0115,0.0116,0.0038,1.19,10.55,4.3,35.61,23.45,0,MOD-00632,2025-04-15T18:20:29,2025-04-15T11:20:29,https://api.quant-aq.com/v1/devices/MOD-00632/data/raw/363863588
0,655.9,24.200000000000045,680.1,1274.0,669.3,4.100000000000023,673.4,1646.9,-1.900000000000091,1645.0,1647.2,6.7999999999999545,1651.8,,,51.3,17.2,0.0,0.0,0.0,185.25,0.2,0.8,0.4,1.9423,0.6928,0.0036,0.0,0.0,0.0,0.0,0.0,0.0,0.0,0.0,0.0,0.5414,0.0,0.0,0.0,0.0,0.1309,0.2136,0.116,0.0292,0.0109,0.0109,0.0,1.15,8.77,4.09,35.58,23.49,0,MOD-00632,2025-04-15T18:19:29,2025-04-15T11:19:29,https://api.quant-aq.com/v1/devices/MOD-00632/data/raw/363863587
0,656.8,24.0,680.8,1274.9,669.3,4.100000000000023,673.4,1647.6,-2.2999999999999545,1645.3,1647.5,6.7999999999999545,1652.1,,,51.8,17.2,0.0,0.0,0.0,164.25,0.0,0.4,0.3,1.6669,0.7218,0.0,0.0,0.0,0.0,0.0,0.0,0.0,0.0,0.0,0.0,0.4751,0.0,0.0,0.0,0.0,0.1644,0.1902,0.1574,0.0523,0.0186,0.0037,0.0037,1.12,8.78,4.71,35.93,23.49,0,MOD-00632,2025-04-15T18:18:29,2025-04-15T11:18:29,https://api.quant-aq.com/v1/devices/MOD-00632/data/raw/363863586
0,657.4,25.0,682.4,1274.6,669.1,4.0,673.1,1647.3,-2.099999999999909,1645.2,1647.2,7.2000000000000455,1652.4,,,51.6,17.2,0.0,0.0,0.0,138.75,0.0,0.1,0.1,1.883,0.6337,0.0,0.0,0.0,0.0,0.0,0.0,0.0,0.0,0.0,0.0,0.5033,0.0,0.0,0.0,0.0,0.1898,0.1964,0.1443,0.0627,0.0073,0.015,0.0037,1.17,9.92,4.8,35.81,23.49,0,MOD-00632,2025-04-15T18:17:29,2025-04-15T11:17:29,https://api.quant-aq.com/v1/devices/MOD-00632/data/raw/363863583
0,658.4,24.5,682.9,1271.1,669.2,4.399999999999977,673.6,1647.6,-2.3999999999998636,1645.2,1647.7,7.2999999999999545,1652.5,,,51.5,17.2,0.0,0.0,0.0,237.25,0.1,1.7,1.6,2.0952,0.8346,0.0,0.0,0.0,0.0,0.0,0.0,0.0,0.0,0.0,0.0,0.5905,0.0,0.0,0.0,0.0,0.1962,0.1919,0.1303,0.048,0.0258,0.0148,0.0075,1.29,11.7,4.91,35.7,23.49,0,MOD-00632,2025-04-15T18:16:29,2025-04-15T11:16:29,https://api.quant-aq.com/v1/devices/MOD-00632/data/raw/363861196
0,654.9,27.899999999999977,682.8,1279.3,669.4,3.8999999999999773,673.3,1647.9,-2.300000000000182,1645.6,1647.9,7.300000000000182,1652.9,,,51.5,17.3,0.0,0.0,0.0,217.5,0.2,1.8,1.2,2.2901,0.8733,0.0,0.0,0.0,0.0,0.0,0.0,0.0,0.0,0.0,0.0,0.576,0.0,0.0,0.0,0.0,0.1522,0.213,0.1405,0.0497,0.019,0.0153,0.0154,1.3,13.65,4.99,35.86,23.5,0,MOD-00632,2025-04-15T18:15:29,2025-04-15T11:15:29,https://api.quant-aq.com/v1/devices/MOD-00632/data/raw/363861195
0,656.2,27.59999999999991,683.8,1276.1,669.0,4.0,673.0,1647.7,-2.2000000000000455,1645.5,1647.8,7.400000000000091,1652.9,,,51.4,17.3,0.0,0.0,0.0,259.75,0.7,2.1,1.3,1.7537,0.6727,0.0039,0.0,0.0,0.0,0.0,0.0,0.0,0.0,0.0,0.0,0.6005,0.0,0.0,0.0,0.0,0.19,0.2119,0.1352,0.0583,0.0192,0.0116,0.0039,1.24,11.9,4.96,35.94,23.48,0,MOD-00632,2025-04-15T18:14:29,2025-04-15T11:14:29,https://api.quant-aq.com/v1/devices/MOD-00632/data/raw/363861193
0,654.6,29.899999999999977,684.5,1277.4,669.5,4.100000000000023,673.6,1647.5,-1.900000000000091,1645.6,1648.0,7.2000000000000455,1652.8,,,51.5,17.3,0.0,0.0,0.0,168.5,0.0,0.7,0.3,2.0366,0.8947,0.0,0.0,0.0039,0.0,0.0,0.0,0.0,0.0,0.0,0.0,0.5952,0.0,0.0,0.0,0.0,0.1939,0.2296,0.1766,0.0626,0.0253,0.0084,0.0041,1.37,13.89,5.64,36.07,23.45,0,MOD-00632,2025-04-15T18:13:29,2025-04-15T11:13:29,https://api.quant-aq.com/v1/devices/MOD-00632/data/raw/363861194
0,654.4,31.300000000000068,685.7,1278.6,669.3,4.400000000000091,673.7,1647.8,-2.0,1645.8,1648.2,7.0,1652.8,,,51.5,17.3,0.0,0.0,0.0,144.0,0.0,0.6,0.5,2.0097,0.6838,0.0,0.0,0.0,0.0,0.0,0.0,0.0,0.0,0.0,0.0,0.5344,0.0,0.0,0.0,0.0,0.1646,0.1276,0.1179,0.0537,0.0077,0.0115,0.0039,1.11,8.49,4.06,36.0,23.45,0,MOD-00632,2025-04-15T18:12:29,2025-04-15T11:12:29,https://api.quant-aq.com/v1/devices/MOD-00632/data/raw/363858827
0,654.2,30.799999999999955,685.0,1275.6,669.1,4.600000000000023,673.7,1647.9,-2.300000000000182,1645.6,1648.3,7.2000000000000455,1652.8,,,51.5,17.3,0.0,0.0,0.0,189.25,0.4,0.8,0.4,2.0923,0.8116,0.0,0.0,0.0,0.0,0.0,0.0,0.0,0.0,0.0,0.0,0.4441,0.0,0.0,0.0,0.0,0.1567,0.2022,0.1419,0.0291,0.0081,0.0077,0.0086,1.17,9.18,4.26,36.16,23.42,0,MOD-00632,2025-04-15T18:11:29,2025-04-15T11:11:29,https://api.quant-aq.com/v1/devices/MOD-00632/data/raw/363858826
0,653.5,29.899999999999977,683.4,1275.7,669.1,3.8999999999999773,673.0,1648.0,-1.900000000000091,1646.1,1648.2,6.900000000000091,1653.0,,,52.3,17.2,0.0,0.0,0.0,117.0,0.0,0.1,0.1,1.9651,0.7807,0.0,0.0,0.0,0.0,0.0,0.0,0.0,0.0,0.0,0.0,0.4299,0.0,0.0,0.0,0.0,0.1337,0.2476,0.1514,0.0776,0.0086,0.0178,0.0044,1.17,11.26,5.21,36.61,23.38,0,MOD-00632,2025-04-15T18:10:29,2025-04-15T11:10:29,https://api.quant-aq.com/v1/devices/MOD-00632/data/raw/363858824
0,653.7,30.299999999999955,684.0,1276.4,669.2,4.199999999999932,673.4,1647.8,-1.8999999999998636,1645.9,1648.4,7.199999999999818,1653.1,,,52.6,17.2,0.0,0.0,0.0,159.25,0.1,0.5,0.2,2.0901,0.825,0.0,0.0,0.0,0.0,0.0,0.0,0.0,0.0,0.0,0.0,0.5286,0.0,0.0,0.0,0.0,0.1613,0.1966,0.1214,0.0332,0.0202,0.0043,0.0039,1.21,8.14,4.3,36.64,23.36,0,MOD-00632,2025-04-15T18:09:29,2025-04-15T11:09:29,https://api.quant-aq.com/v1/devices/MOD-00632/data/raw/363858825
0,654.7,28.899999999999977,683.6,1277.2,668.9,3.8999999999999773,672.8,1648.2,-2.1000000000001364,1646.1,1648.3,7.2000000000000455,1653.3,,,52.7,17.2,0.0,0.0,0.0,152.75,0.0,0.6,0.5,2.1023,0.6483,0.0042,0.0,0.0,0.0,0.0,0.0,0.0,0.0,0.0,0.0,0.4342,0.0,0.0,0.0,0.0,0.1857,0.2136,0.1648,0.0209,0.0124,0.0122,0.0,1.16,9.76,4.51,36.87,23.32,0,MOD-00632,2025-04-15T18:08:29,2025-04-15T11:08:29,https://api.quant-aq.com/v1/devices/MOD-00632/data/raw/363856434
0,653.9,29.600000000000023,683.5,1276.8,668.9,4.399999999999977,673.3,1647.9,-2.1000000000001364,1645.8,1648.5,7.2000000000000455,1653.0,,,53.0,17.1,0.0,0.0,0.0,165.5,0.0,0.6,0.2,2.0962,0.7254,0.0,0.0,0.0,0.0,0.0,0.0,0.0,0.0,0.0,0.0,0.4281,0.0,0.0,0.0,0.0,0.151,0.2375,0.1249,0.0401,0.0081,0.0124,0.0129,1.15,11.24,4.44,36.87,23.28,0,MOD-00632,2025-04-15T18:07:29,2025-04-15T11:07:29,https://api.quant-aq.com/v1/devices/MOD-00632/data/raw/363856433
0,654.7,28.899999999999977,683.6,1275.4,669.0,3.8999999999999773,672.9,1648.1,-1.599999999999909,1646.5,1648.5,6.900000000000091,1653.4,,,53.6,17.1,0.0,0.0,0.0,155.75,0.0,0.6,0.2,1.7988,0.6982,0.0,0.0,0.0,0.0,0.0,0.0,0.0,0.0,0.0,0.0,0.5205,0.0,0.0,0.0,0.0,0.1565,0.2298,0.153,0.0436,0.0203,0.0041,0.0038,1.19,8.92,4.81,37.34,23.26,0,MOD-00632,2025-04-15T18:06:29,2025-04-15T11:06:29,https://api.quant-aq.com/v1/devices/MOD-00632/data/raw/363856435
0,655.3,28.600000000000023,683.9,1279.3,669.0,3.7000000000000455,672.7,1648.1,-1.599999999999909,1646.5,1648.6,7.099999999999909,1653.6,,,53.8,17.0,0.0,0.0,0.0,155.25,0.0,0.4,0.0,1.9333,0.6216,0.0,0.004,0.0,0.0,0.0,0.0,0.0,0.0,0.0,0.0,0.4219,0.0,0.0,0.0,0.0,0.1221,0.2086,0.149,0.0426,0.0236,0.0117,0.0039,1.06,12.29,4.58,37.37,23.21,0,MOD-00632,2025-04-15T18:05:29,2025-04-15T11:05:29,https://api.quant-aq.com/v1/devices/MOD-00632/data/raw/363856432
0,654.9,28.600000000000023,683.5,1274.7,669.0,4.0,673.0,1648.2,-2.0,1646.2,1648.5,7.099999999999909,1653.3,,,53.6,17.0,0.0,0.0,0.0,145.0,0.0,0.1,0.1,1.9776,0.5728,0.0038,0.0,0.0,0.0,0.0,0.0,0.0,0.0,0.0,0.0,0.3992,0.0,0.0,0.0,0.0,0.1384,0.1612,0.1039,0.0432,0.0193,0.0077,0.0,0.99,8.74,3.83,37.2,23.15,0,MOD-00632,2025-04-15T18:04:29,2025-04-15T11:04:29,https://api.quant-aq.com/v1/devices/MOD-00632/data/raw/363854067
0,651.8,30.600000000000023,682.4,1273.8,668.8,3.400000000000091,672.2,1648.1,-1.7999999999999545,1646.3,1648.6,7.400000000000091,1653.7,,,53.5,16.9,0.0,0.0,0.0,142.0,0.0,0.7,0.4,1.9091,0.6777,0.0,0.0,0.0,0.0,0.0,0.0,0.0,0.0,0.0,0.0,0.3888,0.0,0.0,0.0,0.0,0.1391,0.1761,0.0907,0.0494,0.0144,0.004,0.0,1.01,6.37,3.77,37.26,23.1,0,MOD-00632,2025-04-15T18:03:29,2025-04-15T11:03:29,https://api.quant-aq.com/v1/devices/MOD-00632/data/raw/363854065
0,653.4,28.700000000000045,682.1,1275.7,668.8,3.7000000000000455,672.5,1647.9,-1.6000000000001364,1646.3,1648.8,7.2999999999999545,1653.6,,,53.6,16.9,0.0,0.0,0.0,185.25,0.4,2.2,0.8,1.8998,0.6256,0.0,0.0,0.0,0.0,0.0,0.0,0.0,0.0,0.0,0.0,0.4617,0.0,0.0,0.0,0.0,0.129,0.1972,0.0923,0.0644,0.028,0.004,0.0,1.05,7.9,4.31,37.51,23.03,0,MOD-00632,2025-04-15T18:02:29,2025-04-15T11:02:29,https://api.quant-aq.com/v1/devices/MOD-00632/data/raw/363854064
0,654.1,28.199999999999932,682.3,1267.6,668.5,3.8999999999999773,672.4,1648.1,-1.699999999999818,1646.4,1648.5,6.899999999999864,1653.3,,,53.8,16.8,0.0,0.0,0.0,142.25,0.2,1.6,0.9,2.1281,0.632,0.0,0.0,0.0,0.0,0.0,0.0,0.0,0.0,0.0,0.0,0.3611,0.0,0.0,0.0,0.0,0.1266,0.1476,0.1295,0.0307,0.0173,0.0216,0.0,0.98,8.85,3.9,37.55,22.97,0,MOD-00632,2025-04-15T18:01:29,2025-04-15T11:01:29,https://api.quant-aq.com/v1/devices/MOD-00632/data/raw/363854066
0,652.2,30.199999999999932,682.4,1268.0,668.5,3.6000000000000227,672.1,1648.0,-1.5,1646.5,1648.5,7.0,1653.5,,,54.2,16.7,0.0,0.0,0.0,148.75,0.2,0.7,0.3,1.6946,0.5863,0.0,0.0,0.0,0.0,0.0,0.0,0.0,0.0,0.0,0.0,0.4256,0.0,0.0,0.0,0.0,0.1485,0.1846,0.084,0.0388,0.0124,0.0117,0.0,0.99,7.0,3.66,37.74,22.91,0,MOD-00632,2025-04-15T18:00:29,2025-04-15T11:00:29,https://api.quant-aq.com/v1/devices/MOD-00632/data/raw/363851720
0,652.4,29.800000000000068,682.2,1279.2,669.1,3.7999999999999545,672.9,1648.0,-1.5,1646.5,1648.6,7.099999999999909,1653.6,,,54.3,16.7,0.0,0.0,0.0,200.75,0.2,0.8,0.8,1.8349,0.6031,0.004,0.0,0.0,0.0,0.0,0.0,0.0,0.0,0.0,0.0,0.3955,0.0,0.0,0.0,0.0,0.1606,0.1732,0.1134,0.0444,0.016,0.0041,0.0041,1.01,9.48,3.98,37.84,22.85,0,MOD-00632,2025-04-15T17:59:29,2025-04-15T10:59:29,https://api.quant-aq.com/v1/devices/MOD-00632/data/raw/363851723
0,653.0,28.899999999999977,681.9,1275.6,668.2,3.699999999999932,671.9,1648.3,-1.7000000000000455,1646.6,1648.7,7.100000000000136,1653.7,,,54.4,16.6,0.0,0.0,0.0,181.75,0.1,0.8,0.8,1.837,0.584,0.0,0.0,0.0,0.0,0.0,0.0,0.0,0.0,0.0,0.0,0.4104,0.0,0.0,0.0,0.0,0.1456,0.1878,0.1666,0.0456,0.0168,0.0209,0.0082,1.05,12.14,4.73,37.83,22.79,0,MOD-00632,2025-04-15T17:58:29,2025-04-15T10:58:29,https://api.quant-aq.com/v1/devices/MOD-00632/data/raw/363851722
0,654.0,29.399999999999977,683.4,1274.1,668.7,3.7999999999999545,672.5,1647.9,-1.300000000000182,1646.6,1648.6,7.300000000000182,1653.9,,,54.9,16.5,0.0,0.0,0.0,188.25,0.1,1.4,1.2,1.9244,0.5437,0.0,0.0,0.0,0.0,0.0,0.0,0.0,0.0,0.0,0.0,0.3833,0.0,0.0,0.0,0.0,0.1399,0.1806,0.1427,0.0525,0.0,0.0115,0.0,1.0,7.24,4.15,38.02,22.73,0,MOD-00632,2025-04-15T17:57:29,2025-04-15T10:57:29,https://api.quant-aq.com/v1/devices/MOD-00632/data/raw/363851721
0,653.8,29.90000000000009,683.7,1274.7,667.9,3.3999999999999773,671.3,1648.1,-1.599999999999909,1646.5,1648.9,7.599999999999909,1654.1,,,55.1,16.5,0.0,0.0,0.0,181.25,0.2,0.9,0.5,1.8188,0.6036,0.0,0.0,0.0,0.0,0.0,0.0,0.0,0.0,0.0,0.0,0.4637,0.0,0.0,0.0,0.0,0.1859,0.1957,0.1015,0.0344,0.0114,0.0078,0.0038,1.09,7.7,3.94,38.13,22.64,0,MOD-00632,2025-04-15T17:56:29,2025-04-15T10:56:29,https://api.quant-aq.com/v1/devices/MOD-00632/data/raw/363849359
0,655.1,28.399999999999977,683.5,1272.3,668.4,3.7000000000000455,672.1,1648.2,-1.7999999999999545,1646.4,1648.7,7.599999999999909,1654.0,,,55.2,16.4,0.0,0.0,0.0,195.0,0.2,1.4,0.6,1.9422,0.6609,0.0,0.0,0.0,0.0,0.0,0.0,0.0,0.0,0.0,0.0,0.3678,0.0,0.0,0.0,0.0,0.1874,0.2032,0.1276,0.0447,0.0039,0.0039,0.0036,1.08,7.21,4.16,38.19,22.56,0,MOD-00632,2025-04-15T17:55:29,2025-04-15T10:55:29,https://api.quant-aq.com/v1/devices/MOD-00632/data/raw/363849362
0,650.9,32.200000000000045,683.1,1271.8,667.6,3.3999999999999773,671.0,1648.1,-1.7999999999999545,1646.3,1649.0,7.900000000000091,1654.2,,,55.2,16.4,0.0,0.0,0.0,189.5,0.1,1.2,0.7,1.7101,0.6271,0.0,0.0,0.0,0.0,0.0,0.0,0.0,0.0,0.0,0.0,0.4951,0.0,0.0,0.0,0.0,0.1776,0.1785,0.1212,0.06,0.0036,0.0035,0.0,1.1,6.46,4.21,38.28,22.51,0,MOD-00632,2025-04-15T17:54:29,2025-04-15T10:54:29,https://api.quant-aq.com/v1/devices/MOD-00632/data/raw/363849360
0,652.4,29.399999999999977,681.8,1274.9,668.4,3.800000000000068,672.2,1648.0,-1.599999999999909,1646.4,1648.5,7.5,1653.9,,,55.6,16.3,0.0,0.0,0.0,145.25,0.0,0.8,0.0,1.8662,0.6936,0.0,0.0,0.0,0.0,0.0,0.0,0.0,0.0,0.0,0.0,0.4425,0.0,0.0,0.0,0.0,0.1605,0.1809,0.1228,0.0652,0.0192,0.0114,0.0076,1.09,10.84,4.59,38.7,22.44,0,MOD-00632,2025-04-15T17:53:29,2025-04-15T10:53:29,https://api.quant-aq.com/v1/devices/MOD-00632/data/raw/363849361
0,651.0,30.200000000000045,681.2,1271.6,668.0,3.7999999999999545,671.8,1648.0,-1.400000000000091,1646.6,1648.6,7.300000000000182,1653.9,,,56.4,16.2,0.0,0.0,0.0,143.75,0.0,1.1,0.8,2.1845,0.6882,0.008,0.0,0.0,0.0,0.0,0.0,0.0,0.0,0.0,0.0,0.5245,0.0,0.0,0.0,0.0,0.1596,0.1991,0.1439,0.0444,0.012,0.0125,0.0039,1.2,12.81,4.62,38.95,22.37,0,MOD-00632,2025-04-15T17:52:29,2025-04-15T10:52:29,https://api.quant-aq.com/v1/devices/MOD-00632/data/raw/363847029
0,653.9,28.300000000000068,682.2,1271.4,668.2,3.599999999999909,671.8,1647.6,-1.0,1646.6,1648.9,7.5,1654.1,,,56.7,16.1,0.0,0.0,0.0,189.0,0.0,0.8,0.7,2.0229,0.6473,0.0041,0.0,0.0,0.0,0.0,0.0,0.0,0.0,0.0,0.0,0.487,0.0,0.0,0.0,0.0,0.0999,0.2272,0.1316,0.0519,0.0237,0.0201,0.0,1.11,11.97,4.74,39.33,22.27,0,MOD-00632,2025-04-15T17:51:29,2025-04-15T10:51:29,https://api.quant-aq.com/v1/devices/MOD-00632/data/raw/363847032
0,652.0,30.0,682.0,1272.2,668.1,2.8999999999999773,671.0,1647.7,-1.0,1646.7,1648.4,7.5,1654.2,,,57.2,16.0,0.0,0.0,0.0,199.75,0.1,1.4,0.9,1.8739,0.6412,0.0,0.0,0.0,0.0,0.0,0.0,0.0,0.0,0.0,0.0,0.3947,0.0,0.0,0.0,0.0,0.1922,0.2165,0.1144,0.0645,0.0224,0.0073,0.0119,1.1,11.69,4.72,39.71,22.13,0,MOD-00632,2025-04-15T17:50:29,2025-04-15T10:50:29,https://api.quant-aq.com/v1/devices/MOD-00632/data/raw/363847031
0,651.5,30.100000000000023,681.6,1274.0,668.1,3.2999999999999545,671.4,1647.7,-1.2999999999999545,1646.4,1648.3,7.399999999999864,1653.8,,,57.0,15.9,0.0,0.0,0.0,175.0,0.0,0.9,0.7,2.03,0.6448,0.0041,0.0,0.0,0.0,0.0,0.0,0.0,0.0,0.0,0.0,0.4918,0.0,0.0,0.0,0.0,0.1351,0.1885,0.1587,0.0572,0.0187,0.0152,0.0036,1.13,12.3,4.86,39.42,22.07,0,MOD-00632,2025-04-15T17:49:29,2025-04-15T10:49:29,https://api.quant-aq.com/v1/devices/MOD-00632/data/raw/363847030
0,651.6,29.0,680.6,1272.0,667.6,3.199999999999932,670.8,1647.4,-1.2000000000000455,1646.2,1648.4,7.2999999999999545,1653.5,,,57.0,15.8,0.0,0.0,0.0,172.75,0.2,0.7,0.4,2.0127,0.5819,0.0038,0.0,0.0,0.0,0.0,0.0,0.0,0.0,0.0,0.0,0.4821,0.0,0.0,0.0,0.0,0.1527,0.1827,0.102,0.0353,0.0076,0.0118,0.0039,1.08,9.59,3.84,39.55,21.99,0,MOD-00632,2025-04-15T17:48:29,2025-04-15T10:48:29,https://api.quant-aq.com/v1/devices/MOD-00632/data/raw/363844636
0,652.4,28.5,680.9,1273.3,668.9,3.5,672.4,1647.1,-1.099999999999909,1646.0,1648.2,7.2000000000000455,1653.2,,,57.3,15.8,0.0,0.0,0.0,156.0,0.0,1.0,0.8,2.0381,0.4973,0.0,0.0,0.0,0.0,0.0,0.0,0.0,0.0,0.0,0.0,0.315,0.0,0.0,0.0,0.0,0.1213,0.1437,0.1255,0.0227,0.0189,0.0075,0.0,0.89,6.49,3.52,39.68,21.9,0,MOD-00632,2025-04-15T17:47:29,2025-04-15T10:47:29,https://api.quant-aq.com/v1/devices/MOD-00632/data/raw/363844634
0,651.7,29.0,680.7,1273.1,667.2,3.8999999999999773,671.1,1647.3,-1.3999999999998636,1645.9,1647.9,7.0,1652.9,,,57.4,15.7,0.0,0.0,0.0,161.25,0.1,0.9,0.5,1.8218,0.5456,0.0,0.0,0.0,0.0,0.0,0.0,0.0,0.0,0.0,0.0,0.3072,0.0,0.0,0.0,0.0,0.1691,0.1977,0.0762,0.023,0.0038,0.0112,0.0,0.94,5.78,3.26,39.82,21.83,0,MOD-00632,2025-04-15T17:46:29,2025-04-15T10:46:29,https://api.quant-aq.com/v1/devices/MOD-00632/data/raw/363844633
0,651.4,30.899999999999977,682.3,1272.9,667.5,3.2000000000000455,670.7,1647.0,-0.7000000000000455,1646.3,1647.8,6.7000000000000455,1653.0,,,58.5,15.6,0.0,0.0,0.0,193.75,0.2,1.3,0.8,2.1695,0.5563,0.0,0.0,0.0,0.0,0.0,0.0,0.0,0.0,0.0,0.0,0.3607,0.0,0.0,0.0,0.0,0.1557,0.1515,0.1127,0.0422,0.0,0.0,0.0,0.99,4.76,3.52,40.32,21.78,0,MOD-00632,2025-04-15T17:45:29,2025-04-15T10:45:29,https://api.quant-aq.com/v1/devices/MOD-00632/data/raw/363844635
0,651.1,30.100000000000023,681.2,1273.9,667.8,2.900000000000091,670.7,1647.0,-0.599999999999909,1646.4,1647.6,6.599999999999909,1653.0,,,58.9,15.5,0.0,0.0,0.0,206.25,0.3,1.3,0.7,2.0293,0.55,0.0,0.0,0.0,0.0,0.0,0.0,0.0,0.0,0.0,0.0,0.3337,0.0,0.0,0.0,0.0,0.1585,0.1703,0.0858,0.0365,0.0081,0.0202,0.0041,0.96,8.89,3.59,40.55,21.7,0,MOD-00632,2025-04-15T17:44:29,2025-04-15T10:44:29,https://api.quant-aq.com/v1/devices/MOD-00632/data/raw/363842253
0,652.9,27.399999999999977,680.3,1274.0,667.3,3.300000000000068,670.6,1647.0,-0.900000000000091,1646.1,1647.6,6.600000000000136,1652.7,,,58.8,15.4,0.0,0.0,0.0,141.5,0.0,0.6,0.5,2.0783,0.4333,0.0,0.0,0.0,0.0,0.0,0.0,0.0,0.0,0.0,0.0,0.3036,0.0,0.0,0.0,0.0,0.158,0.1461,0.0891,0.0529,0.0239,0.008,0.004,0.89,8.5,3.75,40.47,21.62,0,MOD-00632,2025-04-15T17:43:29,2025-04-15T10:43:29,https://api.quant-aq.com/v1/devices/MOD-00632/data/raw/363842250
0,652.7,27.59999999999991,680.3,1273.2,667.6,2.8999999999999773,670.5,1647.2,-0.900000000000091,1646.3,1647.5,6.5,1652.8,,,59.1,15.4,0.0,0.0,0.0,160.5,0.0,0.7,0.2,1.7071,0.3958,0.0,0.0,0.0,0.0,0.0,0.0,0.0,0.0,0.0,0.0,0.2401,0.0,0.0,0.0,0.0,0.0798,0.1163,0.0615,0.0381,0.0077,0.0228,0.0037,0.68,8.19,2.76,40.5,21.55,0,MOD-00632,2025-04-15T17:42:29,2025-04-15T10:42:29,https://api.quant-aq.com/v1/devices/MOD-00632/data/raw/363842252
0,652.7,28.09999999999991,680.8,1273.3,667.3,3.0,670.3,1647.0,-0.900000000000091,1646.1,1647.4,6.600000000000136,1652.7,,,58.5,15.3,0.0,0.0,0.0,138.5,0.0,0.1,0.1,1.8658,0.3512,0.0,0.0,0.0,0.0,0.0,0.0,0.0,0.0,0.0,0.0,0.2392,0.0,0.0,0.0,0.0,0.1438,0.106,0.0832,0.0296,0.0154,0.0041,0.0037,0.75,6.11,2.88,40.15,21.52,0,MOD-00632,2025-04-15T17:41:29,2025-04-15T10:41:29,https://api.quant-aq.com/v1/devices/MOD-00632/data/raw/363842251
0,654.8,26.0,680.8,1271.9,667.8,3.1000000000000227,670.9,1647.2,-1.2999999999999545,1645.9,1647.5,6.699999999999818,1652.6,,,58.3,15.3,0.0,0.0,0.0,157.5,0.0,0.3,0.3,1.8092,0.3846,0.0,0.0,0.0,0.0,0.0,0.0,0.0,0.0,0.0,0.0,0.2565,0.0,0.0,0.0,0.0,0.0947,0.0987,0.0548,0.031,0.0118,0.0075,0.0038,0.69,5.91,2.48,40.19,21.48,0,MOD-00632,2025-04-15T17:40:29,2025-04-15T10:40:29,https://api.quant-aq.com/v1/devices/MOD-00632/data/raw/363839895
0,653.2,28.0,681.2,1271.2,668.4,3.2000000000000455,671.6,1647.2,-1.5,1645.7,1647.5,6.7999999999999545,1652.5,,,58.0,15.3,0.0,0.0,0.0,107.0,0.0,0.2,0.2,1.6451,0.3291,0.0,0.0,0.0,0.0,0.0,0.0,0.0,0.0,0.0,0.0,0.3064,0.0,0.0,0.0,0.0,0.0828,0.0973,0.0795,0.036,0.0072,0.0035,0.0036,0.7,5.43,2.65,40.08,21.45,0,MOD-00632,2025-04-15T17:39:29,2025-04-15T10:39:29,https://api.quant-aq.com/v1/devices/MOD-00632/data/raw/363839896
0,651.2,29.09999999999991,680.3,1274.5,667.8,3.5,671.3,1647.2,-1.6000000000001364,1645.6,1647.6,6.7000000000000455,1652.3,,,57.9,15.3,0.0,0.0,0.0,132.25,0.0,0.6,0.3,1.8456,0.355,0.0,0.0,0.0,0.0,0.0,0.0,0.0,0.0,0.0,0.0,0.2407,0.0,0.0,0.0,0.0,0.0982,0.1397,0.0676,0.019,0.0153,0.0075,0.0,0.72,5.16,2.66,40.01,21.44,0,MOD-00632,2025-04-15T17:38:29,2025-04-15T10:38:29,https://api.quant-aq.com/v1/devices/MOD-00632/data/raw/363839893
0,652.4,27.700000000000045,680.1,1276.0,667.3,4.100000000000023,671.4,1646.8,-1.0,1645.8,1648.0,6.400000000000091,1652.2,,,58.8,15.3,0.0,0.0,0.0,133.0,0.0,0.3,0.2,2.0156,0.3831,0.0,0.0,0.0,0.0,0.0,0.0,0.0,0.0,0.0,0.0,0.2706,0.0,0.0,0.0,0.0,0.063,0.1085,0.0864,0.0375,0.0074,0.0072,0.0,0.72,5.18,2.79,40.62,21.45,0,MOD-00632,2025-04-15T17:37:29,2025-04-15T10:37:29,https://api.quant-aq.com/v1/devices/MOD-00632/data/raw/363839894
0,652.9,27.0,679.9,1274.0,667.8,3.900000000000091,671.7,1646.9,-0.40000000000009095,1646.5,1647.7,6.099999999999909,1652.6,,,60.0,15.3,0.0,0.0,0.0,154.75,0.0,0.6,0.6,2.2186,0.426,0.0,0.0,0.0,0.0,0.0,0.0,0.0,0.0,0.0,0.0,0.3391,0.0,0.0,0.0,0.0,0.1108,0.1699,0.0864,0.0237,0.0197,0.0119,0.0079,0.9,8.98,3.39,41.33,21.41,0,MOD-00632,2025-04-15T17:36:29,2025-04-15T10:36:29,https://api.quant-aq.com/v1/devices/MOD-00632/data/raw/363837521
0,651.4,28.700000000000045,680.1,1277.2,667.2,3.2999999999999545,670.5,1647.0,-0.2999999999999545,1646.7,1647.5,6.099999999999909,1652.8,,,60.2,15.2,0.0,0.0,0.0,117.25,0.0,0.2,0.2,2.0445,0.5492,0.0,0.0,0.0,0.0,0.0,0.0,0.0,0.0,0.0,0.0,0.3578,0.0,0.0,0.0,0.0,0.0982,0.1619,0.1389,0.0202,0.0123,0.0163,0.004,0.94,8.61,3.72,41.32,21.38,0,MOD-00632,2025-04-15T17:35:29,2025-04-15T10:35:29,https://api.quant-aq.com/v1/devices/MOD-00632/data/raw/363837520
0,652.8,26.90000000000009,679.7,1276.4,667.7,3.5,671.2,1646.9,-0.5,1646.4,1647.4,6.0,1652.4,,,60.0,15.2,0.0,0.0,0.0,179.0,0.0,1.2,1.0,2.0509,0.5052,0.0,0.0,0.0,0.0,0.0,0.0,0.0,0.004,0.0,0.0,0.4327,0.0,0.0,0.0,0.0,0.1691,0.1849,0.1314,0.0529,0.0164,0.0041,0.0041,1.06,9.75,4.37,41.24,21.37,0,MOD-00632,2025-04-15T17:34:29,2025-04-15T10:34:29,https://api.quant-aq.com/v1/devices/MOD-00632/data/raw/363837519
0,651.8,27.800000000000068,679.6,1273.2,667.1,3.699999999999932,670.8,1646.7,-0.5,1646.2,1647.4,6.099999999999909,1652.3,,,60.2,15.2,0.0,0.0,0.0,154.5,0.0,1.1,0.7,2.3483,0.4596,0.0041,0.0,0.0,0.0,0.0,0.0,0.0,0.0,0.0,0.0,0.4029,0.0,0.0,0.0,0.0,0.1095,0.196,0.1096,0.0447,0.0123,0.0124,0.0,1.01,9.35,3.97,41.25,21.37,0,MOD-00632,2025-04-15T17:33:29,2025-04-15T10:33:29,https://api.quant-aq.com/v1/devices/MOD-00632/data/raw/363837522
0,652.1,26.100000000000023,678.2,1267.6,666.8,4.100000000000023,670.9,1646.7,-0.7999999999999545,1645.9,1647.2,6.0,1651.9,,,60.2,15.1,0.0,0.0,0.0,210.5,0.1,1.8,1.2,2.076,0.4638,0.0,0.0,0.0,0.0,0.0,0.0,0.0,0.0,0.0,0.0,0.3389,0.0,0.0,0.0,0.0,0.1161,0.1862,0.1142,0.0392,0.0038,0.0037,0.0073,0.93,7.49,3.64,41.13,21.37,0,MOD-00632,2025-04-15T17:32:29,2025-04-15T10:32:29,https://api.quant-aq.com/v1/devices/MOD-00632/data/raw/363835180
0,651.4,27.100000000000023,678.5,1273.4,667.3,3.0,670.3,1646.5,-0.5,1646.0,1646.8,5.900000000000091,1651.9,,,60.6,15.1,0.0,0.0,0.0,169.25,0.4,0.6,0.6,2.2183,0.4835,0.0042,0.0,0.0,0.0,0.0,0.0,0.0,0.0,0.0,0.0,0.3522,0.0,0.0,0.0,0.0,0.1275,0.1966,0.16,0.0205,0.0163,0.0163,0.004,1.01,11.21,4.22,41.58,21.34,0,MOD-00632,2025-04-15T17:31:29,2025-04-15T10:31:29,https://api.quant-aq.com/v1/devices/MOD-00632/data/raw/363835178
0,652.9,26.5,679.4,1274.3,666.7,2.7999999999999545,669.5,1646.5,-0.599999999999909,1645.9,1647.0,6.099999999999909,1652.0,,,60.8,15.1,0.0,0.0,0.0,178.25,0.1,1.6,0.7,1.8585,0.4715,0.004,0.0,0.0,0.0,0.0,0.0,0.0,0.0,0.0,0.0,0.3741,0.0,0.0,0.0,0.0,0.1227,0.1472,0.1309,0.0398,0.0162,0.004,0.0,0.92,8.18,3.78,41.54,21.31,0,MOD-00632,2025-04-15T17:30:29,2025-04-15T10:30:29,https://api.quant-aq.com/v1/devices/MOD-00632/data/raw/363835181
0,653.7,24.59999999999991,678.3,1276.1,666.6,3.1000000000000227,669.7,1646.2,-0.6000000000001364,1645.6,1646.8,6.400000000000091,1652.0,,,60.5,15.1,0.0,0.0,0.0,159.5,0.0,0.8,0.5,2.2017,0.4894,0.0,0.0,0.0,0.0,0.0,0.0,0.0,0.0,0.0,0.0,0.3344,0.0,0.0,0.0,0.0,0.1279,0.1866,0.0658,0.0629,0.0079,0.0118,0.0039,0.94,8.13,3.67,41.43,21.3,0,MOD-00632,2025-04-15T17:29:29,2025-04-15T10:29:29,https://api.quant-aq.com/v1/devices/MOD-00632/data/raw/363835179
0,653.6,25.199999999999932,678.8,1274.1,666.8,3.2000000000000455,670.0,1646.4,-0.8000000000001819,1645.6,1646.6,6.0,1651.6,,,60.3,15.0,0.0,0.0,0.0,184.75,0.0,1.2,1.0,1.9273,0.4153,0.0,0.0,0.0,0.0,0.0,0.0,0.0,0.0,0.0,0.0,0.3181,0.0,0.0,0.0,0.0,0.1202,0.1515,0.1085,0.0505,0.0194,0.0,0.0078,0.86,8.15,3.7,41.21,21.27,0,MOD-00632,2025-04-15T17:28:29,2025-04-15T10:28:29,https://api.quant-aq.com/v1/devices/MOD-00632/data/raw/363832799
0,656.4,23.399999999999977,679.8,1270.5,667.3,2.900000000000091,670.2,1646.6,-1.099999999999909,1645.5,1646.7,6.2999999999999545,1651.8,,,60.2,15.0,0.0,0.0,0.0,138.25,0.0,0.8,0.2,2.0959,0.3605,0.0037,0.0,0.0,0.0,0.0,0.0,0.0,0.0,0.0,0.0,0.32,0.0,0.0,0.0,0.0,0.1297,0.1445,0.0953,0.0501,0.0348,0.0114,0.0077,0.86,12.23,3.9,41.16,21.27,0,MOD-00632,2025-04-15T17:27:29,2025-04-15T10:27:29,https://api.quant-aq.com/v1/devices/MOD-00632/data/raw/363832796
0,653.9,24.800000000000068,678.7,1270.4,666.6,3.199999999999932,669.8,1646.6,-1.3999999999998636,1645.2,1646.8,6.599999999999909,1651.8,,,59.7,15.1,0.0,0.0,0.0,154.25,0.0,0.5,0.5,1.809,0.4518,0.0,0.0,0.0,0.0,0.0,0.0,0.0,0.0,0.0,0.0,0.327,0.0,0.0,0.0,0.0,0.1359,0.1539,0.11,0.0365,0.0146,0.011,0.0037,0.88,7.98,3.61,40.85,21.28,0,MOD-00632,2025-04-15T17:26:29,2025-04-15T10:26:29,https://api.quant-aq.com/v1/devices/MOD-00632/data/raw/363832798
0,655.0,24.399999999999977,679.4,1270.8,666.6,3.2999999999999545,669.9,1646.7,-1.2999999999999545,1645.4,1646.7,6.0,1651.4,,,59.4,15.1,0.0,0.0,0.0,190.75,0.0,1.0,0.5,2.1238,0.4851,0.0,0.0,0.0,0.0,0.0,0.0,0.0,0.0,0.0,0.0,0.3039,0.0,0.0,0.0,0.0,0.1184,0.1404,0.1184,0.0526,0.0149,0.0,0.0115,0.89,9.01,3.75,40.69,21.31,0,MOD-00632,2025-04-15T17:25:29,2025-04-15T10:25:29,https://api.quant-aq.com/v1/devices/MOD-00632/data/raw/363832797
0,653.6,24.699999999999932,678.3,1272.9,667.7,3.199999999999932,670.9,1646.6,-1.2999999999999545,1645.3,1646.6,6.100000000000136,1651.4,,,59.4,15.2,0.0,0.0,0.0,166.25,0.2,0.8,0.5,2.2488,0.5155,0.0,0.0041,0.0,0.0,0.0,0.0,0.0,0.0,0.0,0.0,0.2882,0.0,0.0,0.0,0.0,0.1241,0.161,0.1361,0.0369,0.0081,0.016,0.0044,0.93,11.33,3.86,40.84,21.34,0,MOD-00632,2025-04-15T17:24:29,2025-04-15T10:24:29,https://api.quant-aq.com/v1/devices/MOD-00632/data/raw/363830455
0,655.1,24.199999999999932,679.3,1274.5,667.3,3.6000000000000227,670.9,1646.4,-1.1000000000001364,1645.3,1646.7,6.0,1651.3,,,59.4,15.2,0.0,0.0,0.0,143.25,0.0,0.6,0.5,1.9979,0.4344,0.0,0.0,0.0,0.0,0.0,0.0,0.0,0.0,0.0,0.0,0.2988,0.0,0.0,0.0,0.0,0.1288,0.1507,0.088,0.0233,0.0153,0.0115,0.0,0.85,6.38,3.18,40.85,21.33,0,MOD-00632,2025-04-15T17:23:29,2025-04-15T10:23:29,https://api.quant-aq.com/v1/devices/MOD-00632/data/raw/363830454
0,655.2,25.09999999999991,680.3,1274.7,667.6,3.199999999999932,670.8,1646.6,-0.6999999999998181,1645.9,1646.8,5.7999999999999545,1651.7,,,60.0,15.2,0.0,0.0,0.0,186.25,0.0,1.3,0.7,1.7358,0.4434,0.0,0.0,0.0,0.0,0.0,0.0,0.0,0.0,0.0,0.0,0.2928,0.0,0.0,0.0,0.0,0.1391,0.1272,0.0886,0.0504,0.004,0.0077,0.0039,0.82,6.79,3.25,41.13,21.36,0,MOD-00632,2025-04-15T17:22:29,2025-04-15T10:22:29,https://api.quant-aq.com/v1/devices/MOD-00632/data/raw/363830456
0,655.6,25.199999999999932,680.8,1272.3,667.5,3.2999999999999545,670.8,1646.8,-1.0,1645.8,1647.0,5.900000000000091,1651.7,,,59.7,15.2,0.0,0.0,0.0,126.25,0.0,0.8,0.0,2.0188,0.405,0.0,0.0,0.0,0.0,0.0,0.0,0.0,0.0,0.0,0.0,0.2465,0.0,0.0,0.0,0.0,0.112,0.1465,0.0966,0.0272,0.0193,0.0039,0.0,0.8,5.65,3.17,40.9,21.38,0,MOD-00632,2025-04-15T17:21:29,2025-04-15T10:21:29,https://api.quant-aq.com/v1/devices/MOD-00632/data/raw/363830457
0,655.4,26.200000000000045,681.6,1272.7,667.0,3.3999999999999773,670.4,1646.7,-1.2000000000000455,1645.5,1646.9,6.099999999999909,1651.6,,,59.2,15.2,0.0,0.0,0.0,173.75,0.0,0.2,0.2,2.0202,0.4907,0.0,0.0039,0.0,0.0,0.0,0.0,0.0,0.0,0.0,0.0,0.2739,0.0,0.0,0.0,0.0,0.1823,0.1275,0.1362,0.0275,0.0076,0.0117,0.0,0.91,8.98,3.59,40.66,21.4,0,MOD-00632,2025-04-15T17:20:29,2025-04-15T10:20:29,https://api.quant-aq.com/v1/devices/MOD-00632/data/raw/363828109
0,655.8,26.300000000000068,682.1,1272.3,667.1,3.5,670.6,1647.0,-1.400000000000091,1645.6,1647.0,6.2000000000000455,1651.8,,,59.2,15.3,0.0,0.0,0.0,160.25,0.0,0.6,0.1,1.9167,0.3896,0.0038,0.0,0.0,0.0,0.0,0.0,0.0,0.0,0.0,0.0,0.2438,0.0,0.0,0.0,0.0,0.0965,0.1501,0.1358,0.0421,0.0074,0.0113,0.0037,0.8,9.46,3.63,40.77,21.41,0,MOD-00632,2025-04-15T17:19:29,2025-04-15T10:19:29,https://api.quant-aq.com/v1/devices/MOD-00632/data/raw/363828111
0,655.5,26.100000000000023,681.6,1275.3,667.2,3.2999999999999545,670.5,1647.1,-1.599999999999909,1645.5,1647.1,6.2000000000000455,1651.7,,,59.5,15.3,0.0,0.0,0.0,168.5,0.0,0.8,0.8,1.8396,0.4008,0.0,0.0,0.0,0.0,0.0,0.0,0.0,0.0,0.0,0.0,0.2572,0.0,0.0,0.0,0.0,0.1443,0.1509,0.0797,0.0491,0.0262,0.0,0.0,0.81,6.08,3.45,40.97,21.46,0,MOD-00632,2025-04-15T17:18:29,2025-04-15T10:18:29,https://api.quant-aq.com/v1/devices/MOD-00632/data/raw/363828110
0,653.7,27.699999999999932,681.4,1273.9,667.6,3.5,671.1,1647.0,-1.5,1645.5,1647.2,6.2000000000000455,1651.7,,,59.2,15.4,0.0,0.0,0.0,183.0,0.2,1.1,0.8,1.9502,0.4409,0.0037,0.0038,0.0,0.0,0.0,0.0,0.0,0.0,0.0,0.0,0.2917,0.0,0.0,0.0,0.0,0.1447,0.171,0.1185,0.0416,0.0192,0.0037,0.0,0.9,10.51,3.82,40.86,21.49,0,MOD-00632,2025-04-15T17:17:29,2025-04-15T10:17:29,https://api.quant-aq.com/v1/devices/MOD-00632/data/raw/363828112
0,654.6,26.5,681.1,1275.8,667.2,3.699999999999932,670.9,1646.9,-1.0,1645.9,1647.2,6.0,1651.9,,,60.4,15.4,0.0,0.0,0.0,176.5,0.0,1.0,0.5,1.9674,0.4618,0.0039,0.0,0.0,0.0,0.0,0.0,0.0,0.0,0.0,0.0,0.2746,0.0,0.0,0.0,0.0,0.1566,0.116,0.1245,0.0363,0.0081,0.004,0.0,0.86,7.21,3.4,41.55,21.48,0,MOD-00632,2025-04-15T17:16:29,2025-04-15T10:16:29,https://api.quant-aq.com/v1/devices/MOD-00632/data/raw/363825710
0,655.0,26.799999999999955,681.8,1276.5,667.5,3.2999999999999545,670.8,1647.0,-0.7999999999999545,1646.2,1647.3,5.899999999999864,1652.1,,,60.2,15.4,0.0,0.0,0.0,125.75,0.0,0.2,0.0,1.9365,0.4053,0.0,0.0037,0.0,0.0,0.0,0.0,0.0,0.0,0.0,0.0,0.3236,0.0,0.0,0.0,0.0,0.1153,0.1028,0.1142,0.0381,0.0074,0.0197,0.0037,0.82,10.78,3.35,41.36,21.51,0,MOD-00632,2025-04-15T17:15:29,2025-04-15T10:15:29,https://api.quant-aq.com/v1/devices/MOD-00632/data/raw/363825708
0,654.7,27.799999999999955,682.5,1278.2,667.4,3.300000000000068,670.7,1647.1,-1.099999999999909,1646.0,1647.4,6.2000000000000455,1652.2,,,59.9,15.4,0.0,0.0,0.0,127.5,0.0,0.5,0.0,1.9127,0.5099,0.0,0.0,0.0,0.0,0.0,0.0,0.0,0.0,0.0,0.0,0.3201,0.0,0.0,0.0,0.0,0.0832,0.1364,0.1114,0.0358,0.0202,0.0042,0.0,0.84,6.17,3.41,41.22,21.52,0,MOD-00632,2025-04-15T17:14:29,2025-04-15T10:14:29,https://api.quant-aq.com/v1/devices/MOD-00632/data/raw/363825709
0,654.1,26.699999999999932,680.8,1273.2,667.6,3.6000000000000227,671.2,1647.2,-1.2000000000000455,1646.0,1647.4,6.0,1652.0,,,59.6,15.4,0.0,0.0,0.0,163.25,0.0,1.0,0.6,1.9839,0.4205,0.0,0.0,0.0,0.0,0.0,0.0,0.0,0.0,0.0,0.0,0.3089,0.0,0.0,0.0,0.0,0.1203,0.1728,0.0883,0.0361,0.032,0.02,0.004,0.87,10.31,3.78,40.99,21.51,0,MOD-00632,2025-04-15T17:13:29,2025-04-15T10:13:29,https://api.quant-aq.com/v1/devices/MOD-00632/data/raw/363825707
0,655.1,26.100000000000023,681.2,1273.3,667.7,3.2999999999999545,671.0,1647.3,-1.2999999999999545,1646.0,1647.5,6.0,1652.0,,,59.7,15.4,0.0,0.0,0.0,169.25,0.0,1.2,0.3,1.9738,0.3836,0.0,0.0,0.0,0.0,0.0,0.0,0.0,0.0,0.0,0.0,0.2957,0.0,0.0,0.0,0.0,0.1448,0.2003,0.0998,0.0561,0.016,0.0116,0.0,0.91,7.88,4.01,41.08,21.51,0,MOD-00632,2025-04-15T17:12:29,2025-04-15T10:12:29,https://api.quant-aq.com/v1/devices/MOD-00632/data/raw/363823372
0,653.0,27.600000000000023,680.6,1272.6,667.5,3.6000000000000227,671.1,1647.2,-1.1000000000001364,1646.1,1647.7,5.800000000000182,1651.9,,,59.8,15.4,0.0,0.0,0.0,163.75,0.0,0.3,0.3,2.177,0.3628,0.0,0.0,0.0,0.0,0.0,0.0,0.0,0.0,0.0,0.0,0.297,0.0,0.0,0.0,0.0,0.1592,0.1608,0.1,0.0477,0.0118,0.0163,0.0,0.9,7.86,3.74,41.19,21.54,0,MOD-00632,2025-04-15T17:11:29,2025-04-15T10:11:29,https://api.quant-aq.com/v1/devices/MOD-00632/data/raw/363823371
0,655.1,26.399999999999977,681.5,1275.3,667.6,3.5,671.1,1647.3,-1.0,1646.3,1647.6,6.0,1652.3,,,60.0,15.4,0.0,0.0,0.0,106.25,0.0,0.0,0.0,1.9161,0.3695,0.0,0.0,0.0,0.0,0.0,0.0,0.0,0.0,0.0,0.0,0.3305,0.0,0.0,0.0,0.0,0.1244,0.1294,0.0998,0.0287,0.0208,0.0082,0.0,0.83,6.45,3.29,41.26,21.49,0,MOD-00632,2025-04-15T17:10:29,2025-04-15T10:10:29,https://api.quant-aq.com/v1/devices/MOD-00632/data/raw/363823369
0,653.8,27.90000000000009,681.7,1274.5,667.1,3.2999999999999545,670.4,1647.5,-1.2999999999999545,1646.2,1647.6,6.0,1652.2,,,59.9,15.4,0.0,0.0,0.0,162.0,0.1,0.5,0.5,1.9654,0.3834,0.0,0.0,0.0,0.0,0.0,0.0,0.0,0.0,0.0,0.0,0.259,0.0,0.0,0.0,0.0,0.0814,0.1009,0.0621,0.0383,0.0156,0.0077,0.0,0.71,5.5,2.68,41.08,21.52,0,MOD-00632,2025-04-15T17:09:29,2025-04-15T10:09:29,https://api.quant-aq.com/v1/devices/MOD-00632/data/raw/363823370
0,654.6,27.399999999999977,682.0,1275.0,667.8,3.7000000000000455,671.5,1647.5,-1.400000000000091,1646.1,1647.8,6.2000000000000455,1652.3,,,59.5,15.3,0.0,0.0,0.0,135.25,0.0,0.0,0.0,1.9218,0.378,0.0037,0.0,0.0,0.0,0.0,0.0,0.0,0.0,0.0,0.0,0.2671,0.0,0.0,0.0,0.0,0.1058,0.1241,0.094,0.0264,0.0114,0.0151,0.0039,0.77,9.2,3.04,41.04,21.51,0,MOD-00632,2025-04-15T17:08:29,2025-04-15T10:08:29,https://api.quant-aq.com/v1/devices/MOD-00632/data/raw/363820959
0,655.7,26.799999999999955,682.5,1274.2,667.5,3.5,671.0,1647.4,-1.300000000000182,1646.1,1647.8,6.5,1652.6,,,60.1,15.3,0.0,0.0,0.0,202.25,0.2,0.7,0.7,1.874,0.3955,0.0,0.0,0.0,0.0,0.0,0.0,0.0,0.0,0.0,0.0,0.3493,0.0,0.0,0.0,0.0,0.0966,0.1122,0.1007,0.05,0.0038,0.0077,0.0039,0.81,6.79,3.23,41.39,21.49,0,MOD-00632,2025-04-15T17:07:29,2025-04-15T10:07:29,https://api.quant-aq.com/v1/devices/MOD-00632/data/raw/363820958
0,656.2,26.699999999999932,682.9,1272.3,667.5,3.2000000000000455,670.7,1647.5,-1.599999999999909,1645.9,1648.0,6.7999999999999545,1652.7,,,59.8,15.3,0.0,0.0,0.0,187.75,0.2,0.9,0.2,1.668,0.3708,0.0,0.0,0.0,0.0,0.0,0.0,0.0,0.0,0.0,0.0,0.2448,0.0,0.0,0.0,0.0,0.0852,0.1516,0.0968,0.0221,0.0152,0.0113,0.0,0.73,6.21,3.03,41.3,21.48,0,MOD-00632,2025-04-15T17:06:29,2025-04-15T10:06:29,https://api.quant-aq.com/v1/devices/MOD-00632/data/raw/363820957
0,654.0,29.5,683.5,1270.9,666.9,3.5,670.4,1647.4,-1.6000000000001364,1645.8,1648.1,6.7000000000000455,1652.5,,,59.9,15.3,0.0,0.0,0.0,167.25,0.2,0.8,0.2,1.9929,0.5011,0.0,0.0,0.0,0.0,0.0,0.0,0.0,0.0,0.0,0.0,0.2542,0.0,0.0,0.0,0.0,0.1172,0.152,0.0881,0.0267,0.0,0.0115,0.004,0.83,6.47,2.99,41.37,21.48,0,MOD-00632,2025-04-15T17:05:29,2025-04-15T10:05:29,https://api.quant-aq.com/v1/devices/MOD-00632/data/raw/363820956
0,653.2,28.699999999999932,681.9,1268.3,666.8,3.7000000000000455,670.5,1647.4,-1.6000000000001364,1645.8,1647.9,6.600000000000136,1652.4,,,60.2,15.3,0.0,0.0,0.0,190.25,0.3,0.9,0.6,2.241,0.3935,0.004,0.0,0.0,0.0,0.0,0.0,0.0,0.0,0.0,0.0,0.2754,0.0,0.0,0.0,0.0,0.1341,0.1748,0.1252,0.0321,0.0327,0.0038,0.0,0.9,9.05,3.94,41.69,21.44,0,MOD-00632,2025-04-15T17:04:29,2025-04-15T10:04:29,https://api.quant-aq.com/v1/devices/MOD-00632/data/raw/363818603
0,652.5,29.600000000000023,682.1,1273.5,667.9,3.7000000000000455,671.6,1647.3,-1.099999999999909,1646.2,1647.7,6.099999999999909,1652.3,,,61.0,15.3,0.0,0.0,0.0,225.5,0.1,1.2,0.8,1.9569,0.3333,0.0,0.0,0.0,0.0,0.0,0.0,0.0,0.0,0.0,0.0,0.3522,0.0,0.0,0.0,0.0,0.0821,0.0898,0.1052,0.0299,0.0114,0.0039,0.0,0.77,4.98,2.89,42.13,21.38,0,MOD-00632,2025-04-15T17:03:29,2025-04-15T10:03:29,https://api.quant-aq.com/v1/devices/MOD-00632/data/raw/363818601
0,652.2,30.299999999999955,682.5,1276.4,666.9,3.1000000000000227,670.0,1647.3,-0.7999999999999545,1646.5,1648.1,6.0,1652.5,,,61.5,15.3,0.0,0.0,0.0,159.5,0.0,0.8,0.2,1.9401,0.405,0.004,0.0,0.0,0.0,0.0,0.0,0.0,0.0,0.0,0.0,0.3528,0.0,0.0,0.0,0.0,0.104,0.1677,0.1239,0.0282,0.0161,0.0199,0.0,0.89,10.04,3.74,42.45,21.34,0,MOD-00632,2025-04-15T17:02:29,2025-04-15T10:02:29,https://api.quant-aq.com/v1/devices/MOD-00632/data/raw/363818602
0,653.4,31.300000000000068,684.7,1276.9,667.4,3.3999999999999773,670.8,1647.3,-0.8999999999998636,1646.4,1647.9,6.199999999999818,1652.6,,,61.4,15.2,0.0,0.0,0.0,136.5,0.0,0.6,0.0,2.1878,0.4779,0.0,0.0,0.0,0.0,0.0,0.0,0.0,0.0,0.0,0.0,0.3523,0.0,0.0,0.0,0.0,0.1466,0.18,0.1311,0.0123,0.0081,0.0084,0.0,0.99,5.98,3.59,42.41,21.31,0,MOD-00632,2025-04-15T17:01:29,2025-04-15T10:01:29,https://api.quant-aq.com/v1/devices/MOD-00632/data/raw/363818600
0,654.3,32.30000000000007,686.6,1276.9,667.1,2.8999999999999773,670.0,1647.3,-0.7999999999999545,1646.5,1648.0,6.2999999999999545,1652.8,,,61.3,15.2,0.0,0.0,0.0,130.25,0.0,0.6,0.2,1.9914,0.3916,0.0,0.0041,0.0,0.0,0.0,0.0,0.0,0.0,0.0,0.0,0.3445,0.0,0.0,0.0,0.0,0.1093,0.1302,0.1388,0.0505,0.0043,0.0128,0.0042,0.87,10.8,3.78,42.27,21.27,0,MOD-00632,2025-04-15T17:00:29,2025-04-15T10:00:29,https://api.quant-aq.com/v1/devices/MOD-00632/data/raw/363816245
0,654.1,29.600000000000023,683.7,1273.2,666.6,3.2999999999999545,669.9,1647.5,-1.2999999999999545,1646.2,1647.9,6.2000000000000455,1652.4,,,61.3,15.1,0.0,0.0,0.0,156.25,0.0,0.6,0.3,2.0743,0.4462,0.0,0.0,0.0,0.0,0.0,0.0,0.0,0.0,0.0,0.0,0.2967,0.0,0.0,0.0,0.0,0.1303,0.1174,0.118,0.0358,0.0079,0.0198,0.0,0.85,7.68,3.45,42.26,21.26,0,MOD-00632,2025-04-15T16:59:29,2025-04-15T09:59:29,https://api.quant-aq.com/v1/devices/MOD-00632/data/raw/363816246
0,654.3,27.200000000000045,681.5,1273.2,666.3,2.900000000000091,669.2,1647.7,-1.5,1646.2,1647.9,6.2000000000000455,1652.4,,,61.5,15.1,0.0,0.0,0.0,126.75,0.0,0.4,0.1,1.8284,0.3758,0.0,0.0,0.0,0.0,0.0,0.0,0.0,0.0,0.0,0.0,0.2393,0.0,0.0,0.0,0.0,0.1262,0.1797,0.1446,0.0355,0.0242,0.0123,0.0,0.84,8.26,4.04,42.16,21.23,0,MOD-00632,2025-04-15T16:58:29,2025-04-15T09:58:29,https://api.quant-aq.com/v1/devices/MOD-00632/data/raw/363816247
0,652.7,28.09999999999991,680.8,1274.6,667.7,3.2999999999999545,671.0,1647.3,-1.2999999999999545,1646.0,1647.8,6.2999999999999545,1652.3,,,61.0,15.1,0.0,0.0,0.0,162.25,0.0,0.8,0.7,1.9738,0.377,0.0,0.0,0.0,0.0,0.0,0.0,0.0,0.0,0.0,0.0,0.212,0.0,0.0,0.0,0.0,0.1494,0.1107,0.0961,0.0458,0.0112,0.0037,0.0,0.77,5.48,3.17,42.07,21.24,0,MOD-00632,2025-04-15T16:57:29,2025-04-15T09:57:29,https://api.quant-aq.com/v1/devices/MOD-00632/data/raw/363816244
0,652.0,29.5,681.5,1273.9,668.0,3.2000000000000455,671.2,1647.3,-1.099999999999909,1646.2,1647.7,5.899999999999864,1652.1,,,61.6,15.1,0.0,0.0,0.0,182.75,0.0,0.6,0.4,2.2061,0.4061,0.0083,0.0,0.0,0.0,0.0,0.0,0.0,0.0,0.0,0.0,0.2995,0.0,0.0,0.0,0.0,0.1032,0.1475,0.0894,0.0621,0.0081,0.004,0.0,0.85,9.47,3.49,42.25,21.2,0,MOD-00632,2025-04-15T16:56:29,2025-04-15T09:56:29,https://api.quant-aq.com/v1/devices/MOD-00632/data/raw/363813878
0,655.4,27.5,682.9,1275.4,666.9,3.3999999999999773,670.3,1647.3,-0.8999999999998636,1646.4,1647.9,5.699999999999818,1652.1,,,62.1,15.0,0.0,0.0,0.0,164.25,0.0,1.1,0.6,2.0907,0.4177,0.0,0.0,0.0,0.0,0.0,0.0,0.0,0.0,0.0,0.0,0.2644,0.0,0.0,0.0,0.0,0.0855,0.1237,0.1196,0.0514,0.0043,0.0129,0.0,0.8,6.81,3.44,42.72,21.17,0,MOD-00632,2025-04-15T16:55:29,2025-04-15T09:55:29,https://api.quant-aq.com/v1/devices/MOD-00632/data/raw/363813875
0,654.9,28.399999999999977,683.3,1273.8,666.5,3.0,669.5,1647.3,-1.0,1646.3,1647.7,6.2000000000000455,1652.5,,,62.2,15.0,0.0,0.0,0.0,146.25,0.0,0.2,0.2,1.7968,0.4381,0.0,0.0,0.0,0.0,0.0,0.0,0.0,0.0,0.0,0.0,0.1854,0.0,0.0,0.0,0.0,0.0851,0.1071,0.0745,0.0311,0.0158,0.0079,0.0038,0.67,6.48,2.69,42.7,21.14,0,MOD-00632,2025-04-15T16:54:29,2025-04-15T09:54:29,https://api.quant-aq.com/v1/devices/MOD-00632/data/raw/363813877
0,654.1,29.199999999999932,683.3,1273.8,667.8,3.1000000000000227,670.9,1647.4,-1.2000000000000455,1646.2,1647.8,6.2999999999999545,1652.5,,,62.2,14.9,0.0,0.0,0.0,138.25,0.0,0.6,0.5,2.1548,0.313,0.0,0.0,0.0,0.0,0.0,0.0,0.0,0.0,0.0,0.0,0.2509,0.0,0.0,0.0,0.0,0.1184,0.1394,0.0918,0.0229,0.0078,0.0078,0.0039,0.79,6.26,2.94,42.64,21.13,0,MOD-00632,2025-04-15T16:53:29,2025-04-15T09:53:29,https://api.quant-aq.com/v1/devices/MOD-00632/data/raw/363813876
0,653.5,29.200000000000045,682.7,1267.4,666.5,3.5,670.0,1647.4,-1.300000000000182,1646.1,1647.8,6.100000000000136,1652.2,,,62.0,14.9,0.0,0.0,0.0,135.25,0.0,0.6,0.6,1.9257,0.3381,0.0,0.0,0.0,0.0,0.0,0.0,0.0,0.0,0.0,0.0,0.2529,0.0,0.0,0.0,0.0,0.1253,0.1105,0.0678,0.0247,0.0142,0.0036,0.0036,0.74,5.59,2.64,42.48,21.1,0,MOD-00632,2025-04-15T16:52:29,2025-04-15T09:52:29,https://api.quant-aq.com/v1/devices/MOD-00632/data/raw/363811559
0,654.3,28.700000000000045,683.0,1270.2,666.7,3.5,670.2,1647.7,-1.6000000000001364,1646.1,1647.9,5.900000000000091,1652.0,,,62.0,14.9,0.0,0.0,0.0,149.75,0.0,0.6,0.6,1.8948,0.3184,0.0,0.0,0.0,0.0,0.0,0.0,0.0,0.0,0.0,0.0,0.1962,0.0,0.0,0.0,0.0,0.05,0.1007,0.0538,0.0321,0.0178,0.0071,0.0,0.61,5.09,2.37,42.72,21.07,0,MOD-00632,2025-04-15T16:51:29,2025-04-15T09:51:29,https://api.quant-aq.com/v1/devices/MOD-00632/data/raw/363811558
0,653.5,28.700000000000045,682.2,1274.7,667.0,3.0,670.0,1647.3,-0.8999999999998636,1646.4,1647.8,5.699999999999818,1652.1,,,62.7,14.9,0.0,0.0,0.0,177.25,0.0,0.6,0.6,1.6916,0.3471,0.0039,0.0,0.0,0.0,0.0,0.0,0.0,0.0,0.0,0.0,0.1819,0.0,0.0,0.0,0.0,0.0529,0.0775,0.0909,0.0305,0.0156,0.0074,0.0,0.58,6.94,2.54,43.11,21.04,0,MOD-00632,2025-04-15T16:50:29,2025-04-15T09:50:29,https://api.quant-aq.com/v1/devices/MOD-00632/data/raw/363811556
0,653.9,29.0,682.9,1274.9,666.7,3.099999999999909,669.8,1647.5,-0.900000000000091,1646.6,1648.0,5.7000000000000455,1652.3,,,63.0,14.9,0.0,0.0,0.0,197.75,0.5,1.1,0.8,2.3758,0.3117,0.0,0.0,0.0,0.0,0.0,0.0,0.0,0.0,0.0,0.0,0.2348,0.0,0.0,0.0,0.0,0.0851,0.1296,0.0686,0.0563,0.0202,0.0,0.0,0.76,5.49,3.12,43.25,21.03,0,MOD-00632,2025-04-15T16:49:29,2025-04-15T09:49:29,https://api.quant-aq.com/v1/devices/MOD-00632/data/raw/363811557
0,653.4,28.700000000000045,682.1,1273.3,667.2,3.099999999999909,670.3,1647.7,-1.1000000000001364,1646.6,1647.8,5.800000000000182,1652.4,,,62.7,14.8,0.0,0.0,0.0,198.5,0.2,1.4,0.6,2.1382,0.3135,0.0041,0.0,0.0,0.0,0.0,0.0,0.0,0.0,0.0,0.0,0.257,0.0,0.0,0.0,0.0,0.1219,0.1349,0.0971,0.0245,0.0082,0.008,0.0041,0.79,8.24,3.02,43.13,20.97,0,MOD-00632,2025-04-15T16:48:29,2025-04-15T09:48:29,https://api.quant-aq.com/v1/devices/MOD-00632/data/raw/363809152
0,656.1,27.399999999999977,683.5,1274.3,667.4,3.300000000000068,670.7,1647.7,-0.900000000000091,1646.8,1648.1,5.900000000000091,1652.7,,,63.0,14.8,0.0,0.0,0.0,205.5,0.2,0.9,0.7,2.088,0.3339,0.0039,0.0,0.0,0.0,0.0,0.0,0.0,0.0,0.0,0.0,0.2549,0.0,0.0,0.0,0.0,0.0793,0.1223,0.0745,0.0195,0.008,0.0118,0.004,0.73,8.06,2.61,43.11,20.97,0,MOD-00632,2025-04-15T16:47:29,2025-04-15T09:47:29,https://api.quant-aq.com/v1/devices/MOD-00632/data/raw/363809153
0,656.6,28.0,684.6,1274.8,667.2,2.8999999999999773,670.1,1648.0,-1.2999999999999545,1646.7,1648.4,6.2000000000000455,1652.9,,,62.6,14.8,0.0,0.0,0.0,151.0,0.0,0.7,0.2,1.8437,0.2423,0.0,0.0,0.0,0.0,0.0,0.0,0.0,0.0,0.0,0.0,0.2183,0.0,0.0,0.0,0.0,0.0771,0.0889,0.0809,0.0241,0.0082,0.008,0.0,0.62,4.69,2.4,42.87,20.95,0,MOD-00632,2025-04-15T16:46:29,2025-04-15T09:46:29,https://api.quant-aq.com/v1/devices/MOD-00632/data/raw/363809155
0,655.9,28.700000000000045,684.6,1268.3,667.3,3.0,670.3,1647.9,-1.5,1646.4,1648.4,6.599999999999909,1653.0,,,62.2,14.8,0.0,0.0,0.0,203.75,0.3,1.0,1.0,1.8994,0.3071,0.0038,0.0,0.0,0.0,0.0,0.0,0.0,0.0,0.0,0.0,0.2502,0.0,0.0,0.0,0.0,0.0842,0.1067,0.0999,0.0307,0.0038,0.0117,0.0,0.7,7.2,2.81,42.72,20.96,0,MOD-00632,2025-04-15T16:45:29,2025-04-15T09:45:29,https://api.quant-aq.com/v1/devices/MOD-00632/data/raw/363809154
0,657.2,28.299999999999955,685.5,1269.2,666.5,3.0,669.5,1648.0,-1.599999999999909,1646.4,1648.6,6.5,1652.9,,,62.0,14.8,0.0,0.0,0.0,205.75,0.1,0.8,0.7,2.0065,0.2981,0.0,0.0,0.0,0.0,0.0,0.0,0.0,0.0,0.0,0.0,0.2418,0.0,0.0,0.0,0.0,0.0544,0.1013,0.0706,0.0272,0.0198,0.0078,0.0,0.66,5.47,2.57,42.66,20.92,0,MOD-00632,2025-04-15T16:44:29,2025-04-15T09:44:29,https://api.quant-aq.com/v1/devices/MOD-00632/data/raw/363806797
0,653.6,32.60000000000002,686.2,1271.0,666.7,3.5,670.2,1648.1,-1.599999999999909,1646.5,1648.6,6.400000000000091,1652.9,,,62.3,14.8,0.0,0.0,0.0,240.25,0.3,1.3,1.2,2.0578,0.2971,0.0,0.0,0.0,0.0,0.0,0.0,0.0,0.0,0.0,0.0,0.2283,0.0,0.0,0.0,0.0,0.1045,0.0965,0.0935,0.0112,0.0,0.0152,0.0081,0.7,7.29,2.5,42.96,20.9,0,MOD-00632,2025-04-15T16:43:29,2025-04-15T09:43:29,https://api.quant-aq.com/v1/devices/MOD-00632/data/raw/363806795
0,652.8,33.90000000000009,686.7,1273.3,667.6,3.1000000000000227,670.7,1647.9,-1.1000000000001364,1646.8,1648.8,6.2999999999999545,1653.1,,,62.9,14.8,0.0,0.0,0.0,174.5,0.0,0.6,0.2,1.9597,0.2619,0.0,0.0,0.0,0.0,0.0,0.0,0.0,0.0,0.0,0.0,0.2066,0.0,0.0,0.0,0.0,0.1053,0.1211,0.0898,0.0472,0.0119,0.0231,0.0118,0.7,11.39,3.29,43.43,20.86,0,MOD-00632,2025-04-15T16:42:29,2025-04-15T09:42:29,https://api.quant-aq.com/v1/devices/MOD-00632/data/raw/363806794
0,653.6,35.10000000000002,688.7,1274.3,666.9,3.5,670.4,1648.1,-1.2999999999999545,1646.8,1648.8,6.2000000000000455,1653.0,,,63.4,14.8,0.0,0.0,0.0,148.5,0.0,0.4,0.4,2.2045,0.3213,0.0,0.0,0.0,0.0,0.0,0.0,0.0,0.0,0.0,0.0,0.2405,0.0,0.0,0.0,0.0,0.0711,0.125,0.1092,0.0206,0.0208,0.0084,0.0041,0.74,7.24,3.07,43.91,20.78,0,MOD-00632,2025-04-15T16:41:29,2025-04-15T09:41:29,https://api.quant-aq.com/v1/devices/MOD-00632/data/raw/363806796
0,653.9,32.89999999999998,686.8,1272.6,667.1,2.8999999999999773,670.0,1648.3,-0.8999999999998636,1647.4,1648.8,6.099999999999909,1653.5,,,64.5,14.7,0.0,0.0,0.0,135.75,0.0,0.3,0.3,2.2214,0.3394,0.0,0.0,0.0,0.0,0.0,0.0,0.0,0.0,0.0,0.0,0.1819,0.0,0.0,0.0,0.0,0.0717,0.1186,0.0929,0.0209,0.0255,0.0168,0.0,0.69,7.38,2.97,44.41,20.71,0,MOD-00632,2025-04-15T16:40:29,2025-04-15T09:40:29,https://api.quant-aq.com/v1/devices/MOD-00632/data/raw/363804464
0,654.3,36.700000000000045,691.0,1271.0,667.0,2.7999999999999545,669.8,1648.3,-1.0,1647.3,1649.1,6.400000000000091,1653.7,,,64.3,14.6,0.0,0.0,0.0,199.0,0.1,1.0,0.4,2.226,0.3343,0.0041,0.0,0.0,0.0,0.0,0.0,0.0,0.0,0.0,0.0,0.2885,0.0,0.0,0.0,0.0,0.0838,0.125,0.0753,0.0461,0.0041,0.0166,0.0,0.78,8.39,3.01,44.27,20.62,0,MOD-00632,2025-04-15T16:39:29,2025-04-15T09:39:29,https://api.quant-aq.com/v1/devices/MOD-00632/data/raw/363804466
0,653.4,42.0,695.4,1270.2,667.5,2.7999999999999545,670.3,1648.0,-1.0,1647.0,1648.9,6.599999999999909,1653.6,,,64.1,14.6,0.0,0.0,0.0,207.5,0.4,0.8,0.4,1.8772,0.2807,0.0,0.0042,0.0,0.0,0.0,0.0,0.0,0.0,0.0,0.0,0.2163,0.0,0.0,0.0,0.0,0.0842,0.1102,0.0892,0.0297,0.017,0.0085,0.0,0.67,8.3,2.81,44.21,20.61,0,MOD-00632,2025-04-15T16:38:29,2025-04-15T09:38:29,https://api.quant-aq.com/v1/devices/MOD-00632/data/raw/363804465
0,651.2,32.299999999999955,683.5,1271.9,666.6,2.5,669.1,1647.9,-1.1000000000001364,1646.8,1648.9,6.600000000000136,1653.4,,,63.9,14.5,0.0,0.0,0.0,126.25,0.0,0.3,0.0,2.2597,0.2896,0.0,0.0,0.0,0.0,0.0,0.0,0.0,0.0,0.0,0.0,0.179,0.0,0.0,0.0,0.0,0.0851,0.1015,0.1023,0.0166,0.0168,0.013,0.0,0.68,6.16,2.77,44.23,20.54,0,MOD-00632,2025-04-15T16:37:29,2025-04-15T09:37:29,https://api.quant-aq.com/v1/devices/MOD-00632/data/raw/363804463
0,651.6,31.199999999999932,682.8,1267.8,666.7,3.3999999999999773,670.1,1648.0,-1.2999999999999545,1646.7,1648.9,6.2999999999999545,1653.0,,,64.4,14.4,0.0,0.0,0.0,150.5,0.0,0.1,0.0,2.2544,0.3525,0.0,0.0,0.0,0.0,0.0,0.0,0.0,0.0,0.0,0.0,0.1993,0.0,0.0,0.0,0.0,0.0904,0.0593,0.0908,0.0432,0.0,0.0044,0.0,0.68,4.25,2.54,44.48,20.44,0,MOD-00632,2025-04-15T16:36:29,2025-04-15T09:36:29,https://api.quant-aq.com/v1/devices/MOD-00632/data/raw/363802097
0,651.3,31.90000000000009,683.2,1275.9,666.8,3.1000000000000227,669.9,1647.7,-0.900000000000091,1646.8,1649.0,6.400000000000091,1653.2,,,65.5,14.4,0.0,0.0,0.0,139.75,0.0,0.1,0.1,2.2041,0.357,0.0,0.0,0.0,0.0,0.0,0.0,0.0,0.0,0.0,0.0,0.2117,0.0,0.0,0.0,0.0,0.0878,0.0956,0.1037,0.021,0.0042,0.0,0.0,0.72,3.6,2.57,45.24,20.4,0,MOD-00632,2025-04-15T16:35:29,2025-04-15T09:35:29,https://api.quant-aq.com/v1/devices/MOD-00632/data/raw/363802095
0,652.5,30.5,683.0,1271.4,667.0,2.7999999999999545,669.8,1647.8,-0.599999999999909,1647.2,1648.7,6.2000000000000455,1653.4,,,66.2,14.3,0.0,0.0,0.0,105.75,0.0,0.4,0.0,1.8899,0.3215,0.0,0.004,0.0,0.0,0.0,0.0,0.0,0.0,0.0,0.0,0.2144,0.0,0.0,0.0,0.0,0.0519,0.0873,0.1067,0.0318,0.0041,0.0,0.0039,0.64,7.26,2.58,45.64,20.3,0,MOD-00632,2025-04-15T16:34:29,2025-04-15T09:34:29,https://api.quant-aq.com/v1/devices/MOD-00632/data/raw/363802093
0,653.0,30.799999999999955,683.8,1271.3,666.2,2.699999999999932,668.9,1647.6,-0.6999999999998181,1646.9,1648.8,6.399999999999864,1653.3,,,66.3,14.2,0.0,0.0,0.0,207.75,0.4,1.0,0.6,2.0782,0.215,0.004,0.0,0.0,0.0,0.0,0.0,0.0,0.0,0.0,0.0,0.1998,0.0,0.0,0.0,0.0,0.0695,0.0889,0.1068,0.0222,0.0183,0.0071,0.0,0.64,7.21,2.73,45.68,20.21,0,MOD-00632,2025-04-15T16:33:29,2025-04-15T09:33:29,https://api.quant-aq.com/v1/devices/MOD-00632/data/raw/363802091
0,652.0,31.600000000000023,683.6,1271.3,666.2,3.0,669.2,1647.5,-0.599999999999909,1646.9,1648.3,6.0,1652.9,,,66.8,14.1,0.0,0.0,0.0,173.5,0.2,0.7,0.5,2.1794,0.2709,0.0,0.0,0.0,0.0,0.0,0.0,0.0,0.0,0.0,0.0,0.1829,0.0,0.0,0.0,0.0,0.0887,0.108,0.0872,0.0236,0.0,0.011,0.0114,0.68,7.86,2.56,45.79,20.15,0,MOD-00632,2025-04-15T16:32:29,2025-04-15T09:32:29,https://api.quant-aq.com/v1/devices/MOD-00632/data/raw/363799711
0,650.6,33.19999999999993,683.8,1272.0,666.3,2.900000000000091,669.2,1647.4,-0.3000000000001819,1647.1,1648.2,5.800000000000182,1652.9,,,67.3,14.0,0.0,0.0,0.0,227.25,0.3,0.7,0.5,2.41,0.2501,0.0,0.0039,0.0,0.0,0.0,0.0,0.0,0.0,0.0,0.0,0.1951,0.0,0.0,0.0,0.0,0.1114,0.0911,0.0561,0.028,0.016,0.004,0.0,0.69,6.95,2.43,46.31,20.02,0,MOD-00632,2025-04-15T16:31:29,2025-04-15T09:31:29,https://api.quant-aq.com/v1/devices/MOD-00632/data/raw/363799709
0,652.2,30.0,682.2,1273.3,666.4,2.5,668.9,1647.2,-0.2999999999999545,1646.9,1648.1,5.7999999999999545,1652.7,,,67.1,14.0,0.0,0.0,0.0,159.75,0.0,0.8,0.4,2.0401,0.2707,0.0,0.0,0.0,0.0,0.0,0.0,0.0,0.0,0.0,0.0,0.1989,0.0,0.0,0.0,0.0,0.1156,0.0836,0.0835,0.0359,0.0119,0.008,0.0079,0.67,7.52,2.75,46.38,19.93,0,MOD-00632,2025-04-15T16:30:29,2025-04-15T09:30:29,https://api.quant-aq.com/v1/devices/MOD-00632/data/raw/363799708
0,651.9,30.399999999999977,682.3,1270.0,666.2,2.699999999999932,668.9,1647.2,-0.10000000000013642,1647.1,1648.0,5.5,1652.6,,,67.8,13.9,0.0,0.0,0.0,156.25,0.0,0.5,0.4,2.4437,0.2733,0.0,0.0,0.0,0.0,0.0,0.0,0.0,0.0,0.0,0.0,0.2123,0.0,0.0,0.0,0.0,0.0739,0.1224,0.0489,0.0082,0.0123,0.0081,0.0204,0.7,9.82,2.29,46.72,19.86,0,MOD-00632,2025-04-15T16:29:29,2025-04-15T09:29:29,https://api.quant-aq.com/v1/devices/MOD-00632/data/raw/363799710
0,651.7,29.5,681.2,1271.9,666.2,2.099999999999909,668.3,1647.3,-0.20000000000004547,1647.1,1647.8,5.600000000000136,1652.7,,,67.8,13.8,0.0,0.0,0.0,137.75,0.0,0.6,0.0,2.3238,0.3023,0.0,0.0,0.0,0.0,0.0,0.0,0.0,0.0,0.0,0.0,0.1855,0.0,0.0,0.0,0.0,0.0885,0.1084,0.0566,0.0277,0.0,0.0122,0.0,0.69,4.72,2.32,46.56,19.79,0,MOD-00632,2025-04-15T16:28:29,2025-04-15T09:28:29,https://api.quant-aq.com/v1/devices/MOD-00632/data/raw/363797381
0,654.3,28.300000000000068,682.6,1273.6,666.5,2.8999999999999773,669.4,1647.2,-0.5,1646.7,1647.8,5.599999999999909,1652.3,,,67.2,13.7,0.0,0.0,0.0,180.0,0.0,1.1,0.3,2.4407,0.2447,0.004,0.0,0.0,0.0,0.0,0.0,0.0,0.0,0.0,0.0,0.2242,0.0,0.0,0.0,0.0,0.0762,0.1002,0.1246,0.0239,0.0122,0.0161,0.0041,0.73,9.64,3.1,46.25,19.74,0,MOD-00632,2025-04-15T16:27:29,2025-04-15T09:27:29,https://api.quant-aq.com/v1/devices/MOD-00632/data/raw/363797384
0,652.9,29.700000000000045,682.6,1272.1,665.9,2.1000000000000227,668.0,1647.3,-0.2999999999999545,1647.0,1647.8,5.7000000000000455,1652.7,,,67.5,13.7,0.0,0.0,0.0,194.0,0.1,0.4,0.3,2.1614,0.2425,0.0039,0.0,0.0,0.0,0.0,0.0,0.0,0.0,0.0,0.0,0.1799,0.0,0.0,0.0,0.0,0.0467,0.0977,0.0588,0.0195,0.0078,0.0,0.0039,0.6,5.76,2.04,46.31,19.71,0,MOD-00632,2025-04-15T16:26:29,2025-04-15T09:26:29,https://api.quant-aq.com/v1/devices/MOD-00632/data/raw/363797383
0,653.3,29.0,682.3,1270.0,667.0,2.7999999999999545,669.8,1647.3,-0.7000000000000455,1646.6,1647.9,5.7000000000000455,1652.3,,,67.0,13.7,0.0,0.0,0.0,199.5,0.3,1.8,0.8,2.3455,0.3147,0.0,0.0,0.0,0.0,0.0,0.0,0.0,0.0,0.0,0.0,0.1966,0.0,0.0,0.0,0.0,0.0797,0.0963,0.0872,0.0161,0.008,0.0162,0.004,0.69,6.89,2.55,46.03,19.67,0,MOD-00632,2025-04-15T16:25:29,2025-04-15T09:25:29,https://api.quant-aq.com/v1/devices/MOD-00632/data/raw/363797382
0,654.6,29.199999999999932,683.8,1270.0,666.4,2.6000000000000227,669.0,1647.3,-0.7000000000000455,1646.6,1647.9,5.800000000000182,1652.4,,,67.2,13.7,0.0,0.0,0.0,141.25,0.0,0.8,0.2,2.4226,0.2473,0.0,0.0,0.0,0.0,0.0,0.0,0.0,0.0,0.0,0.0,0.184,0.0,0.0,0.0,0.0,0.0596,0.0918,0.0442,0.012,0.0,0.0122,0.0,0.63,3.91,1.83,46.24,19.67,0,MOD-00632,2025-04-15T16:24:29,2025-04-15T09:24:29,https://api.quant-aq.com/v1/devices/MOD-00632/data/raw/363795012
0,652.5,32.39999999999998,684.9,1267.2,665.7,2.699999999999932,668.4,1647.2,-0.6000000000001364,1646.6,1648.0,5.900000000000091,1652.5,,,67.4,13.6,0.0,0.0,0.0,166.75,0.0,0.4,0.3,2.1817,0.259,0.0,0.0,0.0,0.0,0.0,0.0,0.0,0.0,0.0,0.0,0.149,0.0,0.0,0.0,0.0,0.0688,0.0682,0.0647,0.0413,0.0153,0.0076,0.0038,0.59,6.27,2.44,46.16,19.67,0,MOD-00632,2025-04-15T16:23:29,2025-04-15T09:23:29,https://api.quant-aq.com/v1/devices/MOD-00632/data/raw/363795010
0,652.1,30.100000000000023,682.2,1269.9,666.0,2.7000000000000455,668.7,1647.0,-0.599999999999909,1646.4,1647.8,5.7999999999999545,1652.2,,,67.4,13.6,0.0,0.0,0.0,205.5,0.2,1.1,0.6,2.2982,0.2292,0.0039,0.0,0.0,0.0,0.0,0.0,0.0,0.0,0.0,0.0,0.1706,0.0,0.0,0.0,0.0,0.0673,0.0755,0.0674,0.0356,0.0118,0.0039,0.008,0.61,8.22,2.39,46.41,19.62,0,MOD-00632,2025-04-15T16:22:29,2025-04-15T09:22:29,https://api.quant-aq.com/v1/devices/MOD-00632/data/raw/363795011
0,652.6,29.199999999999932,681.8,1269.9,665.9,2.7000000000000455,668.6,1647.1,-0.5,1646.6,1647.8,5.5,1652.1,,,67.7,13.6,0.0,0.0,0.0,215.0,0.2,1.3,0.9,2.5404,0.3009,0.0,0.0,0.0,0.0,0.0,0.0,0.0,0.0,0.0,0.0,0.1682,0.0,0.0,0.0,0.0,0.0718,0.0889,0.1091,0.0322,0.0081,0.0041,0.0,0.7,4.77,2.77,46.69,19.6,0,MOD-00632,2025-04-15T16:21:29,2025-04-15T09:21:29,https://api.quant-aq.com/v1/devices/MOD-00632/data/raw/363795009
0,650.8,30.600000000000023,681.4,1271.0,665.7,3.099999999999909,668.8,1647.1,-0.599999999999909,1646.5,1647.6,5.2999999999999545,1651.8,,,68.2,13.6,0.0,0.0,0.0,213.5,0.2,0.4,0.4,2.5122,0.2562,0.0,0.0038,0.0038,0.0,0.0,0.0,0.0,0.0,0.0,0.0,0.1442,0.0,0.0,0.0,0.0,0.063,0.1244,0.0971,0.0775,0.0155,0.0194,0.0039,0.69,14.95,3.65,47.01,19.57,0,MOD-00632,2025-04-15T16:20:29,2025-04-15T09:20:29,https://api.quant-aq.com/v1/devices/MOD-00632/data/raw/363792566
0,651.9,30.0,681.9,1271.3,666.0,2.8999999999999773,668.9,1646.8,0.10000000000013642,1646.9,1647.6,4.899999999999864,1651.8,,,69.2,13.5,0.0,0.0,0.0,127.25,0.0,0.1,0.1,2.8207,0.2596,0.0,0.0,0.0,0.0,0.0,0.0,0.0,0.0,0.0,0.0,0.2151,0.0,0.0,0.0,0.0,0.064,0.0876,0.1122,0.0437,0.0121,0.004,0.0,0.74,5.44,3.04,47.48,19.53,0,MOD-00632,2025-04-15T16:19:29,2025-04-15T09:19:29,https://api.quant-aq.com/v1/devices/MOD-00632/data/raw/363792567
0,652.7,29.899999999999977,682.6,1269.8,665.8,2.2000000000000455,668.0,1647.1,-0.1999999999998181,1646.9,1647.6,5.099999999999909,1652.0,,,69.4,13.5,0.0,0.0,0.0,130.75,0.0,0.1,0.1,2.2172,0.2452,0.0,0.0,0.0,0.0,0.0,0.0,0.0,0.0,0.0,0.0,0.1504,0.0,0.0,0.0,0.0,0.0866,0.0869,0.0834,0.0465,0.0118,0.0079,0.0038,0.63,6.63,2.78,47.48,19.5,0,MOD-00632,2025-04-15T16:18:29,2025-04-15T09:18:29,https://api.quant-aq.com/v1/devices/MOD-00632/data/raw/363792569
0,652.3,28.700000000000045,681.0,1271.0,665.4,2.800000000000068,668.2,1646.8,0.0,1646.8,1647.4,5.100000000000136,1651.9,,,69.3,13.4,0.0,0.0,0.0,258.5,0.4,1.3,1.0,2.5874,0.2837,0.0,0.0,0.0,0.0,0.0,0.0,0.0,0.0,0.0,0.0,0.1834,0.0,0.0,0.0,0.0,0.0857,0.1007,0.0812,0.0427,0.0079,0.0115,0.0038,0.72,6.92,2.84,47.43,19.49,0,MOD-00632,2025-04-15T16:17:29,2025-04-15T09:17:29,https://api.quant-aq.com/v1/devices/MOD-00632/data/raw/363792568
0,653.9,27.300000000000068,681.2,1271.4,666.5,2.8999999999999773,669.4,1646.7,0.0,1646.7,1647.4,5.0,1651.7,,,69.4,13.4,0.0,0.0,0.0,198.0,0.0,0.4,0.4,2.7644,0.2851,0.0042,0.004,0.0,0.0,0.0,0.0,0.0,0.0,0.0,0.0,0.2062,0.0,0.0,0.0,0.0,0.0618,0.094,0.1009,0.0248,0.0038,0.0245,0.0042,0.73,12.54,2.82,47.51,19.46,0,MOD-00632,2025-04-15T16:16:29,2025-04-15T09:16:29,https://api.quant-aq.com/v1/devices/MOD-00632/data/raw/363790186
0,654.2,27.699999999999932,681.9,1267.2,665.7,2.5,668.2,1647.0,-0.20000000000004547,1646.8,1647.3,5.100000000000136,1651.9,,,69.5,13.4,0.0,0.0,0.0,234.75,0.7,1.3,1.3,2.466,0.293,0.0036,0.0,0.0,0.0,0.0,0.0,0.0,0.0,0.0,0.0,0.2102,0.0,0.0,0.0,0.0,0.0639,0.1358,0.1201,0.0263,0.0113,0.0262,0.0114,0.75,13.06,3.36,47.55,19.44,0,MOD-00632,2025-04-15T16:15:29,2025-04-15T09:15:29,https://api.quant-aq.com/v1/devices/MOD-00632/data/raw/363790183
0,653.8,27.40000000000009,681.2,1271.3,666.0,2.2999999999999545,668.3,1646.9,0.0,1646.9,1647.5,4.7999999999999545,1651.7,,,69.4,13.4,0.0,0.0,0.0,208.0,0.0,0.8,0.8,2.3698,0.2975,0.0,0.0,0.0038,0.0,0.0,0.0,0.0,0.0,0.0,0.0,0.1761,0.0,0.0,0.0,0.0,0.0636,0.1291,0.1108,0.0356,0.008,0.0078,0.0041,0.71,9.38,3.05,47.43,19.41,0,MOD-00632,2025-04-15T16:14:29,2025-04-15T09:14:29,https://api.quant-aq.com/v1/devices/MOD-00632/data/raw/363790184
0,652.5,28.100000000000023,680.6,1269.1,666.3,2.6000000000000227,668.9,1646.8,0.0,1646.8,1647.3,5.0,1651.8,,,69.2,13.4,0.0,0.0,0.0,212.0,0.0,0.6,0.6,2.436,0.3223,0.0,0.0,0.0,0.0,0.0,0.0,0.0,0.0,0.0,0.0,0.1623,0.0,0.0,0.0,0.0,0.0774,0.081,0.0956,0.0257,0.0147,0.0115,0.0,0.68,5.87,2.68,47.35,19.43,0,MOD-00632,2025-04-15T16:13:29,2025-04-15T09:13:29,https://api.quant-aq.com/v1/devices/MOD-00632/data/raw/363790185
0,653.7,27.59999999999991,681.3,1271.6,665.1,2.7999999999999545,667.9,1647.1,-0.2999999999999545,1646.8,1647.2,4.900000000000091,1651.7,,,69.1,13.4,0.0,0.0,0.0,205.5,0.4,0.9,0.8,2.6108,0.2737,0.0,0.0,0.0,0.0,0.0,0.0,0.0,0.0,0.0,0.0,0.1671,0.0,0.0,0.0,0.0,0.0494,0.1027,0.0911,0.0264,0.0229,0.0,0.0,0.68,4.78,2.7,47.24,19.4,0,MOD-00632,2025-04-15T16:12:29,2025-04-15T09:12:29,https://api.quant-aq.com/v1/devices/MOD-00632/data/raw/363787853
0,654.7,27.699999999999932,682.4,1266.0,666.1,3.199999999999932,669.3,1646.8,0.0,1646.8,1647.3,5.100000000000136,1651.9,,,69.0,13.4,0.0,0.0,0.0,252.75,0.6,1.1,1.0,2.4638,0.2781,0.0037,0.0,0.0,0.0,0.0,0.0,0.0,0.0,0.0,0.0,0.142,0.0,0.0,0.0,0.0,0.0828,0.1376,0.0631,0.0489,0.0112,0.0113,0.0037,0.7,8.75,2.93,47.24,19.4,0,MOD-00632,2025-04-15T16:11:29,2025-04-15T09:11:29,https://api.quant-aq.com/v1/devices/MOD-00632/data/raw/363787851
0,654.1,29.199999999999932,683.3,1271.1,666.3,3.300000000000068,669.6,1646.9,0.2999999999999545,1647.2,1647.5,4.599999999999909,1651.8,,,68.9,13.4,0.0,0.0,0.0,223.0,0.3,0.8,0.8,2.2657,0.2712,0.0,0.0,0.0,0.0,0.0,0.0,0.0,0.0,0.0,0.0,0.198,0.0,0.0,0.0,0.0,0.0828,0.1043,0.0518,0.015,0.0188,0.0,0.0037,0.66,4.71,2.22,47.3,19.37,0,MOD-00632,2025-04-15T16:10:29,2025-04-15T09:10:29,https://api.quant-aq.com/v1/devices/MOD-00632/data/raw/363787852
0,654.4,30.300000000000068,684.7,1271.6,666.2,3.199999999999932,669.4,1647.1,0.0,1647.1,1647.5,4.7000000000000455,1651.8,,,69.0,13.4,0.0,0.0,0.0,207.75,0.2,0.9,0.4,2.6167,0.2558,0.0,0.0,0.0,0.0,0.0,0.0,0.0,0.0,0.0,0.0,0.2288,0.0,0.0,0.0,0.0,0.0653,0.1068,0.0609,0.0344,0.0076,0.019,0.0,0.71,6.46,2.61,47.37,19.36,0,MOD-00632,2025-04-15T16:09:29,2025-04-15T09:09:29,https://api.quant-aq.com/v1/devices/MOD-00632/data/raw/363787850
0,655.0,29.200000000000045,684.2,1272.3,666.4,3.1000000000000227,669.5,1647.2,0.0,1647.2,1647.7,4.7999999999999545,1652.0,,,69.0,13.4,0.0,0.0,0.0,229.5,0.3,1.0,0.8,2.6199,0.2847,0.0,0.0,0.0,0.0,0.0,0.0,0.0,0.0,0.0,0.0,0.1785,0.0,0.0,0.0,0.0,0.0662,0.09,0.1097,0.0306,0.0038,0.0119,0.0,0.7,5.58,2.77,47.28,19.37,0,MOD-00632,2025-04-15T16:08:29,2025-04-15T09:08:29,https://api.quant-aq.com/v1/devices/MOD-00632/data/raw/363785464
0,653.8,31.0,684.8,1273.6,665.8,3.6000000000000227,669.4,1647.1,-0.09999999999990905,1647.0,1647.6,4.7999999999999545,1651.8,,,68.8,13.4,0.0,0.0,0.0,175.25,0.0,0.1,0.1,2.5998,0.2539,0.0,0.0,0.0,0.0,0.0,0.0,0.0,0.0,0.0,0.0,0.1539,0.0,0.0,0.0,0.0,0.0732,0.0575,0.1033,0.0269,0.0,0.0192,0.0,0.65,5.98,2.5,47.29,19.38,0,MOD-00632,2025-04-15T16:07:29,2025-04-15T09:07:29,https://api.quant-aq.com/v1/devices/MOD-00632/data/raw/363785462
0,654.6,30.399999999999977,685.0,1273.2,666.4,3.0,669.4,1647.1,0.20000000000004547,1647.3,1647.8,4.7000000000000455,1652.0,,,69.2,13.4,0.0,0.0,0.0,224.5,0.0,0.8,0.3,2.487,0.2636,0.0,0.0,0.0,0.0,0.0,0.0,0.0,0.0,0.0,0.0,0.1754,0.0,0.0,0.0,0.0,0.0486,0.1182,0.097,0.0327,0.0079,0.0039,0.0,0.68,4.69,2.74,47.52,19.37,0,MOD-00632,2025-04-15T16:06:29,2025-04-15T09:06:29,https://api.quant-aq.com/v1/devices/MOD-00632/data/raw/363785463
0,654.1,31.299999999999955,685.4,1271.9,665.2,3.2999999999999545,668.5,1647.3,-0.09999999999990905,1647.2,1647.8,4.7999999999999545,1652.0,,,69.1,13.4,0.0,0.0,0.0,208.0,0.2,0.9,0.9,2.8572,0.2496,0.0,0.0,0.0,0.0,0.0,0.0,0.0,0.0,0.0,0.0,0.1991,0.0,0.0,0.0,0.0,0.1145,0.1066,0.0593,0.043,0.0252,0.0042,0.0,0.77,5.86,2.93,47.6,19.36,0,MOD-00632,2025-04-15T16:05:29,2025-04-15T09:05:29,https://api.quant-aq.com/v1/devices/MOD-00632/data/raw/363785461
0,652.8,30.5,683.3,1273.3,665.9,3.1000000000000227,669.0,1647.1,0.0,1647.1,1647.9,4.800000000000182,1651.9,,,69.3,13.4,0.0,0.0,0.0,189.25,0.0,1.0,0.8,2.7597,0.2573,0.0,0.0,0.0,0.0,0.0,0.0,0.0,0.0,0.0,0.0,0.1441,0.0,0.0,0.0,0.0,0.0925,0.0883,0.1004,0.0121,0.0081,0.0081,0.0,0.7,4.66,2.49,47.6,19.37,0,MOD-00632,2025-04-15T16:04:29,2025-04-15T09:04:29,https://api.quant-aq.com/v1/devices/MOD-00632/data/raw/363783099
0,652.7,30.799999999999955,683.5,1272.2,665.6,2.699999999999932,668.3,1647.2,-0.20000000000004547,1647.0,1647.4,4.900000000000091,1651.9,,,69.2,13.4,0.0,0.0,0.0,252.0,0.7,1.2,0.9,2.7261,0.291,0.0,0.0,0.0,0.0,0.0,0.0,0.0,0.0,0.0,0.0,0.2135,0.0,0.0,0.0,0.0,0.0532,0.1041,0.0787,0.0455,0.0041,0.0122,0.0039,0.73,6.83,2.8,47.62,19.36,0,MOD-00632,2025-04-15T16:03:29,2025-04-15T09:03:29,https://api.quant-aq.com/v1/devices/MOD-00632/data/raw/363783096
0,652.8,30.800000000000068,683.6,1273.9,666.5,3.1000000000000227,669.6,1647.1,-0.5,1646.6,1647.8,5.100000000000136,1651.7,,,69.5,13.4,0.0,0.0,0.0,160.5,0.0,0.6,0.2,2.6319,0.2166,0.0,0.0,0.0,0.0,0.0,0.0,0.0,0.0,0.0,0.0,0.1971,0.0,0.0,0.0,0.0,0.1166,0.1292,0.0915,0.0216,0.017,0.0133,0.0,0.77,6.5,3.0,47.89,19.34,0,MOD-00632,2025-04-15T16:02:29,2025-04-15T09:02:29,https://api.quant-aq.com/v1/devices/MOD-00632/data/raw/363783097
0,652.5,31.799999999999955,684.3,1273.7,666.2,2.7999999999999545,669.0,1647.2,-0.40000000000009095,1646.8,1647.8,5.100000000000136,1651.9,,,69.7,13.4,0.0,0.0,0.0,193.75,0.0,0.8,0.4,2.9445,0.2879,0.0,0.0,0.0,0.0,0.0,0.0,0.0,0.0,0.0,0.0,0.1938,0.0,0.0,0.0,0.0,0.0525,0.0814,0.0933,0.0323,0.0161,0.008,0.0,0.72,5.64,2.75,48.05,19.33,0,MOD-00632,2025-04-15T16:01:29,2025-04-15T09:01:29,https://api.quant-aq.com/v1/devices/MOD-00632/data/raw/363783098
0,652.0,32.200000000000045,684.2,1272.1,665.9,2.5,668.4,1647.3,-0.5,1646.8,1647.9,5.100000000000136,1651.9,,,70.2,13.4,0.0,0.0,0.0,258.75,0.5,1.7,1.1,2.3172,0.2823,0.0,0.0,0.0,0.0,0.0,0.0,0.0,0.0,0.0,0.0,0.1664,0.0,0.0,0.0,0.0,0.0715,0.087,0.0912,0.0357,0.0159,0.0079,0.004,0.65,6.75,2.77,48.32,19.33,0,MOD-00632,2025-04-15T16:00:29,2025-04-15T09:00:29,https://api.quant-aq.com/v1/devices/MOD-00632/data/raw/363780769
0,653.6,31.0,684.6,1273.2,665.5,2.5,668.0,1647.1,-0.2999999999999545,1646.8,1647.9,5.2000000000000455,1652.0,,,70.5,13.3,0.0,0.0,0.0,269.5,0.7,1.1,1.1,2.9899,0.3058,0.0,0.0,0.0,0.0,0.0,0.0,0.0,0.0,0.0,0.0,0.2027,0.0,0.0,0.0,0.0,0.0704,0.1078,0.149,0.0495,0.004,0.0123,0.0,0.81,6.92,3.57,48.31,19.29,0,MOD-00632,2025-04-15T15:59:29,2025-04-15T08:59:29,https://api.quant-aq.com/v1/devices/MOD-00632/data/raw/363780767
0,652.8,31.600000000000023,684.4,1273.8,665.9,2.5,668.4,1647.1,-0.1999999999998181,1646.9,1647.7,5.0,1651.9,,,70.5,13.3,0.0,0.0,0.0,214.5,0.5,1.0,0.8,2.6828,0.214,0.0,0.0,0.0,0.0,0.0,0.0,0.0,0.0,0.0,0.0,0.2679,0.0,0.0,0.0,0.0,0.0814,0.1053,0.1057,0.0245,0.0081,0.0082,0.0041,0.77,6.39,2.89,48.51,19.27,0,MOD-00632,2025-04-15T15:58:29,2025-04-15T08:58:29,https://api.quant-aq.com/v1/devices/MOD-00632/data/raw/363780768
0,653.5,30.399999999999977,683.9,1270.6,666.1,2.3999999999999773,668.5,1647.1,-0.2999999999999545,1646.8,1647.9,5.2000000000000455,1652.0,,,70.8,13.3,0.0,0.0,0.0,295.0,1.0,1.7,1.7,2.7885,0.294,0.0082,0.0,0.0,0.0,0.0,0.0,0.0,0.0,0.0,0.0,0.2144,0.0,0.0,0.0,0.0,0.0931,0.0846,0.0881,0.0159,0.0078,0.0161,0.0,0.75,9.34,2.59,48.64,19.26,0,MOD-00632,2025-04-15T15:57:29,2025-04-15T08:57:29,https://api.quant-aq.com/v1/devices/MOD-00632/data/raw/363780766
0,654.3,29.300000000000068,683.6,1270.5,665.7,2.5,668.2,1647.1,-0.2999999999999545,1646.8,1647.8,5.100000000000136,1651.9,,,70.6,13.3,0.0,0.0,0.0,276.5,0.9,1.5,1.2,3.0404,0.2977,0.0,0.0,0.0,0.0,0.0,0.0,0.0,0.0,0.0,0.0,0.1957,0.0,0.0,0.0,0.0,0.0407,0.1104,0.0771,0.0485,0.0203,0.0124,0.0,0.75,6.98,3.05,48.65,19.23,0,MOD-00632,2025-04-15T15:56:29,2025-04-15T08:56:29,https://api.quant-aq.com/v1/devices/MOD-00632/data/raw/363778405
0,652.6,31.0,683.6,1272.6,665.5,2.6000000000000227,668.1,1647.0,-0.20000000000004547,1646.8,1647.7,4.900000000000091,1651.7,,,70.8,13.2,0.0,0.0,0.0,262.75,0.7,1.1,1.1,2.9081,0.2904,0.0,0.0,0.0,0.0,0.0,0.0,0.0,0.0,0.0,0.0,0.2539,0.0,0.0,0.0,0.0,0.0792,0.0762,0.0954,0.0394,0.0159,0.0079,0.0079,0.78,8.07,3.0,48.73,19.25,0,MOD-00632,2025-04-15T15:55:29,2025-04-15T08:55:29,https://api.quant-aq.com/v1/devices/MOD-00632/data/raw/363778404
0,650.8,32.10000000000002,682.9,1273.1,666.0,2.6000000000000227,668.6,1647.1,-0.3999999999998636,1646.7,1647.6,5.099999999999909,1651.8,,,71.0,13.2,0.0,0.0,0.0,230.25,0.4,1.0,0.9,2.5833,0.3123,0.0,0.0,0.0,0.0,0.0,0.0,0.0,0.0,0.0,0.0,0.2081,0.0,0.0,0.0,0.0,0.0998,0.0999,0.1242,0.056,0.004,0.012,0.0039,0.78,7.79,3.44,48.87,19.18,0,MOD-00632,2025-04-15T15:54:29,2025-04-15T08:54:29,https://api.quant-aq.com/v1/devices/MOD-00632/data/raw/363778403
0,653.0,30.100000000000023,683.1,1273.6,665.8,2.300000000000068,668.1,1646.9,-0.3000000000001819,1646.6,1647.6,5.100000000000136,1651.7,,,70.9,13.2,0.0,0.0,0.0,237.5,0.3,1.0,1.0,2.8868,0.3134,0.0,0.0,0.0,0.0,0.0,0.0,0.0,0.0,0.0,0.0,0.1807,0.0,0.0,0.0,0.0,0.0589,0.0899,0.0975,0.0234,0.0117,0.0,0.0,0.73,4.03,2.58,48.81,19.16,0,MOD-00632,2025-04-15T15:53:29,2025-04-15T08:53:29,https://api.quant-aq.com/v1/devices/MOD-00632/data/raw/363778402
0,652.9,29.600000000000023,682.5,1272.2,666.0,2.7000000000000455,668.7,1646.9,-0.20000000000004547,1646.7,1647.5,4.7000000000000455,1651.4,,,71.1,13.2,0.0,0.0,0.0,258.0,0.4,1.6,1.3,2.9868,0.2768,0.0,0.0,0.0,0.0,0.0,0.0,0.0,0.0,0.0,0.0,0.2369,0.0,0.0,0.0,0.0,0.063,0.0913,0.091,0.0395,0.0355,0.012,0.0039,0.77,8.9,3.27,48.89,19.15,0,MOD-00632,2025-04-15T15:52:29,2025-04-15T08:52:29,https://api.quant-aq.com/v1/devices/MOD-00632/data/raw/363776050
0,653.4,29.800000000000068,683.2,1273.3,665.8,2.1000000000000227,667.9,1646.6,0.10000000000013642,1646.7,1647.5,5.0,1651.7,,,71.1,13.1,0.0,0.0,0.0,227.0,0.2,1.2,1.2,3.0101,0.2907,0.0,0.0,0.0,0.0,0.0,0.0,0.0,0.0,0.0,0.0,0.1641,0.0,0.0,0.0,0.0,0.0884,0.1014,0.1212,0.0242,0.0206,0.0041,0.0,0.78,5.69,3.09,48.89,19.11,0,MOD-00632,2025-04-15T15:51:29,2025-04-15T08:51:29,https://api.quant-aq.com/v1/devices/MOD-00632/data/raw/363776051
0,651.6,30.699999999999932,682.3,1273.5,666.1,2.3999999999999773,668.5,1647.1,-0.3999999999998636,1646.7,1647.3,4.7000000000000455,1651.4,,,71.0,13.1,0.0,0.0,0.0,315.0,0.9,2.1,1.2,2.6887,0.2747,0.004,0.0,0.0,0.0,0.0,0.0,0.0,0.0,0.0,0.0,0.1902,0.0,0.0,0.0,0.0,0.0876,0.124,0.0879,0.0435,0.016,0.0078,0.008,0.76,10.03,3.16,48.78,19.09,0,MOD-00632,2025-04-15T15:50:29,2025-04-15T08:50:29,https://api.quant-aq.com/v1/devices/MOD-00632/data/raw/363776052
0,653.5,29.299999999999955,682.8,1269.0,666.3,2.6000000000000227,668.9,1646.9,-0.3000000000001819,1646.6,1647.6,5.0,1651.6,,,71.0,13.1,0.0,0.0,0.0,199.25,0.4,1.0,0.5,3.1239,0.3816,0.0,0.0,0.0,0.0,0.0,0.0,0.0,0.0,0.0,0.0,0.2248,0.0,0.0,0.0,0.0,0.0802,0.1282,0.1193,0.0466,0.0131,0.0043,0.013,0.87,9.59,3.55,48.71,19.06,0,MOD-00632,2025-04-15T15:49:29,2025-04-15T08:49:29,https://api.quant-aq.com/v1/devices/MOD-00632/data/raw/363776053
0,653.7,29.199999999999932,682.9,1271.1,665.4,2.7000000000000455,668.1,1647.0,-0.40000000000009095,1646.6,1647.4,5.0,1651.6,,,71.1,13.1,0.0,0.0,0.0,283.75,0.5,1.4,1.1,3.0356,0.2627,0.0,0.0,0.0,0.0,0.0,0.0,0.0,0.0,0.0,0.0,0.1389,0.0,0.0,0.0,0.0,0.0839,0.0673,0.0632,0.0394,0.0118,0.0079,0.004,0.69,6.18,2.48,48.71,19.06,0,MOD-00632,2025-04-15T15:48:29,2025-04-15T08:48:29,https://api.quant-aq.com/v1/devices/MOD-00632/data/raw/363773714
0,653.8,28.700000000000045,682.5,1267.2,666.1,2.2999999999999545,668.4,1647.1,-0.3999999999998636,1646.7,1647.4,4.899999999999864,1651.6,,,70.9,13.1,0.0,0.0,0.0,250.5,0.4,1.3,0.8,2.8568,0.3101,0.0,0.0,0.0,0.0,0.0,0.0,0.0,0.0,0.0,0.0,0.2198,0.0,0.0,0.0,0.0,0.0743,0.0903,0.1137,0.0195,0.0157,0.0117,0.0,0.77,6.17,2.92,48.58,19.06,0,MOD-00632,2025-04-15T15:47:29,2025-04-15T08:47:29,https://api.quant-aq.com/v1/devices/MOD-00632/data/raw/363773713
0,653.0,29.399999999999977,682.4,1269.1,666.0,2.7000000000000455,668.7,1646.7,-0.2999999999999545,1646.4,1647.5,5.0,1651.4,,,70.7,13.1,0.0,0.0,0.0,357.0,1.2,2.0,2.0,2.6581,0.2429,0.0,0.0,0.0,0.0,0.0,0.0,0.0,0.0,0.0,0.0,0.1911,0.0,0.0,0.0,0.0,0.0904,0.0828,0.107,0.0674,0.0081,0.0156,0.0,0.73,7.5,3.36,48.51,19.06,0,MOD-00632,2025-04-15T15:46:29,2025-04-15T08:46:29,https://api.quant-aq.com/v1/devices/MOD-00632/data/raw/363773711
0,653.0,29.600000000000023,682.6,1271.6,665.8,2.400000000000091,668.2,1646.9,-0.3000000000001819,1646.6,1647.3,5.0,1651.6,,,71.1,13.1,0.0,0.0,0.0,226.5,0.2,0.7,0.4,2.9143,0.2647,0.0,0.0,0.0,0.0,0.0,0.0,0.0,0.0,0.0,0.0,0.2199,0.0,0.0,0.0,0.0,0.0743,0.1122,0.0546,0.0581,0.0041,0.0247,0.0085,0.76,10.05,3.0,48.74,19.06,0,MOD-00632,2025-04-15T15:45:29,2025-04-15T08:45:29,https://api.quant-aq.com/v1/devices/MOD-00632/data/raw/363773712
0,653.6,29.799999999999955,683.4,1269.5,665.6,2.1000000000000227,667.7,1647.0,-0.5,1646.5,1647.3,5.099999999999909,1651.6,,,70.9,13.1,0.0,0.0,0.0,224.25,0.4,1.0,0.8,2.9647,0.2645,0.0,0.0,0.0,0.0,0.0,0.0,0.0,0.0,0.0,0.0,0.1646,0.0,0.0,0.0,0.0,0.102,0.1069,0.1019,0.0435,0.0039,0.0116,0.0,0.77,6.03,3.06,48.66,19.05,0,MOD-00632,2025-04-15T15:44:29,2025-04-15T08:44:29,https://api.quant-aq.com/v1/devices/MOD-00632/data/raw/363771344
0,653.7,30.5,684.2,1270.7,666.0,2.7999999999999545,668.8,1647.0,-0.5,1646.5,1647.5,5.2000000000000455,1651.7,,,70.7,13.1,0.0,0.0,0.0,241.5,0.4,0.9,0.7,3.1501,0.2864,0.0,0.0,0.0,0.0,0.0,0.0,0.0,0.0,0.0,0.0,0.1935,0.0,0.0,0.0,0.0,0.0933,0.0932,0.1132,0.0242,0.0039,0.004,0.0119,0.8,7.66,2.87,48.61,19.04,0,MOD-00632,2025-04-15T15:43:29,2025-04-15T08:43:29,https://api.quant-aq.com/v1/devices/MOD-00632/data/raw/363771345
0,654.3,31.90000000000009,686.2,1274.3,666.0,2.3999999999999773,668.4,1647.2,-0.6000000000001364,1646.6,1647.4,5.100000000000136,1651.7,,,71.1,13.1,0.0,0.0,0.0,286.75,0.9,2.0,1.5,2.7019,0.3164,0.0079,0.0,0.0,0.0,0.0,0.0,0.0,0.0,0.0,0.0,0.2808,0.0,0.0,0.0,0.0,0.0803,0.124,0.1072,0.0602,0.0121,0.012,0.0082,0.84,12.96,3.64,48.95,19.05,0,MOD-00632,2025-04-15T15:42:29,2025-04-15T08:42:29,https://api.quant-aq.com/v1/devices/MOD-00632/data/raw/363771343
0,654.9,31.5,686.4,1272.4,666.4,2.5,668.9,1647.2,-0.40000000000009095,1646.8,1647.7,5.100000000000136,1651.9,,,71.2,13.1,0.0,0.0,0.0,236.0,0.6,1.1,1.0,2.9898,0.3114,0.0,0.0,0.0,0.0,0.0,0.0,0.0,0.0,0.0,0.0,0.2686,0.0,0.0,0.0,0.0,0.0465,0.1089,0.1051,0.0233,0.0233,0.0194,0.0,0.81,7.89,3.16,49.0,19.05,0,MOD-00632,2025-04-15T15:41:29,2025-04-15T08:41:29,https://api.quant-aq.com/v1/devices/MOD-00632/data/raw/363771342
0,653.2,31.899999999999977,685.1,1272.9,665.5,2.6000000000000227,668.1,1647.1,-0.2999999999999545,1646.8,1647.6,5.0,1651.8,,,71.2,13.1,0.0,0.0,0.0,247.0,0.5,1.2,0.9,2.8852,0.3481,0.0,0.0,0.0,0.0,0.0,0.0,0.0,0.0,0.0,0.0,0.1679,0.0,0.0,0.0,0.0,0.0664,0.1486,0.0893,0.0509,0.0117,0.0078,0.0,0.79,6.22,3.26,49.1,19.04,0,MOD-00632,2025-04-15T15:40:29,2025-04-15T08:40:29,https://api.quant-aq.com/v1/devices/MOD-00632/data/raw/363768997
0,653.7,32.799999999999955,686.5,1274.7,666.2,2.3999999999999773,668.6,1647.1,-0.09999999999990905,1647.0,1647.7,5.099999999999909,1652.1,,,71.4,13.1,0.0,0.0,0.0,206.5,0.3,0.9,0.9,2.8364,0.3266,0.0082,0.0042,0.0,0.0,0.0,0.0,0.0,0.0,0.0,0.0,0.2799,0.0,0.0,0.0,0.0,0.077,0.0922,0.1135,0.0283,0.0083,0.0122,0.004,0.82,13.19,3.05,49.18,19.02,0,MOD-00632,2025-04-15T15:39:29,2025-04-15T08:39:29,https://api.quant-aq.com/v1/devices/MOD-00632/data/raw/363768996
0,653.9,31.800000000000068,685.7,1275.0,665.4,2.3999999999999773,667.8,1647.3,-0.3999999999998636,1646.9,1647.6,5.099999999999909,1652.0,,,71.4,13.1,0.0,0.0,0.0,226.5,0.4,1.3,1.2,2.7784,0.3535,0.0,0.0,0.0,0.0,0.0,0.0,0.0,0.0,0.0,0.0,0.1865,0.0,0.0,0.0,0.0,0.096,0.1161,0.1078,0.0333,0.0126,0.0083,0.0041,0.8,7.08,3.15,49.21,19.01,0,MOD-00632,2025-04-15T15:38:29,2025-04-15T08:38:29,https://api.quant-aq.com/v1/devices/MOD-00632/data/raw/363768999
0,654.3,30.90000000000009,685.2,1276.4,665.8,2.400000000000091,668.2,1647.1,-0.3999999999998636,1646.7,1647.9,5.399999999999864,1652.1,,,71.1,13.1,0.0,0.0,0.0,206.25,0.0,1.1,0.8,2.9391,0.2556,0.0,0.0,0.0,0.0,0.0,0.0,0.0,0.0,0.0,0.0,0.2072,0.0,0.0,0.0,0.0,0.052,0.08,0.0795,0.0601,0.012,0.0122,0.0,0.72,6.62,2.97,49.2,19.02,0,MOD-00632,2025-04-15T15:37:29,2025-04-15T08:37:29,https://api.quant-aq.com/v1/devices/MOD-00632/data/raw/363768998
0,652.3,33.200000000000045,685.5,1272.5,665.7,2.699999999999932,668.4,1647.0,-0.09999999999990905,1646.9,1647.8,5.0,1651.9,,,71.5,13.1,0.0,0.0,0.0,273.25,0.8,1.6,1.4,3.0075,0.3058,0.0,0.0,0.0,0.0,0.0,0.0,0.0,0.0,0.0,0.0,0.1411,0.0,0.0,0.0,0.0,0.0767,0.1056,0.1017,0.024,0.012,0.0121,0.004,0.75,7.04,2.87,49.47,18.97,0,MOD-00632,2025-04-15T15:36:29,2025-04-15T08:36:29,https://api.quant-aq.com/v1/devices/MOD-00632/data/raw/363766714
0,653.4,31.800000000000068,685.2,1272.6,666.3,2.300000000000068,668.6,1647.2,-0.10000000000013642,1647.1,1647.8,5.2000000000000455,1652.3,,,71.7,13.1,0.0,0.0,0.0,150.25,0.0,0.5,0.5,3.1144,0.3019,0.0,0.0,0.0,0.0,0.0,0.0,0.0,0.0,0.0,0.0,0.1529,0.0,0.0,0.0,0.0,0.0705,0.1118,0.1245,0.0576,0.0206,0.0041,0.0,0.78,6.76,3.58,49.55,18.98,0,MOD-00632,2025-04-15T15:35:29,2025-04-15T08:35:29,https://api.quant-aq.com/v1/devices/MOD-00632/data/raw/363766716
0,653.5,31.899999999999977,685.4,1272.9,665.2,2.599999999999909,667.8,1647.3,-0.20000000000004547,1647.1,1647.8,5.0,1652.1,,,71.8,13.1,0.0,0.0,0.0,230.75,0.0,0.9,0.8,2.6867,0.3006,0.0,0.0,0.0,0.0,0.0,0.0,0.0,0.0,0.0,0.0,0.1707,0.0,0.0,0.0,0.0,0.1221,0.1262,0.0937,0.0368,0.0123,0.0164,0.004,0.79,8.2,3.21,49.61,18.95,0,MOD-00632,2025-04-15T15:34:29,2025-04-15T08:34:29,https://api.quant-aq.com/v1/devices/MOD-00632/data/raw/363766713
0,653.6,32.69999999999993,686.3,1273.5,666.5,2.7999999999999545,669.3,1647.3,-0.09999999999990905,1647.2,1647.7,5.0,1652.2,,,71.8,13.1,0.0,0.0,0.0,270.0,0.6,1.1,0.9,3.0263,0.3161,0.0,0.004,0.0,0.0,0.0,0.0,0.0,0.0,0.0,0.0,0.1681,0.0,0.0,0.0,0.0,0.0715,0.1561,0.12,0.0441,0.012,0.0,0.0,0.82,7.78,3.43,49.62,18.91,0,MOD-00632,2025-04-15T15:33:29,2025-04-15T08:33:29,https://api.quant-aq.com/v1/devices/MOD-00632/data/raw/363766715
0,654.7,33.09999999999991,687.8,1272.0,665.5,2.7999999999999545,668.3,1647.2,0.09999999999990905,1647.3,1648.0,4.900000000000091,1652.2,,,72.3,13.0,0.0,0.0,0.0,261.0,0.7,1.5,1.4,3.0661,0.319,0.0,0.004,0.0,0.0,0.0,0.0,0.0,0.0,0.0,0.0,0.1695,0.0,0.0,0.0,0.0,0.1167,0.1205,0.1417,0.0365,0.0122,0.008,0.0,0.85,8.97,3.56,49.91,18.9,0,MOD-00632,2025-04-15T15:32:29,2025-04-15T08:32:29,https://api.quant-aq.com/v1/devices/MOD-00632/data/raw/363764369
0,653.3,34.10000000000002,687.4,1274.9,665.9,2.7000000000000455,668.6,1647.3,0.0,1647.3,1647.9,5.100000000000136,1652.4,,,72.2,13.0,0.0,0.0,0.0,215.5,0.1,1.2,0.8,2.9819,0.3029,0.0039,0.0039,0.0,0.0,0.0,0.0,0.0,0.0,0.0,0.0,0.1929,0.0,0.0,0.0,0.0,0.0905,0.1226,0.0709,0.0512,0.0277,0.0159,0.0,0.79,12.22,3.35,49.93,18.88,0,MOD-00632,2025-04-15T15:31:29,2025-04-15T08:31:29,https://api.quant-aq.com/v1/devices/MOD-00632/data/raw/363764370
0,653.8,34.200000000000045,688.0,1277.1,665.6,3.0,668.6,1647.3,0.10000000000013642,1647.4,1647.7,4.899999999999864,1652.3,,,72.1,13.0,0.0,0.0,0.0,269.75,0.7,1.2,1.2,2.6673,0.2575,0.0,0.0041,0.0,0.0,0.0,0.0,0.0,0.0,0.0,0.0,0.2096,0.0,0.0,0.0,0.0,0.0845,0.1613,0.1331,0.0402,0.0202,0.0082,0.0041,0.82,10.77,3.76,50.03,18.87,0,MOD-00632,2025-04-15T15:30:29,2025-04-15T08:30:29,https://api.quant-aq.com/v1/devices/MOD-00632/data/raw/363764367
0,653.6,37.5,691.1,1273.4,665.7,3.0,668.7,1647.1,0.3000000000001819,1647.4,1647.8,4.7999999999999545,1652.2,,,72.4,13.0,0.0,0.0,0.0,265.75,0.7,1.5,1.0,3.301,0.3008,0.0,0.0039,0.0,0.0,0.0,0.0,0.0,0.0,0.0,0.0,0.1998,0.0,0.0,0.0,0.0,0.122,0.1835,0.069,0.049,0.0,0.0123,0.0039,0.91,9.59,3.32,50.21,18.83,0,MOD-00632,2025-04-15T15:29:29,2025-04-15T08:29:29,https://api.quant-aq.com/v1/devices/MOD-00632/data/raw/363764368
0,655.0,40.200000000000045,695.2,1274.6,665.6,2.7999999999999545,668.4,1647.0,0.599999999999909,1647.6,1647.9,4.7000000000000455,1652.3,,,73.0,13.0,0.0,0.0,0.0,245.0,0.5,2.3,1.8,3.3372,0.267,0.004,0.0,0.0,0.0,0.0,0.0,0.0,0.0,0.0,0.0,0.2302,0.0,0.0,0.0,0.0,0.0851,0.1009,0.1535,0.0445,0.0161,0.0081,0.0,0.87,8.81,3.73,50.49,18.8,0,MOD-00632,2025-04-15T15:28:29,2025-04-15T08:28:29,https://api.quant-aq.com/v1/devices/MOD-00632/data/raw/363762053
0,654.1,41.69999999999993,695.8,1276.1,665.5,2.5,668.0,1647.2,0.7000000000000455,1647.9,1647.9,4.699999999999818,1652.6,,,73.1,13.0,0.0,0.0,0.0,393.5,1.4,2.5,2.2,3.5657,0.3519,0.0,0.0,0.0,0.0,0.0,0.0,0.0,0.0,0.0,0.0,0.168,0.0,0.0,0.0,0.0,0.0624,0.1646,0.1133,0.0352,0.0314,0.0041,0.0118,0.89,10.18,3.72,50.55,18.75,0,MOD-00632,2025-04-15T15:27:29,2025-04-15T08:27:29,https://api.quant-aq.com/v1/devices/MOD-00632/data/raw/363762051
0,653.1,44.10000000000002,697.2,1277.1,665.2,2.5,667.7,1647.3,0.40000000000009095,1647.7,1647.9,4.599999999999909,1652.3,,,73.0,12.9,0.0,0.0,0.0,343.0,1.0,1.8,1.8,3.3258,0.4861,0.0,0.0037,0.0,0.0,0.0,0.0,0.0,0.0,0.0,0.0,0.2504,0.0,0.0,0.0,0.0,0.1044,0.1156,0.0966,0.0305,0.0155,0.0154,0.0,0.94,9.39,3.28,50.51,18.75,0,MOD-00632,2025-04-15T15:26:29,2025-04-15T08:26:29,https://api.quant-aq.com/v1/devices/MOD-00632/data/raw/363762052
0,654.2,41.19999999999993,695.4,1276.0,665.9,2.5,668.4,1647.1,0.8000000000001819,1647.9,1647.9,4.2999999999999545,1652.2,,,73.2,12.9,0.0,0.0,0.0,374.75,1.3,2.6,2.2,3.7554,0.4337,0.0077,0.0077,0.0,0.0,0.0,0.0,0.0,0.0,0.0,0.0,0.3493,0.0,0.0,0.0,0.0,0.1191,0.1495,0.1305,0.05,0.0192,0.0077,0.0077,1.1,17.74,4.22,50.62,18.74,0,MOD-00632,2025-04-15T15:25:29,2025-04-15T08:25:29,https://api.quant-aq.com/v1/devices/MOD-00632/data/raw/363762050
0,654.2,41.89999999999998,696.1,1272.2,666.3,2.7000000000000455,669.0,1647.1,0.6000000000001364,1647.7,1647.9,4.399999999999864,1652.1,,,73.1,12.9,0.0,0.0,0.0,387.5,1.3,2.8,2.2,3.6436,0.38,0.0,0.0,0.0,0.0038,0.0,0.0,0.0,0.0,0.0,0.0,0.2681,0.0,0.0,0.0,0.0,0.0794,0.1056,0.1016,0.049,0.015,0.0227,0.0,0.93,11.39,3.54,50.58,18.7,0,MOD-00632,2025-04-15T15:24:29,2025-04-15T08:24:29,https://api.quant-aq.com/v1/devices/MOD-00632/data/raw/363759680
0,653.3,40.80000000000007,694.1,1273.5,665.7,2.5,668.2,1647.2,0.7000000000000455,1647.9,1647.8,4.2999999999999545,1652.2,,,73.4,12.8,0.0,0.0,0.0,394.75,1.2,1.9,1.9,3.8222,0.3614,0.0,0.0,0.0,0.0,0.0,0.0,0.0,0.0,0.0,0.0,0.2326,0.0,0.0,0.0,0.0,0.0838,0.1022,0.0838,0.0419,0.0229,0.0077,0.0115,0.91,9.68,3.28,50.65,18.68,0,MOD-00632,2025-04-15T15:23:29,2025-04-15T08:23:29,https://api.quant-aq.com/v1/devices/MOD-00632/data/raw/363759681
0,654.3,39.5,693.8,1274.2,665.8,2.400000000000091,668.2,1647.2,0.599999999999909,1647.8,1647.8,4.5,1652.3,,,73.0,12.8,0.0,0.0,0.0,339.25,1.1,2.0,1.7,3.1238,0.3208,0.0,0.0,0.0,0.0,0.0,0.0,0.0,0.0,0.0,0.0,0.1893,0.0,0.0,0.0,0.0,0.0692,0.115,0.1236,0.0314,0.0192,0.0118,0.0077,0.81,9.11,3.38,50.47,18.66,0,MOD-00632,2025-04-15T15:22:29,2025-04-15T08:22:29,https://api.quant-aq.com/v1/devices/MOD-00632/data/raw/363759679
0,654.0,40.299999999999955,694.3,1276.6,665.7,2.7999999999999545,668.5,1647.2,0.599999999999909,1647.8,1647.8,4.5,1652.3,,,73.2,12.8,0.0,0.0,0.0,330.5,1.0,2.2,1.6,3.8354,0.3632,0.0042,0.0041,0.0,0.0,0.0,0.0,0.0,0.0,0.0,0.0,0.1845,0.0,0.0,0.0,0.0,0.0821,0.1647,0.1127,0.0796,0.0278,0.0157,0.0161,0.96,18.46,4.5,50.51,18.66,0,MOD-00632,2025-04-15T15:21:29,2025-04-15T08:21:29,https://api.quant-aq.com/v1/devices/MOD-00632/data/raw/363759678
0,654.4,42.39999999999998,696.8,1276.5,665.6,2.5,668.1,1647.2,0.599999999999909,1647.8,1647.9,4.400000000000091,1652.2,,,73.2,12.8,0.0,0.0,0.0,372.25,1.0,2.5,2.1,4.3421,0.3946,0.0,0.0,0.0,0.0,0.0,0.0,0.0,0.0,0.0,0.0,0.2646,0.0,0.0,0.0,0.0,0.1264,0.1176,0.0584,0.0249,0.0167,0.0169,0.0,1.03,6.94,3.05,50.47,18.63,0,MOD-00632,2025-04-15T15:20:29,2025-04-15T08:20:29,https://api.quant-aq.com/v1/devices/MOD-00632/data/raw/363757378
0,655.1,41.69999999999993,696.8,1274.8,664.8,2.900000000000091,667.7,1647.5,0.40000000000009095,1647.9,1648.1,4.399999999999864,1652.3,,,73.0,12.8,0.0,0.0,0.0,353.0,1.0,2.5,1.9,4.1233,0.4163,0.0,0.0,0.0,0.0,0.0,0.0,0.0,0.0,0.0,0.0,0.3254,0.0,0.0,0.0,0.0,0.0909,0.1591,0.1075,0.0355,0.0078,0.0117,0.004,1.09,7.8,3.65,50.43,18.63,0,MOD-00632,2025-04-15T15:19:29,2025-04-15T08:19:29,https://api.quant-aq.com/v1/devices/MOD-00632/data/raw/363757375
0,655.5,40.700000000000045,696.2,1277.7,665.4,2.7000000000000455,668.1,1647.3,0.5,1647.8,1648.1,4.5,1652.3,,,73.1,12.8,0.0,0.0,0.0,410.0,1.5,3.7,2.3,3.4391,0.3942,0.0,0.0,0.0,0.0,0.0,0.0,0.0,0.0,0.0,0.0,0.3007,0.0,0.0,0.0,0.0,0.0928,0.0858,0.1052,0.031,0.0271,0.0234,0.004,0.92,10.14,3.48,50.58,18.61,0,MOD-00632,2025-04-15T15:18:29,2025-04-15T08:18:29,https://api.quant-aq.com/v1/devices/MOD-00632/data/raw/363757376
0,653.6,44.5,698.1,1277.5,665.4,2.6000000000000227,668.0,1647.3,0.6000000000001364,1647.9,1647.9,4.399999999999864,1652.3,,,73.1,12.8,0.0,0.0,0.0,404.25,1.3,3.1,2.9,3.8515,0.3707,0.0076,0.0,0.0,0.0,0.0,0.0,0.0,0.0,0.0,0.0,0.1897,0.0,0.0,0.0,0.0,0.1094,0.1253,0.0755,0.0681,0.0338,0.0113,0.0,0.93,11.93,3.84,50.61,18.57,0,MOD-00632,2025-04-15T15:17:29,2025-04-15T08:17:29,https://api.quant-aq.com/v1/devices/MOD-00632/data/raw/363757377
0,654.0,43.200000000000045,697.2,1273.1,665.3,2.7000000000000455,668.0,1647.2,0.7999999999999545,1648.0,1648.0,4.2999999999999545,1652.3,,,73.3,12.7,0.0,0.0,0.0,357.75,1.2,2.7,1.9,4.0403,0.4781,0.0037,0.0,0.0,0.0,0.0,0.0,0.0,0.0,0.0,0.0,0.2237,0.0,0.0,0.0,0.0,0.0829,0.0943,0.0757,0.0304,0.0191,0.015,0.0039,0.95,9.58,3.05,50.8,18.57,0,MOD-00632,2025-04-15T15:16:29,2025-04-15T08:16:29,https://api.quant-aq.com/v1/devices/MOD-00632/data/raw/363755005
0,654.1,42.5,696.6,1276.3,665.7,2.8999999999999773,668.6,1647.4,0.3999999999998636,1647.8,1648.0,4.100000000000136,1651.9,,,73.3,12.7,0.0,0.0,0.0,434.5,1.8,3.5,2.5,4.3237,0.4798,0.0117,0.0,0.0,0.0,0.0,0.0,0.0,0.0,0.0,0.0,0.223,0.0,0.0,0.0,0.0,0.1531,0.1056,0.1058,0.0355,0.0272,0.0277,0.0,1.07,15.16,3.89,50.84,18.52,0,MOD-00632,2025-04-15T15:15:29,2025-04-15T08:15:29,https://api.quant-aq.com/v1/devices/MOD-00632/data/raw/363755003
0,653.2,42.39999999999998,695.6,1269.5,665.4,2.6000000000000227,668.0,1647.2,0.7999999999999545,1648.0,1647.9,4.2999999999999545,1652.3,,,73.6,12.7,0.0,0.0,0.0,389.0,1.5,2.3,2.3,4.0816,0.3854,0.0,0.0,0.0,0.0,0.0,0.0,0.0,0.0,0.0,0.0,0.2241,0.0,0.0,0.0,0.0,0.0812,0.1576,0.1019,0.0364,0.0,0.0256,0.004,1.0,9.11,3.5,51.03,18.49,0,MOD-00632,2025-04-15T15:14:29,2025-04-15T08:14:29,https://api.quant-aq.com/v1/devices/MOD-00632/data/raw/363755002
0,652.7,42.69999999999993,695.4,1274.6,665.0,2.3999999999999773,667.4,1647.1,0.900000000000091,1648.0,1647.9,4.099999999999909,1652.1,,,73.7,12.7,0.0,0.0,0.0,392.75,1.4,3.1,2.8,4.1089,0.373,0.0,0.0,0.0,0.0,0.0,0.0,0.0,0.0,0.0,0.0,0.2287,0.0,0.0,0.0,0.0,0.1166,0.0803,0.0847,0.0603,0.0122,0.0041,0.0,0.96,5.89,3.3,51.06,18.47,0,MOD-00632,2025-04-15T15:13:29,2025-04-15T08:13:29,https://api.quant-aq.com/v1/devices/MOD-00632/data/raw/363755004
0,655.2,39.39999999999998,694.6,1274.5,665.7,2.699999999999932,668.4,1647.2,0.7999999999999545,1648.0,1648.0,4.2000000000000455,1652.2,,,73.7,12.6,0.0,0.0,0.0,388.5,1.2,2.6,2.3,4.0255,0.3579,0.0,0.0041,0.0,0.0,0.0,0.0,0.0,0.0,0.0,0.0,0.2692,0.0,0.0,0.0,0.0,0.0899,0.1222,0.0941,0.0527,0.0041,0.0162,0.0,0.99,9.65,3.46,50.98,18.46,0,MOD-00632,2025-04-15T15:12:29,2025-04-15T08:12:29,https://api.quant-aq.com/v1/devices/MOD-00632/data/raw/363752669
0,655.9,38.60000000000002,694.5,1276.8,665.9,2.300000000000068,668.2,1647.1,1.0,1648.1,1647.9,4.0,1652.1,,,73.8,12.6,0.0,0.0,0.0,379.5,1.2,1.9,1.8,4.1059,0.4369,0.0,0.0,0.0,0.0,0.0,0.0,0.0,0.0,0.0,0.0,0.2691,0.0,0.0,0.0,0.0,0.0741,0.1368,0.1016,0.0313,0.0196,0.0038,0.0039,1.02,7.02,3.42,51.0,18.43,0,MOD-00632,2025-04-15T15:11:29,2025-04-15T08:11:29,https://api.quant-aq.com/v1/devices/MOD-00632/data/raw/363752666
0,655.5,39.10000000000002,694.6,1275.5,665.5,2.5,668.0,1647.5,0.5,1648.0,1647.9,4.0,1652.0,,,73.7,12.6,0.0,0.0,0.0,413.25,1.4,2.5,2.2,4.108,0.4467,0.0,0.0,0.0,0.0,0.0,0.0,0.0,0.0,0.0,0.0,0.2149,0.0,0.0,0.0,0.0,0.0787,0.0993,0.0741,0.0369,0.0039,0.0084,0.0085,0.94,7.43,2.87,51.01,18.4,0,MOD-00632,2025-04-15T15:10:29,2025-04-15T08:10:29,https://api.quant-aq.com/v1/devices/MOD-00632/data/raw/363752668
0,653.8,41.5,695.3,1274.7,665.2,2.699999999999932,667.9,1647.1,0.900000000000091,1648.0,1647.9,4.2000000000000455,1652.2,,,73.7,12.5,0.0,0.0,0.0,397.0,1.6,2.5,2.4,4.3591,0.3335,0.0041,0.0,0.0,0.0,0.0,0.0,0.0,0.0,0.0,0.0,0.2238,0.0,0.0,0.0,0.0,0.0777,0.1177,0.1015,0.0245,0.0122,0.0122,0.0,0.97,8.11,3.17,50.93,18.37,0,MOD-00632,2025-04-15T15:09:29,2025-04-15T08:09:29,https://api.quant-aq.com/v1/devices/MOD-00632/data/raw/363752667
0,654.6,41.89999999999998,696.5,1275.3,665.6,2.7999999999999545,668.4,1647.2,1.0,1648.2,1648.0,3.8999999999998636,1652.1,,,73.8,12.5,0.0,0.0,0.0,445.25,1.5,2.8,2.2,4.1798,0.3497,0.0038,0.0,0.0,0.0,0.0,0.0,0.0,0.0,0.0,0.0,0.184,0.0,0.0,0.0,0.0,0.0824,0.0943,0.0783,0.0509,0.004,0.0157,0.0,0.91,8.25,3.06,51.02,18.35,0,MOD-00632,2025-04-15T15:08:29,2025-04-15T08:08:29,https://api.quant-aq.com/v1/devices/MOD-00632/data/raw/363750320
0,654.9,40.700000000000045,695.6,1269.8,665.8,2.800000000000068,668.6,1647.2,0.8999999999998636,1648.1,1647.9,3.900000000000091,1652.0,,,73.8,12.5,0.0,0.0,0.0,418.0,1.5,2.1,2.1,4.4363,0.3954,0.0038,0.0,0.0,0.0,0.0,0.0,0.0,0.0,0.0,0.0,0.2326,0.0,0.0,0.0,0.0,0.0891,0.1163,0.0969,0.0427,0.0077,0.0038,0.0076,1.01,9.05,3.32,51.03,18.36,0,MOD-00632,2025-04-15T15:07:29,2025-04-15T08:07:29,https://api.quant-aq.com/v1/devices/MOD-00632/data/raw/363750317
0,654.6,39.69999999999993,694.3,1270.4,665.0,2.7000000000000455,667.7,1647.2,1.0,1648.2,1647.9,3.8999999999998636,1652.1,,,73.9,12.5,0.0,0.0,0.0,441.0,1.3,3.0,2.7,4.1335,0.3255,0.0,0.0,0.0,0.0,0.0,0.0,0.0,0.0,0.0,0.0,0.2084,0.0,0.0,0.0,0.0,0.0797,0.1099,0.1022,0.0265,0.0265,0.0,0.0,0.93,5.51,3.19,51.12,18.32,0,MOD-00632,2025-04-15T15:06:29,2025-04-15T08:06:29,https://api.quant-aq.com/v1/devices/MOD-00632/data/raw/363750319
0,654.6,41.69999999999993,696.3,1275.1,665.4,2.7000000000000455,668.1,1647.2,1.2000000000000455,1648.4,1647.8,3.7999999999999545,1652.2,,,74.2,12.4,0.0,0.0,0.0,476.0,1.9,3.3,3.2,4.2102,0.3092,0.0038,0.0,0.0,0.0,0.0,0.0,0.0,0.0,0.0,0.0,0.2073,0.0,0.0,0.0,0.0,0.0757,0.1131,0.0944,0.0491,0.0151,0.0188,0.0076,0.93,11.72,3.5,51.16,18.32,0,MOD-00632,2025-04-15T15:05:29,2025-04-15T08:05:29,https://api.quant-aq.com/v1/devices/MOD-00632/data/raw/363750318
0,655.9,41.0,696.9,1276.7,665.4,3.0,668.4,1647.2,1.099999999999909,1648.3,1647.7,3.7000000000000455,1652.0,,,73.9,12.4,0.0,0.0,0.0,493.25,1.9,3.6,3.0,4.28,0.4204,0.0,0.0,0.0,0.0,0.0,0.0,0.0,0.0,0.0,0.0,0.2295,0.0,0.0,0.0,0.0,0.0717,0.1086,0.0788,0.0303,0.0224,0.0225,0.0038,0.97,9.37,3.25,51.08,18.29,0,MOD-00632,2025-04-15T15:04:29,2025-04-15T08:04:29,https://api.quant-aq.com/v1/devices/MOD-00632/data/raw/363747998
0,655.8,43.30000000000007,699.1,1274.5,665.8,2.800000000000068,668.6,1647.3,1.2000000000000455,1648.5,1647.9,3.7999999999999545,1652.3,,,74.4,12.4,0.0,0.0,0.0,469.25,1.8,3.2,2.7,4.6406,0.3254,0.0,0.0,0.0,0.0,0.0,0.0,0.0,0.0,0.0,0.0,0.2084,0.0,0.0,0.0,0.0,0.0581,0.1238,0.1124,0.0311,0.0154,0.0194,0.0,0.99,7.93,3.46,51.26,18.27,0,MOD-00632,2025-04-15T15:03:29,2025-04-15T08:03:29,https://api.quant-aq.com/v1/devices/MOD-00632/data/raw/363747999
0,656.2,42.299999999999955,698.5,1275.4,665.3,2.7000000000000455,668.0,1647.3,1.2000000000000455,1648.5,1647.9,3.900000000000091,1652.4,,,74.2,12.4,0.0,0.0,0.0,520.25,2.2,3.6,3.3,4.3099,0.3659,0.0,0.0,0.0,0.0,0.0,0.0,0.0,0.0,0.0,0.0,0.2199,0.0,0.0,0.0,0.0,0.1029,0.1029,0.1138,0.0671,0.0198,0.0,0.0,1.0,6.5,3.81,51.13,18.25,0,MOD-00632,2025-04-15T15:02:29,2025-04-15T08:02:29,https://api.quant-aq.com/v1/devices/MOD-00632/data/raw/363747997
0,656.1,40.89999999999998,697.0,1269.4,666.0,2.6000000000000227,668.6,1647.4,0.8999999999998636,1648.3,1647.9,4.100000000000136,1652.4,,,73.9,12.4,0.0,0.0,0.0,511.75,1.8,2.9,2.9,4.2222,0.4557,0.0,0.0,0.0,0.0,0.0,0.0,0.0,0.0,0.0,0.0,0.133,0.0,0.0,0.0,0.0,0.0803,0.134,0.091,0.0492,0.0303,0.0115,0.0077,0.95,10.14,3.69,51.02,18.27,0,MOD-00632,2025-04-15T15:01:29,2025-04-15T08:01:29,https://api.quant-aq.com/v1/devices/MOD-00632/data/raw/363748000
0,654.7,41.59999999999991,696.3,1274.9,665.6,3.1000000000000227,668.7,1647.3,1.2000000000000455,1648.5,1648.0,3.900000000000091,1652.4,,,74.0,12.4,0.0,0.0,0.0,511.75,2.0,2.9,2.8,4.3173,0.4745,0.0038,0.0,0.0,0.0,0.0,0.0,0.0,0.0,0.0,0.0,0.181,0.0,0.0,0.0,0.0,0.1155,0.0842,0.0842,0.0542,0.0118,0.0116,0.0,0.98,8.43,3.31,51.22,18.22,0,MOD-00632,2025-04-15T15:00:29,2025-04-15T08:00:29,https://api.quant-aq.com/v1/devices/MOD-00632/data/raw/363745675
0,655.2,42.0,697.2,1276.0,665.5,3.1000000000000227,668.6,1647.3,1.2999999999999545,1648.6,1648.0,3.800000000000182,1652.4,,,74.0,12.4,0.0,0.0,0.0,550.75,2.2,3.5,3.2,4.5511,0.4323,0.004,0.0,0.0,0.0,0.0,0.0,0.0,0.0,0.0,0.0,0.1983,0.0,0.0,0.0,0.0,0.1148,0.1455,0.1067,0.0455,0.0151,0.0153,0.0,1.07,9.66,3.82,51.29,18.18,0,MOD-00632,2025-04-15T14:59:29,2025-04-15T07:59:29,https://api.quant-aq.com/v1/devices/MOD-00632/data/raw/363745677
0,657.1,41.299999999999955,698.4,1274.6,665.6,3.6000000000000227,669.2,1647.5,1.099999999999909,1648.6,1648.1,3.800000000000182,1652.4,,,74.1,12.3,0.0,0.0,0.0,575.0,2.5,5.3,3.9,4.7051,0.4553,0.0,0.0,0.0,0.0,0.0,0.0,0.0,0.0,0.0,0.0,0.2271,0.0,0.0,0.0,0.0,0.0539,0.1043,0.1273,0.0464,0.0232,0.0076,0.0077,1.03,9.42,3.79,51.42,18.13,0,MOD-00632,2025-04-15T14:58:29,2025-04-15T07:58:29,https://api.quant-aq.com/v1/devices/MOD-00632/data/raw/363745676
0,656.2,42.09999999999991,698.3,1273.0,665.1,2.8999999999999773,668.0,1647.3,1.2999999999999545,1648.6,1647.9,3.800000000000182,1652.4,,,74.5,12.3,0.0,0.0,0.0,444.0,1.5,3.3,2.8,4.7363,0.3529,0.0037,0.0,0.0,0.0,0.0,0.0,0.0,0.0,0.0,0.0,0.2404,0.0,0.0,0.0,0.0,0.0826,0.1239,0.0943,0.0564,0.0151,0.0075,0.0,1.04,8.38,3.62,51.65,18.12,0,MOD-00632,2025-04-15T14:57:29,2025-04-15T07:57:29,https://api.quant-aq.com/v1/devices/MOD-00632/data/raw/363745674
0,656.9,43.89999999999998,700.8,1276.3,665.5,3.3999999999999773,668.9,1647.2,1.3999999999998636,1648.6,1648.4,3.6000000000001364,1652.2,,,74.6,12.3,0.0,0.0,0.0,643.0,2.4,4.8,4.5,5.1251,0.3906,0.0,0.0,0.0,0.0,0.0,0.0,0.0,0.0,0.0,0.0,0.243,0.0,0.0,0.0,0.0,0.0794,0.1322,0.0894,0.0374,0.03,0.0074,0.0037,1.1,8.27,3.63,51.75,18.09,0,MOD-00632,2025-04-15T14:56:29,2025-04-15T07:56:29,https://api.quant-aq.com/v1/devices/MOD-00632/data/raw/363743317
0,655.5,45.89999999999998,701.4,1277.2,665.5,3.3999999999999773,668.9,1647.4,1.3999999999998636,1648.8,1648.0,3.5,1652.3,,,74.8,12.2,0.0,0.0,0.0,641.0,2.8,5.9,5.3,5.2097,0.4197,0.0,0.0038,0.0,0.0,0.0,0.0,0.0,0.0,0.0,0.0,0.2323,0.0,0.0,0.0,0.0,0.1482,0.1294,0.1366,0.0574,0.0076,0.0039,0.0,1.2,8.92,4.14,51.8,18.05,0,MOD-00632,2025-04-15T14:55:29,2025-04-15T07:55:29,https://api.quant-aq.com/v1/devices/MOD-00632/data/raw/363743315
0,654.8,47.0,701.8,1278.5,665.4,3.800000000000068,669.2,1647.3,1.5,1648.8,1648.0,3.400000000000091,1652.2,,,74.8,12.2,0.0,0.0,0.0,748.0,3.5,5.5,5.0,5.1625,0.4944,0.0,0.0,0.0,0.0,0.0,0.0,0.0,0.0,0.0,0.0,0.2816,0.0,0.0,0.0,0.0,0.1137,0.0759,0.1101,0.0378,0.019,0.0265,0.0,1.15,9.43,3.73,51.89,18.03,0,MOD-00632,2025-04-15T14:54:29,2025-04-15T07:54:29,https://api.quant-aq.com/v1/devices/MOD-00632/data/raw/363743318
0,655.2,45.0,700.2,1276.9,665.5,3.7000000000000455,669.2,1647.2,1.7000000000000455,1648.9,1647.8,3.199999999999818,1652.1,,,75.0,12.2,0.0,0.0,0.0,607.0,3.0,4.2,4.0,5.2845,0.5018,0.0,0.0038,0.0,0.0,0.0,0.0,0.0,0.0,0.0,0.0,0.2386,0.0,0.0,0.0,0.0,0.0741,0.1045,0.1155,0.0377,0.0149,0.0076,0.0036,1.13,9.8,3.57,51.93,17.97,0,MOD-00632,2025-04-15T14:53:29,2025-04-15T07:53:29,https://api.quant-aq.com/v1/devices/MOD-00632/data/raw/363743316
0,656.1,43.39999999999998,699.5,1276.2,665.6,3.199999999999932,668.8,1647.4,1.599999999999909,1649.0,1647.8,3.5,1652.5,,,75.2,12.1,0.0,0.0,0.0,707.75,2.9,6.3,5.4,5.4831,0.4163,0.0073,0.0037,0.0,0.0,0.0,0.0,0.0,0.0,0.0,0.0,0.194,0.0,0.0,0.0,0.0,0.0731,0.0875,0.0734,0.0368,0.0108,0.0183,0.0107,1.06,15.29,3.13,51.92,17.95,0,MOD-00632,2025-04-15T14:52:29,2025-04-15T07:52:29,https://api.quant-aq.com/v1/devices/MOD-00632/data/raw/363740978
0,654.5,44.10000000000002,698.6,1275.8,664.9,3.3999999999999773,668.3,1647.4,1.5,1648.9,1648.1,3.3999999999998636,1652.3,,,74.9,12.1,0.0,0.0,0.0,681.0,2.8,4.5,4.4,5.658,0.3739,0.0037,0.0,0.0,0.0,0.0,0.0,0.0,0.0,0.0,0.0,0.2216,0.0,0.0,0.0,0.0,0.0876,0.142,0.1055,0.0361,0.0145,0.0182,0.0036,1.16,10.62,3.77,51.87,17.94,0,MOD-00632,2025-04-15T14:51:29,2025-04-15T07:51:29,https://api.quant-aq.com/v1/devices/MOD-00632/data/raw/363740979
0,656.1,43.299999999999955,699.4,1267.2,664.6,3.1000000000000227,667.7,1647.4,1.3999999999998636,1648.8,1648.1,3.6000000000001364,1652.4,,,75.0,12.1,0.0,0.0,0.0,651.25,2.6,4.8,4.3,5.1448,0.4581,0.0036,0.0,0.0,0.0,0.0,0.0,0.0,0.0,0.0,0.0,0.2276,0.0,0.0,0.0,0.0,0.1024,0.0731,0.0621,0.0479,0.0072,0.0221,0.0036,1.06,10.08,3.13,51.88,17.91,0,MOD-00632,2025-04-15T14:50:29,2025-04-15T07:50:29,https://api.quant-aq.com/v1/devices/MOD-00632/data/raw/363740977
0,655.1,43.39999999999998,698.5,1276.0,665.5,3.3999999999999773,668.9,1647.2,1.5,1648.7,1648.0,3.599999999999909,1652.3,,,74.9,12.1,0.0,0.0,0.0,686.5,3.2,5.7,4.9,5.8274,0.4587,0.0,0.0,0.0,0.0,0.0,0.0,0.0,0.0,0.0,0.0,0.2278,0.0,0.0,0.0,0.0,0.0867,0.0912,0.0723,0.0384,0.0114,0.0151,0.0038,1.15,7.83,3.21,51.85,17.9,0,MOD-00632,2025-04-15T14:49:29,2025-04-15T07:49:29,https://api.quant-aq.com/v1/devices/MOD-00632/data/raw/363740976
0,655.6,42.799999999999955,698.4,1275.9,664.3,3.400000000000091,667.7,1647.4,1.2999999999999545,1648.7,1648.0,3.599999999999909,1652.3,,,74.9,12.0,0.0,0.0,0.0,673.0,3.2,6.2,4.6,5.5407,0.4676,0.0,0.0,0.0,0.0,0.0,0.0,0.0,0.0,0.0,0.0,0.2131,0.0,0.0,0.0,0.0,0.0668,0.0971,0.1005,0.0342,0.0297,0.0185,0.0038,1.11,9.75,3.63,51.92,17.88,0,MOD-00632,2025-04-15T14:48:29,2025-04-15T07:48:29,https://api.quant-aq.com/v1/devices/MOD-00632/data/raw/363738583
0,654.6,43.299999999999955,697.9,1275.4,664.9,3.1000000000000227,668.0,1647.5,1.2000000000000455,1648.7,1648.1,3.7000000000000455,1652.4,,,75.1,12.0,0.0,0.0,0.0,629.5,2.8,4.6,3.4,5.299,0.4088,0.0,0.0,0.0,0.0,0.0,0.0,0.0,0.0,0.0,0.0,0.1968,0.0,0.0,0.0,0.0,0.0559,0.1115,0.0819,0.0187,0.0186,0.0037,0.0,1.04,5.12,2.92,52.04,17.83,0,MOD-00632,2025-04-15T14:47:29,2025-04-15T07:47:29,https://api.quant-aq.com/v1/devices/MOD-00632/data/raw/363738584
0,654.5,43.39999999999998,697.9,1273.6,664.8,3.1000000000000227,667.9,1647.3,1.2999999999999545,1648.6,1647.8,3.800000000000182,1652.4,,,75.2,12.0,0.0,0.0,0.0,636.25,3.0,4.4,4.1,4.9242,0.4206,0.0037,0.0,0.0,0.0,0.0,0.0,0.0,0.0,0.0,0.0,0.2552,0.0,0.0,0.0,0.0,0.0712,0.1053,0.0867,0.0638,0.0225,0.0,0.0037,1.06,8.85,3.63,52.16,17.83,0,MOD-00632,2025-04-15T14:46:29,2025-04-15T07:46:29,https://api.quant-aq.com/v1/devices/MOD-00632/data/raw/363738582
0,655.0,42.299999999999955,697.3,1275.1,664.9,2.8999999999999773,667.8,1647.2,1.2999999999999545,1648.5,1648.3,4.2000000000000455,1652.7,,,75.3,12.0,0.0,0.0,0.0,628.25,2.7,4.2,4.0,5.1647,0.4026,0.0,0.0,0.0,0.0,0.0,0.0,0.0,0.0,0.0,0.0,0.252,0.0,0.0,0.0,0.0,0.0797,0.118,0.0995,0.0386,0.0078,0.0039,0.0,1.1,5.37,3.33,52.19,17.78,0,MOD-00632,2025-04-15T14:45:29,2025-04-15T07:45:29,https://api.quant-aq.com/v1/devices/MOD-00632/data/raw/363738581
0,654.0,43.5,697.5,1272.2,664.8,2.7000000000000455,667.5,1647.6,0.8000000000001819,1648.4,1648.0,4.0,1652.4,,,75.3,12.0,0.0,0.0,0.0,593.75,2.8,4.0,3.5,5.626,0.5135,0.0,0.0039,0.0,0.0,0.0,0.0,0.0,0.0,0.0,0.0,0.1835,0.0,0.0,0.0,0.0,0.0851,0.0807,0.0992,0.0466,0.0074,0.0076,0.0,1.12,8.29,3.31,52.3,17.76,0,MOD-00632,2025-04-15T14:44:29,2025-04-15T07:44:29,https://api.quant-aq.com/v1/devices/MOD-00632/data/raw/363736229
0,654.7,42.5,697.2,1272.9,664.8,2.7000000000000455,667.5,1647.6,0.8000000000001819,1648.4,1648.1,4.2999999999999545,1652.7,,,75.5,11.9,0.0,0.0,0.0,657.5,2.8,5.2,4.5,5.383,0.3783,0.0,0.0,0.0,0.0,0.0,0.0,0.0,0.0,0.0,0.0,0.2503,0.0,0.0,0.0,0.0,0.0303,0.1177,0.1174,0.0496,0.0265,0.0114,0.0,1.09,8.17,3.87,52.47,17.72,0,MOD-00632,2025-04-15T14:43:29,2025-04-15T07:43:29,https://api.quant-aq.com/v1/devices/MOD-00632/data/raw/363736226
0,652.9,42.700000000000045,695.6,1270.4,665.3,2.5,667.8,1647.5,0.900000000000091,1648.4,1648.2,4.2999999999999545,1652.7,,,75.8,11.9,0.0,0.0,0.0,571.25,2.4,4.6,3.7,4.7788,0.4472,0.0,0.0,0.0,0.0,0.0,0.0,0.0,0.0,0.0,0.0,0.2042,0.0,0.0,0.0,0.0,0.106,0.1098,0.106,0.0393,0.0157,0.0236,0.008,1.06,10.96,3.69,52.77,17.68,0,MOD-00632,2025-04-15T14:42:29,2025-04-15T07:42:29,https://api.quant-aq.com/v1/devices/MOD-00632/data/raw/363736228
0,654.5,41.10000000000002,695.6,1274.1,665.0,2.2999999999999545,667.3,1647.6,0.8000000000001819,1648.4,1648.4,4.399999999999864,1652.8,,,76.0,11.9,0.0,0.0,0.0,524.5,2.5,3.4,3.4,4.7905,0.3857,0.0,0.0,0.0,0.0,0.0,0.0,0.0,0.0,0.0,0.0,0.1962,0.0,0.0,0.0,0.0,0.0692,0.1009,0.1075,0.0276,0.0039,0.0193,0.0113,1.0,9.94,3.2,52.82,17.68,0,MOD-00632,2025-04-15T14:41:29,2025-04-15T07:41:29,https://api.quant-aq.com/v1/devices/MOD-00632/data/raw/363736227
0,652.8,42.0,694.8,1270.5,664.8,2.5,667.3,1647.4,0.8999999999998636,1648.3,1648.3,4.600000000000136,1652.9,,,76.1,11.8,0.0,0.0,0.0,533.75,2.1,3.2,2.9,5.3301,0.4235,0.0038,0.0038,0.0,0.0,0.0,0.0,0.0,0.0,0.0,0.0,0.2135,0.0,0.0,0.0,0.0,0.057,0.1298,0.0801,0.0497,0.0,0.0192,0.0,1.08,11.1,3.34,52.93,17.63,0,MOD-00632,2025-04-15T14:40:29,2025-04-15T07:40:29,https://api.quant-aq.com/v1/devices/MOD-00632/data/raw/363733859
0,653.4,42.30000000000007,695.7,1271.0,665.1,2.3999999999999773,667.5,1647.3,0.7999999999999545,1648.1,1648.2,4.600000000000136,1652.7,,,76.1,11.8,0.0,0.0,0.0,601.75,2.9,4.3,4.0,5.161,0.398,0.0037,0.0,0.0,0.0,0.0,0.0,0.0,0.0,0.0,0.0,0.2084,0.0,0.0,0.0,0.0,0.0617,0.1082,0.1036,0.061,0.0153,0.0079,0.0,1.06,8.62,3.68,53.18,17.57,0,MOD-00632,2025-04-15T14:39:29,2025-04-15T07:39:29,https://api.quant-aq.com/v1/devices/MOD-00632/data/raw/363733857
0,652.8,46.200000000000045,699.0,1271.1,665.0,2.2999999999999545,667.3,1647.2,1.099999999999909,1648.3,1648.2,4.5,1652.8,,,76.5,11.8,0.0,0.0,0.0,614.25,2.7,4.8,3.8,4.9885,0.5118,0.0038,0.0038,0.0,0.0,0.0,0.0,0.0,0.0,0.0,0.0,0.2291,0.0,0.0,0.0,0.0,0.0678,0.1545,0.0786,0.0486,0.0265,0.0038,0.0037,1.11,11.73,3.7,53.43,17.54,0,MOD-00632,2025-04-15T14:38:29,2025-04-15T07:38:29,https://api.quant-aq.com/v1/devices/MOD-00632/data/raw/363733856
0,650.9,48.89999999999998,699.8,1272.5,665.9,2.3999999999999773,668.3,1647.4,0.8999999999998636,1648.3,1648.2,4.5,1652.8,,,77.1,11.7,0.0,0.0,0.0,432.75,1.6,3.0,2.5,5.2205,0.3644,0.0,0.0,0.0,0.0,0.0,0.0,0.0,0.0,0.0,0.0,0.1979,0.0,0.0,0.0,0.0,0.0618,0.1086,0.1273,0.0426,0.0039,0.0077,0.0039,1.06,7.03,3.5,53.89,17.46,0,MOD-00632,2025-04-15T14:37:29,2025-04-15T07:37:29,https://api.quant-aq.com/v1/devices/MOD-00632/data/raw/363733858
0,651.2,47.799999999999955,699.0,1273.2,664.9,2.5,667.4,1647.1,1.2000000000000455,1648.3,1648.0,4.400000000000091,1652.7,,,77.5,11.7,0.0,0.0,0.0,392.75,1.2,2.8,2.2,4.9193,0.4719,0.0,0.0,0.0,0.0,0.0,0.0,0.0,0.0,0.0,0.0,0.1888,0.0,0.0,0.0,0.0,0.0903,0.1175,0.0981,0.0745,0.0313,0.0155,0.0,1.07,9.66,4.19,54.15,17.43,0,MOD-00632,2025-04-15T14:36:29,2025-04-15T07:36:29,https://api.quant-aq.com/v1/devices/MOD-00632/data/raw/363731487
0,651.4,47.10000000000002,698.5,1270.4,665.0,2.1000000000000227,667.1,1647.2,1.2999999999999545,1648.5,1647.9,4.2999999999999545,1652.8,,,77.9,11.6,0.0,0.0,0.0,495.0,2.0,3.8,3.3,4.851,0.3887,0.0,0.0,0.0,0.0,0.0,0.0,0.0,0.0,0.0,0.0,0.1908,0.0,0.0,0.0,0.0,0.1047,0.1309,0.1009,0.0374,0.0412,0.015,0.0,1.06,9.25,3.92,54.3,17.38,0,MOD-00632,2025-04-15T14:35:29,2025-04-15T07:35:29,https://api.quant-aq.com/v1/devices/MOD-00632/data/raw/363731484
0,652.0,44.39999999999998,696.4,1272.2,665.5,2.1000000000000227,667.6,1647.0,1.2999999999999545,1648.3,1648.0,4.2999999999999545,1652.6,,,78.1,11.6,0.0,0.0,0.0,535.5,2.1,3.6,3.0,4.6792,0.4393,0.0,0.0,0.0,0.0,0.0,0.0,0.0,0.0,0.0,0.0,0.2093,0.0,0.0,0.0,0.0,0.0774,0.1296,0.1719,0.0509,0.0275,0.0273,0.008,1.08,13.54,4.68,54.48,17.32,0,MOD-00632,2025-04-15T14:34:29,2025-04-15T07:34:29,https://api.quant-aq.com/v1/devices/MOD-00632/data/raw/363731486
0,651.0,43.60000000000002,694.6,1271.7,664.6,2.0,666.6,1647.1,1.2000000000000455,1648.3,1647.9,4.100000000000136,1652.4,,,78.6,11.5,0.0,0.0,0.0,424.5,1.3,3.2,3.2,5.0756,0.4865,0.0,0.0,0.0,0.0,0.0,0.0,0.0,0.0,0.0,0.0,0.2506,0.0,0.0,0.0,0.0,0.1113,0.0997,0.1116,0.0598,0.0159,0.0199,0.004,1.14,10.1,4.02,54.55,17.27,0,MOD-00632,2025-04-15T14:33:29,2025-04-15T07:33:29,https://api.quant-aq.com/v1/devices/MOD-00632/data/raw/363731485
0,652.9,42.89999999999998,695.8,1272.3,664.8,2.1000000000000227,666.9,1646.9,1.3999999999998636,1648.3,1647.6,4.2999999999999545,1652.6,,,78.6,11.4,0.0,0.0,0.0,432.75,1.8,3.2,2.6,5.0258,0.4156,0.0077,0.0,0.0,0.0,0.0,0.0,0.0,0.0,0.0,0.0,0.231,0.0,0.0,0.0,0.0,0.0955,0.1292,0.0797,0.0454,0.0038,0.0075,0.0,1.09,8.96,3.3,54.47,17.24,0,MOD-00632,2025-04-15T14:32:29,2025-04-15T07:32:29,https://api.quant-aq.com/v1/devices/MOD-00632/data/raw/363728861
0,653.6,42.299999999999955,695.9,1267.6,664.7,2.099999999999909,666.8,1647.0,1.2000000000000455,1648.2,1647.6,4.2999999999999545,1652.5,,,78.7,11.4,0.0,0.0,0.0,427.0,1.5,2.8,2.4,5.0725,0.4025,0.0039,0.0,0.0,0.0,0.0,0.0,0.0,0.0,0.0,0.0,0.2487,0.0,0.0,0.0,0.0,0.0711,0.1659,0.1741,0.0672,0.0119,0.0039,0.0039,1.18,10.47,4.7,54.42,17.2,0,MOD-00632,2025-04-15T14:31:29,2025-04-15T07:31:29,https://api.quant-aq.com/v1/devices/MOD-00632/data/raw/363728859
0,652.0,44.10000000000002,696.1,1268.4,664.8,2.2000000000000455,667.0,1646.8,1.400000000000091,1648.2,1647.7,4.099999999999909,1652.3,,,78.6,11.3,0.0,0.0,0.0,512.5,2.1,3.7,2.9,4.9847,0.4233,0.0039,0.0,0.0,0.0,0.0,0.0,0.0,0.0,0.0,0.0,0.2157,0.0,0.0,0.0,0.0,0.1126,0.1084,0.1258,0.0842,0.0078,0.0194,0.0,1.11,10.98,4.33,54.31,17.15,0,MOD-00632,2025-04-15T14:30:29,2025-04-15T07:30:29,https://api.quant-aq.com/v1/devices/MOD-00632/data/raw/363728860
0,652.4,45.200000000000045,697.6,1270.5,665.1,2.0,667.1,1646.8,1.5,1648.3,1647.2,3.900000000000091,1652.2,,,78.5,11.3,0.0,0.0,0.0,498.5,2.0,4.4,3.2,5.1364,0.4178,0.0038,0.0037,0.0,0.0,0.0,0.0,0.0,0.0,0.0,0.0,0.2384,0.0,0.0,0.0,0.0,0.0699,0.1162,0.159,0.0714,0.0039,0.0073,0.0037,1.13,12.22,4.28,54.16,17.14,0,MOD-00632,2025-04-15T14:29:29,2025-04-15T07:29:29,https://api.quant-aq.com/v1/devices/MOD-00632/data/raw/363728858
0,652.2,45.299999999999955,697.5,1270.4,664.8,2.2000000000000455,667.0,1646.8,1.5,1648.3,1647.5,3.900000000000091,1652.2,,,78.3,11.3,0.0,0.0,0.0,538.25,2.7,4.3,3.9,5.7361,0.5003,0.004,0.0,0.0,0.0,0.0,0.0,0.0,0.0,0.0,0.0,0.2324,0.0,0.0,0.0,0.0,0.0696,0.1438,0.1088,0.0389,0.0159,0.0077,0.0039,1.2,9.58,3.78,54.07,17.14,0,MOD-00632,2025-04-15T14:28:29,2025-04-15T07:28:29,https://api.quant-aq.com/v1/devices/MOD-00632/data/raw/363726431
0,652.9,44.80000000000007,697.7,1268.1,664.5,2.2000000000000455,666.7,1646.7,1.599999999999909,1648.3,1647.5,3.7999999999999545,1652.1,,,78.3,11.3,0.0,0.0,0.0,573.5,2.5,4.7,4.2,5.516,0.4406,0.0038,0.0,0.0,0.0,0.0,0.0,0.0,0.0,0.0,0.0,0.2263,0.0,0.0,0.0,0.0,0.0753,0.1209,0.1466,0.0451,0.019,0.0301,0.0,1.16,12.4,4.31,54.0,17.11,0,MOD-00632,2025-04-15T14:27:29,2025-04-15T07:27:29,https://api.quant-aq.com/v1/devices/MOD-00632/data/raw/363726432
0,654.9,40.80000000000007,695.7,1271.2,664.6,2.5,667.1,1646.7,1.5,1648.2,1647.5,3.8999999999998636,1652.1,,,78.2,11.2,0.0,0.0,0.0,635.25,2.9,4.7,4.7,5.2084,0.4224,0.0,0.0,0.0,0.0,0.0,0.0,0.0,0.0,0.0,0.0,0.2358,0.0,0.0,0.0,0.0,0.1547,0.1618,0.1361,0.0662,0.0109,0.0074,0.0,1.24,7.83,4.52,53.94,17.07,0,MOD-00632,2025-04-15T14:26:29,2025-04-15T07:26:29,https://api.quant-aq.com/v1/devices/MOD-00632/data/raw/363726433
0,652.8,43.40000000000009,696.2,1271.4,665.0,2.5,667.5,1646.9,1.3999999999998636,1648.3,1647.5,3.900000000000091,1652.2,,,78.1,11.2,0.0,0.0,0.0,623.25,2.8,3.7,3.7,5.4857,0.3895,0.0038,0.0,0.0,0.0,0.0,0.0,0.0,0.0,0.0,0.0,0.2298,0.0,0.0,0.0,0.0,0.0844,0.1264,0.0802,0.0422,0.0114,0.0038,0.0,1.12,7.16,3.32,53.9,17.09,0,MOD-00632,2025-04-15T14:25:29,2025-04-15T07:25:29,https://api.quant-aq.com/v1/devices/MOD-00632/data/raw/363726434
0,653.3,43.40000000000009,696.7,1273.3,664.3,2.300000000000068,666.6,1646.9,1.3999999999998636,1648.3,1647.5,3.7999999999999545,1652.1,,,77.9,11.2,0.0,0.0,0.0,612.5,3.2,4.8,4.3,5.6676,0.3881,0.0,0.0,0.0,0.0,0.0,0.0,0.0,0.0,0.0,0.0,0.2186,0.0,0.0,0.0,0.0,0.0742,0.1189,0.1146,0.0592,0.0222,0.0185,0.0037,1.14,10.27,4.12,53.81,17.09,0,MOD-00632,2025-04-15T14:24:29,2025-04-15T07:24:29,https://api.quant-aq.com/v1/devices/MOD-00632/data/raw/363724094
0,653.7,42.5,696.2,1269.8,664.9,2.6000000000000227,667.5,1646.8,1.2999999999999545,1648.1,1647.5,3.900000000000091,1652.0,,,77.9,11.2,0.0,0.0,0.0,613.25,2.7,4.2,4.2,5.5835,0.3994,0.0,0.0,0.0,0.0,0.0,0.0,0.0,0.0,0.0,0.0,0.1996,0.0,0.0,0.0,0.0,0.0738,0.1221,0.1179,0.059,0.0148,0.0223,0.0,1.13,9.37,4.05,53.8,17.06,0,MOD-00632,2025-04-15T14:23:29,2025-04-15T07:23:29,https://api.quant-aq.com/v1/devices/MOD-00632/data/raw/363724093
0,654.0,40.5,694.5,1273.1,664.8,2.400000000000091,667.2,1646.9,1.099999999999909,1648.0,1647.5,3.900000000000091,1651.9,,,77.9,11.2,0.0,0.0,0.0,560.5,2.5,4.0,3.7,4.8057,0.4707,0.0036,0.0,0.0,0.0,0.0,0.0,0.0,0.0,0.0,0.0,0.1708,0.0,0.0,0.0,0.0,0.0692,0.0984,0.1094,0.051,0.0292,0.0146,0.0036,1.01,11.17,3.79,53.83,17.06,0,MOD-00632,2025-04-15T14:22:29,2025-04-15T07:22:29,https://api.quant-aq.com/v1/devices/MOD-00632/data/raw/363724091
0,652.7,40.0,692.7,1272.1,665.0,2.2999999999999545,667.3,1646.9,1.0,1647.9,1647.7,4.0,1651.9,,,77.9,11.2,0.0,0.0,0.0,540.75,2.3,3.6,3.5,5.4048,0.401,0.0038,0.0,0.0038,0.0,0.0,0.0,0.0,0.0,0.0,0.0,0.2223,0.0,0.0,0.0,0.0,0.0763,0.1497,0.1067,0.0459,0.0229,0.0229,0.0,1.14,13.98,4.05,53.86,17.04,0,MOD-00632,2025-04-15T14:21:29,2025-04-15T07:21:29,https://api.quant-aq.com/v1/devices/MOD-00632/data/raw/363724092
0,652.2,39.799999999999955,692.0,1269.6,664.9,2.1000000000000227,667.0,1646.8,1.0,1647.8,1647.6,4.100000000000136,1651.9,,,77.9,11.2,0.0,0.0,0.0,478.0,1.7,3.4,3.0,5.5057,0.4077,0.0,0.0,0.0,0.0,0.0,0.0,0.0,0.0,0.0,0.0,0.2583,0.0,0.0,0.0,0.0,0.0964,0.1291,0.1288,0.0439,0.0238,0.0079,0.0041,1.19,8.85,4.1,53.87,17.04,0,MOD-00632,2025-04-15T14:20:29,2025-04-15T07:20:29,https://api.quant-aq.com/v1/devices/MOD-00632/data/raw/363721762
0,653.0,37.200000000000045,690.2,1265.9,664.4,2.0,666.4,1646.9,0.6999999999998181,1647.6,1647.5,4.2000000000000455,1651.8,,,77.9,11.2,0.0,0.0,0.0,478.75,2.2,3.4,3.1,5.3183,0.4401,0.0,0.0,0.0,0.0,0.0,0.0,0.0,0.0,0.0,0.0,0.2331,0.0,0.0,0.0,0.0,0.078,0.1019,0.1397,0.0664,0.0349,0.0154,0.0039,1.13,11.2,4.51,53.91,17.04,0,MOD-00632,2025-04-15T14:19:29,2025-04-15T07:19:29,https://api.quant-aq.com/v1/devices/MOD-00632/data/raw/363721763
0,654.0,34.5,688.5,1266.0,664.9,2.0,666.9,1646.9,0.599999999999909,1647.5,1647.6,4.2000000000000455,1651.7,,,78.1,11.2,0.0,0.0,0.0,455.75,1.6,4.5,3.1,4.8585,0.4093,0.0,0.0,0.0,0.0,0.0,0.0,0.0,0.0,0.0,0.0,0.2506,0.0,0.0,0.0,0.0,0.0678,0.0888,0.1602,0.0436,0.0204,0.0038,0.0038,1.07,7.96,3.94,54.04,17.04,0,MOD-00632,2025-04-15T14:18:29,2025-04-15T07:18:29,https://api.quant-aq.com/v1/devices/MOD-00632/data/raw/363721764
0,653.8,33.80000000000007,687.6,1269.5,664.3,1.7000000000000455,666.0,1646.8,0.6000000000001364,1647.4,1647.5,4.5,1651.9,,,78.2,11.2,0.0,0.0,0.0,464.75,1.8,4.1,3.0,4.9918,0.4282,0.0,0.0,0.0,0.0,0.0,0.0,0.0,0.0,0.0,0.0,0.3123,0.0,0.0,0.0,0.0,0.0976,0.1063,0.1311,0.0523,0.0246,0.0122,0.0077,1.16,10.63,4.19,54.1,17.01,0,MOD-00632,2025-04-15T14:17:29,2025-04-15T07:17:29,https://api.quant-aq.com/v1/devices/MOD-00632/data/raw/363721765
0,652.0,34.200000000000045,686.2,1264.0,664.7,1.7999999999999545,666.5,1646.7,0.7999999999999545,1647.5,1647.6,4.2999999999999545,1651.8,,,78.3,11.2,0.0,0.0,0.0,389.0,1.2,2.4,2.1,4.8283,0.4009,0.004,0.0,0.0,0.0,0.0,0.0,0.0,0.0,0.0,0.0,0.2027,0.0,0.0,0.0,0.0,0.0718,0.1293,0.1685,0.0599,0.0082,0.0081,0.0041,1.08,10.32,4.28,54.25,17.0,0,MOD-00632,2025-04-15T14:16:29,2025-04-15T07:16:29,https://api.quant-aq.com/v1/devices/MOD-00632/data/raw/363719343
0,652.4,33.39999999999998,685.8,1268.0,664.3,1.7000000000000455,666.0,1646.9,0.3999999999998636,1647.3,1647.4,4.400000000000091,1651.7,,,78.4,11.2,0.0,0.0,0.0,470.75,1.8,4.1,2.6,4.9017,0.4154,0.0043,0.0,0.0,0.0,0.0,0.0,0.0,0.0,0.0,0.0,0.3028,0.0,0.0,0.0,0.0,0.1256,0.1008,0.1228,0.0464,0.0084,0.0253,0.0126,1.15,14.35,4.0,54.34,17.0,0,MOD-00632,2025-04-15T14:15:29,2025-04-15T07:15:29,https://api.quant-aq.com/v1/devices/MOD-00632/data/raw/363719346
0,652.5,32.700000000000045,685.2,1266.3,664.0,1.8999999999999773,665.9,1646.7,0.599999999999909,1647.3,1647.5,4.600000000000136,1651.9,,,78.5,11.2,0.0,0.0,0.0,305.5,1.0,1.5,1.5,4.3365,0.3628,0.0039,0.0,0.0,0.0,0.0,0.0,0.0,0.0,0.0,0.0,0.2139,0.0,0.0,0.0,0.0,0.0934,0.1631,0.1359,0.0272,0.0193,0.0195,0.0116,1.05,13.5,4.02,54.41,16.97,0,MOD-00632,2025-04-15T14:14:29,2025-04-15T07:14:29,https://api.quant-aq.com/v1/devices/MOD-00632/data/raw/363719345
0,652.5,32.39999999999998,684.9,1265.6,664.4,1.7000000000000455,666.1,1646.6,0.7000000000000455,1647.3,1647.4,4.5,1651.8,,,78.6,11.1,0.0,0.0,0.0,463.0,1.9,3.2,3.1,4.6384,0.3554,0.004,0.004,0.0,0.0,0.0,0.0,0.0,0.0,0.0,0.0,0.2298,0.0,0.0,0.0,0.0,0.0565,0.1007,0.1173,0.0524,0.0407,0.0243,0.0,0.99,15.11,4.1,54.47,16.96,0,MOD-00632,2025-04-15T14:13:29,2025-04-15T07:13:29,https://api.quant-aq.com/v1/devices/MOD-00632/data/raw/363719344
0,651.5,33.89999999999998,685.4,1267.1,665.0,2.0,667.0,1646.7,0.7000000000000455,1647.4,1647.4,4.5,1651.9,,,79.0,11.1,0.0,0.0,0.0,346.25,1.0,2.0,1.7,4.5494,0.413,0.0,0.0,0.0,0.0,0.0,0.0,0.0,0.0,0.0,0.0,0.2158,0.0,0.0,0.0,0.0,0.1356,0.145,0.1075,0.0455,0.0333,0.0082,0.0,1.1,8.23,4.07,54.62,16.96,0,MOD-00632,2025-04-15T14:12:29,2025-04-15T07:12:29,https://api.quant-aq.com/v1/devices/MOD-00632/data/raw/363716987
0,651.6,33.19999999999993,684.8,1269.5,664.7,1.599999999999909,666.3,1646.5,0.7999999999999545,1647.3,1647.3,4.7000000000000455,1652.0,,,79.1,11.1,0.0,0.0,0.0,357.0,1.1,1.8,1.3,4.5807,0.3589,0.0,0.0,0.0,0.0,0.0,0.0,0.0,0.0,0.0,0.0,0.2686,0.0,0.0,0.0,0.0,0.0635,0.1393,0.1165,0.0459,0.0,0.0041,0.0168,1.05,9.87,3.57,54.58,16.94,0,MOD-00632,2025-04-15T14:11:29,2025-04-15T07:11:29,https://api.quant-aq.com/v1/devices/MOD-00632/data/raw/363716992
0,654.3,30.600000000000023,684.9,1265.9,665.2,1.599999999999909,666.8,1646.7,0.599999999999909,1647.3,1647.3,4.600000000000136,1651.9,,,79.1,11.1,0.0,0.0,0.0,310.0,0.8,2.3,1.4,4.2391,0.3818,0.0043,0.0,0.0,0.0,0.0,0.0,0.0,0.0,0.0,0.0,0.2655,0.0,0.0,0.0,0.0,0.0726,0.206,0.1499,0.0597,0.03,0.0173,0.0042,1.11,13.45,4.88,54.6,16.96,0,MOD-00632,2025-04-15T14:10:29,2025-04-15T07:10:29,https://api.quant-aq.com/v1/devices/MOD-00632/data/raw/363716993
0,652.2,32.09999999999991,684.3,1265.8,664.5,1.5,666.0,1646.7,0.599999999999909,1647.3,1647.3,4.7000000000000455,1652.0,,,79.3,11.1,0.0,0.0,0.0,329.5,1.1,2.8,1.5,4.6495,0.356,0.0,0.0,0.0,0.0,0.0,0.0,0.0,0.0,0.0,0.0,0.2917,0.0,0.0,0.0,0.0,0.0913,0.1288,0.1205,0.0543,0.0084,0.0083,0.0,1.1,6.85,3.84,54.64,16.96,0,MOD-00632,2025-04-15T14:09:29,2025-04-15T07:09:29,https://api.quant-aq.com/v1/devices/MOD-00632/data/raw/363716990
0,653.1,30.699999999999932,683.8,1266.2,664.6,1.7999999999999545,666.4,1646.9,0.3999999999998636,1647.3,1647.4,4.900000000000091,1652.2,,,79.2,11.1,0.0,0.0,0.0,310.25,1.0,1.8,1.7,4.1131,0.3942,0.0041,0.004,0.0,0.0041,0.0,0.0,0.0,0.0,0.0,0.0,0.3102,0.0,0.0,0.0,0.0,0.1041,0.1455,0.1652,0.0363,0.024,0.02,0.0039,1.11,17.98,4.46,54.66,16.96,0,MOD-00632,2025-04-15T14:08:29,2025-04-15T07:08:29,https://api.quant-aq.com/v1/devices/MOD-00632/data/raw/363714661
0,651.5,32.0,683.5,1264.1,665.0,1.3999999999999773,666.4,1646.5,0.7000000000000455,1647.2,1647.3,4.899999999999864,1652.1,,,79.2,11.1,0.0,0.0,0.0,320.75,0.8,2.7,1.8,4.1046,0.3279,0.0039,0.0038,0.0,0.0,0.0,0.0,0.0,0.0,0.0,0.0,0.1847,0.0,0.0,0.0,0.0,0.0964,0.1429,0.1384,0.0574,0.0038,0.0077,0.0038,0.98,11.75,3.91,54.68,16.96,0,MOD-00632,2025-04-15T14:07:29,2025-04-15T07:07:29,https://api.quant-aq.com/v1/devices/MOD-00632/data/raw/363714662
0,654.1,29.899999999999977,684.0,1266.2,664.4,1.3999999999999773,665.8,1646.8,0.5,1647.3,1647.4,4.900000000000091,1652.2,,,79.2,11.1,0.0,0.0,0.0,331.0,1.0,2.1,1.7,3.8179,0.3747,0.0,0.0,0.0,0.0,0.0,0.0,0.0,0.0,0.0,0.0,0.2302,0.0,0.0,0.0,0.0,0.117,0.1658,0.1124,0.0603,0.0083,0.0083,0.0156,1.02,11.26,4.02,54.71,16.94,0,MOD-00632,2025-04-15T14:06:29,2025-04-15T07:06:29,https://api.quant-aq.com/v1/devices/MOD-00632/data/raw/363714664
0,653.3,30.0,683.3,1265.6,665.3,1.6000000000000227,666.9,1646.7,0.599999999999909,1647.3,1647.6,4.900000000000091,1652.2,,,79.3,11.1,0.0,0.0,0.0,304.0,1.0,1.7,1.7,4.5431,0.3264,0.0041,0.0,0.0,0.0,0.0,0.0,0.0,0.0,0.0,0.0,0.2518,0.0,0.0,0.0,0.0,0.1287,0.1573,0.1365,0.0786,0.0166,0.0166,0.0,1.12,11.53,4.69,54.8,16.93,0,MOD-00632,2025-04-15T14:05:29,2025-04-15T07:05:29,https://api.quant-aq.com/v1/devices/MOD-00632/data/raw/363714663
0,652.1,31.299999999999955,683.4,1263.9,664.6,1.3999999999999773,666.0,1646.9,0.3999999999998636,1647.3,1647.5,5.0,1652.3,,,79.5,11.1,0.0,0.0,0.0,248.75,0.2,1.3,1.0,4.2904,0.3661,0.0044,0.0043,0.0,0.0,0.0,0.0,0.0,0.0,0.0,0.0,0.2294,0.0,0.0,0.0,0.0,0.1405,0.1408,0.1325,0.0724,0.0129,0.013,0.0,1.08,13.12,4.39,54.88,16.93,0,MOD-00632,2025-04-15T14:04:29,2025-04-15T07:04:29,https://api.quant-aq.com/v1/devices/MOD-00632/data/raw/363712361
0,652.5,30.899999999999977,683.4,1262.5,664.5,1.6000000000000227,666.1,1646.8,0.5,1647.3,1647.4,5.100000000000136,1652.4,,,79.6,11.1,0.0,0.0,0.0,273.5,1.0,1.2,1.2,3.9725,0.3781,0.0,0.0,0.0,0.0,0.0,0.0,0.0,0.0,0.0,0.0,0.2476,0.0,0.0,0.0,0.0,0.0952,0.148,0.1647,0.0656,0.0247,0.0204,0.0,1.05,10.63,4.73,54.88,16.94,0,MOD-00632,2025-04-15T14:03:29,2025-04-15T07:03:29,https://api.quant-aq.com/v1/devices/MOD-00632/data/raw/363712362
0,653.1,30.0,683.1,1266.0,664.6,1.3999999999999773,666.0,1646.9,0.3999999999998636,1647.3,1647.3,5.100000000000136,1652.4,,,79.6,11.1,0.0,0.0,0.0,303.0,1.0,1.8,1.3,3.7445,0.3824,0.0081,0.0,0.0,0.0,0.0,0.0,0.0,0.0,0.0,0.0,0.2359,0.0,0.0,0.0,0.0,0.1056,0.1582,0.192,0.0934,0.0122,0.0245,0.0,1.05,15.11,5.28,54.89,16.93,0,MOD-00632,2025-04-15T14:02:29,2025-04-15T07:02:29,https://api.quant-aq.com/v1/devices/MOD-00632/data/raw/363712364
0,653.0,30.399999999999977,683.4,1263.2,664.7,1.5,666.2,1646.6,0.8000000000001819,1647.4,1647.5,5.199999999999818,1652.6,,,79.6,11.1,0.0,0.0,0.0,270.75,1.0,1.6,1.2,4.2146,0.4231,0.004,0.0,0.0,0.0,0.0,0.0,0.0,0.0,0.0,0.0,0.2112,0.0,0.0,0.0,0.0,0.1017,0.2232,0.2176,0.0565,0.0083,0.0122,0.0041,1.16,12.03,5.23,54.9,16.93,0,MOD-00632,2025-04-15T14:01:29,2025-04-15T07:01:29,https://api.quant-aq.com/v1/devices/MOD-00632/data/raw/363712363
0,652.5,30.600000000000023,683.1,1261.2,664.0,1.2999999999999545,665.3,1646.9,0.3999999999998636,1647.3,1647.3,5.0,1652.3,,,79.7,11.1,0.0,0.0,0.0,264.25,0.9,1.5,1.2,3.4679,0.473,0.0,0.0,0.0,0.0,0.0,0.0,0.0,0.0,0.0,0.0,0.2429,0.0,0.0,0.0,0.0,0.158,0.1759,0.1619,0.0249,0.0084,0.0164,0.0042,1.08,9.1,4.19,54.92,16.93,0,MOD-00632,2025-04-15T14:00:29,2025-04-15T07:00:29,https://api.quant-aq.com/v1/devices/MOD-00632/data/raw/363710059
0,651.7,31.899999999999977,683.6,1265.5,665.4,1.6000000000000227,667.0,1646.6,0.7000000000000455,1647.3,1647.4,5.2999999999999545,1652.6,,,79.7,11.1,0.0,0.0,0.0,281.0,0.8,1.9,1.5,4.1217,0.3476,0.0,0.0,0.0042,0.0,0.0,0.0,0.0,0.0,0.0,0.0,0.2826,0.0,0.0,0.0,0.0,0.1044,0.2083,0.1793,0.0608,0.0216,0.0043,0.0088,1.15,13.93,5.02,54.92,16.9,0,MOD-00632,2025-04-15T13:59:29,2025-04-15T06:59:29,https://api.quant-aq.com/v1/devices/MOD-00632/data/raw/363710058
0,653.9,30.899999999999977,684.8,1262.2,664.2,1.2999999999999545,665.5,1646.7,0.599999999999909,1647.3,1647.4,5.2999999999999545,1652.6,,,79.7,11.1,0.0,0.0,0.0,270.0,0.8,1.9,1.8,3.506,0.3323,0.0,0.0,0.0,0.0,0.0,0.0,0.0,0.0,0.0,0.0,0.2821,0.0,0.0,0.0,0.0,0.1007,0.1496,0.1659,0.077,0.02,0.0287,0.004,1.01,12.94,4.92,54.92,16.91,0,MOD-00632,2025-04-15T13:58:29,2025-04-15T06:58:29,https://api.quant-aq.com/v1/devices/MOD-00632/data/raw/363710057
0,653.4,31.5,684.9,1266.4,664.5,1.3999999999999773,665.9,1646.8,0.6000000000001364,1647.4,1647.5,5.2999999999999545,1652.7,,,79.7,11.1,0.0,0.0,0.0,225.25,0.2,1.6,1.4,3.8193,0.4065,0.0,0.0,0.0,0.0,0.0,0.0,0.0,0.0,0.0,0.0,0.1628,0.0,0.0,0.0,0.0,0.1052,0.1858,0.1423,0.0448,0.0121,0.0202,0.0041,1.01,10.08,4.22,54.95,16.91,0,MOD-00632,2025-04-15T13:57:29,2025-04-15T06:57:29,https://api.quant-aq.com/v1/devices/MOD-00632/data/raw/363710060
0,651.5,32.10000000000002,683.6,1263.5,664.7,1.7999999999999545,666.5,1646.8,0.6000000000001364,1647.4,1647.2,5.199999999999818,1652.6,,,79.7,11.1,0.0,0.0,0.0,185.75,0.0,1.2,1.0,3.8086,0.4296,0.0,0.0,0.0,0.0,0.0,0.0,0.0,0.0,0.0,0.0,0.2531,0.0,0.0,0.0,0.0,0.1398,0.1454,0.1567,0.0359,0.0159,0.0281,0.0161,1.07,14.6,4.4,54.93,16.91,0,MOD-00632,2025-04-15T13:56:29,2025-04-15T06:56:29,https://api.quant-aq.com/v1/devices/MOD-00632/data/raw/363707735
0,652.5,32.200000000000045,684.7,1262.0,664.8,1.3000000000000682,666.1,1646.8,0.5,1647.3,1647.4,5.400000000000091,1652.7,,,79.8,11.0,0.0,0.0,0.0,259.5,0.6,2.6,1.9,3.4155,0.3652,0.0,0.0,0.0,0.0,0.0,0.0,0.0,0.0,0.0,0.0,0.2645,0.0,0.0,0.0,0.0,0.1492,0.2181,0.1384,0.0498,0.0152,0.019,0.0038,1.08,10.48,4.59,55.01,16.91,0,MOD-00632,2025-04-15T13:55:29,2025-04-15T06:55:29,https://api.quant-aq.com/v1/devices/MOD-00632/data/raw/363707734
0,652.3,31.200000000000045,683.5,1257.8,664.8,1.400000000000091,666.2,1646.8,0.6000000000001364,1647.4,1647.5,5.399999999999864,1652.8,,,79.8,11.1,0.0,0.0,0.0,276.0,0.5,2.5,1.7,3.4009,0.4487,0.0,0.0,0.0,0.0,0.0,0.0,0.0,0.0,0.0,0.0,0.2405,0.0,0.0,0.0,0.0,0.1216,0.2125,0.1426,0.0895,0.0249,0.0079,0.0085,1.07,11.94,5.11,54.99,16.91,0,MOD-00632,2025-04-15T13:54:29,2025-04-15T06:54:29,https://api.quant-aq.com/v1/devices/MOD-00632/data/raw/363707733
0,651.9,30.800000000000068,682.7,1264.3,665.0,1.2000000000000455,666.2,1646.8,0.6000000000001364,1647.4,1647.5,5.399999999999864,1652.8,,,79.9,11.0,0.0,0.0,0.0,230.75,0.2,1.7,1.2,4.0161,0.3684,0.0,0.0,0.0,0.0,0.0,0.0,0.0,0.0,0.0,0.0,0.2835,0.0,0.0,0.0,0.0,0.1264,0.1808,0.1475,0.055,0.0213,0.0257,0.0083,1.12,13.17,4.76,55.03,16.91,0,MOD-00632,2025-04-15T13:53:29,2025-04-15T06:53:29,https://api.quant-aq.com/v1/devices/MOD-00632/data/raw/363707732
0,653.5,30.100000000000023,683.6,1262.1,664.4,1.5,665.9,1646.6,0.7000000000000455,1647.3,1647.6,5.5,1652.8,,,79.9,11.0,0.0,0.0,0.0,221.5,0.5,1.4,1.1,3.8764,0.4094,0.0044,0.0,0.0,0.0,0.0,0.0,0.0,0.0,0.0,0.0,0.3237,0.0,0.0,0.0,0.0,0.1775,0.1471,0.2298,0.0737,0.026,0.0173,0.0131,1.21,17.06,5.78,55.06,16.88,0,MOD-00632,2025-04-15T13:52:29,2025-04-15T06:52:29,https://api.quant-aq.com/v1/devices/MOD-00632/data/raw/363705404
0,653.5,29.399999999999977,682.9,1262.0,664.4,1.6000000000000227,666.0,1646.9,0.6999999999998181,1647.6,1647.5,5.5,1653.1,,,80.2,11.0,0.0,0.0,0.0,244.0,0.7,1.2,1.1,3.6185,0.3907,0.0,0.0,0.0043,0.0,0.0,0.0,0.0,0.0,0.0,0.0,0.2635,0.0,0.0,0.0,0.0,0.088,0.1862,0.2246,0.0714,0.0084,0.0256,0.0126,1.08,17.88,5.42,55.16,16.9,0,MOD-00632,2025-04-15T13:51:29,2025-04-15T06:51:29,https://api.quant-aq.com/v1/devices/MOD-00632/data/raw/363705405
0,651.3,31.100000000000023,682.4,1260.7,664.4,1.3999999999999773,665.8,1646.6,0.8000000000001819,1647.4,1647.3,5.699999999999818,1653.1,,,80.1,11.0,0.0,0.0,0.0,273.0,0.5,1.7,1.3,3.3444,0.4133,0.004,0.0,0.0,0.0,0.0,0.0,0.0,0.0,0.0,0.0,0.3746,0.0,0.0,0.0,0.0,0.1139,0.1179,0.1761,0.0718,0.0209,0.0295,0.0085,1.07,15.99,4.97,55.19,16.9,0,MOD-00632,2025-04-15T13:50:29,2025-04-15T06:50:29,https://api.quant-aq.com/v1/devices/MOD-00632/data/raw/363705403
0,653.3,30.300000000000068,683.6,1262.1,665.0,1.5,666.5,1646.9,0.5,1647.4,1647.6,5.5,1652.9,,,80.1,11.0,0.0,0.0,0.0,240.25,0.4,1.7,1.2,3.3967,0.3929,0.0,0.0,0.0,0.0,0.0,0.0,0.0,0.0,0.0,0.0,0.3194,0.0,0.0,0.0,0.0,0.1114,0.1874,0.1914,0.0835,0.0481,0.0395,0.0159,1.1,20.4,6.06,55.19,16.87,0,MOD-00632,2025-04-15T13:49:29,2025-04-15T06:49:29,https://api.quant-aq.com/v1/devices/MOD-00632/data/raw/363705406
0,652.3,31.100000000000023,683.4,1261.1,665.0,1.6000000000000227,666.6,1646.9,0.599999999999909,1647.5,1647.6,5.7000000000000455,1653.2,,,80.2,11.0,0.0,0.0,0.0,293.75,0.7,2.0,1.2,3.8164,0.4197,0.0,0.0043,0.0,0.0,0.0,0.0,0.0,0.0,0.0,0.0,0.2954,0.0,0.0,0.0,0.0,0.1545,0.2032,0.2208,0.0538,0.0247,0.0084,0.0,1.2,12.35,5.45,55.28,16.87,0,MOD-00632,2025-04-15T13:48:29,2025-04-15T06:48:29,https://api.quant-aq.com/v1/devices/MOD-00632/data/raw/363703054
0,652.6,30.799999999999955,683.4,1261.4,664.6,1.3999999999999773,666.0,1646.8,0.7000000000000455,1647.5,1647.6,5.7000000000000455,1653.2,,,80.2,11.0,0.0,0.0,0.0,256.0,0.5,1.9,1.2,3.5734,0.3645,0.0,0.0,0.0,0.0,0.0,0.0,0.0,0.0,0.0,0.0,0.258,0.0,0.0,0.0,0.0,0.1349,0.1996,0.1948,0.0798,0.0241,0.0402,0.0039,1.11,15.67,5.73,55.31,16.86,0,MOD-00632,2025-04-15T13:47:29,2025-04-15T06:47:29,https://api.quant-aq.com/v1/devices/MOD-00632/data/raw/363703051
0,652.0,31.299999999999955,683.3,1260.9,665.0,1.2000000000000455,666.2,1646.8,0.7000000000000455,1647.5,1647.3,5.599999999999909,1653.1,,,80.2,11.0,0.0,0.0,0.0,257.25,0.9,1.0,1.0,3.2628,0.3995,0.0,0.0,0.0,0.0,0.0,0.0,0.0,0.0,0.0,0.0,0.282,0.0,0.0,0.0,0.0,0.0807,0.2344,0.2131,0.0402,0.028,0.0123,0.004,1.08,11.03,5.19,55.34,16.87,0,MOD-00632,2025-04-15T13:46:29,2025-04-15T06:46:29,https://api.quant-aq.com/v1/devices/MOD-00632/data/raw/363703053
0,652.8,30.0,682.8,1262.5,665.0,1.3999999999999773,666.4,1646.7,0.7000000000000455,1647.4,1647.4,5.699999999999818,1653.1,,,80.2,11.0,0.0,0.0,0.0,243.0,0.3,1.2,1.2,3.6403,0.5071,0.0,0.0,0.0,0.0,0.0,0.0,0.0,0.0,0.0,0.0,0.3039,0.0,0.0,0.0,0.0,0.1645,0.1981,0.207,0.0716,0.0169,0.038,0.0084,1.22,16.18,5.8,55.33,16.84,0,MOD-00632,2025-04-15T13:45:29,2025-04-15T06:45:29,https://api.quant-aq.com/v1/devices/MOD-00632/data/raw/363703052
0,652.4,30.200000000000045,682.6,1259.7,664.1,1.2999999999999545,665.4,1646.7,0.7999999999999545,1647.5,1647.4,5.7000000000000455,1653.2,,,80.2,11.0,0.0,0.0,0.0,203.0,0.3,0.9,0.6,3.5848,0.5577,0.0,0.0041,0.0,0.0,0.0,0.0,0.0,0.0,0.0,0.0,0.268,0.0,0.0,0.0,0.0,0.1611,0.1488,0.1781,0.0832,0.0042,0.0209,0.0043,1.14,13.89,5.04,55.36,16.82,0,MOD-00632,2025-04-15T13:44:29,2025-04-15T06:44:29,https://api.quant-aq.com/v1/devices/MOD-00632/data/raw/363700702
0,652.6,30.600000000000023,683.2,1262.9,665.0,1.2999999999999545,666.3,1647.0,0.599999999999909,1647.6,1647.4,5.7000000000000455,1653.3,,,80.3,11.0,0.0,0.0,0.0,247.5,0.3,1.1,1.1,3.4721,0.4135,0.0,0.0,0.0,0.0,0.0,0.0,0.0,0.0,0.0,0.0,0.3052,0.0,0.0,0.0,0.0,0.1194,0.241,0.2138,0.0514,0.0168,0.0132,0.0175,1.17,14.59,5.45,55.41,16.82,0,MOD-00632,2025-04-15T13:43:29,2025-04-15T06:43:29,https://api.quant-aq.com/v1/devices/MOD-00632/data/raw/363700704
0,652.7,30.699999999999932,683.4,1261.1,664.2,1.3999999999999773,665.6,1646.7,0.7999999999999545,1647.5,1647.4,5.7000000000000455,1653.2,,,80.3,11.0,0.0,0.0,0.0,240.25,0.1,1.2,1.0,3.1074,0.3573,0.0,0.0,0.0,0.0,0.0,0.0,0.0,0.0,0.0,0.0,0.3011,0.0,0.0,0.0,0.0,0.1233,0.2013,0.2097,0.0941,0.0326,0.0165,0.0082,1.08,14.58,5.93,55.41,16.82,0,MOD-00632,2025-04-15T13:42:29,2025-04-15T06:42:29,https://api.quant-aq.com/v1/devices/MOD-00632/data/raw/363700703
0,652.4,30.600000000000023,683.0,1261.4,664.4,1.3000000000000682,665.7,1646.6,0.8000000000001819,1647.4,1647.4,5.899999999999864,1653.3,,,80.3,10.9,0.0,0.0,0.0,263.25,0.8,1.5,1.0,3.6502,0.4441,0.0,0.0,0.0,0.0,0.0,0.0,0.0,0.0,0.0,0.0,0.2848,0.0,0.0,0.0,0.0,0.1097,0.2109,0.2643,0.0936,0.0204,0.0165,0.0,1.18,12.35,6.31,55.42,16.82,0,MOD-00632,2025-04-15T13:41:29,2025-04-15T06:41:29,https://api.quant-aq.com/v1/devices/MOD-00632/data/raw/363700701
0,652.5,29.700000000000045,682.2,1261.1,664.1,1.1999999999999318,665.3,1646.6,0.900000000000091,1647.5,1647.6,5.7999999999999545,1653.3,,,80.3,10.9,0.0,0.0,0.0,248.25,0.3,1.6,1.1,3.7114,0.4116,0.0039,0.0,0.0,0.0,0.0,0.0,0.0,0.0,0.0,0.0,0.3335,0.0,0.0,0.0,0.0,0.0723,0.1843,0.1598,0.0726,0.0121,0.0079,0.0081,1.09,12.17,4.72,55.45,16.8,0,MOD-00632,2025-04-15T13:40:29,2025-04-15T06:40:29,https://api.quant-aq.com/v1/devices/MOD-00632/data/raw/363698407
0,652.7,30.299999999999955,683.0,1259.4,664.9,1.3000000000000682,666.2,1646.9,0.599999999999909,1647.5,1647.5,5.7000000000000455,1653.2,,,80.3,10.9,0.0,0.0,0.0,224.75,0.5,1.8,1.1,3.9897,0.4587,0.0,0.0,0.0,0.0,0.0,0.0,0.0,0.0,0.0,0.0,0.2837,0.0,0.0,0.0,0.0,0.1636,0.1852,0.232,0.0596,0.0301,0.0301,0.0088,1.23,15.93,5.92,55.49,16.76,0,MOD-00632,2025-04-15T13:39:29,2025-04-15T06:39:29,https://api.quant-aq.com/v1/devices/MOD-00632/data/raw/363698405
0,652.2,30.899999999999977,683.1,1260.3,664.3,1.2000000000000455,665.5,1646.6,1.0,1647.6,1647.1,5.400000000000091,1653.0,,,80.5,10.9,0.0,0.0,0.0,181.75,0.0,0.9,0.6,3.3047,0.5043,0.0,0.0,0.0,0.0,0.0,0.0,0.0,0.0,0.0,0.0,0.311,0.0,0.0,0.0,0.0,0.1462,0.2456,0.1726,0.0776,0.0171,0.0087,0.0172,1.19,14.22,5.48,55.58,16.75,0,MOD-00632,2025-04-15T13:38:29,2025-04-15T06:38:29,https://api.quant-aq.com/v1/devices/MOD-00632/data/raw/363698404
0,653.2,29.799999999999955,683.0,1261.2,665.2,1.5,666.7,1646.6,0.7000000000000455,1647.3,1647.5,5.900000000000091,1653.2,,,80.5,10.9,0.0,0.0,0.0,213.75,0.0,0.8,0.8,3.6615,0.3701,0.0,0.0,0.0,0.0,0.0,0.0,0.0,0.0,0.0,0.0,0.3139,0.0,0.0,0.0,0.0,0.155,0.2178,0.193,0.0882,0.0378,0.0128,0.0,1.19,12.03,5.93,55.48,16.73,0,MOD-00632,2025-04-15T13:37:29,2025-04-15T06:37:29,https://api.quant-aq.com/v1/devices/MOD-00632/data/raw/363698406
0,652.7,30.699999999999932,683.4,1259.5,664.7,1.1999999999999318,665.9,1646.7,0.7999999999999545,1647.5,1647.6,5.599999999999909,1653.1,,,80.4,10.9,0.0,0.0,0.0,244.5,0.5,1.3,1.0,3.6512,0.4442,0.0,0.0,0.0,0.0,0.0,0.0,0.0,0.0,0.0,0.0,0.3034,0.0,0.0,0.0,0.0,0.1991,0.1779,0.2028,0.0577,0.033,0.0166,0.0125,1.21,14.73,5.57,55.44,16.73,0,MOD-00632,2025-04-15T13:36:29,2025-04-15T06:36:29,https://api.quant-aq.com/v1/devices/MOD-00632/data/raw/363695987
0,651.5,32.5,684.0,1260.7,664.1,1.1000000000000227,665.2,1646.6,1.0,1647.6,1647.3,5.600000000000136,1653.2,,,80.4,10.9,0.0,0.0,0.0,220.75,0.3,1.2,0.9,3.7652,0.4836,0.0,0.0,0.0,0.0,0.0,0.0,0.0,0.0,0.0,0.0,0.3501,0.0,0.0,0.0,0.0,0.1052,0.2182,0.199,0.0817,0.0193,0.0274,0.0038,1.21,13.79,5.77,55.45,16.76,0,MOD-00632,2025-04-15T13:35:29,2025-04-15T06:35:29,https://api.quant-aq.com/v1/devices/MOD-00632/data/raw/363695988
0,652.8,31.100000000000023,683.9,1260.4,664.6,1.1999999999999318,665.8,1646.7,0.7999999999999545,1647.5,1647.4,5.5,1653.0,,,80.3,10.9,0.0,0.0,0.0,159.75,0.1,0.6,0.2,3.4325,0.4664,0.0,0.0,0.0,0.0,0.0,0.0,0.0,0.0,0.0,0.0,0.3488,0.0,0.0,0.0,0.0,0.1254,0.1597,0.1679,0.0718,0.0541,0.0294,0.0,1.12,14.35,5.54,55.39,16.73,0,MOD-00632,2025-04-15T13:34:29,2025-04-15T06:34:29,https://api.quant-aq.com/v1/devices/MOD-00632/data/raw/363695985
0,652.7,30.399999999999977,683.1,1261.1,664.2,1.2999999999999545,665.5,1646.5,0.900000000000091,1647.4,1647.2,5.399999999999864,1652.8,,,80.3,10.9,0.0,0.0,0.0,172.75,0.0,1.4,1.0,3.5036,0.3903,0.0041,0.0,0.0,0.0,0.0,0.0,0.0,0.0,0.0,0.0,0.329,0.0,0.0,0.0,0.0,0.1412,0.2243,0.1992,0.0997,0.0293,0.0167,0.0124,1.19,17.57,6.14,55.37,16.72,0,MOD-00632,2025-04-15T13:33:29,2025-04-15T06:33:29,https://api.quant-aq.com/v1/devices/MOD-00632/data/raw/363695986
0,652.8,30.600000000000023,683.4,1259.8,664.3,1.400000000000091,665.7,1646.7,0.7000000000000455,1647.4,1647.5,5.599999999999909,1653.0,,,80.3,10.9,0.0,0.0,0.0,168.75,0.0,1.1,0.6,3.617,0.3917,0.0,0.0,0.0042,0.0,0.0,0.0,0.0,0.0,0.0,0.0,0.3077,0.0,0.0,0.0,0.0,0.1398,0.1972,0.2177,0.082,0.0081,0.0368,0.0081,1.17,18.65,5.8,55.38,16.72,0,MOD-00632,2025-04-15T13:32:29,2025-04-15T06:32:29,https://api.quant-aq.com/v1/devices/MOD-00632/data/raw/363693630
0,653.1,30.0,683.1,1259.9,664.7,1.2999999999999545,666.0,1646.5,0.7999999999999545,1647.3,1647.3,5.600000000000136,1652.9,,,80.4,10.9,0.0,0.0,0.0,196.25,0.0,0.8,0.8,3.4776,0.4524,0.004,0.004,0.0,0.0,0.0,0.0,0.0,0.0,0.0,0.0,0.267,0.0,0.0,0.0,0.0,0.1315,0.1934,0.1973,0.0982,0.0328,0.0123,0.0041,1.12,17.01,5.84,55.37,16.7,0,MOD-00632,2025-04-15T13:31:29,2025-04-15T06:31:29,https://api.quant-aq.com/v1/devices/MOD-00632/data/raw/363693629
0,652.6,30.600000000000023,683.2,1258.0,664.6,1.1999999999999318,665.8,1646.9,0.599999999999909,1647.5,1647.3,5.599999999999909,1653.1,,,80.4,10.9,0.0,0.0,0.0,220.25,0.2,1.3,0.8,3.4153,0.3903,0.0038,0.004,0.0,0.0,0.0,0.0,0.0,0.0,0.0,0.0,0.3457,0.0,0.0,0.0,0.0,0.1314,0.203,0.1707,0.1031,0.0277,0.0475,0.0,1.14,20.45,6.01,55.37,16.72,0,MOD-00632,2025-04-15T13:30:29,2025-04-15T06:30:29,https://api.quant-aq.com/v1/devices/MOD-00632/data/raw/363693628
0,652.5,30.700000000000045,683.2,1259.2,664.1,1.1999999999999318,665.3,1646.7,0.7999999999999545,1647.5,1647.3,5.5,1653.0,,,80.3,10.8,0.0,0.0,0.0,188.5,0.3,0.7,0.7,3.8208,0.4124,0.0,0.0,0.0,0.0,0.0,0.0,0.0,0.0,0.0,0.0,0.2799,0.0,0.0,0.0,0.0,0.1158,0.1753,0.2336,0.0794,0.0212,0.0291,0.0083,1.14,15.45,5.85,55.32,16.68,0,MOD-00632,2025-04-15T13:29:29,2025-04-15T06:29:29,https://api.quant-aq.com/v1/devices/MOD-00632/data/raw/363693627
0,651.5,31.700000000000045,683.2,1258.2,664.9,1.2000000000000455,666.1,1646.6,0.8000000000001819,1647.4,1647.3,5.5,1652.9,,,80.3,10.8,0.0,0.0,0.0,258.75,0.8,2.1,1.8,3.8896,0.4473,0.0127,0.0,0.0,0.0,0.0,0.0,0.0,0.0,0.0,0.0,0.3125,0.0,0.0,0.0,0.0,0.1514,0.207,0.2108,0.1226,0.038,0.0171,0.0168,1.24,23.9,6.7,55.27,16.7,0,MOD-00632,2025-04-15T13:28:29,2025-04-15T06:28:29,https://api.quant-aq.com/v1/devices/MOD-00632/data/raw/363691281
0,652.3,30.90000000000009,683.2,1259.2,664.1,1.3999999999999773,665.5,1646.6,0.900000000000091,1647.5,1647.5,5.7000000000000455,1653.2,,,80.3,10.8,0.0,0.0,0.0,173.25,0.0,0.8,0.3,3.5285,0.3931,0.0041,0.0,0.0,0.0,0.0,0.0,0.0,0.0,0.0,0.0,0.2612,0.0,0.0,0.0,0.0,0.1213,0.1584,0.228,0.057,0.0121,0.0203,0.008,1.08,14.36,5.17,55.2,16.7,0,MOD-00632,2025-04-15T13:27:29,2025-04-15T06:27:29,https://api.quant-aq.com/v1/devices/MOD-00632/data/raw/363691282
0,653.2,30.59999999999991,683.8,1261.8,664.6,1.1000000000000227,665.7,1646.7,0.7000000000000455,1647.4,1647.2,5.599999999999909,1653.0,,,80.2,10.8,0.0,0.0,0.0,183.5,0.0,0.8,0.6,3.233,0.4203,0.0043,0.0,0.0,0.0,0.0,0.0,0.0,0.0,0.0,0.0,0.2649,0.0,0.0,0.0,0.0,0.1431,0.2276,0.1516,0.0845,0.0166,0.0167,0.0086,1.1,14.61,5.23,55.2,16.69,0,MOD-00632,2025-04-15T13:26:29,2025-04-15T06:26:29,https://api.quant-aq.com/v1/devices/MOD-00632/data/raw/363691280
0,653.6,29.0,682.6,1258.7,664.6,1.1999999999999318,665.8,1646.6,0.8000000000001819,1647.4,1647.3,5.599999999999909,1653.0,,,80.1,10.8,0.0,0.0,0.0,178.25,0.0,0.8,0.4,3.6599,0.4342,0.0083,0.0,0.0,0.0,0.0,0.0,0.0,0.0,0.0,0.0,0.2626,0.0,0.0,0.0,0.0,0.0818,0.2341,0.1748,0.0687,0.0294,0.0345,0.0084,1.11,19.46,5.53,55.12,16.7,0,MOD-00632,2025-04-15T13:25:29,2025-04-15T06:25:29,https://api.quant-aq.com/v1/devices/MOD-00632/data/raw/363691279
0,651.4,31.399999999999977,682.8,1258.2,664.9,1.3000000000000682,666.2,1646.7,0.7000000000000455,1647.4,1647.5,5.699999999999818,1653.1,,,80.1,10.8,0.0,0.0,0.0,197.0,0.0,1.0,1.0,3.8953,0.4208,0.0,0.0,0.0,0.0,0.0,0.0,0.0,0.0,0.0,0.0,0.2794,0.0,0.0,0.0,0.0,0.1858,0.1842,0.184,0.0598,0.0128,0.0257,0.0085,1.2,13.46,5.21,55.1,16.7,0,MOD-00632,2025-04-15T13:24:29,2025-04-15T06:24:29,https://api.quant-aq.com/v1/devices/MOD-00632/data/raw/363688988
0,651.4,31.100000000000023,682.5,1258.4,664.0,1.2000000000000455,665.2,1646.6,0.7000000000000455,1647.3,1647.3,5.600000000000136,1652.9,,,79.9,10.8,0.0,0.0,0.0,265.25,0.8,1.4,1.0,3.6983,0.3814,0.0083,0.0,0.0,0.0,0.0,0.0,0.0,0.0,0.0,0.0,0.2453,0.0,0.0,0.0,0.0,0.1478,0.2127,0.1978,0.0649,0.0122,0.0203,0.0124,1.14,17.55,5.37,55.09,16.7,0,MOD-00632,2025-04-15T13:23:29,2025-04-15T06:23:29,https://api.quant-aq.com/v1/devices/MOD-00632/data/raw/363688986
0,652.3,31.600000000000023,683.9,1258.9,664.6,1.2999999999999545,665.9,1646.7,0.599999999999909,1647.3,1647.1,5.600000000000136,1652.9,,,79.9,10.8,0.0,0.0,0.0,291.5,0.6,1.2,1.1,3.3078,0.2952,0.004,0.0,0.0,0.0,0.0,0.0,0.0,0.0,0.0,0.0,0.2354,0.0,0.0,0.0,0.0,0.0953,0.1799,0.2316,0.0757,0.0357,0.02,0.004,1.01,15.37,5.72,55.05,16.69,0,MOD-00632,2025-04-15T13:22:29,2025-04-15T06:22:29,https://api.quant-aq.com/v1/devices/MOD-00632/data/raw/363688987
0,652.1,31.399999999999977,683.5,1259.1,664.4,1.1000000000000227,665.5,1646.6,0.7000000000000455,1647.3,1647.4,5.5,1652.8,,,79.9,10.8,0.0,0.0,0.0,231.5,0.4,0.9,0.5,3.5877,0.3688,0.0,0.0,0.0,0.0,0.0,0.0,0.0,0.0,0.0,0.0,0.2701,0.0,0.0,0.0,0.0,0.1106,0.1561,0.1644,0.0697,0.0287,0.0289,0.0082,1.04,14.52,5.02,55.07,16.69,0,MOD-00632,2025-04-15T13:21:29,2025-04-15T06:21:29,https://api.quant-aq.com/v1/devices/MOD-00632/data/raw/363688989
0,652.6,31.199999999999932,683.8,1259.5,664.3,1.3000000000000682,665.6,1646.7,0.7000000000000455,1647.4,1647.4,5.5,1652.9,,,80.0,10.8,0.0,0.0,0.0,153.0,0.0,0.7,0.0,3.616,0.394,0.0043,0.0,0.0,0.0,0.0,0.0,0.0,0.0,0.0,0.0,0.2183,0.0,0.0,0.0,0.0,0.1162,0.1719,0.1583,0.0855,0.0218,0.0129,0.0086,1.03,14.15,4.99,55.07,16.69,0,MOD-00632,2025-04-15T13:20:29,2025-04-15T06:20:29,https://api.quant-aq.com/v1/devices/MOD-00632/data/raw/363686661
0,652.9,30.700000000000045,683.6,1261.1,664.4,1.3000000000000682,665.7,1646.5,0.900000000000091,1647.4,1647.2,5.2999999999999545,1652.7,,,79.9,10.8,0.0,0.0,0.0,188.5,0.0,0.7,0.6,3.691,0.3385,0.0,0.0044,0.0,0.0,0.0,0.0,0.0,0.0,0.0,0.0,0.2745,0.0,0.0,0.0,0.0,0.1157,0.2354,0.1499,0.0688,0.0088,0.0087,0.0086,1.11,13.27,4.82,55.1,16.68,0,MOD-00632,2025-04-15T13:19:29,2025-04-15T06:19:29,https://api.quant-aq.com/v1/devices/MOD-00632/data/raw/363686664
0,651.2,31.699999999999932,682.9,1261.8,664.2,1.3999999999999773,665.6,1646.5,1.0,1647.5,1647.2,5.400000000000091,1652.9,,,80.0,10.8,0.0,0.0,0.0,206.0,0.3,1.6,1.2,3.5007,0.2961,0.0,0.0,0.0,0.0,0.0,0.0,0.0,0.0,0.0,0.0,0.2784,0.0,0.0,0.0,0.0,0.159,0.2028,0.194,0.0928,0.0266,0.0176,0.0088,1.12,14.36,5.8,55.13,16.69,0,MOD-00632,2025-04-15T13:18:29,2025-04-15T06:18:29,https://api.quant-aq.com/v1/devices/MOD-00632/data/raw/363686663
0,651.9,32.10000000000002,684.0,1262.5,664.6,1.5,666.1,1646.6,0.8000000000001819,1647.4,1647.1,5.2999999999999545,1652.7,,,80.0,10.8,0.0,0.0,0.0,218.25,0.0,1.6,1.1,3.6847,0.3412,0.0042,0.0,0.0042,0.0,0.0,0.0,0.0,0.0,0.0,0.0,0.2805,0.0,0.0,0.0,0.0,0.1636,0.1416,0.2045,0.0852,0.0127,0.0341,0.0085,1.11,20.16,5.51,55.1,16.68,0,MOD-00632,2025-04-15T13:17:29,2025-04-15T06:17:29,https://api.quant-aq.com/v1/devices/MOD-00632/data/raw/363686662
0,652.3,31.300000000000068,683.6,1259.0,664.4,1.6000000000000227,666.0,1646.4,1.0,1647.4,1647.2,5.399999999999864,1652.8,,,80.1,10.8,0.0,0.0,0.0,183.5,0.0,0.4,0.3,3.6829,0.35,0.0082,0.0,0.0,0.0,0.0,0.0,0.0,0.0,0.0,0.0,0.234,0.0,0.0,0.0,0.0,0.0781,0.16,0.1687,0.0612,0.0247,0.0041,0.0,0.99,11.69,4.53,55.14,16.7,0,MOD-00632,2025-04-15T13:16:29,2025-04-15T06:16:29,https://api.quant-aq.com/v1/devices/MOD-00632/data/raw/363684344
0,653.5,32.0,685.5,1259.3,664.1,1.1999999999999318,665.3,1646.8,0.5,1647.3,1647.5,5.7000000000000455,1653.0,,,80.1,10.8,0.0,0.0,0.0,213.75,0.0,2.1,0.6,3.5756,0.3744,0.0041,0.0,0.0,0.0,0.0,0.0,0.0,0.0,0.0,0.0,0.2319,0.0,0.0,0.0,0.0,0.1579,0.1831,0.199,0.0623,0.0166,0.0207,0.0,1.1,12.56,5.18,55.14,16.7,0,MOD-00632,2025-04-15T13:15:29,2025-04-15T06:15:29,https://api.quant-aq.com/v1/devices/MOD-00632/data/raw/363684347
0,652.4,32.10000000000002,684.5,1258.4,664.3,1.2000000000000455,665.5,1646.5,0.7999999999999545,1647.3,1647.1,5.5,1652.8,,,80.0,10.8,0.0,0.0,0.0,190.75,0.2,0.7,0.7,3.3281,0.3167,0.0043,0.0,0.0,0.0,0.0,0.0,0.0,0.0,0.0,0.0,0.2963,0.0,0.0,0.0,0.0,0.1685,0.1861,0.1483,0.0426,0.0169,0.0291,0.0043,1.07,13.83,4.61,55.14,16.7,0,MOD-00632,2025-04-15T13:14:29,2025-04-15T06:14:29,https://api.quant-aq.com/v1/devices/MOD-00632/data/raw/363684346
0,653.2,30.199999999999932,683.4,1257.8,664.6,1.1999999999999318,665.8,1646.7,0.599999999999909,1647.3,1647.2,5.600000000000136,1652.9,,,80.1,10.8,0.0,0.0,0.0,200.25,0.0,1.4,0.5,3.4753,0.3385,0.0,0.0,0.0,0.0,0.0,0.0,0.0,0.0,0.0,0.0,0.2429,0.0,0.0,0.0,0.0,0.0742,0.1734,0.1489,0.0537,0.0124,0.0249,0.0,0.97,9.91,4.31,55.21,16.7,0,MOD-00632,2025-04-15T13:13:29,2025-04-15T06:13:29,https://api.quant-aq.com/v1/devices/MOD-00632/data/raw/363684345
0,652.9,29.800000000000068,682.7,1256.5,664.9,1.3000000000000682,666.2,1646.6,0.8000000000001819,1647.4,1647.2,5.5,1652.9,,,80.1,10.8,0.0,0.0,0.0,356.0,1.2,2.8,1.9,3.6903,0.3449,0.0,0.0,0.0,0.0,0.0,0.0,0.0,0.0,0.0,0.0,0.2683,0.0,0.0,0.0,0.0,0.1223,0.1948,0.1716,0.0735,0.0083,0.0041,0.0078,1.09,9.91,4.84,55.2,16.7,0,MOD-00632,2025-04-15T13:12:29,2025-04-15T06:12:29,https://api.quant-aq.com/v1/devices/MOD-00632/data/raw/363682032
0,651.6,31.699999999999932,683.3,1256.9,664.2,1.1999999999999318,665.4,1646.7,0.7000000000000455,1647.4,1647.2,5.399999999999864,1652.8,,,80.1,10.8,0.0,0.0,0.0,141.5,0.0,0.4,0.1,3.9505,0.2944,0.0,0.0,0.0,0.0,0.0,0.0,0.0,0.0,0.0,0.0,0.23,0.0,0.0,0.0,0.0,0.1323,0.1369,0.1792,0.0384,0.0172,0.0171,0.0085,1.03,11.31,4.41,55.26,16.7,0,MOD-00632,2025-04-15T13:11:29,2025-04-15T06:11:29,https://api.quant-aq.com/v1/devices/MOD-00632/data/raw/363682035
0,653.8,29.5,683.3,1257.1,664.5,1.2999999999999545,665.8,1646.5,0.900000000000091,1647.4,1647.2,5.5,1652.9,,,80.2,10.8,0.0,0.0,0.0,308.75,0.8,1.8,1.4,3.2665,0.3069,0.0,0.0,0.0,0.0,0.0,0.0,0.0,0.0,0.0,0.0,0.2275,0.0,0.0,0.0,0.0,0.1136,0.1849,0.1553,0.0754,0.0336,0.0251,0.0086,0.98,14.52,5.1,55.24,16.69,0,MOD-00632,2025-04-15T13:10:29,2025-04-15T06:10:29,https://api.quant-aq.com/v1/devices/MOD-00632/data/raw/363682034
0,652.0,31.399999999999977,683.4,1258.2,664.5,1.2999999999999545,665.8,1646.6,1.0,1647.6,1647.3,5.300000000000182,1652.9,,,80.2,10.8,0.0,0.0,0.0,314.5,1.2,2.6,1.9,3.6901,0.347,0.0,0.0,0.0,0.0,0.0,0.0,0.0,0.0,0.0,0.0,0.2375,0.0,0.0,0.0,0.0,0.1696,0.1905,0.1188,0.072,0.0252,0.0172,0.0128,1.08,13.61,4.78,55.26,16.68,0,MOD-00632,2025-04-15T13:09:29,2025-04-15T06:09:29,https://api.quant-aq.com/v1/devices/MOD-00632/data/raw/363682033
0,651.5,32.39999999999998,683.9,1258.0,664.7,1.1999999999999318,665.9,1646.7,0.7000000000000455,1647.4,1647.1,5.2999999999999545,1652.7,,,80.2,10.8,0.0,0.0,0.0,170.25,0.0,0.8,0.8,3.866,0.3284,0.0,0.0044,0.0,0.0,0.0,0.0,0.0,0.0,0.0,0.0,0.2728,0.0,0.0,0.0,0.0,0.1036,0.1823,0.186,0.0559,0.0172,0.0217,0.0129,1.08,16.61,4.97,55.3,16.69,0,MOD-00632,2025-04-15T13:08:29,2025-04-15T06:08:29,https://api.quant-aq.com/v1/devices/MOD-00632/data/raw/363679712
0,652.7,30.699999999999932,683.4,1258.4,664.9,1.1000000000000227,666.0,1646.5,0.900000000000091,1647.4,1647.3,5.2999999999999545,1652.7,,,80.2,10.8,0.0,0.0,0.0,218.0,0.2,1.8,1.0,3.8643,0.4154,0.0,0.0,0.0,0.0,0.0,0.0,0.0,0.0,0.0,0.0,0.2624,0.0,0.0,0.0,0.0,0.1261,0.1652,0.1613,0.0653,0.0217,0.0173,0.0044,1.09,11.31,4.83,55.34,16.68,0,MOD-00632,2025-04-15T13:07:29,2025-04-15T06:07:29,https://api.quant-aq.com/v1/devices/MOD-00632/data/raw/363679711
0,652.2,32.5,684.7,1260.0,664.4,1.3000000000000682,665.7,1646.7,0.7000000000000455,1647.4,1647.3,5.2999999999999545,1652.7,,,80.3,10.8,0.0,0.0,0.0,180.0,0.0,0.8,0.6,3.1846,0.3769,0.0,0.0042,0.0,0.0,0.0,0.0,0.0,0.0,0.0,0.0,0.2906,0.0,0.0,0.0,0.0,0.1095,0.1431,0.1893,0.0846,0.0042,0.0127,0.0085,1.01,13.79,4.87,55.36,16.69,0,MOD-00632,2025-04-15T13:06:29,2025-04-15T06:06:29,https://api.quant-aq.com/v1/devices/MOD-00632/data/raw/363679710
0,651.9,34.10000000000002,686.0,1256.7,664.3,1.2000000000000455,665.5,1646.6,0.8000000000001819,1647.4,1647.2,5.399999999999864,1652.8,,,80.4,10.8,0.0,0.0,0.0,193.0,0.3,1.0,0.9,3.8531,0.393,0.0041,0.0042,0.0,0.0,0.0,0.0,0.0,0.0,0.0,0.0,0.2756,0.0,0.0,0.0,0.0,0.0931,0.1778,0.1267,0.0675,0.0465,0.0212,0.0126,1.06,19.67,4.95,55.34,16.69,0,MOD-00632,2025-04-15T13:05:29,2025-04-15T06:05:29,https://api.quant-aq.com/v1/devices/MOD-00632/data/raw/363679709
0,651.9,38.30000000000007,690.2,1256.3,665.1,1.2999999999999545,666.4,1646.4,1.0,1647.4,1647.3,5.399999999999864,1652.8,,,80.3,10.8,0.0,0.0,0.0,244.25,0.6,1.2,1.1,3.8257,0.3161,0.004,0.0,0.0,0.0,0.0,0.0,0.0,0.0,0.0,0.0,0.269,0.0,0.0,0.0,0.0,0.0955,0.1769,0.1651,0.0861,0.0083,0.0122,0.0,1.06,10.84,4.84,55.28,16.7,0,MOD-00632,2025-04-15T13:04:29,2025-04-15T06:04:29,https://api.quant-aq.com/v1/devices/MOD-00632/data/raw/363677402
0,653.2,32.59999999999991,685.8,1257.8,663.7,1.3999999999999773,665.1,1646.6,0.7000000000000455,1647.3,1647.0,5.2999999999999545,1652.6,,,80.1,10.8,0.0,0.0,0.0,277.5,1.0,1.8,1.6,3.5762,0.2522,0.0,0.0,0.0,0.0,0.0,0.0,0.0,0.0,0.0,0.0,0.2358,0.0,0.0,0.0,0.0,0.0731,0.1261,0.1302,0.0815,0.0121,0.0122,0.0,0.9,8.35,4.11,55.21,16.7,0,MOD-00632,2025-04-15T13:03:29,2025-04-15T06:03:29,https://api.quant-aq.com/v1/devices/MOD-00632/data/raw/363677403
0,652.8,29.700000000000045,682.5,1259.9,664.1,1.2999999999999545,665.4,1646.6,0.900000000000091,1647.5,1647.4,5.2999999999999545,1652.8,,,80.3,10.8,0.0,0.0,0.0,265.5,0.7,1.4,1.0,3.1766,0.2884,0.0,0.0,0.0,0.0,0.0,0.0,0.0,0.0,0.0,0.0,0.2167,0.0,0.0,0.0,0.0,0.1415,0.1839,0.1255,0.0668,0.0125,0.0167,0.0,0.96,8.96,4.33,55.21,16.72,0,MOD-00632,2025-04-15T13:02:29,2025-04-15T06:02:29,https://api.quant-aq.com/v1/devices/MOD-00632/data/raw/363677405
0,652.6,29.899999999999977,682.5,1258.4,665.0,1.2999999999999545,666.3,1646.5,0.900000000000091,1647.4,1647.3,5.399999999999864,1652.8,,,80.2,10.8,0.0,0.0,0.0,191.25,0.1,0.8,0.6,3.9027,0.3237,0.0,0.0,0.0,0.0,0.0,0.0,0.0,0.0,0.0,0.0,0.2472,0.0,0.0,0.0,0.0,0.1368,0.128,0.145,0.0598,0.0171,0.0211,0.0083,1.03,12.0,4.4,55.14,16.7,0,MOD-00632,2025-04-15T13:01:29,2025-04-15T06:01:29,https://api.quant-aq.com/v1/devices/MOD-00632/data/raw/363677404
0,651.9,30.899999999999977,682.8,1256.2,664.4,1.2000000000000455,665.6,1646.6,0.6000000000001364,1647.2,1647.2,5.2999999999999545,1652.5,,,80.0,10.8,0.0,0.0,0.0,198.25,0.4,1.5,1.0,3.1953,0.3642,0.0,0.0,0.0,0.0,0.0,0.0,0.0,0.0,0.0,0.0,0.2265,0.0,0.0,0.0,0.0,0.1137,0.1257,0.1129,0.0713,0.0126,0.0083,0.0043,0.91,8.53,3.89,55.09,16.68,0,MOD-00632,2025-04-15T13:00:29,2025-04-15T06:00:29,https://api.quant-aq.com/v1/devices/MOD-00632/data/raw/363675073
0,651.0,31.5,682.5,1257.0,664.5,1.2000000000000455,665.7,1646.7,0.7000000000000455,1647.4,1647.2,5.399999999999864,1652.8,,,80.1,10.8,0.0,0.0,0.0,219.0,0.0,1.8,1.0,3.9578,0.2518,0.0041,0.0,0.0,0.0,0.0041,0.0,0.0,0.0,0.0,0.0,0.3304,0.0,0.0,0.0,0.0,0.0868,0.1524,0.0907,0.0576,0.0287,0.0368,0.0041,1.01,17.64,4.23,55.1,16.7,0,MOD-00632,2025-04-15T12:59:29,2025-04-15T05:59:29,https://api.quant-aq.com/v1/devices/MOD-00632/data/raw/363675072
0,653.0,30.600000000000023,683.6,1260.3,664.5,1.5,666.0,1646.7,0.7000000000000455,1647.4,1647.1,5.199999999999818,1652.6,,,80.0,10.9,0.0,0.0,0.0,168.5,0.0,0.4,0.1,3.0453,0.4217,0.0041,0.0,0.0,0.0,0.0,0.0,0.0,0.0,0.0,0.0,0.2208,0.0,0.0,0.0,0.0,0.125,0.0958,0.1214,0.0539,0.0082,0.0166,0.0,0.89,9.47,3.61,55.02,16.7,0,MOD-00632,2025-04-15T12:58:29,2025-04-15T05:58:29,https://api.quant-aq.com/v1/devices/MOD-00632/data/raw/363675071
0,652.4,30.899999999999977,683.3,1257.0,664.8,1.1000000000000227,665.9,1646.6,0.7000000000000455,1647.3,1647.3,5.5,1652.8,,,80.1,10.9,0.0,0.0,0.0,224.25,0.2,1.5,1.3,3.3753,0.3604,0.0,0.0,0.0,0.0,0.0,0.0,0.0,0.0,0.0,0.0,0.1898,0.0,0.0,0.0,0.0,0.105,0.1451,0.1133,0.1015,0.016,0.0163,0.0041,0.92,10.84,4.47,55.02,16.73,0,MOD-00632,2025-04-15T12:57:29,2025-04-15T05:57:29,https://api.quant-aq.com/v1/devices/MOD-00632/data/raw/363675070
0,651.7,31.799999999999955,683.5,1253.3,664.5,1.6000000000000227,666.1,1646.6,0.7000000000000455,1647.3,1647.2,5.400000000000091,1652.7,,,79.9,10.9,0.0,0.0,0.0,172.75,0.0,0.3,0.2,3.4969,0.2959,0.0,0.0,0.0,0.0,0.0,0.0,0.0,0.0,0.0,0.0,0.1761,0.0,0.0,0.0,0.0,0.0798,0.1709,0.1585,0.0585,0.0083,0.0125,0.0042,0.92,9.16,4.23,54.95,16.73,0,MOD-00632,2025-04-15T12:56:29,2025-04-15T05:56:29,https://api.quant-aq.com/v1/devices/MOD-00632/data/raw/363672725
0,652.6,31.0,683.6,1258.1,664.2,1.1999999999999318,665.4,1646.6,0.8000000000001819,1647.4,1647.2,5.399999999999864,1652.8,,,79.9,10.9,0.0,0.0,0.0,218.5,0.2,1.8,0.8,3.6121,0.3491,0.0085,0.0,0.0,0.0043,0.0,0.0,0.0,0.0,0.0,0.0,0.2728,0.0,0.0,0.0,0.0,0.1089,0.1266,0.1429,0.0547,0.0211,0.0084,0.0,0.99,14.64,4.14,54.94,16.76,0,MOD-00632,2025-04-15T12:55:29,2025-04-15T05:55:29,https://api.quant-aq.com/v1/devices/MOD-00632/data/raw/363672728
0,652.7,32.5,685.2,1258.1,664.3,1.3000000000000682,665.6,1646.6,0.7000000000000455,1647.3,1647.3,5.400000000000091,1652.7,,,79.8,10.9,0.0,0.0,0.0,288.0,0.8,1.4,1.0,3.242,0.3503,0.0,0.0,0.0,0.0,0.0,0.0,0.0,0.0,0.0,0.0,0.2869,0.0,0.0,0.0,0.0,0.1322,0.1365,0.1357,0.0552,0.0213,0.0165,0.0088,0.99,11.5,4.27,54.92,16.76,0,MOD-00632,2025-04-15T12:54:29,2025-04-15T05:54:29,https://api.quant-aq.com/v1/devices/MOD-00632/data/raw/363672726
0,652.4,33.80000000000007,686.2,1259.0,664.6,1.3999999999999773,666.0,1646.5,0.7000000000000455,1647.2,1647.4,5.2999999999999545,1652.5,,,79.8,10.9,0.0,0.0,0.0,200.5,0.1,1.2,1.0,3.8657,0.344,0.0042,0.0,0.0,0.0,0.0,0.0,0.0,0.0,0.0,0.0,0.1609,0.0,0.0,0.0,0.0,0.1005,0.1471,0.1172,0.0697,0.0347,0.0134,0.0,0.94,11.5,4.33,54.93,16.75,0,MOD-00632,2025-04-15T12:53:29,2025-04-15T05:53:29,https://api.quant-aq.com/v1/devices/MOD-00632/data/raw/363672727
0,652.2,34.39999999999998,686.6,1259.7,664.3,1.400000000000091,665.7,1646.7,0.5,1647.2,1647.2,5.5,1652.7,,,80.0,10.9,0.0,0.0,0.0,123.75,0.0,0.1,0.1,3.8665,0.3627,0.0087,0.0,0.0,0.0,0.0,0.0,0.0,0.0,0.0,0.0,0.2375,0.0,0.0,0.0,0.0,0.1123,0.1427,0.1512,0.052,0.0172,0.0,0.0086,1.02,12.66,4.18,55.05,16.75,0,MOD-00632,2025-04-15T12:52:29,2025-04-15T05:52:29,https://api.quant-aq.com/v1/devices/MOD-00632/data/raw/363670404
0,652.6,31.299999999999955,683.9,1257.8,664.9,1.3000000000000682,666.2,1646.3,1.0,1647.3,1647.4,5.400000000000091,1652.7,,,80.0,10.9,0.0,0.0,0.0,214.5,0.5,0.7,0.6,3.7685,0.31,0.0043,0.0,0.0,0.0,0.0,0.0,0.0,0.0,0.0,0.0,0.2082,0.0,0.0,0.0,0.0,0.1157,0.1905,0.1948,0.0663,0.022,0.0178,0.0046,1.05,13.78,5.17,55.06,16.75,0,MOD-00632,2025-04-15T12:51:29,2025-04-15T05:51:29,https://api.quant-aq.com/v1/devices/MOD-00632/data/raw/363670405
0,650.5,31.899999999999977,682.4,1258.7,664.3,1.0,665.3,1646.6,0.8000000000001819,1647.4,1646.9,5.399999999999864,1652.8,,,80.0,10.9,0.0,0.0,0.0,202.0,0.1,0.8,0.8,2.9828,0.3645,0.0,0.0,0.0,0.0,0.0,0.0,0.0,0.0,0.0,0.0,0.2376,0.0,0.0,0.0,0.0,0.1276,0.1694,0.1869,0.0681,0.0085,0.0084,0.0041,0.99,9.36,4.72,55.13,16.77,0,MOD-00632,2025-04-15T12:50:29,2025-04-15T05:50:29,https://api.quant-aq.com/v1/devices/MOD-00632/data/raw/363670403
0,652.1,30.600000000000023,682.7,1257.1,664.5,1.2000000000000455,665.7,1646.4,0.7999999999999545,1647.2,1647.4,5.599999999999909,1652.8,,,80.0,10.9,0.0,0.0,0.0,182.5,0.1,0.6,0.5,3.5182,0.2932,0.0,0.0,0.0,0.0,0.0,0.0,0.0,0.0,0.0,0.0,0.2183,0.0,0.0,0.0,0.0,0.1073,0.1487,0.128,0.062,0.0123,0.0289,0.0041,0.94,11.48,4.21,55.12,16.75,0,MOD-00632,2025-04-15T12:49:29,2025-04-15T05:49:29,https://api.quant-aq.com/v1/devices/MOD-00632/data/raw/363670406
0,653.2,29.799999999999955,683.0,1254.7,664.2,1.1999999999999318,665.4,1646.6,0.7000000000000455,1647.3,1647.0,5.5,1652.8,,,80.1,10.9,0.0,0.0,0.0,226.25,0.6,2.8,1.2,3.7303,0.2965,0.0,0.0,0.0,0.0,0.0,0.0,0.0,0.0,0.0,0.0,0.1938,0.0,0.0,0.0,0.0,0.124,0.1888,0.1646,0.0293,0.0286,0.0246,0.0042,1.01,11.75,4.54,55.16,16.77,0,MOD-00632,2025-04-15T12:48:29,2025-04-15T05:48:29,https://api.quant-aq.com/v1/devices/MOD-00632/data/raw/363668068
0,653.2,29.5,682.7,1260.6,664.5,1.2999999999999545,665.8,1646.4,0.8999999999998636,1647.3,1647.3,5.7000000000000455,1653.0,,,80.1,10.9,0.0,0.0,0.0,249.75,0.6,1.1,1.1,3.3469,0.344,0.0,0.0,0.0,0.0,0.0,0.0,0.0,0.0,0.0,0.0,0.2708,0.0,0.0,0.0,0.0,0.0764,0.1292,0.1375,0.073,0.0243,0.0,0.0122,0.93,10.59,4.24,55.13,16.77,0,MOD-00632,2025-04-15T12:47:29,2025-04-15T05:47:29,https://api.quant-aq.com/v1/devices/MOD-00632/data/raw/363668070
0,651.6,30.699999999999932,682.3,1258.3,664.2,1.1999999999999318,665.4,1646.5,0.7000000000000455,1647.2,1647.0,5.599999999999909,1652.8,,,80.0,10.9,0.0,0.0,0.0,195.75,0.0,0.4,0.1,2.8389,0.3555,0.0,0.0,0.004,0.0,0.0,0.0,0.0,0.0,0.0,0.0,0.2519,0.0,0.0,0.0,0.0,0.1025,0.1577,0.1259,0.0669,0.0352,0.0198,0.0079,0.91,15.66,4.5,55.06,16.8,0,MOD-00632,2025-04-15T12:46:29,2025-04-15T05:46:29,https://api.quant-aq.com/v1/devices/MOD-00632/data/raw/363668067
0,651.5,30.899999999999977,682.4,1259.0,665.1,1.5,666.6,1646.7,0.599999999999909,1647.3,1647.2,5.400000000000091,1652.7,,,79.9,10.9,0.0,0.0,0.0,267.75,0.4,1.1,1.1,3.4396,0.316,0.0,0.0,0.0,0.0,0.0,0.0,0.0,0.0,0.0,0.0,0.2531,0.0,0.0,0.0,0.0,0.1058,0.1981,0.126,0.0205,0.0244,0.0122,0.0083,0.99,10.02,3.94,55.06,16.79,0,MOD-00632,2025-04-15T12:45:29,2025-04-15T05:45:29,https://api.quant-aq.com/v1/devices/MOD-00632/data/raw/363668069
0,651.6,31.399999999999977,683.0,1258.5,664.3,1.0,665.3,1646.8,0.6000000000001364,1647.4,1647.3,5.399999999999864,1652.8,,,80.0,10.9,0.0,0.0,0.0,245.75,0.6,1.7,1.2,3.6286,0.3201,0.0042,0.0,0.0,0.0,0.0,0.0,0.0,0.0,0.0,0.0,0.2153,0.0,0.0,0.0,0.0,0.1392,0.1768,0.1301,0.0464,0.0126,0.0209,0.0,1.01,10.84,4.17,55.09,16.79,0,MOD-00632,2025-04-15T12:44:29,2025-04-15T05:44:29,https://api.quant-aq.com/v1/devices/MOD-00632/data/raw/363665723
0,652.4,30.899999999999977,683.3,1257.9,664.5,1.1000000000000227,665.6,1646.5,0.7999999999999545,1647.3,1647.2,5.5,1652.8,,,80.1,10.9,0.0,0.0,0.0,239.5,0.5,1.8,1.5,3.6669,0.3398,0.0088,0.0,0.0,0.0,0.0,0.0,0.0,0.0,0.0,0.0,0.2543,0.0,0.0,0.0,0.0,0.1466,0.1422,0.1562,0.0258,0.0343,0.0043,0.0043,1.03,12.62,4.2,55.16,16.79,0,MOD-00632,2025-04-15T12:43:29,2025-04-15T05:43:29,https://api.quant-aq.com/v1/devices/MOD-00632/data/raw/363665720
0,652.0,31.100000000000023,683.1,1258.1,664.4,1.3000000000000682,665.7,1646.6,0.6000000000001364,1647.2,1647.2,5.599999999999909,1652.8,,,80.1,10.9,0.0,0.0,0.0,221.5,0.2,1.1,0.9,3.3736,0.3122,0.0085,0.0,0.0,0.0,0.0,0.0,0.0,0.0,0.0,0.0,0.2486,0.0,0.0,0.0,0.0,0.1627,0.1502,0.1197,0.0556,0.0212,0.0214,0.0,1.0,13.41,4.25,55.17,16.8,0,MOD-00632,2025-04-15T12:42:29,2025-04-15T05:42:29,https://api.quant-aq.com/v1/devices/MOD-00632/data/raw/363665722
0,652.3,30.300000000000068,682.6,1259.6,665.1,1.3999999999999773,666.5,1646.5,0.7999999999999545,1647.3,1647.2,5.5,1652.8,,,80.2,10.9,0.0,0.0,0.0,247.0,0.4,1.2,0.8,3.9045,0.3676,0.0046,0.0,0.0,0.0,0.0,0.0,0.0,0.0,0.0,0.0,0.2337,0.0,0.0,0.0,0.0,0.0895,0.1712,0.1531,0.0726,0.0178,0.0226,0.0046,1.04,13.88,4.76,55.16,16.82,0,MOD-00632,2025-04-15T12:41:29,2025-04-15T05:41:29,https://api.quant-aq.com/v1/devices/MOD-00632/data/raw/363665721
0,652.2,29.899999999999977,682.1,1257.1,664.4,1.3000000000000682,665.7,1646.6,0.8000000000001819,1647.4,1647.3,5.5,1652.9,,,80.2,10.9,0.0,0.0,0.0,212.75,0.0,1.0,1.0,3.7836,0.3275,0.004,0.0,0.0,0.0,0.0,0.0,0.0,0.0,0.0,0.0,0.2423,0.0,0.0,0.0,0.0,0.1279,0.1486,0.1363,0.0826,0.033,0.0042,0.0,1.02,10.75,4.7,55.25,16.83,0,MOD-00632,2025-04-15T12:40:29,2025-04-15T05:40:29,https://api.quant-aq.com/v1/devices/MOD-00632/data/raw/363663480
0,652.9,30.600000000000023,683.5,1257.9,664.9,1.2000000000000455,666.1,1646.6,0.7000000000000455,1647.3,1647.2,5.7000000000000455,1653.0,,,80.3,10.9,0.0,0.0,0.0,260.0,0.5,1.5,0.9,3.9267,0.4058,0.0045,0.0,0.0044,0.0,0.0,0.0,0.0,0.0,0.0,0.0,0.3209,0.0,0.0,0.0,0.0,0.095,0.1822,0.1429,0.0475,0.0306,0.0127,0.0,1.11,14.41,4.55,55.3,16.84,0,MOD-00632,2025-04-15T12:39:29,2025-04-15T05:39:29,https://api.quant-aq.com/v1/devices/MOD-00632/data/raw/363663479
0,652.1,30.699999999999932,682.8,1259.4,664.4,1.1000000000000227,665.5,1646.7,0.7000000000000455,1647.4,1647.3,5.599999999999909,1653.0,,,80.4,10.9,0.0,0.0,0.0,225.5,0.3,1.3,0.9,3.3114,0.3154,0.0,0.0,0.0,0.0,0.0,0.0,0.0,0.0,0.0,0.0,0.2132,0.0,0.0,0.0,0.0,0.1197,0.1528,0.1975,0.0571,0.0162,0.0124,0.0,0.97,9.04,4.69,55.31,16.84,0,MOD-00632,2025-04-15T12:38:29,2025-04-15T05:38:29,https://api.quant-aq.com/v1/devices/MOD-00632/data/raw/363663478
0,652.1,31.0,683.1,1256.5,664.9,1.2000000000000455,666.1,1646.7,0.7000000000000455,1647.4,1647.4,5.699999999999818,1653.1,,,80.4,11.0,0.0,0.0,0.0,252.5,0.6,1.8,0.8,3.1756,0.3777,0.0,0.0,0.0,0.0,0.0,0.0,0.0,0.0,0.0,0.0,0.2572,0.0,0.0,0.0,0.0,0.1174,0.1588,0.1842,0.0861,0.0234,0.0158,0.0,1.01,10.78,5.15,55.35,16.84,0,MOD-00632,2025-04-15T12:37:29,2025-04-15T05:37:29,https://api.quant-aq.com/v1/devices/MOD-00632/data/raw/363663481
0,652.3,31.300000000000068,683.6,1256.9,664.4,1.3000000000000682,665.7,1646.6,0.8000000000001819,1647.4,1647.2,5.699999999999818,1653.1,,,80.3,11.0,0.0,0.0,0.0,221.75,0.0,1.1,0.9,3.6984,0.385,0.0,0.0,0.0,0.0,0.0,0.0,0.0,0.0,0.0,0.0,0.3149,0.0,0.0,0.0,0.0,0.1113,0.1816,0.1616,0.05,0.0412,0.0246,0.0125,1.1,15.48,5.08,55.28,16.83,0,MOD-00632,2025-04-15T12:36:29,2025-04-15T05:36:29,https://api.quant-aq.com/v1/devices/MOD-00632/data/raw/363661103
0,652.3,31.5,683.8,1257.7,664.4,1.7000000000000455,666.1,1646.7,0.8999999999998636,1647.6,1647.3,5.300000000000182,1652.9,,,80.4,11.0,0.0,0.0,0.0,245.0,0.4,0.9,0.9,3.6144,0.4292,0.0,0.0,0.0,0.0,0.0,0.0,0.0,0.0,0.0,0.0,0.23,0.0,0.0,0.0,0.0,0.0874,0.141,0.1784,0.0411,0.0211,0.0338,0.0082,1.0,13.89,4.57,55.32,16.8,0,MOD-00632,2025-04-15T12:35:29,2025-04-15T05:35:29,https://api.quant-aq.com/v1/devices/MOD-00632/data/raw/363661100
0,651.3,32.200000000000045,683.5,1258.1,664.8,1.400000000000091,666.2,1646.6,0.900000000000091,1647.5,1647.3,5.5,1653.0,,,80.5,11.0,0.0,0.0,0.0,238.5,0.5,1.6,1.0,3.0821,0.3871,0.0,0.0,0.0,0.0,0.0,0.0,0.0,0.0,0.0,0.0,0.3104,0.0,0.0,0.0,0.0,0.1011,0.2544,0.1607,0.0646,0.0082,0.0282,0.004,1.09,12.23,5.07,55.35,16.84,0,MOD-00632,2025-04-15T12:34:29,2025-04-15T05:34:29,https://api.quant-aq.com/v1/devices/MOD-00632/data/raw/363661101
0,650.5,32.700000000000045,683.2,1258.2,664.2,1.2999999999999545,665.5,1646.6,0.8000000000001819,1647.4,1647.4,5.599999999999909,1653.0,,,80.5,11.0,0.0,0.0,0.0,236.75,0.2,1.6,1.0,3.5119,0.3617,0.0041,0.0,0.0,0.0,0.0,0.0,0.0,0.0,0.0,0.0,0.228,0.0,0.0,0.0,0.0,0.1307,0.1583,0.1785,0.0896,0.0081,0.0122,0.0,1.03,11.05,4.94,55.34,16.86,0,MOD-00632,2025-04-15T12:33:29,2025-04-15T05:33:29,https://api.quant-aq.com/v1/devices/MOD-00632/data/raw/363661102
0,652.4,30.899999999999977,683.3,1256.6,664.4,1.5,665.9,1646.6,0.900000000000091,1647.5,1647.4,5.5,1653.0,,,80.4,11.0,0.0,0.0,0.0,222.5,0.3,1.0,1.0,3.5987,0.3722,0.0,0.0,0.0,0.0,0.0,0.0039,0.0,0.0,0.0,0.0,0.2005,0.0,0.0,0.0,0.0,0.0885,0.1411,0.1609,0.0561,0.0242,0.04,0.0119,0.95,18.32,4.68,55.37,16.82,0,MOD-00632,2025-04-15T12:32:29,2025-04-15T05:32:29,https://api.quant-aq.com/v1/devices/MOD-00632/data/raw/363658758
0,652.0,31.299999999999955,683.3,1254.4,664.5,1.1000000000000227,665.6,1646.6,0.900000000000091,1647.5,1647.1,5.599999999999909,1653.1,,,80.5,11.0,0.0,0.0,0.0,215.0,0.1,0.8,0.8,3.8781,0.3371,0.0,0.0,0.0,0.0,0.0,0.0,0.0,0.0,0.0,0.0,0.2679,0.0,0.0,0.0,0.0,0.0874,0.2279,0.148,0.0524,0.0236,0.0162,0.0041,1.09,10.86,4.75,55.37,16.83,0,MOD-00632,2025-04-15T12:31:29,2025-04-15T05:31:29,https://api.quant-aq.com/v1/devices/MOD-00632/data/raw/363658757
0,651.4,32.30000000000007,683.7,1259.2,664.5,1.5,666.0,1646.7,0.7999999999999545,1647.5,1647.3,5.5,1653.0,,,80.4,11.0,0.0,0.0,0.0,253.25,0.9,1.8,1.1,3.2321,0.304,0.0,0.0,0.0,0.0,0.0,0.0,0.0,0.0,0.0,0.0,0.2727,0.0,0.0,0.0,0.0,0.1262,0.1701,0.1267,0.0631,0.0157,0.0198,0.0079,0.98,11.61,4.36,55.34,16.87,0,MOD-00632,2025-04-15T12:30:29,2025-04-15T05:30:29,https://api.quant-aq.com/v1/devices/MOD-00632/data/raw/363658756
0,652.3,30.800000000000068,683.1,1256.1,664.4,1.3999999999999773,665.8,1646.7,0.7999999999999545,1647.5,1647.3,5.5,1653.0,,,80.4,11.0,0.0,0.0,0.0,183.0,0.1,1.0,0.8,3.3272,0.3261,0.0,0.0,0.0,0.0,0.0,0.0,0.0,0.0,0.0,0.0,0.2324,0.0,0.0,0.0,0.0,0.1225,0.1262,0.1808,0.0393,0.0079,0.0158,0.0078,0.96,10.2,4.15,55.33,16.86,0,MOD-00632,2025-04-15T12:29:29,2025-04-15T05:29:29,https://api.quant-aq.com/v1/devices/MOD-00632/data/raw/363658755
0,653.0,29.700000000000045,682.7,1254.5,665.0,1.2000000000000455,666.2,1646.7,0.7999999999999545,1647.5,1647.3,5.7999999999999545,1653.3,,,80.5,11.0,0.0,0.0,0.0,206.5,0.2,1.1,0.8,3.5899,0.3491,0.0,0.0,0.0,0.0,0.0,0.0,0.0,0.0,0.0,0.0,0.2107,0.0,0.0,0.0,0.0,0.0993,0.1429,0.155,0.0477,0.0278,0.0239,0.0,0.96,10.57,4.38,55.33,16.84,0,MOD-00632,2025-04-15T12:28:29,2025-04-15T05:28:29,https://api.quant-aq.com/v1/devices/MOD-00632/data/raw/363656203
0,652.6,29.399999999999977,682.0,1253.3,664.5,1.1000000000000227,665.6,1646.7,0.7999999999999545,1647.5,1647.2,5.5,1653.0,,,80.4,11.0,0.0,0.0,0.0,238.0,0.7,1.0,0.9,3.4159,0.2966,0.0039,0.0,0.0,0.0,0.0,0.0,0.0,0.0,0.0,0.0,0.2813,0.0,0.0,0.0,0.0,0.1259,0.1373,0.1607,0.0435,0.0198,0.0119,0.0158,0.99,14.25,4.31,55.27,16.84,0,MOD-00632,2025-04-15T12:27:29,2025-04-15T05:27:29,https://api.quant-aq.com/v1/devices/MOD-00632/data/raw/363656200
0,651.3,30.5,681.8,1253.8,664.5,1.0,665.5,1646.5,1.0,1647.5,1647.5,5.7000000000000455,1653.2,,,80.3,11.0,0.0,0.0,0.0,242.5,0.7,1.1,1.0,3.1752,0.3708,0.0,0.0,0.0,0.0,0.0,0.0,0.0,0.0,0.0,0.0,0.2476,0.0,0.0,0.0,0.0,0.1357,0.1394,0.1279,0.0612,0.0286,0.0041,0.0122,0.96,11.16,4.25,55.28,16.86,0,MOD-00632,2025-04-15T12:26:29,2025-04-15T05:26:29,https://api.quant-aq.com/v1/devices/MOD-00632/data/raw/363656202
0,651.6,30.399999999999977,682.0,1252.1,664.8,1.6000000000000227,666.4,1646.5,1.0,1647.5,1647.2,5.5,1653.0,,,80.1,11.0,0.0,0.0,0.0,218.75,0.4,0.9,0.6,4.0442,0.3785,0.0,0.0,0.0,0.0,0.0,0.0,0.0,0.0,0.0,0.0,0.2721,0.0,0.0,0.0,0.0,0.1563,0.1626,0.1889,0.0791,0.0088,0.0134,0.0089,1.16,11.94,5.16,55.2,16.87,0,MOD-00632,2025-04-15T12:25:29,2025-04-15T05:25:29,https://api.quant-aq.com/v1/devices/MOD-00632/data/raw/363656201
0,650.7,31.399999999999977,682.1,1258.8,664.6,1.5,666.1,1646.5,0.900000000000091,1647.4,1647.3,5.699999999999818,1653.1,,,80.3,11.0,0.0,0.0,0.0,210.25,0.2,1.3,0.8,3.6933,0.3214,0.0039,0.0,0.0,0.0,0.0,0.0,0.0,0.0,0.0,0.0,0.235,0.0,0.0,0.0,0.0,0.1278,0.1582,0.1532,0.0784,0.025,0.0083,0.0042,1.03,12.03,4.78,55.29,16.87,0,MOD-00632,2025-04-15T12:24:29,2025-04-15T05:24:29,https://api.quant-aq.com/v1/devices/MOD-00632/data/raw/363653253
0,652.9,29.200000000000045,682.1,1252.2,664.7,1.099999999999909,665.8,1646.7,0.7000000000000455,1647.4,1647.2,5.699999999999818,1653.1,,,80.3,11.0,0.0,0.0,0.0,295.0,0.9,1.8,1.5,3.3596,0.2991,0.0,0.0,0.0,0.0,0.0,0.0,0.0,0.0,0.0,0.0,0.2249,0.0,0.0,0.0,0.0,0.1068,0.138,0.1542,0.0631,0.0157,0.0156,0.0158,0.93,13.23,4.38,55.29,16.87,0,MOD-00632,2025-04-15T12:23:29,2025-04-15T05:23:29,https://api.quant-aq.com/v1/devices/MOD-00632/data/raw/363653254
0,652.9,29.300000000000068,682.2,1257.6,664.1,1.1999999999999318,665.3,1646.6,0.900000000000091,1647.5,1647.1,5.400000000000091,1652.9,,,80.3,11.0,0.0,0.0,0.0,243.75,0.5,1.0,0.7,3.1562,0.3558,0.0,0.004,0.0,0.0,0.0,0.0,0.0,0.0,0.0,0.0,0.2574,0.0,0.0,0.0,0.0,0.1327,0.1597,0.133,0.0781,0.0116,0.0156,0.0038,0.98,12.55,4.46,55.3,16.86,0,MOD-00632,2025-04-15T12:22:29,2025-04-15T05:22:29,https://api.quant-aq.com/v1/devices/MOD-00632/data/raw/363653255
0,650.9,30.700000000000045,681.6,1253.8,664.9,1.0,665.9,1646.4,1.0,1647.4,1647.1,5.699999999999818,1653.1,,,80.2,11.0,0.0,0.0,0.0,286.0,0.5,1.1,1.1,3.6655,0.3527,0.0,0.0,0.0,0.0,0.0,0.0,0.0,0.0,0.0,0.0,0.2396,0.0,0.0,0.0,0.0,0.1197,0.1636,0.2036,0.0758,0.0041,0.012,0.004,1.06,10.03,4.98,55.3,16.88,0,MOD-00632,2025-04-15T12:21:29,2025-04-15T05:21:29,https://api.quant-aq.com/v1/devices/MOD-00632/data/raw/363653252
0,651.7,32.299999999999955,684.0,1253.4,664.0,1.3999999999999773,665.4,1646.6,0.900000000000091,1647.5,1647.1,5.5,1653.0,,,80.3,11.0,0.0,0.0,0.0,240.25,0.8,1.6,0.9,3.6987,0.3371,0.0042,0.0,0.0041,0.0,0.0,0.0,0.0,0.0,0.0,0.0,0.2549,0.0,0.0,0.0,0.0,0.0944,0.1844,0.2219,0.1026,0.0166,0.0084,0.0,1.08,15.09,5.68,55.33,16.83,0,MOD-00632,2025-04-15T12:20:29,2025-04-15T05:20:29,https://api.quant-aq.com/v1/devices/MOD-00632/data/raw/363650786
0,651.7,35.69999999999993,687.4,1253.9,664.8,1.7000000000000455,666.5,1646.5,1.0,1647.5,1647.3,5.5,1653.0,,,80.3,11.0,0.0,0.0,0.0,200.75,0.2,0.8,0.8,3.7607,0.2989,0.0,0.0,0.0,0.0,0.0,0.0,0.0,0.0,0.0,0.0,0.2576,0.0,0.0,0.0,0.0,0.1412,0.1785,0.1415,0.0704,0.0124,0.025,0.0083,1.06,12.8,4.73,55.29,16.86,0,MOD-00632,2025-04-15T12:19:29,2025-04-15T05:19:29,https://api.quant-aq.com/v1/devices/MOD-00632/data/raw/363650784
0,652.3,30.800000000000068,683.1,1253.3,664.6,1.3999999999999773,666.0,1646.4,1.0,1647.4,1647.1,5.599999999999909,1653.0,,,80.3,11.0,0.0,0.0,0.0,252.5,0.8,2.8,0.9,3.1089,0.3361,0.0,0.0,0.0,0.0,0.0,0.0,0.0,0.0,0.0,0.0,0.2877,0.0,0.0,0.0,0.0,0.1256,0.2187,0.1374,0.0442,0.0204,0.0163,0.0081,1.03,11.34,4.5,55.36,16.87,0,MOD-00632,2025-04-15T12:18:29,2025-04-15T05:18:29,https://api.quant-aq.com/v1/devices/MOD-00632/data/raw/363650783
0,652.3,30.100000000000023,682.4,1255.7,663.8,1.3000000000000682,665.1,1646.7,0.7999999999999545,1647.5,1647.1,5.5,1653.0,,,80.4,11.0,0.0,0.0,0.0,227.25,0.2,1.2,1.0,3.7375,0.3599,0.0,0.0,0.0,0.0,0.0,0.0,0.0,0.0,0.0,0.0,0.2454,0.0,0.0,0.0,0.0,0.1064,0.1654,0.1404,0.0634,0.0114,0.008,0.0041,1.02,8.74,4.28,55.31,16.87,0,MOD-00632,2025-04-15T12:17:29,2025-04-15T05:17:29,https://api.quant-aq.com/v1/devices/MOD-00632/data/raw/363650785
0,651.4,30.100000000000023,681.5,1252.6,664.9,1.0,665.9,1646.5,0.900000000000091,1647.4,1647.1,5.699999999999818,1653.1,,,80.2,11.0,0.0,0.0,0.0,274.0,0.6,1.3,1.3,3.4419,0.3205,0.0076,0.0,0.0,0.0,0.0,0.0,0.0,0.0,0.0,0.0,0.2104,0.0,0.0,0.0,0.0,0.1251,0.1246,0.1735,0.0566,0.0228,0.0186,0.0075,0.95,15.22,4.55,55.25,16.88,0,MOD-00632,2025-04-15T12:16:29,2025-04-15T05:16:29,https://api.quant-aq.com/v1/devices/MOD-00632/data/raw/363648088
0,651.5,30.200000000000045,681.7,1252.1,664.4,1.3000000000000682,665.7,1646.4,1.099999999999909,1647.5,1647.2,5.599999999999909,1653.1,,,80.2,11.0,0.0,0.0,0.0,300.0,0.9,2.0,1.8,3.7207,0.3434,0.0,0.0,0.0,0.0,0.0,0.0,0.0,0.0,0.0,0.0,0.2417,0.0,0.0,0.0,0.0,0.123,0.1592,0.1593,0.0369,0.008,0.0165,0.0042,1.03,9.23,4.14,55.2,16.87,0,MOD-00632,2025-04-15T12:15:29,2025-04-15T05:15:29,https://api.quant-aq.com/v1/devices/MOD-00632/data/raw/363648090
0,652.3,28.700000000000045,681.0,1256.6,664.4,1.3999999999999773,665.8,1646.5,0.7999999999999545,1647.3,1647.2,5.600000000000136,1652.9,,,80.2,11.0,0.0,0.0,0.0,196.5,0.1,0.8,0.8,3.3124,0.2998,0.0,0.0,0.0,0.0,0.0,0.0,0.0,0.0,0.0,0.0,0.2453,0.0,0.0,0.0,0.0,0.1369,0.2003,0.1457,0.046,0.0125,0.0123,0.0041,1.02,9.21,4.34,55.2,16.87,0,MOD-00632,2025-04-15T12:14:29,2025-04-15T05:14:29,https://api.quant-aq.com/v1/devices/MOD-00632/data/raw/363648089
0,652.0,29.5,681.5,1252.9,665.3,1.400000000000091,666.7,1646.5,0.900000000000091,1647.4,1647.0,5.5,1652.9,,,80.2,11.0,0.0,0.0,0.0,238.25,0.6,1.9,1.3,3.7181,0.3765,0.0,0.0,0.0,0.0,0.0,0.0,0.0,0.0,0.0,0.0,0.34,0.0,0.0,0.0,0.0,0.1367,0.2068,0.1775,0.0789,0.0164,0.0167,0.0041,1.18,11.7,5.36,55.14,16.87,0,MOD-00632,2025-04-15T12:13:29,2025-04-15T05:13:29,https://api.quant-aq.com/v1/devices/MOD-00632/data/raw/363648087
0,650.8,30.5,681.3,1255.5,663.7,1.2999999999999545,665.0,1646.6,0.6000000000001364,1647.2,1647.3,5.599999999999909,1652.8,,,80.1,11.0,0.0,0.0,0.0,232.0,0.2,1.9,1.2,3.5434,0.3766,0.0,0.0041,0.0,0.0,0.0,0.0,0.0,0.0,0.0,0.0,0.2986,0.0,0.0,0.0,0.0,0.1059,0.2127,0.2081,0.0654,0.0163,0.0164,0.0041,1.12,14.03,5.36,55.13,16.88,0,MOD-00632,2025-04-15T12:12:29,2025-04-15T05:12:29,https://api.quant-aq.com/v1/devices/MOD-00632/data/raw/363645745
0,651.2,30.699999999999932,681.9,1255.2,664.3,1.3000000000000682,665.6,1646.4,0.8999999999998636,1647.3,1647.1,5.7000000000000455,1653.0,,,80.1,11.0,0.0,0.0,0.0,275.5,0.7,1.2,1.2,3.7337,0.4189,0.0043,0.0,0.0,0.0,0.0,0.0,0.0,0.0,0.0,0.0,0.3391,0.0,0.0,0.0,0.0,0.1263,0.1803,0.1718,0.0931,0.0126,0.0258,0.0166,1.16,18.17,5.46,55.14,16.9,0,MOD-00632,2025-04-15T12:11:29,2025-04-15T05:11:29,https://api.quant-aq.com/v1/devices/MOD-00632/data/raw/363645747
0,652.5,29.200000000000045,681.7,1256.2,665.2,1.599999999999909,666.8,1646.5,0.7999999999999545,1647.3,1647.1,5.600000000000136,1652.9,,,80.1,11.0,0.0,0.0,0.0,230.0,0.3,1.3,1.1,3.3338,0.3572,0.0041,0.0,0.0,0.0,0.0,0.0,0.0,0.0,0.0,0.0,0.2817,0.0,0.0,0.0,0.0,0.1109,0.1966,0.1555,0.082,0.0326,0.0203,0.0082,1.05,15.73,5.26,55.17,16.88,0,MOD-00632,2025-04-15T12:10:29,2025-04-15T05:10:29,https://api.quant-aq.com/v1/devices/MOD-00632/data/raw/363645746
0,650.6,31.5,682.1,1256.0,664.0,1.6000000000000227,665.6,1646.5,0.900000000000091,1647.4,1647.2,5.599999999999909,1653.0,,,80.2,11.0,0.0,0.0,0.0,313.5,0.9,3.8,2.4,3.2601,0.3637,0.0,0.0,0.0,0.0,0.0,0.0,0.0,0.0,0.0,0.0,0.2491,0.0,0.0,0.0,0.0,0.0901,0.1788,0.1982,0.0468,0.0195,0.0158,0.0155,1.0,13.72,4.82,55.16,16.93,0,MOD-00632,2025-04-15T12:09:29,2025-04-15T05:09:29,https://api.quant-aq.com/v1/devices/MOD-00632/data/raw/363645748
0,652.8,29.100000000000023,681.9,1254.5,664.8,1.0,665.8,1646.4,0.7999999999999545,1647.2,1647.2,5.7000000000000455,1652.9,,,80.0,11.0,0.0,0.0,0.0,219.5,0.2,0.8,0.8,3.613,0.352,0.0,0.0,0.0,0.0,0.0,0.0,0.0,0.0,0.0,0.0,0.2674,0.0,0.0,0.0,0.0,0.09,0.1507,0.1714,0.061,0.0204,0.0492,0.0123,1.01,17.76,5.0,55.1,16.9,0,MOD-00632,2025-04-15T12:08:29,2025-04-15T05:08:29,https://api.quant-aq.com/v1/devices/MOD-00632/data/raw/363643403
0,653.9,28.399999999999977,682.3,1255.2,664.6,1.5,666.1,1646.5,0.7000000000000455,1647.2,1647.1,5.7000000000000455,1652.9,,,80.0,11.0,0.0,0.0,0.0,186.75,0.2,0.5,0.5,3.6182,0.3949,0.0039,0.0,0.0,0.0,0.0,0.0,0.0,0.0,0.0,0.0,0.2793,0.0,0.0,0.0,0.0,0.1207,0.1545,0.1393,0.0601,0.012,0.0195,0.004,1.04,12.02,4.36,55.11,16.93,0,MOD-00632,2025-04-15T12:07:29,2025-04-15T05:07:29,https://api.quant-aq.com/v1/devices/MOD-00632/data/raw/363643404
0,652.4,29.700000000000045,682.1,1255.5,664.5,1.8999999999999773,666.4,1646.6,0.900000000000091,1647.5,1647.3,5.599999999999909,1653.1,,,80.1,11.0,0.0,0.0,0.0,298.75,0.8,1.7,1.7,3.2395,0.2851,0.0079,0.0,0.0,0.0,0.0,0.0,0.0,0.0,0.0,0.0,0.2171,0.0,0.0,0.0,0.0,0.0791,0.1189,0.1973,0.0592,0.0159,0.0236,0.0039,0.89,14.86,4.57,55.13,16.93,0,MOD-00632,2025-04-15T12:06:29,2025-04-15T05:06:29,https://api.quant-aq.com/v1/devices/MOD-00632/data/raw/363643405
0,651.1,31.899999999999977,683.0,1254.4,664.9,1.6000000000000227,666.5,1646.7,0.7999999999999545,1647.5,1647.0,5.599999999999909,1653.1,,,80.0,11.0,0.0,0.0,0.0,256.75,0.6,1.2,1.2,3.8446,0.4116,0.004,0.0,0.0,0.0,0.0041,0.0,0.0,0.0,0.0,0.0,0.2384,0.0,0.0,0.0,0.0,0.105,0.2015,0.1741,0.0727,0.0201,0.0122,0.0083,1.1,16.4,5.1,55.11,16.93,0,MOD-00632,2025-04-15T12:05:29,2025-04-15T05:05:29,https://api.quant-aq.com/v1/devices/MOD-00632/data/raw/363643406
0,652.4,30.700000000000045,683.1,1254.9,664.6,1.3999999999999773,666.0,1646.6,0.7000000000000455,1647.3,1647.2,5.7000000000000455,1653.0,,,80.0,11.1,0.0,0.0,0.0,286.25,0.4,1.5,1.2,3.7255,0.291,0.0,0.0,0.0,0.0,0.0,0.0,0.0,0.0,0.0,0.0,0.2527,0.0,0.0,0.0,0.0,0.1115,0.1868,0.1509,0.0377,0.0209,0.0166,0.0122,1.03,12.3,4.4,55.03,16.93,0,MOD-00632,2025-04-15T12:04:29,2025-04-15T05:04:29,https://api.quant-aq.com/v1/devices/MOD-00632/data/raw/363641117
0,651.3,30.700000000000045,682.0,1254.6,664.3,1.2000000000000455,665.5,1646.4,0.8999999999998636,1647.3,1647.2,5.7000000000000455,1653.0,,,79.9,11.1,0.0,0.0,0.0,245.25,0.4,1.4,0.8,3.6525,0.3543,0.0041,0.0,0.0,0.0,0.0,0.0,0.0,0.0,0.0,0.0,0.2885,0.0,0.0,0.0,0.0,0.1238,0.1691,0.1647,0.0537,0.0123,0.0083,0.0,1.07,9.64,4.47,55.03,16.93,0,MOD-00632,2025-04-15T12:03:29,2025-04-15T05:03:29,https://api.quant-aq.com/v1/devices/MOD-00632/data/raw/363641116
0,652.9,28.399999999999977,681.3,1257.6,664.2,1.3999999999999773,665.6,1646.5,0.7999999999999545,1647.3,1647.3,5.600000000000136,1652.9,,,79.8,11.1,0.0,0.0,0.0,229.5,0.2,1.7,1.0,3.4839,0.4501,0.0081,0.0,0.0,0.0,0.0,0.0,0.0,0.0,0.0,0.0,0.2474,0.0,0.0,0.0,0.0,0.1178,0.1777,0.167,0.0244,0.0203,0.0324,0.0,1.05,14.56,4.45,55.03,16.94,0,MOD-00632,2025-04-15T12:02:29,2025-04-15T05:02:29,https://api.quant-aq.com/v1/devices/MOD-00632/data/raw/363641115
0,652.4,28.899999999999977,681.3,1256.3,665.2,1.6999999999999318,666.9,1646.5,0.7999999999999545,1647.3,1647.1,5.600000000000136,1652.9,,,79.8,11.1,0.0,0.0,0.0,222.75,0.5,1.8,1.0,3.8641,0.3614,0.0,0.0,0.0,0.0,0.0,0.0,0.0,0.0,0.0,0.0,0.3228,0.0,0.0,0.0,0.0,0.0966,0.1727,0.1699,0.0672,0.0295,0.0209,0.0123,1.1,14.65,5.12,55.01,16.94,0,MOD-00632,2025-04-15T12:01:29,2025-04-15T05:01:29,https://api.quant-aq.com/v1/devices/MOD-00632/data/raw/363641114
0,651.1,30.100000000000023,681.2,1257.8,663.9,1.3999999999999773,665.3,1646.5,0.7999999999999545,1647.3,1647.3,5.600000000000136,1652.9,,,79.9,11.1,0.0,0.0,0.0,264.5,0.6,1.8,1.2,3.2269,0.3974,0.0042,0.0,0.0,0.0,0.0,0.0,0.0,0.0,0.0,0.0,0.3099,0.0,0.0,0.0,0.0,0.1172,0.1757,0.2303,0.0627,0.0125,0.0167,0.0043,1.09,13.17,5.31,55.1,16.96,0,MOD-00632,2025-04-15T12:00:29,2025-04-15T05:00:29,https://api.quant-aq.com/v1/devices/MOD-00632/data/raw/363638789
0,651.0,29.700000000000045,680.7,1257.0,664.2,1.2999999999999545,665.5,1646.6,0.7000000000000455,1647.3,1647.2,5.600000000000136,1652.9,,,79.9,11.1,0.0,0.0,0.0,228.75,0.2,1.2,0.7,3.8963,0.3578,0.0,0.0,0.0042,0.0,0.0,0.0,0.0,0.0,0.0,0.0,0.2415,0.0,0.0,0.0,0.0,0.1162,0.1536,0.2037,0.0748,0.0124,0.0123,0.0042,1.08,13.63,5.05,55.15,16.96,0,MOD-00632,2025-04-15T11:59:29,2025-04-15T04:59:29,https://api.quant-aq.com/v1/devices/MOD-00632/data/raw/363638787
0,653.3,28.40000000000009,681.7,1257.9,665.0,1.2000000000000455,666.2,1646.3,1.0,1647.3,1647.3,5.7000000000000455,1653.0,,,80.0,11.1,0.0,0.0,0.0,288.75,0.6,1.2,1.2,3.2105,0.3674,0.0,0.0,0.0,0.0041,0.0,0.0,0.0,0.0,0.0,0.0,0.351,0.0,0.0,0.0,0.0,0.1527,0.2436,0.1695,0.07,0.0164,0.0082,0.0041,1.17,13.29,5.26,55.12,16.96,0,MOD-00632,2025-04-15T11:58:29,2025-04-15T04:58:29,https://api.quant-aq.com/v1/devices/MOD-00632/data/raw/363638790
0,650.3,31.100000000000023,681.4,1255.5,664.5,1.7999999999999545,666.3,1646.7,0.599999999999909,1647.3,1646.9,5.600000000000136,1652.9,,,79.8,11.1,0.0,0.0,0.0,320.0,0.8,2.3,2.0,3.3972,0.3963,0.0,0.0,0.0,0.0,0.0,0.0,0.0,0.0,0.0,0.0,0.267,0.0,0.0,0.0,0.0,0.1123,0.1796,0.2,0.06,0.0278,0.0119,0.0039,1.06,11.14,5.13,55.07,16.97,0,MOD-00632,2025-04-15T11:57:29,2025-04-15T04:57:29,https://api.quant-aq.com/v1/devices/MOD-00632/data/raw/363638788
0,651.5,30.0,681.5,1257.7,664.6,1.6000000000000227,666.2,1646.5,0.7999999999999545,1647.3,1647.2,5.600000000000136,1652.9,,,80.0,11.1,0.0,0.0,0.0,314.75,1.0,2.6,2.0,3.8978,0.5095,0.0038,0.0,0.0,0.0,0.0,0.0,0.0,0.0,0.0,0.0,0.2855,0.0,0.0,0.0,0.0,0.1068,0.1879,0.1998,0.0524,0.0159,0.0043,0.004,1.16,10.81,4.93,55.11,16.99,0,MOD-00632,2025-04-15T11:56:29,2025-04-15T04:56:29,https://api.quant-aq.com/v1/devices/MOD-00632/data/raw/363636419
0,652.9,28.600000000000023,681.5,1256.8,664.3,1.2000000000000455,665.5,1646.4,0.8999999999998636,1647.3,1647.2,5.600000000000136,1652.9,,,79.9,11.1,0.0,0.0,0.0,282.5,0.8,2.8,1.7,3.7939,0.3947,0.0042,0.0,0.0,0.0,0.0,0.0,0.0,0.0,0.0,0.0,0.2685,0.0,0.0,0.0,0.0,0.1581,0.209,0.1954,0.0979,0.0208,0.0216,0.0044,1.18,15.41,5.91,55.06,16.97,0,MOD-00632,2025-04-15T11:55:29,2025-04-15T04:55:29,https://api.quant-aq.com/v1/devices/MOD-00632/data/raw/363636422
0,651.0,30.399999999999977,681.4,1257.1,664.7,1.2999999999999545,666.0,1646.5,0.7000000000000455,1647.2,1647.0,5.599999999999909,1652.8,,,79.9,11.1,0.0,0.0,0.0,256.75,0.7,1.2,1.1,3.4779,0.4787,0.0,0.0,0.0042,0.0,0.0,0.0,0.0,0.0,0.0,0.0,0.275,0.0,0.0,0.0,0.0,0.1035,0.2246,0.1828,0.0916,0.0291,0.0125,0.0,1.13,14.28,5.64,55.08,17.0,0,MOD-00632,2025-04-15T11:54:29,2025-04-15T04:54:29,https://api.quant-aq.com/v1/devices/MOD-00632/data/raw/363636421
0,652.9,28.200000000000045,681.1,1257.1,664.9,1.3000000000000682,666.2,1646.5,0.900000000000091,1647.4,1647.2,5.699999999999818,1653.1,,,80.0,11.1,0.0,0.0,0.0,284.0,0.8,2.2,1.5,3.8214,0.4085,0.0,0.0,0.0,0.0,0.0,0.0,0.0,0.0,0.0,0.0,0.3051,0.0,0.0,0.0,0.0,0.1373,0.1613,0.2204,0.0791,0.0248,0.0292,0.0127,1.16,16.71,5.81,55.09,17.0,0,MOD-00632,2025-04-15T11:53:29,2025-04-15T04:53:29,https://api.quant-aq.com/v1/devices/MOD-00632/data/raw/363636420
0,651.3,30.100000000000023,681.4,1257.4,665.0,1.5,666.5,1646.4,1.0,1647.4,1647.2,5.5,1652.9,,,79.9,11.1,0.0,0.0,0.0,199.75,0.2,1.3,0.8,3.8446,0.4411,0.0,0.0,0.0,0.0,0.0,0.0,0.0,0.0,0.0,0.0,0.2688,0.0,0.0,0.0,0.0,0.1319,0.2294,0.2088,0.0894,0.034,0.0256,0.0043,1.2,15.04,6.19,55.0,16.99,0,MOD-00632,2025-04-15T11:52:29,2025-04-15T04:52:29,https://api.quant-aq.com/v1/devices/MOD-00632/data/raw/363634113
0,652.4,29.5,681.9,1257.3,664.8,1.400000000000091,666.2,1646.5,0.7999999999999545,1647.3,1647.1,5.5,1652.8,,,79.9,11.2,0.0,0.0,0.0,203.75,0.1,1.1,0.8,3.7323,0.4952,0.0,0.0,0.0,0.0,0.0,0.0,0.0,0.0,0.0,0.0,0.2932,0.0,0.0,0.0,0.0,0.1609,0.2064,0.1781,0.1009,0.0381,0.0212,0.0,1.21,13.43,6.03,55.08,17.0,0,MOD-00632,2025-04-15T11:51:29,2025-04-15T04:51:29,https://api.quant-aq.com/v1/devices/MOD-00632/data/raw/363634114
0,651.5,29.600000000000023,681.1,1256.9,664.9,1.3000000000000682,666.2,1646.5,0.7999999999999545,1647.3,1647.1,5.7999999999999545,1653.1,,,80.0,11.1,0.0,0.0,0.0,221.0,0.0,0.8,0.7,3.2421,0.4121,0.0,0.0,0.0,0.0,0.0,0.0,0.0,0.0,0.0,0.0,0.2933,0.0,0.0,0.0,0.0,0.1844,0.1845,0.2356,0.0786,0.0194,0.0078,0.004,1.16,11.25,5.77,55.04,17.01,0,MOD-00632,2025-04-15T11:50:29,2025-04-15T04:50:29,https://api.quant-aq.com/v1/devices/MOD-00632/data/raw/363634112
0,651.5,30.700000000000045,682.2,1261.9,664.1,1.2999999999999545,665.4,1646.6,0.8000000000001819,1647.4,1647.1,5.699999999999818,1653.1,,,79.9,11.2,0.0,0.0,0.0,265.25,0.7,1.8,1.4,3.5292,0.3897,0.0,0.0,0.0,0.0,0.0,0.0,0.0,0.0,0.0,0.0,0.2629,0.0,0.0,0.0,0.0,0.1398,0.2954,0.2075,0.092,0.0201,0.028,0.0081,1.21,15.87,6.36,54.98,17.03,0,MOD-00632,2025-04-15T11:49:29,2025-04-15T04:49:29,https://api.quant-aq.com/v1/devices/MOD-00632/data/raw/363634115
0,652.0,29.600000000000023,681.6,1255.6,664.3,1.7000000000000455,666.0,1646.4,1.0,1647.4,1647.3,5.599999999999909,1653.0,,,79.8,11.2,0.0,0.0,0.0,287.5,0.8,2.2,1.7,3.7619,0.4649,0.0,0.0,0.0,0.0,0.0,0.0,0.0,0.0,0.0,0.0,0.2926,0.0,0.0,0.0,0.0,0.1568,0.1892,0.177,0.0621,0.0248,0.0206,0.0042,1.18,12.28,5.23,54.93,17.01,0,MOD-00632,2025-04-15T11:48:29,2025-04-15T04:48:29,https://api.quant-aq.com/v1/devices/MOD-00632/data/raw/363631831
0,651.5,30.799999999999955,682.3,1252.1,665.1,1.3999999999999773,666.5,1646.5,0.7999999999999545,1647.3,1646.9,5.600000000000136,1652.9,,,79.7,11.2,0.0,0.0,0.0,238.5,0.2,1.1,1.1,4.0422,0.4896,0.0083,0.0,0.0,0.0,0.0,0.0,0.0,0.0,0.0,0.0,0.2576,0.0,0.0,0.0,0.0,0.1135,0.197,0.2251,0.059,0.0126,0.0128,0.0086,1.18,15.59,5.37,54.86,17.01,0,MOD-00632,2025-04-15T11:47:29,2025-04-15T04:47:29,https://api.quant-aq.com/v1/devices/MOD-00632/data/raw/363631833
0,652.2,30.399999999999977,682.6,1255.9,664.3,1.3000000000000682,665.6,1646.8,0.6000000000001364,1647.4,1647.2,5.599999999999909,1653.0,,,79.6,11.2,0.0,0.0,0.0,297.75,0.9,1.7,1.6,3.397,0.4234,0.0041,0.0,0.0,0.0,0.0,0.0,0.0,0.0,0.0,0.0,0.2971,0.0,0.0,0.0,0.0,0.1546,0.1918,0.2357,0.0484,0.0165,0.0162,0.004,1.16,13.14,5.41,54.82,17.04,0,MOD-00632,2025-04-15T11:46:29,2025-04-15T04:46:29,https://api.quant-aq.com/v1/devices/MOD-00632/data/raw/363631832
0,651.8,29.90000000000009,681.7,1257.4,664.5,1.3999999999999773,665.9,1646.4,0.8999999999998636,1647.3,1647.4,5.600000000000136,1652.9,,,79.4,11.2,0.0,0.0,0.0,302.5,1.0,1.8,1.5,3.9921,0.4067,0.0,0.0084,0.0,0.0,0.0,0.0,0.0,0.0,0.0,0.0,0.2037,0.0,0.0,0.0,0.0,0.1286,0.1909,0.212,0.0499,0.0289,0.0207,0.0083,1.12,18.71,5.34,54.74,17.06,0,MOD-00632,2025-04-15T11:45:29,2025-04-15T04:45:29,https://api.quant-aq.com/v1/devices/MOD-00632/data/raw/363631834
0,652.3,29.5,681.8,1256.4,664.8,1.7000000000000455,666.5,1646.6,0.8000000000001819,1647.4,1647.0,5.399999999999864,1652.8,,,79.4,11.2,0.0,0.0,0.0,268.0,0.5,1.7,1.6,3.7012,0.3868,0.0039,0.0,0.0,0.0,0.0,0.0,0.0,0.0,0.0,0.0,0.3587,0.0,0.0,0.0,0.0,0.1089,0.178,0.1856,0.0398,0.0124,0.0081,0.0039,1.14,10.53,4.59,54.7,17.06,0,MOD-00632,2025-04-15T11:44:29,2025-04-15T04:44:29,https://api.quant-aq.com/v1/devices/MOD-00632/data/raw/363629491
0,650.1,30.899999999999977,681.0,1258.2,664.0,1.3999999999999773,665.4,1646.6,0.8000000000001819,1647.4,1647.0,5.399999999999864,1652.8,,,79.4,11.2,0.0,0.0,0.0,226.75,0.4,1.2,1.2,3.6015,0.5204,0.0,0.0,0.0,0.0,0.0,0.0,0.0,0.0,0.0,0.0,0.3034,0.0,0.0,0.0,0.0,0.1318,0.1758,0.1723,0.0615,0.0041,0.0287,0.0083,1.14,12.97,4.88,54.73,17.06,0,MOD-00632,2025-04-15T11:43:29,2025-04-15T04:43:29,https://api.quant-aq.com/v1/devices/MOD-00632/data/raw/363629490
0,651.2,30.799999999999955,682.0,1255.6,664.9,1.3000000000000682,666.2,1646.7,0.599999999999909,1647.3,1647.1,5.5,1652.8,,,79.5,11.2,0.0,0.0,0.0,190.5,0.1,1.0,0.6,3.637,0.4711,0.0044,0.0,0.0,0.0,0.0,0.0,0.0,0.0,0.0,0.0,0.3176,0.0,0.0,0.0,0.0,0.1756,0.1665,0.1696,0.0791,0.035,0.0176,0.013,1.18,17.14,5.5,54.73,17.04,0,MOD-00632,2025-04-15T11:42:29,2025-04-15T04:42:29,https://api.quant-aq.com/v1/devices/MOD-00632/data/raw/363629492
0,651.9,30.100000000000023,682.0,1256.2,665.0,1.2999999999999545,666.3,1646.5,0.7000000000000455,1647.2,1647.1,5.7000000000000455,1652.9,,,79.5,11.2,0.0,0.0,0.0,223.25,0.0,1.2,0.8,3.8541,0.4928,0.0,0.0041,0.0,0.0,0.0,0.0,0.0,0.0,0.0,0.0,0.2817,0.0,0.0,0.0,0.0,0.1431,0.2123,0.1691,0.0713,0.0293,0.0127,0.0041,1.19,14.21,5.36,54.7,17.07,0,MOD-00632,2025-04-15T11:41:29,2025-04-15T04:41:29,https://api.quant-aq.com/v1/devices/MOD-00632/data/raw/363629489
0,652.1,29.600000000000023,681.7,1257.1,664.6,1.3999999999999773,666.0,1646.5,0.7999999999999545,1647.3,1647.0,5.7000000000000455,1653.0,,,79.5,11.2,0.0,0.0,0.0,281.0,0.9,2.5,1.2,3.822,0.3861,0.0041,0.0,0.0,0.0,0.0,0.0,0.0,0.0,0.0,0.0,0.328,0.0,0.0,0.0,0.0,0.1419,0.1823,0.1913,0.0454,0.042,0.0374,0.0041,1.17,17.24,5.5,54.6,17.09,0,MOD-00632,2025-04-15T11:40:29,2025-04-15T04:40:29,https://api.quant-aq.com/v1/devices/MOD-00632/data/raw/363627175
0,652.3,29.300000000000068,681.6,1256.0,665.1,1.6999999999999318,666.8,1646.5,0.900000000000091,1647.4,1647.2,5.5,1652.9,,,79.4,11.2,0.0,0.0,0.0,310.25,1.1,2.8,1.8,3.7409,0.422,0.0041,0.0,0.0,0.0,0.0,0.0,0.0,0.0,0.0,0.0,0.3956,0.0,0.0,0.0,0.0,0.1444,0.2121,0.1516,0.0729,0.0323,0.0163,0.0041,1.23,14.08,5.38,54.66,17.09,0,MOD-00632,2025-04-15T11:39:29,2025-04-15T04:39:29,https://api.quant-aq.com/v1/devices/MOD-00632/data/raw/363627178
0,651.5,30.399999999999977,681.9,1257.1,664.2,1.6999999999999318,665.9,1646.6,0.7000000000000455,1647.3,1647.4,5.7000000000000455,1653.0,,,79.3,11.2,0.0,0.0,0.0,304.25,1.0,2.4,1.7,3.4186,0.4108,0.0,0.0,0.0,0.0,0.0,0.0,0.0,0.0,0.0,0.0,0.3008,0.0,0.0,0.0,0.0,0.1351,0.1912,0.2432,0.0935,0.0204,0.0123,0.0081,1.15,13.55,6.06,54.62,17.1,0,MOD-00632,2025-04-15T11:38:29,2025-04-15T04:38:29,https://api.quant-aq.com/v1/devices/MOD-00632/data/raw/363627176
0,651.8,30.300000000000068,682.1,1255.8,665.1,1.5,666.6,1646.6,0.7000000000000455,1647.3,1646.9,5.7000000000000455,1653.0,,,79.3,11.2,0.0,0.0,0.0,237.75,0.6,2.1,1.3,3.8254,0.4385,0.0,0.0,0.0,0.0,0.0,0.0,0.0,0.0,0.0,0.0,0.2863,0.0,0.0,0.0,0.0,0.1166,0.2097,0.237,0.0602,0.0203,0.0081,0.008,1.19,11.95,5.6,54.64,17.14,0,MOD-00632,2025-04-15T11:37:29,2025-04-15T04:37:29,https://api.quant-aq.com/v1/devices/MOD-00632/data/raw/363627177
0,651.0,30.399999999999977,681.4,1257.0,663.9,1.0,664.9,1646.5,0.7999999999999545,1647.3,1647.3,5.7999999999999545,1653.1,,,79.3,11.3,0.0,0.0,0.0,277.25,1.0,2.7,1.3,3.7475,0.3309,0.0082,0.0,0.0,0.0,0.0,0.0,0.0,0.0,0.0,0.0,0.2775,0.0,0.0,0.0,0.0,0.1189,0.164,0.2043,0.0615,0.0284,0.0246,0.0083,1.08,17.76,5.33,54.68,17.11,0,MOD-00632,2025-04-15T11:36:29,2025-04-15T04:36:29,https://api.quant-aq.com/v1/devices/MOD-00632/data/raw/363624856
0,653.5,28.899999999999977,682.4,1256.6,664.1,1.6000000000000227,665.7,1646.6,0.8000000000001819,1647.4,1647.1,5.5,1652.9,,,79.3,11.3,0.0,0.0,0.0,236.75,0.7,1.8,1.3,3.5106,0.385,0.0,0.0038,0.0,0.0,0.0,0.0,0.0,0.0,0.0,0.0,0.2643,0.0,0.0,0.0,0.0,0.1476,0.1749,0.1748,0.1045,0.0231,0.0386,0.0038,1.09,18.06,5.75,54.65,17.14,0,MOD-00632,2025-04-15T11:35:29,2025-04-15T04:35:29,https://api.quant-aq.com/v1/devices/MOD-00632/data/raw/363624857
0,652.0,30.0,682.0,1257.8,665.0,1.6000000000000227,666.6,1646.4,0.8999999999998636,1647.3,1647.1,5.7000000000000455,1653.0,,,79.3,11.3,0.0,0.0,0.0,257.0,0.7,1.3,1.3,3.5037,0.3475,0.0,0.0,0.0,0.0,0.0,0.0,0.0,0.0,0.0,0.0,0.3227,0.0,0.0,0.0,0.0,0.1473,0.1579,0.1846,0.0448,0.0165,0.0164,0.0,1.1,9.33,4.68,54.63,17.13,0,MOD-00632,2025-04-15T11:34:29,2025-04-15T04:34:29,https://api.quant-aq.com/v1/devices/MOD-00632/data/raw/363624858
0,652.0,29.399999999999977,681.4,1256.8,664.2,1.3999999999999773,665.6,1646.6,0.8000000000001819,1647.4,1647.1,5.699999999999818,1653.1,,,79.2,11.3,0.0,0.0,0.0,296.25,0.6,1.4,1.4,3.496,0.4445,0.0,0.0042,0.0,0.0,0.0,0.0,0.0,0.0,0.0,0.0,0.3078,0.0,0.0,0.0,0.0,0.1167,0.2076,0.2035,0.0741,0.0085,0.0374,0.0042,1.15,16.86,5.55,54.56,17.14,0,MOD-00632,2025-04-15T11:33:29,2025-04-15T04:33:29,https://api.quant-aq.com/v1/devices/MOD-00632/data/raw/363624859
0,651.9,29.700000000000045,681.6,1258.1,665.1,1.2999999999999545,666.4,1646.5,0.7999999999999545,1647.3,1647.0,5.600000000000136,1652.9,,,79.1,11.3,0.0,0.0,0.0,280.25,0.8,1.4,1.4,3.6892,0.4033,0.0076,0.0,0.0,0.0,0.0,0.0,0.0,0.0,0.0,0.0,0.2626,0.0,0.0,0.0,0.0,0.1564,0.2352,0.172,0.0743,0.0157,0.0191,0.0,1.17,14.09,5.38,54.56,17.17,0,MOD-00632,2025-04-15T11:32:29,2025-04-15T04:32:29,https://api.quant-aq.com/v1/devices/MOD-00632/data/raw/363622522
0,651.2,30.59999999999991,681.8,1257.2,664.5,1.7000000000000455,666.2,1646.6,0.8000000000001819,1647.4,1647.4,5.599999999999909,1653.0,,,79.2,11.3,0.0,0.0,0.0,254.5,0.7,1.8,1.4,3.7564,0.4076,0.0,0.0,0.0,0.0,0.0,0.0,0.0,0.0,0.0,0.0,0.3033,0.0,0.0,0.0,0.0,0.1205,0.1801,0.2277,0.064,0.02,0.0202,0.0161,1.15,15.7,5.58,54.56,17.15,0,MOD-00632,2025-04-15T11:31:29,2025-04-15T04:31:29,https://api.quant-aq.com/v1/devices/MOD-00632/data/raw/363622521
0,651.8,29.800000000000068,681.6,1256.8,664.9,2.1000000000000227,667.0,1646.5,0.900000000000091,1647.4,1647.1,5.599999999999909,1653.0,,,79.2,11.3,0.0,0.0,0.0,270.75,0.8,1.8,1.2,3.5301,0.4673,0.0,0.0,0.0,0.0,0.0,0.0,0.0,0.0,0.0,0.0,0.2766,0.0,0.0,0.0,0.0,0.1504,0.215,0.2036,0.0694,0.0365,0.0203,0.0201,1.17,17.96,5.89,54.63,17.17,0,MOD-00632,2025-04-15T11:30:29,2025-04-15T04:30:29,https://api.quant-aq.com/v1/devices/MOD-00632/data/raw/363622520
0,651.6,29.799999999999955,681.4,1256.9,664.8,1.5,666.3,1646.6,0.8000000000001819,1647.4,1647.2,5.699999999999818,1653.1,,,79.2,11.3,0.0,0.0,0.0,280.75,0.8,2.2,1.7,3.9765,0.5257,0.0,0.0,0.0,0.0,0.0,0.0,0.0,0.0,0.0,0.0,0.3415,0.0,0.0,0.0,0.0,0.1315,0.2009,0.1593,0.0732,0.0287,0.0245,0.0082,1.23,14.37,5.41,54.56,17.2,0,MOD-00632,2025-04-15T11:29:29,2025-04-15T04:29:29,https://api.quant-aq.com/v1/devices/MOD-00632/data/raw/363622519
0,652.2,29.799999999999955,682.0,1257.4,664.4,1.3000000000000682,665.7,1646.5,0.900000000000091,1647.4,1647.1,5.699999999999818,1653.1,,,79.2,11.3,0.0,0.0,0.0,290.0,0.6,1.7,1.6,3.7157,0.4721,0.0,0.0,0.0,0.0,0.0,0.0,0.0,0.0,0.0,0.0,0.2976,0.0,0.0,0.0,0.0,0.1851,0.1842,0.2223,0.0584,0.0248,0.0083,0.0043,1.22,11.06,5.53,54.54,17.2,0,MOD-00632,2025-04-15T11:28:29,2025-04-15T04:28:29,https://api.quant-aq.com/v1/devices/MOD-00632/data/raw/363620220
0,651.7,30.399999999999977,682.1,1255.3,664.9,1.2000000000000455,666.1,1646.7,0.7999999999999545,1647.5,1647.2,5.7000000000000455,1653.2,,,79.0,11.3,0.0,0.0,0.0,191.75,0.2,1.2,0.4,3.6527,0.4355,0.0,0.0,0.0,0.0,0.0,0.0,0.0,0.0,0.0,0.0,0.3177,0.0,0.0,0.0,0.0,0.1455,0.2259,0.2259,0.0684,0.025,0.0241,0.0,1.22,12.69,5.95,54.45,17.2,0,MOD-00632,2025-04-15T11:27:29,2025-04-15T04:27:29,https://api.quant-aq.com/v1/devices/MOD-00632/data/raw/363620218
0,651.5,30.600000000000023,682.1,1257.1,664.3,1.400000000000091,665.7,1646.7,0.7999999999999545,1647.5,1647.2,5.5,1653.0,,,79.0,11.4,0.0,0.0,0.0,225.25,0.3,2.1,1.3,3.4385,0.4222,0.0,0.0,0.0,0.0,0.0,0.0,0.0,0.0,0.0,0.0,0.3285,0.0,0.0,0.0,0.0,0.1621,0.1947,0.1946,0.0936,0.0202,0.0201,0.004,1.18,13.07,5.77,54.36,17.18,0,MOD-00632,2025-04-15T11:26:29,2025-04-15T04:26:29,https://api.quant-aq.com/v1/devices/MOD-00632/data/raw/363620221
0,652.0,29.899999999999977,681.9,1256.4,665.5,2.1000000000000227,667.6,1646.4,1.099999999999909,1647.5,1647.1,5.599999999999909,1653.1,,,79.0,11.4,0.0,0.0,0.0,240.5,0.5,2.3,1.2,3.5879,0.4205,0.0,0.0,0.0,0.0,0.0,0.0,0.0,0.0,0.0,0.0,0.2734,0.0,0.0,0.0,0.0,0.1306,0.2216,0.2097,0.0792,0.0237,0.0158,0.0078,1.16,13.5,5.77,54.35,17.22,0,MOD-00632,2025-04-15T11:25:29,2025-04-15T04:25:29,https://api.quant-aq.com/v1/devices/MOD-00632/data/raw/363620219
0,652.0,30.600000000000023,682.6,1256.3,664.0,1.2999999999999545,665.3,1646.5,0.900000000000091,1647.4,1647.3,5.599999999999909,1653.0,,,78.8,11.4,0.0,0.0,0.0,260.5,0.6,1.6,1.2,3.8279,0.4499,0.0,0.0041,0.0,0.0,0.0,0.0,0.0,0.0,0.0,0.0,0.2949,0.0,0.0,0.0,0.0,0.1289,0.1979,0.2016,0.1008,0.0241,0.0201,0.012,1.18,18.23,5.98,54.35,17.24,0,MOD-00632,2025-04-15T11:24:29,2025-04-15T04:24:29,https://api.quant-aq.com/v1/devices/MOD-00632/data/raw/363617794
0,651.3,30.40000000000009,681.7,1254.7,664.6,1.3999999999999773,666.0,1646.5,0.7000000000000455,1647.2,1647.2,5.7999999999999545,1653.0,,,78.8,11.4,0.0,0.0,0.0,282.75,0.8,2.2,1.8,3.8006,0.434,0.0,0.0,0.0,0.0,0.0,0.0,0.0,0.0,0.0,0.0,0.2989,0.0,0.0,0.0,0.0,0.1707,0.2126,0.1915,0.0853,0.0085,0.0043,0.0042,1.22,9.9,5.45,54.31,17.24,0,MOD-00632,2025-04-15T11:23:29,2025-04-15T04:23:29,https://api.quant-aq.com/v1/devices/MOD-00632/data/raw/363617791
0,652.3,29.5,681.8,1257.2,665.4,1.1000000000000227,666.5,1646.6,0.8000000000001819,1647.4,1647.2,5.7999999999999545,1653.2,,,78.8,11.4,0.0,0.0,0.0,305.75,1.2,2.2,2.0,3.2616,0.3893,0.0,0.0,0.0,0.0,0.0,0.0041,0.0,0.0,0.0,0.0,0.3734,0.0,0.0,0.0,0.0,0.084,0.1921,0.2094,0.0795,0.0297,0.0381,0.0122,1.11,20.36,5.88,54.36,17.24,0,MOD-00632,2025-04-15T11:22:29,2025-04-15T04:22:29,https://api.quant-aq.com/v1/devices/MOD-00632/data/raw/363617792
0,652.3,29.800000000000068,682.1,1258.8,664.1,1.6000000000000227,665.7,1646.7,0.7999999999999545,1647.5,1647.2,5.599999999999909,1653.1,,,78.7,11.4,0.0,0.0,0.0,216.0,0.2,1.2,1.1,3.602,0.3974,0.0039,0.0039,0.0,0.0,0.0,0.0,0.0,0.0,0.0,0.0,0.283,0.0,0.0,0.0,0.0,0.0989,0.171,0.1622,0.0591,0.0395,0.0079,0.0,1.05,13.8,4.84,54.35,17.24,0,MOD-00632,2025-04-15T11:21:29,2025-04-15T04:21:29,https://api.quant-aq.com/v1/devices/MOD-00632/data/raw/363617793
0,651.1,30.600000000000023,681.7,1256.8,664.4,1.8000000000000682,666.2,1646.7,0.7999999999999545,1647.5,1647.3,5.7000000000000455,1653.2,,,78.7,11.4,0.0,0.0,0.0,232.0,0.1,1.4,1.0,3.6549,0.3821,0.0,0.0,0.0,0.0,0.0,0.0,0.0,0.0,0.0,0.0,0.2848,0.0,0.0,0.0,0.0,0.1422,0.1336,0.1866,0.0525,0.0321,0.0284,0.0,1.08,12.23,4.99,54.3,17.25,0,MOD-00632,2025-04-15T11:20:29,2025-04-15T04:20:29,https://api.quant-aq.com/v1/devices/MOD-00632/data/raw/363615519
0,653.1,29.799999999999955,682.9,1252.9,664.3,2.0,666.3,1646.6,0.900000000000091,1647.5,1647.3,5.599999999999909,1653.1,,,78.8,11.4,0.0,0.0,0.0,212.25,0.2,1.5,1.3,3.8633,0.4988,0.0042,0.0,0.0,0.0,0.0,0.0,0.0,0.0,0.0,0.0,0.2858,0.0,0.0,0.0,0.0,0.0992,0.2074,0.1906,0.0581,0.0125,0.0247,0.0083,1.16,15.0,5.17,54.3,17.28,0,MOD-00632,2025-04-15T11:19:29,2025-04-15T04:19:29,https://api.quant-aq.com/v1/devices/MOD-00632/data/raw/363615518
0,652.4,30.600000000000023,683.0,1257.5,665.0,1.2000000000000455,666.2,1646.5,0.900000000000091,1647.4,1647.3,5.899999999999864,1653.3,,,78.8,11.4,0.0,0.0,0.0,301.5,0.8,2.1,1.8,3.2321,0.459,0.0081,0.0,0.0,0.0,0.0,0.0,0.0,0.0,0.0,0.0,0.3284,0.0,0.0,0.0,0.0,0.1428,0.2063,0.1784,0.0711,0.0079,0.0,0.004,1.14,11.91,4.97,54.32,17.29,0,MOD-00632,2025-04-15T11:18:29,2025-04-15T04:18:29,https://api.quant-aq.com/v1/devices/MOD-00632/data/raw/363615520
0,651.1,30.699999999999932,681.8,1257.1,665.2,1.5,666.7,1646.6,0.8000000000001819,1647.4,1647.2,5.699999999999818,1653.1,,,78.7,11.4,0.0,0.0,0.0,252.25,0.7,1.8,1.5,3.5993,0.3805,0.0,0.0,0.0,0.0,0.0,0.0,0.0,0.0,0.0,0.0,0.2826,0.0,0.0,0.0,0.0,0.1371,0.2137,0.1858,0.0525,0.0323,0.0202,0.004,1.13,12.54,5.31,54.27,17.27,0,MOD-00632,2025-04-15T11:17:29,2025-04-15T04:17:29,https://api.quant-aq.com/v1/devices/MOD-00632/data/raw/363615517
0,651.4,30.700000000000045,682.1,1257.3,665.0,1.6000000000000227,666.6,1646.7,0.7999999999999545,1647.5,1647.4,5.7000000000000455,1653.2,,,78.6,11.4,0.0,0.0,0.0,237.0,0.3,1.0,1.0,3.6832,0.4217,0.0082,0.0,0.0,0.0,0.0,0.0,0.0,0.0,0.0,0.0,0.2714,0.0,0.0,0.0,0.0,0.0875,0.1952,0.1307,0.0502,0.0126,0.0124,0.0,1.05,11.52,4.21,54.24,17.27,0,MOD-00632,2025-04-15T11:16:29,2025-04-15T04:16:29,https://api.quant-aq.com/v1/devices/MOD-00632/data/raw/363613156
0,651.5,30.0,681.5,1255.9,665.0,1.7000000000000455,666.7,1646.5,1.0,1647.5,1647.1,5.7000000000000455,1653.2,,,78.6,11.5,0.0,0.0,0.0,267.75,0.8,1.1,1.1,3.7496,0.3429,0.0,0.0,0.0,0.0,0.0,0.0,0.0,0.0,0.0,0.0,0.2436,0.0,0.0,0.0,0.0,0.0941,0.1836,0.1974,0.0862,0.0257,0.0128,0.0042,1.06,11.94,5.41,54.25,17.28,0,MOD-00632,2025-04-15T11:15:29,2025-04-15T04:15:29,https://api.quant-aq.com/v1/devices/MOD-00632/data/raw/363613157
0,649.3,32.40000000000009,681.7,1257.5,663.6,1.2999999999999545,664.9,1646.7,0.7000000000000455,1647.4,1647.2,5.699999999999818,1653.1,,,78.6,11.4,0.0,0.0,0.0,212.0,0.1,0.8,0.7,3.3523,0.3843,0.0,0.0,0.0,0.0,0.0,0.0,0.0,0.0,0.0,0.0,0.3078,0.0,0.0,0.0,0.0,0.1143,0.1685,0.1984,0.0886,0.0338,0.0169,0.0043,1.08,13.18,5.61,54.23,17.29,0,MOD-00632,2025-04-15T11:14:29,2025-04-15T04:14:29,https://api.quant-aq.com/v1/devices/MOD-00632/data/raw/363613155
0,651.7,30.0,681.7,1259.0,664.9,1.3999999999999773,666.3,1646.6,0.7000000000000455,1647.3,1647.2,5.7000000000000455,1653.0,,,78.5,11.5,0.0,0.0,0.0,243.5,0.4,1.3,0.8,3.9246,0.353,0.0,0.0,0.0,0.0,0.0,0.0,0.0,0.0,0.0,0.0,0.2802,0.0,0.0,0.0,0.0,0.1277,0.2151,0.1953,0.0407,0.0125,0.0201,0.0084,1.16,12.16,5.0,54.19,17.32,0,MOD-00632,2025-04-15T11:13:29,2025-04-15T04:13:29,https://api.quant-aq.com/v1/devices/MOD-00632/data/raw/363613154
0,652.7,29.59999999999991,682.3,1257.2,664.4,1.6000000000000227,666.0,1646.4,1.099999999999909,1647.5,1647.2,5.7000000000000455,1653.2,,,78.5,11.5,0.0,0.0,0.0,261.5,0.6,2.0,1.2,3.6319,0.3977,0.0,0.004,0.0038,0.0,0.0,0.0,0.0,0.0,0.0,0.0,0.274,0.0,0.0,0.0,0.0,0.1333,0.2539,0.1616,0.0601,0.0278,0.0243,0.0082,1.16,19.26,5.38,54.21,17.31,0,MOD-00632,2025-04-15T11:12:29,2025-04-15T04:12:29,https://api.quant-aq.com/v1/devices/MOD-00632/data/raw/363610837
0,652.4,30.399999999999977,682.8,1256.5,665.6,1.6999999999999318,667.3,1646.6,0.900000000000091,1647.5,1647.2,5.5,1653.0,,,78.6,11.5,0.0,0.0,0.0,275.75,0.3,2.1,1.4,3.8165,0.3829,0.0,0.0,0.0,0.0,0.0,0.0,0.0,0.0,0.0,0.0,0.2872,0.0,0.0,0.0,0.0,0.0907,0.1559,0.2024,0.0502,0.0205,0.0207,0.0,1.08,10.49,4.88,54.2,17.32,0,MOD-00632,2025-04-15T11:11:29,2025-04-15T04:11:29,https://api.quant-aq.com/v1/devices/MOD-00632/data/raw/363610836
0,650.9,31.600000000000023,682.5,1257.9,664.3,1.7000000000000455,666.0,1646.7,0.7999999999999545,1647.5,1647.4,5.599999999999909,1653.1,,,78.6,11.5,0.0,0.0,0.0,320.0,0.6,1.8,1.5,3.3713,0.4393,0.0,0.0,0.0,0.0,0.0,0.0,0.0,0.0,0.0,0.0,0.2258,0.0,0.0,0.0,0.0,0.1138,0.1791,0.1716,0.0812,0.0041,0.0206,0.0041,1.03,11.08,4.88,54.2,17.29,0,MOD-00632,2025-04-15T11:10:29,2025-04-15T04:10:29,https://api.quant-aq.com/v1/devices/MOD-00632/data/raw/363610834
0,652.1,30.699999999999932,682.8,1257.2,664.8,1.400000000000091,666.2,1646.6,0.8000000000001819,1647.4,1647.1,5.699999999999818,1653.1,,,78.5,11.5,0.0,0.0,0.0,311.75,1.0,2.5,1.9,3.6577,0.3777,0.004,0.0,0.0,0.0,0.0,0.0,0.0,0.0,0.0,0.0,0.3155,0.0,0.0,0.0,0.0,0.1314,0.2345,0.1826,0.0514,0.0039,0.0039,0.0,1.17,8.96,4.83,54.18,17.34,0,MOD-00632,2025-04-15T11:09:29,2025-04-15T04:09:29,https://api.quant-aq.com/v1/devices/MOD-00632/data/raw/363610835
0,651.5,30.0,681.5,1254.8,664.9,1.3000000000000682,666.2,1646.4,0.7999999999999545,1647.2,1647.2,5.7999999999999545,1653.0,,,78.5,11.5,0.0,0.0,0.0,376.0,1.3,1.9,1.9,3.8994,0.3978,0.0042,0.0,0.0,0.0,0.0,0.0,0.0,0.0,0.0,0.0,0.3177,0.0,0.0,0.0,0.0,0.1176,0.1841,0.2311,0.051,0.0166,0.0085,0.0081,1.18,13.13,5.29,54.19,17.35,0,MOD-00632,2025-04-15T11:08:29,2025-04-15T04:08:29,https://api.quant-aq.com/v1/devices/MOD-00632/data/raw/363608508
0,651.8,30.40000000000009,682.2,1256.2,664.5,1.5,666.0,1646.8,0.7999999999999545,1647.6,1647.3,5.7000000000000455,1653.3,,,78.5,11.5,0.0,0.0,0.0,315.75,0.6,1.8,1.5,3.3856,0.348,0.0,0.0,0.0,0.0,0.0,0.0,0.0,0.0,0.0,0.0,0.3028,0.0,0.0,0.0,0.0,0.1309,0.1719,0.1531,0.1054,0.0226,0.0072,0.0149,1.06,13.84,5.26,54.23,17.36,0,MOD-00632,2025-04-15T11:07:29,2025-04-15T04:07:29,https://api.quant-aq.com/v1/devices/MOD-00632/data/raw/363608506
0,652.1,30.699999999999932,682.8,1257.7,664.7,1.3999999999999773,666.1,1646.5,0.7999999999999545,1647.3,1647.2,5.7999999999999545,1653.1,,,78.5,11.5,0.0,0.0,0.0,295.25,0.8,2.3,1.7,3.3134,0.3344,0.0079,0.0,0.0,0.0,0.0,0.0,0.0,0.0,0.0,0.0,0.2801,0.0,0.0,0.0,0.0,0.1104,0.1408,0.1623,0.0591,0.0077,0.0041,0.0079,0.98,12.35,4.23,54.21,17.36,0,MOD-00632,2025-04-15T11:06:29,2025-04-15T04:06:29,https://api.quant-aq.com/v1/devices/MOD-00632/data/raw/363608505
0,651.1,31.5,682.6,1256.5,664.8,1.400000000000091,666.2,1646.5,0.900000000000091,1647.4,1647.5,5.699999999999818,1653.1,,,78.5,11.5,0.0,0.0,0.0,299.0,0.6,1.8,1.7,3.8704,0.4252,0.0039,0.0,0.0,0.0,0.0,0.0,0.0,0.0,0.0,0.0,0.231,0.0,0.0,0.0,0.0,0.0877,0.1922,0.1271,0.0641,0.0279,0.0081,0.0161,1.05,14.74,4.57,54.26,17.34,0,MOD-00632,2025-04-15T11:05:29,2025-04-15T04:05:29,https://api.quant-aq.com/v1/devices/MOD-00632/data/raw/363608507
0,651.3,31.200000000000045,682.5,1256.3,665.5,1.2999999999999545,666.8,1646.6,0.8000000000001819,1647.4,1647.2,5.699999999999818,1653.1,,,78.6,11.5,0.0,0.0,0.0,343.25,1.1,2.2,2.1,3.7623,0.4586,0.0,0.0,0.0,0.0,0.0,0.0,0.0,0.0,0.0,0.0,0.2498,0.0,0.0,0.0,0.0,0.0914,0.1879,0.1966,0.0621,0.0081,0.0297,0.004,1.09,12.47,5.06,54.27,17.35,0,MOD-00632,2025-04-15T11:04:29,2025-04-15T04:04:29,https://api.quant-aq.com/v1/devices/MOD-00632/data/raw/363606179
0,652.0,30.399999999999977,682.4,1254.3,664.4,1.5,665.9,1646.5,1.0,1647.5,1647.2,5.7000000000000455,1653.2,,,78.6,11.5,0.0,0.0,0.0,311.0,1.1,1.8,1.8,3.978,0.354,0.0,0.0,0.0042,0.0,0.0,0.0,0.0,0.0,0.0,0.0,0.332,0.0,0.0,0.0,0.0,0.1577,0.2089,0.136,0.0726,0.0211,0.0127,0.0043,1.19,13.84,5.0,54.29,17.35,0,MOD-00632,2025-04-15T11:03:29,2025-04-15T04:03:29,https://api.quant-aq.com/v1/devices/MOD-00632/data/raw/363606177
0,650.3,32.10000000000002,682.4,1259.5,665.2,1.6999999999999318,666.9,1646.6,0.900000000000091,1647.5,1647.3,5.599999999999909,1653.1,,,78.7,11.5,0.0,0.0,0.0,305.75,0.9,1.9,1.7,3.291,0.4228,0.0,0.0,0.0,0.0,0.0,0.0,0.0,0.0,0.0,0.0,0.2758,0.0,0.0,0.0,0.0,0.1098,0.1867,0.1698,0.0896,0.0244,0.0163,0.0081,1.06,13.19,5.29,54.33,17.36,0,MOD-00632,2025-04-15T11:02:29,2025-04-15T04:02:29,https://api.quant-aq.com/v1/devices/MOD-00632/data/raw/363606180
0,651.2,31.399999999999977,682.6,1253.9,664.6,1.5,666.1,1646.5,1.0,1647.5,1647.4,5.599999999999909,1653.1,,,78.7,11.5,0.0,0.0,0.0,303.5,0.9,2.2,1.8,3.7731,0.4103,0.0,0.0,0.0,0.0,0.0,0.0,0.0,0.0,0.0,0.0,0.239,0.0,0.0,0.0,0.0,0.1367,0.1809,0.1883,0.0625,0.0277,0.0234,0.004,1.11,12.83,5.25,54.3,17.38,0,MOD-00632,2025-04-15T11:01:29,2025-04-15T04:01:29,https://api.quant-aq.com/v1/devices/MOD-00632/data/raw/363606178
0,649.1,33.299999999999955,682.4,1254.4,664.5,1.2000000000000455,665.7,1646.4,1.0,1647.4,1647.2,5.699999999999818,1653.1,,,78.6,11.5,0.0,0.0,0.0,341.0,1.0,2.0,1.8,3.2328,0.3512,0.0,0.0,0.0,0.0,0.0,0.0,0.0,0.0,0.0,0.0,0.3096,0.0,0.0,0.0,0.0,0.0946,0.2518,0.155,0.0679,0.0154,0.0152,0.0075,1.08,11.78,5.02,54.38,17.36,0,MOD-00632,2025-04-15T11:00:29,2025-04-15T04:00:29,https://api.quant-aq.com/v1/devices/MOD-00632/data/raw/363603885
0,652.0,31.799999999999955,683.8,1255.9,664.8,1.400000000000091,666.2,1646.6,0.8000000000001819,1647.4,1647.1,5.7999999999999545,1653.2,,,78.7,11.5,0.0,0.0,0.0,325.25,1.0,2.2,2.0,3.6942,0.4368,0.0,0.0,0.0,0.0,0.0,0.0,0.0,0.0,0.0,0.0,0.2857,0.0,0.0,0.0,0.0,0.1119,0.189,0.1543,0.0657,0.0424,0.0193,0.0039,1.1,12.87,5.16,54.4,17.36,0,MOD-00632,2025-04-15T10:59:29,2025-04-15T03:59:29,https://api.quant-aq.com/v1/devices/MOD-00632/data/raw/363603886
0,651.6,32.39999999999998,684.0,1256.3,664.6,1.3999999999999773,666.0,1646.4,1.099999999999909,1647.5,1647.3,5.7000000000000455,1653.2,,,78.8,11.5,0.0,0.0,0.0,294.0,0.8,1.6,1.6,3.4097,0.4835,0.004,0.0,0.0,0.0,0.0,0.0,0.0,0.0,0.0,0.0,0.3266,0.0,0.0,0.0,0.0,0.1082,0.1764,0.1439,0.0998,0.024,0.0121,0.0,1.1,12.11,5.13,54.4,17.35,0,MOD-00632,2025-04-15T10:58:29,2025-04-15T03:58:29,https://api.quant-aq.com/v1/devices/MOD-00632/data/raw/363603884
0,651.4,32.5,683.9,1254.3,664.8,1.7000000000000455,666.5,1646.7,0.7999999999999545,1647.5,1647.3,5.599999999999909,1653.1,,,78.8,11.5,0.0,0.0,0.0,337.75,1.4,2.8,2.2,3.7516,0.4046,0.0039,0.0,0.0,0.0,0.0,0.0,0.0,0.0,0.0,0.0,0.315,0.0,0.0,0.0,0.0,0.1749,0.1713,0.1947,0.0581,0.0078,0.0116,0.0077,1.18,12.53,5.01,54.41,17.38,0,MOD-00632,2025-04-15T10:57:29,2025-04-15T03:57:29,https://api.quant-aq.com/v1/devices/MOD-00632/data/raw/363603883
0,651.3,32.40000000000009,683.7,1256.6,664.3,1.5,665.8,1646.7,0.7999999999999545,1647.5,1647.4,5.599999999999909,1653.1,,,78.9,11.5,0.0,0.0,0.0,344.75,1.1,1.8,1.3,3.643,0.3896,0.0,0.0,0.0,0.0,0.0,0.0,0.0,0.0,0.0,0.0,0.2597,0.0,0.0,0.0,0.0,0.1259,0.1812,0.1692,0.063,0.0433,0.0315,0.0039,1.08,14.77,5.35,54.42,17.39,0,MOD-00632,2025-04-15T10:56:29,2025-04-15T03:56:29,https://api.quant-aq.com/v1/devices/MOD-00632/data/raw/363601526
0,651.8,32.60000000000002,684.4,1255.7,664.6,1.2999999999999545,665.9,1646.6,0.8000000000001819,1647.4,1647.1,5.599999999999909,1653.0,,,78.9,11.5,0.0,0.0,0.0,264.5,1.0,1.7,1.2,3.6737,0.4244,0.004,0.0,0.0,0.0,0.0,0.0,0.0,0.0,0.0,0.0,0.3365,0.0,0.0,0.0,0.0,0.146,0.198,0.1781,0.0652,0.0285,0.0244,0.008,1.18,15.99,5.44,54.44,17.38,0,MOD-00632,2025-04-15T10:55:29,2025-04-15T03:55:29,https://api.quant-aq.com/v1/devices/MOD-00632/data/raw/363601525
0,651.4,33.0,684.4,1253.3,664.4,1.1000000000000227,665.5,1646.8,0.7000000000000455,1647.5,1647.1,5.7000000000000455,1653.2,,,79.0,11.5,0.0,0.0,0.0,284.25,0.8,1.7,1.3,3.6417,0.4863,0.0,0.0,0.0,0.0,0.0,0.0,0.0,0.0,0.0,0.0,0.2884,0.0,0.0,0.0,0.0,0.1387,0.1908,0.229,0.1031,0.0204,0.0206,0.0,1.19,12.72,6.13,54.49,17.41,0,MOD-00632,2025-04-15T10:54:29,2025-04-15T03:54:29,https://api.quant-aq.com/v1/devices/MOD-00632/data/raw/363601528
0,651.3,33.5,684.8,1252.6,664.8,1.3000000000000682,666.1,1646.4,1.199999999999818,1647.6,1647.1,5.5,1653.1,,,79.0,11.5,0.0,0.0,0.0,320.25,0.8,2.9,1.8,3.5975,0.388,0.0076,0.0,0.004,0.0,0.0,0.0,0.0,0.0,0.0,0.0,0.298,0.0,0.0,0.0,0.0,0.1389,0.186,0.1589,0.054,0.0233,0.0272,0.0,1.11,17.57,4.9,54.43,17.39,0,MOD-00632,2025-04-15T10:53:29,2025-04-15T03:53:29,https://api.quant-aq.com/v1/devices/MOD-00632/data/raw/363601527
0,652.2,32.89999999999998,685.1,1255.3,665.1,1.3999999999999773,666.5,1646.5,1.099999999999909,1647.6,1647.4,5.7000000000000455,1653.3,,,79.0,11.5,0.0,0.0,0.0,360.0,1.2,2.2,2.2,3.8292,0.4342,0.0,0.0,0.0,0.0,0.0,0.0,0.0,0.0,0.0,0.0,0.355,0.0,0.0,0.0,0.0,0.1315,0.1836,0.1795,0.0719,0.0359,0.0281,0.0079,1.19,15.4,5.6,54.46,17.42,0,MOD-00632,2025-04-15T10:52:29,2025-04-15T03:52:29,https://api.quant-aq.com/v1/devices/MOD-00632/data/raw/363599226
0,652.2,32.09999999999991,684.3,1253.1,665.0,1.3999999999999773,666.4,1646.7,1.0,1647.7,1647.1,5.599999999999909,1653.3,,,79.0,11.5,0.0,0.0,0.0,302.75,0.9,2.1,2.1,3.5981,0.4007,0.0161,0.0,0.0,0.0,0.0,0.0,0.0,0.0,0.0,0.0,0.2838,0.0,0.0,0.0,0.0,0.147,0.1354,0.1517,0.0697,0.0408,0.0121,0.0041,1.06,18.53,4.93,54.48,17.41,0,MOD-00632,2025-04-15T10:51:29,2025-04-15T03:51:29,https://api.quant-aq.com/v1/devices/MOD-00632/data/raw/363599227
0,650.8,32.30000000000007,683.1,1254.2,664.6,1.1999999999999318,665.8,1646.6,1.0,1647.6,1647.3,5.7000000000000455,1653.3,,,79.0,11.5,0.0,0.0,0.0,347.75,0.9,1.8,1.7,3.6327,0.502,0.0,0.0,0.0,0.0,0.0,0.0,0.0,0.0,0.0,0.0,0.3077,0.0,0.0,0.0,0.0,0.1508,0.2338,0.2574,0.0737,0.0203,0.0201,0.004,1.26,13.53,6.29,54.46,17.42,0,MOD-00632,2025-04-15T10:50:29,2025-04-15T03:50:29,https://api.quant-aq.com/v1/devices/MOD-00632/data/raw/363599224
0,652.7,31.399999999999977,684.1,1250.7,664.7,1.3999999999999773,666.1,1646.6,1.0,1647.6,1647.4,5.600000000000136,1653.2,,,78.9,11.6,0.0,0.0,0.0,260.25,0.6,1.7,1.4,4.1586,0.4884,0.0044,0.0,0.0,0.0,0.0,0.0,0.0,0.0,0.0,0.0,0.3618,0.0,0.0,0.0,0.0,0.1491,0.2681,0.2068,0.0876,0.013,0.0479,0.0044,1.36,19.07,6.46,54.43,17.43,0,MOD-00632,2025-04-15T10:49:29,2025-04-15T03:49:29,https://api.quant-aq.com/v1/devices/MOD-00632/data/raw/363599225
0,651.7,31.699999999999932,683.4,1254.9,664.5,1.6000000000000227,666.1,1646.5,1.099999999999909,1647.6,1647.2,5.7000000000000455,1653.3,,,79.0,11.6,0.0,0.0,0.0,222.75,0.2,1.0,0.8,3.6946,0.3359,0.0,0.0,0.0,0.0,0.0,0.0,0.0,0.0,0.0,0.0,0.2543,0.0,0.0,0.0,0.0,0.1172,0.239,0.1422,0.0646,0.0246,0.0162,0.0,1.09,10.22,4.94,54.44,17.43,0,MOD-00632,2025-04-15T10:48:29,2025-04-15T03:48:29,https://api.quant-aq.com/v1/devices/MOD-00632/data/raw/363596903
0,649.8,32.700000000000045,682.5,1249.7,664.8,1.5,666.3,1646.8,0.7999999999999545,1647.6,1647.2,5.800000000000182,1653.4,,,78.9,11.6,0.0,0.0,0.0,328.75,0.9,1.6,1.5,3.5456,0.4327,0.0,0.0,0.0,0.0,0.0,0.0,0.0,0.0,0.0,0.0,0.3523,0.0,0.0,0.0,0.0,0.128,0.1921,0.1711,0.0753,0.0239,0.016,0.0119,1.16,13.91,5.3,54.4,17.43,0,MOD-00632,2025-04-15T10:47:29,2025-04-15T03:47:29,https://api.quant-aq.com/v1/devices/MOD-00632/data/raw/363596904
0,650.3,32.5,682.8,1252.7,665.3,1.400000000000091,666.7,1646.5,1.099999999999909,1647.6,1647.4,5.900000000000091,1653.5,,,78.9,11.6,0.0,0.0,0.0,302.75,0.7,2.0,1.6,3.1071,0.4323,0.0,0.0,0.0,0.0,0.0,0.0,0.0,0.0,0.0,0.0,0.2686,0.0,0.0,0.0,0.0,0.1304,0.1983,0.1467,0.0406,0.0258,0.0112,0.0,1.04,8.7,4.44,54.42,17.45,0,MOD-00632,2025-04-15T10:46:29,2025-04-15T03:46:29,https://api.quant-aq.com/v1/devices/MOD-00632/data/raw/363596902
0,650.0,32.10000000000002,682.1,1253.3,664.8,1.3000000000000682,666.1,1646.7,0.7999999999999545,1647.5,1647.3,5.7000000000000455,1653.2,,,78.7,11.6,0.0,0.0,0.0,270.5,0.7,1.1,1.1,3.8767,0.4514,0.0,0.0,0.0,0.0,0.0,0.0,0.0,0.0,0.0,0.0,0.3531,0.0,0.0,0.0,0.0,0.1865,0.2544,0.2206,0.0671,0.0083,0.0166,0.0044,1.34,11.88,5.91,54.28,17.42,0,MOD-00632,2025-04-15T10:45:29,2025-04-15T03:45:29,https://api.quant-aq.com/v1/devices/MOD-00632/data/raw/363596901
0,650.4,31.899999999999977,682.3,1256.9,664.4,1.3999999999999773,665.8,1646.6,1.1000000000001364,1647.7,1647.2,5.7000000000000455,1653.4,,,78.7,11.6,0.0,0.0,0.0,228.5,0.6,1.0,0.9,3.9831,0.4697,0.0,0.0,0.0,0.0,0.0,0.0,0.0,0.0,0.0,0.0,0.3184,0.0,0.0,0.0,0.0,0.135,0.2423,0.1805,0.0698,0.0173,0.013,0.0088,1.25,12.49,5.48,54.29,17.42,0,MOD-00632,2025-04-15T10:44:29,2025-04-15T03:44:29,https://api.quant-aq.com/v1/devices/MOD-00632/data/raw/363594563
0,651.4,30.700000000000045,682.1,1256.1,664.6,1.6000000000000227,666.2,1646.5,1.0,1647.5,1647.2,5.7000000000000455,1653.2,,,78.7,11.6,0.0,0.0,0.0,258.0,0.3,1.7,1.5,3.7155,0.3949,0.0,0.0,0.0,0.0,0.0,0.0,0.0,0.0,0.0,0.0,0.2679,0.0,0.0,0.0,0.0,0.114,0.1873,0.0891,0.0452,0.0324,0.0165,0.0041,1.04,10.36,4.09,54.22,17.45,0,MOD-00632,2025-04-15T10:43:29,2025-04-15T03:43:29,https://api.quant-aq.com/v1/devices/MOD-00632/data/raw/363594562
0,651.5,30.899999999999977,682.4,1254.8,664.9,1.3999999999999773,666.3,1646.6,0.900000000000091,1647.5,1647.3,5.7999999999999545,1653.3,,,78.6,11.6,0.0,0.0,0.0,318.25,0.9,2.3,2.1,3.4443,0.3545,0.0,0.0,0.004,0.0,0.0,0.0,0.0,0.0,0.0,0.0,0.2741,0.0,0.0,0.0,0.0,0.1436,0.1429,0.263,0.0993,0.0,0.0158,0.0,1.1,13.51,5.77,54.21,17.43,0,MOD-00632,2025-04-15T10:42:29,2025-04-15T03:42:29,https://api.quant-aq.com/v1/devices/MOD-00632/data/raw/363594564
0,650.3,32.60000000000002,682.9,1253.7,665.0,1.7000000000000455,666.7,1646.5,0.900000000000091,1647.4,1647.2,5.699999999999818,1653.1,,,78.5,11.6,0.0,0.0,0.0,317.0,0.8,2.3,1.8,3.9335,0.4139,0.0,0.0,0.0,0.0,0.0,0.0,0.0,0.0,0.0,0.0,0.2859,0.0,0.0,0.0,0.0,0.1363,0.1452,0.1459,0.0783,0.0,0.0159,0.0041,1.1,9.68,4.5,54.1,17.45,0,MOD-00632,2025-04-15T10:41:29,2025-04-15T03:41:29,https://api.quant-aq.com/v1/devices/MOD-00632/data/raw/363594561
0,651.2,31.199999999999932,682.4,1252.5,664.5,1.1000000000000227,665.6,1646.6,0.8000000000001819,1647.4,1647.6,5.7999999999999545,1653.2,,,78.5,11.6,0.0,0.0,0.0,326.0,1.0,1.7,1.6,3.4947,0.3613,0.0,0.0078,0.0,0.0,0.0,0.0,0.0,0.0,0.0,0.0,0.3183,0.0,0.0,0.0,0.0,0.0927,0.1168,0.1476,0.0423,0.0232,0.0116,0.004,0.99,13.92,4.03,54.1,17.45,0,MOD-00632,2025-04-15T10:40:29,2025-04-15T03:40:29,https://api.quant-aq.com/v1/devices/MOD-00632/data/raw/363592236
0,649.6,32.5,682.1,1253.7,664.6,1.5,666.1,1646.5,0.900000000000091,1647.4,1647.1,5.7999999999999545,1653.2,,,78.4,11.6,0.0,0.0,0.0,327.75,0.9,1.8,1.6,3.841,0.4227,0.0,0.0,0.0,0.0,0.0,0.0,0.0,0.0,0.0,0.0,0.3277,0.0,0.0,0.0,0.0,0.0875,0.2116,0.2389,0.0915,0.0319,0.0079,0.0,1.19,11.48,6.12,54.07,17.46,0,MOD-00632,2025-04-15T10:39:29,2025-04-15T03:39:29,https://api.quant-aq.com/v1/devices/MOD-00632/data/raw/363592235
0,651.8,30.90000000000009,682.7,1256.4,664.7,1.599999999999909,666.3,1646.6,0.8000000000001819,1647.4,1647.1,5.5,1652.9,,,78.3,11.6,0.0,0.0,0.0,287.5,0.4,1.7,1.4,3.2729,0.5169,0.0,0.0,0.0,0.0,0.0,0.0,0.0,0.0,0.0,0.0,0.3548,0.0,0.0,0.0,0.0,0.0853,0.1551,0.1471,0.0424,0.0421,0.03,0.0045,1.06,13.55,4.7,54.02,17.46,0,MOD-00632,2025-04-15T10:38:29,2025-04-15T03:38:29,https://api.quant-aq.com/v1/devices/MOD-00632/data/raw/363592233
0,651.7,30.299999999999955,682.0,1254.7,665.1,1.7999999999999545,666.9,1646.8,0.6000000000001364,1647.4,1647.2,5.699999999999818,1653.1,,,78.3,11.6,0.0,0.0,0.0,283.5,0.7,2.1,1.7,3.7874,0.4037,0.0,0.0,0.0,0.0,0.0,0.0,0.0,0.0,0.0,0.0,0.2687,0.0,0.0,0.0,0.0,0.113,0.2179,0.2135,0.0546,0.0291,0.0127,0.0042,1.15,11.71,5.45,53.99,17.48,0,MOD-00632,2025-04-15T10:37:29,2025-04-15T03:37:29,https://api.quant-aq.com/v1/devices/MOD-00632/data/raw/363592234
0,652.3,29.200000000000045,681.5,1255.1,665.3,1.400000000000091,666.7,1646.5,0.7000000000000455,1647.2,1647.1,5.599999999999909,1652.8,,,78.3,11.6,0.0,0.0,0.0,276.0,0.8,1.5,1.5,4.0439,0.406,0.0,0.0,0.0,0.0,0.0,0.0,0.0,0.0,0.0,0.0,0.3135,0.0,0.0,0.0,0.0,0.183,0.1966,0.1937,0.0717,0.0292,0.0254,0.0,1.25,12.8,5.74,54.05,17.48,0,MOD-00632,2025-04-15T10:36:29,2025-04-15T03:36:29,https://api.quant-aq.com/v1/devices/MOD-00632/data/raw/363589881
0,651.0,30.700000000000045,681.7,1252.2,664.2,1.0,665.2,1646.5,0.7999999999999545,1647.3,1647.2,5.7999999999999545,1653.1,,,78.3,11.6,0.0,0.0,0.0,280.0,1.0,1.5,1.1,3.6979,0.3938,0.004,0.0,0.0,0.0,0.0,0.0,0.0,0.0,0.0,0.0,0.2839,0.0,0.0,0.0,0.0,0.1486,0.1409,0.1921,0.0733,0.0245,0.033,0.0,1.1,14.87,5.33,53.99,17.48,0,MOD-00632,2025-04-15T10:35:29,2025-04-15T03:35:29,https://api.quant-aq.com/v1/devices/MOD-00632/data/raw/363589882
0,650.4,31.600000000000023,682.0,1252.6,665.2,1.5,666.7,1646.5,0.900000000000091,1647.4,1647.3,5.599999999999909,1653.0,,,78.3,11.6,0.0,0.0,0.0,267.0,0.9,1.6,1.5,3.389,0.3656,0.0,0.0,0.0,0.0,0.0,0.0,0.0,0.0,0.0,0.0,0.2797,0.0,0.0,0.0,0.0,0.132,0.1977,0.179,0.0468,0.0235,0.031,0.0,1.08,12.05,5.01,54.0,17.49,0,MOD-00632,2025-04-15T10:34:29,2025-04-15T03:34:29,https://api.quant-aq.com/v1/devices/MOD-00632/data/raw/363589880
0,651.0,30.799999999999955,681.8,1251.0,664.7,1.599999999999909,666.3,1646.5,0.7999999999999545,1647.3,1647.1,5.7999999999999545,1653.1,,,78.3,11.6,0.0,0.0,0.0,315.5,1.1,2.1,1.9,3.6334,0.3829,0.0039,0.0,0.0,0.0,0.0,0.0,0.0,0.0,0.0,0.0,0.3043,0.0,0.0,0.0,0.0,0.0967,0.1427,0.1117,0.0734,0.0427,0.0193,0.0076,1.01,14.92,4.62,53.95,17.49,0,MOD-00632,2025-04-15T10:33:29,2025-04-15T03:33:29,https://api.quant-aq.com/v1/devices/MOD-00632/data/raw/363589883
0,651.7,30.699999999999932,682.4,1249.0,664.5,1.5,666.0,1646.6,0.7000000000000455,1647.3,1647.3,5.900000000000091,1653.2,,,78.3,11.6,0.0,0.0,0.0,331.0,1.1,1.9,1.9,3.566,0.3922,0.0,0.0,0.0,0.0,0.0,0.0,0.0,0.0,0.0,0.0,0.3168,0.0,0.0,0.0,0.0,0.1197,0.157,0.1741,0.0433,0.0155,0.0114,0.0116,1.08,11.41,4.5,53.97,17.5,0,MOD-00632,2025-04-15T10:32:29,2025-04-15T03:32:29,https://api.quant-aq.com/v1/devices/MOD-00632/data/raw/363587601
0,651.2,31.09999999999991,682.3,1248.9,665.0,1.1000000000000227,666.1,1646.7,0.7000000000000455,1647.4,1647.1,5.7999999999999545,1653.2,,,78.2,11.6,0.0,0.0,0.0,371.0,1.1,2.4,1.9,3.6439,0.3747,0.0,0.0,0.0,0.0,0.0,0.0,0.0,0.0,0.0,0.0,0.334,0.0,0.0,0.0,0.0,0.1107,0.1806,0.1699,0.0868,0.0196,0.0228,0.0,1.12,11.61,5.27,53.96,17.53,0,MOD-00632,2025-04-15T10:31:29,2025-04-15T03:31:29,https://api.quant-aq.com/v1/devices/MOD-00632/data/raw/363587602
0,650.4,32.0,682.4,1254.1,664.6,1.0,665.6,1646.3,0.7999999999999545,1647.1,1647.2,5.900000000000091,1653.0,,,78.1,11.6,0.0,0.0,0.0,348.5,1.0,3.8,1.9,3.2748,0.3888,0.0,0.0038,0.0,0.0,0.0,0.0,0.0,0.0,0.0,0.0,0.311,0.0,0.0,0.0,0.0,0.1548,0.1431,0.1708,0.085,0.0156,0.0233,0.0,1.07,13.53,5.06,53.94,17.52,0,MOD-00632,2025-04-15T10:30:29,2025-04-15T03:30:29,https://api.quant-aq.com/v1/devices/MOD-00632/data/raw/363587599
0,652.4,29.800000000000068,682.2,1253.7,665.1,1.3999999999999773,666.5,1646.5,0.900000000000091,1647.4,1646.9,5.599999999999909,1653.0,,,78.2,11.6,0.0,0.0,0.0,315.75,0.9,1.9,1.4,3.9345,0.4336,0.0043,0.0,0.0,0.0,0.0,0.0,0.0,0.0,0.0,0.0,0.3688,0.0,0.0,0.0,0.0,0.1646,0.1983,0.1655,0.0734,0.0124,0.0168,0.0,1.25,11.96,5.21,53.95,17.5,0,MOD-00632,2025-04-15T10:29:29,2025-04-15T03:29:29,https://api.quant-aq.com/v1/devices/MOD-00632/data/raw/363587600
0,650.3,31.0,681.3,1252.8,664.3,1.7000000000000455,666.0,1646.7,0.599999999999909,1647.3,1646.9,5.400000000000091,1652.7,,,78.1,11.6,0.0,0.0,0.0,292.0,0.6,1.3,1.1,4.1831,0.4135,0.0,0.0,0.0,0.0,0.0,0.0,0.0,0.0,0.0,0.0,0.2734,0.0,0.0,0.0,0.0,0.1821,0.2086,0.1564,0.0575,0.0243,0.0205,0.0082,1.22,13.11,5.17,53.85,17.5,0,MOD-00632,2025-04-15T10:28:29,2025-04-15T03:28:29,https://api.quant-aq.com/v1/devices/MOD-00632/data/raw/363585270
0,651.4,30.399999999999977,681.8,1250.2,664.6,1.5,666.1,1646.2,0.8999999999998636,1647.1,1647.0,5.900000000000091,1653.0,,,78.1,11.6,0.0,0.0,0.0,332.0,1.1,2.5,1.8,3.9359,0.4148,0.0,0.0,0.0,0.0,0.0,0.0,0.0,0.0,0.0,0.0,0.2747,0.0,0.0,0.0,0.0,0.0996,0.1554,0.1873,0.0633,0.012,0.0162,0.004,1.09,10.57,4.8,53.88,17.54,0,MOD-00632,2025-04-15T10:27:29,2025-04-15T03:27:29,https://api.quant-aq.com/v1/devices/MOD-00632/data/raw/363585267
0,650.1,31.199999999999932,681.3,1249.9,664.7,1.2999999999999545,666.0,1646.5,0.7000000000000455,1647.2,1647.1,5.7000000000000455,1652.9,,,78.1,11.6,0.0,0.0,0.0,406.25,1.5,2.4,2.2,3.24,0.4625,0.0042,0.0,0.0,0.0,0.0,0.0,0.0,0.0,0.0,0.0,0.2712,0.0,0.0,0.0,0.0,0.0932,0.2082,0.1843,0.0456,0.0231,0.0155,0.0,1.06,11.55,4.85,53.89,17.53,0,MOD-00632,2025-04-15T10:26:29,2025-04-15T03:26:29,https://api.quant-aq.com/v1/devices/MOD-00632/data/raw/363585268
0,650.9,30.600000000000023,681.5,1251.5,664.8,1.400000000000091,666.2,1646.5,0.7999999999999545,1647.3,1647.2,5.600000000000136,1652.9,,,78.1,11.6,0.0,0.0,0.0,371.25,1.0,2.4,2.2,4.0322,0.4562,0.0,0.0,0.0,0.0,0.0,0.0,0.0,0.0,0.0,0.0,0.3595,0.0,0.0,0.0,0.0,0.1328,0.1857,0.1436,0.0473,0.0303,0.0202,0.0082,1.2,12.8,4.84,53.88,17.52,0,MOD-00632,2025-04-15T10:25:29,2025-04-15T03:25:29,https://api.quant-aq.com/v1/devices/MOD-00632/data/raw/363585269
0,651.9,29.600000000000023,681.5,1252.2,664.7,1.5,666.2,1646.4,0.8999999999998636,1647.3,1647.1,5.7999999999999545,1653.1,,,78.1,11.6,0.0,0.0,0.0,407.25,1.3,2.6,2.6,4.2908,0.5052,0.0,0.0,0.0,0.0,0.0,0.0,0.0,0.0,0.0,0.0,0.283,0.0,0.0,0.0,0.0,0.1581,0.2433,0.127,0.0822,0.0171,0.0204,0.0043,1.26,12.09,5.27,53.85,17.54,0,MOD-00632,2025-04-15T10:24:29,2025-04-15T03:24:29,https://api.quant-aq.com/v1/devices/MOD-00632/data/raw/363582925
0,651.2,30.199999999999932,681.4,1251.6,664.8,1.900000000000091,666.7,1646.4,0.8999999999998636,1647.3,1647.0,5.600000000000136,1652.9,,,78.1,11.7,0.0,0.0,0.0,297.0,0.6,1.6,1.4,4.0436,0.4266,0.0042,0.0,0.0,0.0,0.0,0.0,0.0,0.0,0.0,0.0,0.2416,0.0,0.0,0.0,0.0,0.1222,0.2085,0.1722,0.0687,0.0244,0.0202,0.0042,1.15,14.13,5.26,53.89,17.53,0,MOD-00632,2025-04-15T10:23:29,2025-04-15T03:23:29,https://api.quant-aq.com/v1/devices/MOD-00632/data/raw/363582923
0,652.0,29.700000000000045,681.7,1247.1,664.8,1.400000000000091,666.2,1646.5,0.7999999999999545,1647.3,1647.0,5.7999999999999545,1653.1,,,78.0,11.7,0.0,0.0,0.0,362.5,1.2,2.8,1.8,3.4261,0.4498,0.0,0.0,0.0,0.0,0.0,0.0,0.0,0.0,0.0,0.0,0.3458,0.0,0.0,0.0,0.0,0.1498,0.1968,0.2055,0.0546,0.0039,0.02,0.008,1.18,12.02,5.16,53.89,17.56,0,MOD-00632,2025-04-15T10:22:29,2025-04-15T03:22:29,https://api.quant-aq.com/v1/devices/MOD-00632/data/raw/363582924
0,650.8,31.200000000000045,682.0,1251.8,664.9,1.3000000000000682,666.2,1646.7,0.599999999999909,1647.3,1647.0,5.7999999999999545,1653.1,,,78.1,11.7,0.0,0.0,0.0,309.5,0.7,2.2,1.7,3.9478,0.3995,0.0,0.004,0.0,0.0,0.0,0.0,0.0,0.0,0.0,0.0,0.3325,0.0,0.0,0.0,0.0,0.1938,0.1617,0.201,0.0477,0.0318,0.0079,0.0,1.22,12.09,5.21,53.89,17.56,0,MOD-00632,2025-04-15T10:21:29,2025-04-15T03:21:29,https://api.quant-aq.com/v1/devices/MOD-00632/data/raw/363582922
0,651.7,29.09999999999991,680.8,1251.2,664.6,1.2999999999999545,665.9,1646.6,0.7000000000000455,1647.3,1647.1,5.7999999999999545,1653.1,,,78.1,11.7,0.0,0.0,0.0,312.75,0.9,3.5,2.4,3.8695,0.4391,0.0038,0.0,0.0,0.0,0.0,0.0,0.0,0.0,0.0,0.0,0.3607,0.0,0.0,0.0,0.0,0.1805,0.1751,0.2064,0.0598,0.0235,0.0159,0.0038,1.25,13.39,5.48,53.88,17.56,0,MOD-00632,2025-04-15T10:20:29,2025-04-15T03:20:29,https://api.quant-aq.com/v1/devices/MOD-00632/data/raw/363580595
0,651.2,30.799999999999955,682.0,1254.4,664.6,1.6999999999999318,666.3,1646.5,1.0,1647.5,1647.2,5.599999999999909,1653.1,,,78.1,11.7,0.0,0.0,0.0,416.5,1.5,3.6,2.6,3.824,0.4801,0.0,0.0,0.0,0.0,0.0,0.0,0.0,0.0,0.0,0.0,0.3383,0.0,0.0,0.0,0.0,0.1479,0.218,0.2051,0.0866,0.0201,0.0153,0.0038,1.26,12.39,5.88,53.86,17.57,0,MOD-00632,2025-04-15T10:19:29,2025-04-15T03:19:29,https://api.quant-aq.com/v1/devices/MOD-00632/data/raw/363580593
0,652.6,29.600000000000023,682.2,1249.6,665.2,1.6999999999999318,666.9,1646.6,0.8000000000001819,1647.4,1647.1,5.7999999999999545,1653.2,,,78.0,11.7,0.0,0.0,0.0,404.0,1.4,3.9,2.7,3.8026,0.4683,0.0,0.0,0.0,0.0,0.0,0.0,0.0,0.0,0.0,0.0,0.3503,0.0,0.0,0.0,0.0,0.1667,0.228,0.2147,0.0893,0.0199,0.017,0.0,1.29,11.92,6.1,53.88,17.56,0,MOD-00632,2025-04-15T10:18:29,2025-04-15T03:18:29,https://api.quant-aq.com/v1/devices/MOD-00632/data/raw/363580592
0,649.8,31.40000000000009,681.2,1250.6,664.5,1.5,666.0,1646.5,0.900000000000091,1647.4,1647.1,5.699999999999818,1653.1,,,78.0,11.7,0.0,0.0,0.0,332.0,1.0,2.3,1.9,3.8738,0.4524,0.0,0.0,0.0,0.0,0.0,0.0,0.0,0.0,0.0,0.0,0.3393,0.0,0.0,0.0,0.0,0.1478,0.2369,0.167,0.0863,0.0428,0.027,0.004,1.25,15.28,6.04,53.89,17.56,0,MOD-00632,2025-04-15T10:17:29,2025-04-15T03:17:29,https://api.quant-aq.com/v1/devices/MOD-00632/data/raw/363580594
0,651.2,31.0,682.2,1250.4,664.8,1.1000000000000227,665.9,1646.4,1.0,1647.4,1647.3,5.699999999999818,1653.1,,,77.9,11.7,0.0,0.0,0.0,377.0,1.2,2.7,2.4,4.0018,0.4259,0.0,0.0,0.0,0.0,0.0,0.0,0.0,0.0,0.0,0.0,0.3197,0.0,0.0,0.0,0.0,0.1348,0.2289,0.1596,0.0739,0.0655,0.0163,0.004,1.22,14.7,5.93,53.84,17.62,0,MOD-00632,2025-04-15T10:16:29,2025-04-15T03:16:29,https://api.quant-aq.com/v1/devices/MOD-00632/data/raw/363578238
0,651.4,30.399999999999977,681.8,1252.6,664.9,1.3999999999999773,666.3,1646.6,0.900000000000091,1647.5,1647.0,5.400000000000091,1652.9,,,77.8,11.7,0.0,0.0,0.0,303.5,1.0,2.2,1.8,3.9762,0.5392,0.0,0.0,0.0,0.0,0.0,0.0,0.0,0.0,0.0,0.0,0.3116,0.0,0.0,0.0,0.0,0.122,0.157,0.149,0.0739,0.0196,0.0077,0.0038,1.16,9.75,4.75,53.76,17.62,0,MOD-00632,2025-04-15T10:15:29,2025-04-15T03:15:29,https://api.quant-aq.com/v1/devices/MOD-00632/data/raw/363578236
0,651.3,30.300000000000068,681.6,1255.8,665.5,1.2999999999999545,666.8,1646.6,0.900000000000091,1647.5,1647.2,5.7000000000000455,1653.2,,,77.9,11.7,0.0,0.0,0.0,270.25,0.8,1.8,1.5,3.4915,0.4178,0.0,0.0,0.0,0.0,0.0,0.0,0.0,0.0,0.0,0.0,0.3718,0.0,0.0,0.0,0.0,0.108,0.164,0.1594,0.0643,0.0273,0.0124,0.0042,1.11,10.88,4.84,53.72,17.62,0,MOD-00632,2025-04-15T10:14:29,2025-04-15T03:14:29,https://api.quant-aq.com/v1/devices/MOD-00632/data/raw/363578237
0,651.5,30.600000000000023,682.1,1255.3,664.6,1.5,666.1,1646.6,0.8000000000001819,1647.4,1647.1,5.699999999999818,1653.1,,,77.7,11.7,0.0,0.0,0.0,330.0,1.0,2.6,2.4,4.2252,0.46,0.0,0.0,0.0,0.0,0.0,0.0,0.0,0.0,0.0,0.0,0.318,0.0,0.0,0.0,0.0,0.1568,0.2277,0.215,0.0615,0.0285,0.037,0.0,1.3,14.56,6.04,53.7,17.62,0,MOD-00632,2025-04-15T10:13:29,2025-04-15T03:13:29,https://api.quant-aq.com/v1/devices/MOD-00632/data/raw/363578239
0,651.1,30.899999999999977,682.0,1253.3,664.4,1.3999999999999773,665.8,1646.4,1.0,1647.4,1647.2,5.699999999999818,1653.1,,,77.7,11.8,0.0,0.0,0.0,316.25,1.1,2.7,2.2,3.9201,0.4568,0.0041,0.0,0.0,0.0,0.0,0.0,0.0,0.0,0.0,0.0,0.3285,0.0,0.0,0.0,0.0,0.1446,0.1885,0.1807,0.0639,0.0158,0.0159,0.012,1.2,14.97,5.19,53.59,17.59,0,MOD-00632,2025-04-15T10:12:29,2025-04-15T03:12:29,https://api.quant-aq.com/v1/devices/MOD-00632/data/raw/363575912
0,650.9,30.300000000000068,681.2,1254.2,665.1,1.1999999999999318,666.3,1646.6,0.7000000000000455,1647.3,1647.2,5.7000000000000455,1653.0,,,77.6,11.8,0.0,0.0,0.0,329.75,0.8,2.2,1.8,4.1857,0.4766,0.004,0.0,0.0,0.0,0.0,0.0,0.0,0.0,0.0,0.0,0.3852,0.0,0.0,0.0,0.0,0.09,0.2126,0.1988,0.0857,0.0161,0.0124,0.0042,1.26,13.35,5.65,53.58,17.63,0,MOD-00632,2025-04-15T10:11:29,2025-04-15T03:11:29,https://api.quant-aq.com/v1/devices/MOD-00632/data/raw/363575913
0,651.9,30.300000000000068,682.2,1253.7,664.5,1.1000000000000227,665.6,1646.7,0.7000000000000455,1647.4,1647.2,5.699999999999818,1653.1,,,77.6,11.8,0.0,0.0,0.0,358.5,1.1,3.5,2.2,3.4312,0.514,0.0,0.0,0.0,0.0,0.0,0.0,0.0,0.0,0.0,0.0,0.297,0.0,0.0,0.0,0.0,0.1326,0.2309,0.2169,0.0597,0.0162,0.032,0.0079,1.19,14.97,5.72,53.57,17.63,0,MOD-00632,2025-04-15T10:10:29,2025-04-15T03:10:29,https://api.quant-aq.com/v1/devices/MOD-00632/data/raw/363575911
0,650.1,31.399999999999977,681.5,1256.2,664.5,1.7000000000000455,666.2,1646.4,1.0,1647.4,1647.3,5.7999999999999545,1653.2,,,77.5,11.8,0.0,0.0,0.0,346.0,1.1,3.3,2.0,4.0333,0.5491,0.0,0.0,0.0,0.0,0.0,0.0,0.0,0.0,0.0,0.0,0.3534,0.0,0.0,0.0,0.0,0.1249,0.23,0.1761,0.0764,0.0278,0.012,0.0,1.28,10.79,5.59,53.54,17.63,0,MOD-00632,2025-04-15T10:09:29,2025-04-15T03:09:29,https://api.quant-aq.com/v1/devices/MOD-00632/data/raw/363575914
0,651.0,30.5,681.5,1253.9,665.1,1.5,666.6,1646.5,1.0,1647.5,1647.1,5.599999999999909,1653.1,,,77.4,11.8,0.0,0.0,0.0,327.5,1.0,2.3,2.1,3.9373,0.5183,0.0,0.0,0.0,0.0,0.0,0.0,0.0,0.0,0.0,0.0,0.3117,0.0,0.0,0.0,0.0,0.1336,0.2509,0.2225,0.0568,0.0081,0.0249,0.0,1.28,11.44,5.69,53.53,17.66,0,MOD-00632,2025-04-15T10:08:29,2025-04-15T03:08:29,https://api.quant-aq.com/v1/devices/MOD-00632/data/raw/363573582
0,650.6,31.0,681.6,1255.3,665.0,1.5,666.5,1646.4,1.0,1647.4,1647.3,5.5,1652.9,,,77.3,11.8,0.0,0.0,0.0,286.5,0.9,1.5,1.1,4.2369,0.5155,0.0,0.0,0.0,0.0,0.0,0.0,0.0,0.0,0.0,0.0,0.3536,0.0,0.0,0.0,0.0,0.1401,0.1743,0.1948,0.0848,0.0383,0.0213,0.0,1.27,13.09,5.88,53.47,17.63,0,MOD-00632,2025-04-15T10:07:29,2025-04-15T03:07:29,https://api.quant-aq.com/v1/devices/MOD-00632/data/raw/363573581
0,651.5,29.700000000000045,681.2,1257.7,664.7,1.3999999999999773,666.1,1646.6,0.7000000000000455,1647.3,1647.2,5.7000000000000455,1653.0,,,77.4,11.8,0.0,0.0,0.0,258.5,0.7,1.2,1.2,3.8169,0.4716,0.0,0.0,0.0,0.0,0.0,0.0,0.0,0.0,0.0,0.0,0.3087,0.0,0.0,0.0,0.0,0.1795,0.2607,0.2092,0.0553,0.0343,0.0212,0.0,1.3,12.59,6.0,53.5,17.65,0,MOD-00632,2025-04-15T10:06:29,2025-04-15T03:06:29,https://api.quant-aq.com/v1/devices/MOD-00632/data/raw/363573583
0,651.0,30.799999999999955,681.8,1255.4,664.8,1.5,666.3,1646.6,0.900000000000091,1647.5,1647.2,5.7999999999999545,1653.3,,,77.4,11.8,0.0,0.0,0.0,341.0,1.1,2.1,1.7,4.273,0.4899,0.0,0.0,0.0,0.0,0.0,0.0,0.0,0.0,0.0,0.0,0.3939,0.0,0.0,0.0,0.0,0.113,0.2298,0.2126,0.0914,0.0349,0.026,0.0045,1.33,15.46,6.41,53.42,17.66,0,MOD-00632,2025-04-15T10:05:29,2025-04-15T03:05:29,https://api.quant-aq.com/v1/devices/MOD-00632/data/raw/363573584
0,651.8,30.300000000000068,682.1,1254.8,665.1,1.6999999999999318,666.8,1646.6,0.7000000000000455,1647.3,1647.1,5.7000000000000455,1653.0,,,77.4,11.8,0.0,0.0,0.0,314.0,1.0,2.2,1.9,4.0828,0.5346,0.0,0.0,0.0,0.0,0.0,0.0,0.0,0.0,0.0,0.0,0.3412,0.0,0.0,0.0,0.0,0.1351,0.2795,0.216,0.0879,0.0044,0.0122,0.0041,1.35,11.52,6.08,53.47,17.68,0,MOD-00632,2025-04-15T10:04:29,2025-04-15T03:04:29,https://api.quant-aq.com/v1/devices/MOD-00632/data/raw/363571220
0,650.7,31.5,682.2,1252.7,664.3,1.7000000000000455,666.0,1646.8,0.7999999999999545,1647.6,1647.3,5.7000000000000455,1653.3,,,77.4,11.8,0.0,0.0,0.0,405.5,1.5,2.4,2.4,4.1083,0.4439,0.0,0.0,0.0,0.0,0.0,0.0,0.0,0.0,0.0,0.0,0.3489,0.0,0.0,0.0,0.0,0.1638,0.1936,0.1556,0.0495,0.0446,0.0121,0.0083,1.24,12.96,5.2,53.47,17.68,0,MOD-00632,2025-04-15T10:03:29,2025-04-15T03:03:29,https://api.quant-aq.com/v1/devices/MOD-00632/data/raw/363571219
0,650.6,31.0,681.6,1256.4,665.0,1.2999999999999545,666.3,1646.5,0.900000000000091,1647.4,1647.2,5.699999999999818,1653.1,,,77.3,11.8,0.0,0.0,0.0,363.25,1.1,3.2,2.5,3.8499,0.5312,0.0,0.0,0.0,0.0,0.0,0.0,0.0,0.0,0.0,0.0,0.3864,0.0,0.0,0.0,0.0,0.1672,0.2103,0.1924,0.055,0.0252,0.0128,0.0042,1.3,11.45,5.47,53.43,17.65,0,MOD-00632,2025-04-15T10:02:29,2025-04-15T03:02:29,https://api.quant-aq.com/v1/devices/MOD-00632/data/raw/363571221
0,650.7,31.09999999999991,681.8,1254.4,665.2,1.1999999999999318,666.4,1646.6,0.8000000000001819,1647.4,1647.4,5.699999999999818,1653.1,,,77.3,11.8,0.0,0.0,0.0,339.25,1.0,2.1,1.9,4.4409,0.589,0.0,0.0,0.0,0.0,0.0,0.0,0.0,0.0,0.0,0.0,0.3391,0.0,0.0,0.0,0.0,0.1479,0.2125,0.1781,0.0968,0.0213,0.0085,0.0128,1.34,13.94,5.84,53.38,17.66,0,MOD-00632,2025-04-15T10:01:29,2025-04-15T03:01:29,https://api.quant-aq.com/v1/devices/MOD-00632/data/raw/363571222
0,651.8,30.40000000000009,682.2,1253.8,665.1,1.6000000000000227,666.7,1646.6,0.8000000000001819,1647.4,1647.1,5.7999999999999545,1653.2,,,77.3,11.8,0.0,0.0,0.0,321.75,1.1,2.0,2.0,3.8557,0.4775,0.0043,0.0,0.0,0.0,0.0,0.0,0.0,0.0,0.0,0.0,0.3709,0.0,0.0,0.0,0.0,0.1766,0.2235,0.2024,0.0925,0.0128,0.0209,0.0169,1.31,18.38,6.1,53.39,17.7,0,MOD-00632,2025-04-15T10:00:29,2025-04-15T03:00:29,https://api.quant-aq.com/v1/devices/MOD-00632/data/raw/363568956
0,652.0,30.5,682.5,1254.1,664.4,1.8999999999999773,666.3,1646.5,1.0,1647.5,1647.3,5.599999999999909,1653.1,,,77.2,11.8,0.0,0.0,0.0,310.5,0.8,3.1,1.8,3.9798,0.4321,0.008,0.0,0.0,0.0,0.0,0.0,0.0,0.0,0.0,0.0,0.3356,0.0,0.0,0.0,0.0,0.1379,0.2086,0.1721,0.0589,0.0196,0.0118,0.0,1.22,12.92,5.09,53.32,17.69,0,MOD-00632,2025-04-15T09:59:29,2025-04-15T02:59:29,https://api.quant-aq.com/v1/devices/MOD-00632/data/raw/363568953
0,651.5,30.600000000000023,682.1,1255.2,665.1,1.2999999999999545,666.4,1646.6,0.8000000000001819,1647.4,1647.3,6.0,1653.4,,,77.1,11.8,0.0,0.0,0.0,360.0,1.2,2.6,1.9,3.8003,0.451,0.0039,0.0,0.0,0.0,0.0,0.0,0.0,0.0,0.0,0.0,0.3124,0.0,0.0,0.0,0.0,0.1328,0.1591,0.1676,0.0469,0.0078,0.031,0.0077,1.13,14.46,4.65,53.34,17.69,0,MOD-00632,2025-04-15T09:58:29,2025-04-15T02:58:29,https://api.quant-aq.com/v1/devices/MOD-00632/data/raw/363568955
0,651.1,31.399999999999977,682.5,1252.7,665.1,1.7999999999999545,666.9,1646.6,0.8000000000001819,1647.4,1647.4,5.7999999999999545,1653.2,,,77.1,11.8,0.0,0.0,0.0,304.0,1.1,2.5,1.9,3.9244,0.4151,0.004,0.0,0.0,0.0,0.0,0.0,0.0,0.0,0.0,0.0,0.2767,0.0,0.0,0.0,0.0,0.1742,0.1541,0.1619,0.0473,0.0276,0.0078,0.0039,1.14,11.46,4.67,53.28,17.68,0,MOD-00632,2025-04-15T09:57:29,2025-04-15T02:57:29,https://api.quant-aq.com/v1/devices/MOD-00632/data/raw/363568954
0,650.6,31.199999999999932,681.8,1253.2,665.0,1.3999999999999773,666.4,1646.5,0.900000000000091,1647.4,1647.2,5.699999999999818,1653.1,,,77.1,11.9,0.0,0.0,0.0,320.75,0.9,2.3,1.8,4.0158,0.5465,0.0,0.0042,0.0,0.0,0.0,0.0,0.0,0.0,0.0,0.0,0.3295,0.0,0.0,0.0,0.0,0.1348,0.1938,0.2129,0.094,0.0205,0.0122,0.0084,1.26,15.93,5.93,53.25,17.69,0,MOD-00632,2025-04-15T09:56:29,2025-04-15T02:56:29,https://api.quant-aq.com/v1/devices/MOD-00632/data/raw/363566657
0,650.1,31.100000000000023,681.2,1252.4,665.0,1.2000000000000455,666.2,1646.6,0.8000000000001819,1647.4,1647.2,5.699999999999818,1653.1,,,77.1,11.9,0.0,0.0,0.0,293.75,1.2,1.2,1.2,4.1736,0.5533,0.0,0.0,0.0,0.0,0.0,0.0,0.0,0.0,0.0,0.0,0.3281,0.0,0.0,0.0,0.0,0.161,0.223,0.1825,0.0499,0.0083,0.0126,0.0082,1.3,11.09,5.13,53.21,17.7,0,MOD-00632,2025-04-15T09:55:29,2025-04-15T02:55:29,https://api.quant-aq.com/v1/devices/MOD-00632/data/raw/363566655
0,651.1,31.0,682.1,1254.5,664.7,1.6999999999999318,666.4,1646.5,0.900000000000091,1647.4,1647.3,5.699999999999818,1653.1,,,76.9,11.9,0.0,0.0,0.0,370.5,1.3,2.2,1.8,3.595,0.4803,0.0039,0.0,0.0,0.0,0.0,0.0,0.0,0.0,0.0,0.0,0.4002,0.0,0.0,0.0,0.0,0.1248,0.2106,0.1801,0.0679,0.016,0.0202,0.0079,1.22,14.66,5.36,53.16,17.72,0,MOD-00632,2025-04-15T09:54:29,2025-04-15T02:54:29,https://api.quant-aq.com/v1/devices/MOD-00632/data/raw/363566656
0,649.1,32.299999999999955,681.4,1251.1,664.9,1.7000000000000455,666.6,1646.5,0.900000000000091,1647.4,1647.1,5.5,1652.9,,,77.0,11.9,0.0,0.0,0.0,362.75,1.2,3.1,2.0,4.0258,0.4534,0.0,0.0,0.0,0.0,0.0,0.0,0.0,0.0,0.0,0.0,0.3211,0.0,0.0,0.0,0.0,0.1403,0.1525,0.1974,0.0767,0.008,0.0159,0.0,1.19,9.86,5.15,53.16,17.73,0,MOD-00632,2025-04-15T09:53:29,2025-04-15T02:53:29,https://api.quant-aq.com/v1/devices/MOD-00632/data/raw/363566654
0,650.1,31.399999999999977,681.5,1256.3,665.1,1.7999999999999545,666.9,1646.6,0.7000000000000455,1647.3,1647.1,5.7000000000000455,1653.0,,,77.0,11.9,0.0,0.0,0.0,330.0,1.0,2.1,1.5,4.0822,0.4653,0.004,0.0,0.0,0.0,0.0,0.0,0.0,0.0,0.0,0.0,0.2948,0.0,0.0,0.0,0.0,0.163,0.2106,0.2021,0.0536,0.0416,0.0161,0.0082,1.25,15.81,5.73,53.13,17.73,0,MOD-00632,2025-04-15T09:52:29,2025-04-15T02:52:29,https://api.quant-aq.com/v1/devices/MOD-00632/data/raw/363564368
0,651.1,30.199999999999932,681.3,1258.9,665.1,1.3999999999999773,666.5,1646.5,0.7999999999999545,1647.3,1647.2,5.600000000000136,1652.9,,,76.9,11.9,0.0,0.0,0.0,324.25,1.1,2.0,1.9,3.8947,0.5645,0.0,0.004,0.0,0.0,0.0,0.0,0.0,0.0,0.0,0.0,0.299,0.0,0.0,0.0,0.0,0.1717,0.1804,0.2204,0.0526,0.0247,0.004,0.0081,1.25,13.7,5.41,53.15,17.74,0,MOD-00632,2025-04-15T09:51:29,2025-04-15T02:51:29,https://api.quant-aq.com/v1/devices/MOD-00632/data/raw/363564370
0,652.0,29.600000000000023,681.6,1252.2,664.3,1.2000000000000455,665.5,1646.5,0.7999999999999545,1647.3,1647.3,5.7000000000000455,1653.0,,,77.0,11.9,0.0,0.0,0.0,413.75,1.5,3.1,2.7,3.494,0.3849,0.0041,0.0,0.0,0.0,0.0,0.0,0.0,0.0,0.0,0.0,0.2952,0.0,0.0,0.0,0.0,0.1435,0.2005,0.1271,0.0204,0.0245,0.0164,0.0083,1.08,12.58,4.17,53.15,17.74,0,MOD-00632,2025-04-15T09:50:29,2025-04-15T02:50:29,https://api.quant-aq.com/v1/devices/MOD-00632/data/raw/363564369
0,650.9,30.399999999999977,681.3,1253.2,665.3,1.7000000000000455,667.0,1646.5,0.7999999999999545,1647.3,1647.0,5.5,1652.8,,,77.0,11.9,0.0,0.0,0.0,318.5,1.1,2.5,2.0,3.6629,0.4445,0.0,0.0,0.0,0.0,0.0,0.0,0.0,0.0,0.0,0.0,0.3383,0.0,0.0,0.0,0.0,0.1096,0.2125,0.2287,0.0572,0.0367,0.004,0.0041,1.19,11.23,5.68,53.24,17.76,0,MOD-00632,2025-04-15T09:49:29,2025-04-15T02:49:29,https://api.quant-aq.com/v1/devices/MOD-00632/data/raw/363564367
0,650.4,31.5,681.9,1253.5,664.5,1.8999999999999773,666.4,1646.6,0.8000000000001819,1647.4,1647.1,5.7999999999999545,1653.2,,,77.1,11.9,0.0,0.0,0.0,397.25,1.4,2.5,2.2,3.8944,0.3993,0.0,0.0,0.0,0.0,0.0,0.0,0.0,0.0,0.0,0.0,0.3421,0.0,0.0,0.0,0.0,0.1263,0.181,0.1792,0.0651,0.027,0.0305,0.0036,1.17,13.76,5.35,53.24,17.77,0,MOD-00632,2025-04-15T09:48:29,2025-04-15T02:48:29,https://api.quant-aq.com/v1/devices/MOD-00632/data/raw/363562080
0,651.5,30.700000000000045,682.2,1248.8,665.7,1.7999999999999545,667.5,1646.6,0.8000000000001819,1647.4,1647.5,5.899999999999864,1653.3,,,77.0,11.9,0.0,0.0,0.0,357.0,1.0,2.1,1.8,3.5951,0.4419,0.0,0.0,0.0,0.0,0.0,0.0,0.0,0.0,0.0,0.0,0.347,0.0,0.0,0.0,0.0,0.0948,0.196,0.1516,0.049,0.0226,0.0075,0.0,1.12,8.3,4.55,53.26,17.78,0,MOD-00632,2025-04-15T09:47:29,2025-04-15T02:47:29,https://api.quant-aq.com/v1/devices/MOD-00632/data/raw/363562078
0,650.9,31.100000000000023,682.0,1249.5,665.0,1.2999999999999545,666.3,1646.7,0.7000000000000455,1647.4,1647.2,5.899999999999864,1653.3,,,77.0,11.9,0.0,0.0,0.0,346.25,1.2,2.0,2.0,3.7093,0.5108,0.0,0.0,0.0,0.0,0.0,0.0,0.0,0.0,0.0,0.0,0.3324,0.0,0.0,0.0,0.0,0.1712,0.208,0.2282,0.0846,0.0236,0.028,0.0,1.27,13.7,6.22,53.24,17.78,0,MOD-00632,2025-04-15T09:46:29,2025-04-15T02:46:29,https://api.quant-aq.com/v1/devices/MOD-00632/data/raw/363562079
0,649.8,31.600000000000023,681.4,1253.7,665.1,1.2999999999999545,666.4,1646.5,0.7999999999999545,1647.3,1647.2,5.900000000000091,1653.2,,,77.0,11.9,0.0,0.0,0.0,313.0,1.0,1.8,1.6,4.2194,0.4104,0.0041,0.0,0.0,0.0,0.0,0.0,0.0,0.0,0.0,0.0,0.336,0.0,0.0,0.0,0.0,0.1082,0.2319,0.1703,0.0583,0.0162,0.0084,0.0041,1.23,11.69,5.06,53.22,17.81,0,MOD-00632,2025-04-15T09:45:29,2025-04-15T02:45:29,https://api.quant-aq.com/v1/devices/MOD-00632/data/raw/363562077
0,649.9,30.5,680.4,1252.2,665.2,1.5,666.7,1646.4,0.8999999999998636,1647.3,1647.3,5.7999999999999545,1653.1,,,77.0,11.9,0.0,0.0,0.0,311.25,0.8,2.3,1.6,4.0949,0.5569,0.0,0.0,0.0,0.0,0.0,0.0,0.0,0.0,0.0,0.0,0.3888,0.0,0.0,0.0,0.0,0.1804,0.2,0.2088,0.0859,0.0204,0.0123,0.0041,1.36,12.19,5.98,53.25,17.78,0,MOD-00632,2025-04-15T09:44:29,2025-04-15T02:44:29,https://api.quant-aq.com/v1/devices/MOD-00632/data/raw/363559745
0,651.0,31.100000000000023,682.1,1252.8,665.4,1.5,666.9,1646.5,1.0,1647.5,1647.1,5.7000000000000455,1653.2,,,77.1,11.9,0.0,0.0,0.0,403.0,1.5,2.7,2.2,3.8234,0.4101,0.0,0.0,0.0,0.0,0.0,0.0,0.0,0.0,0.0,0.0,0.3321,0.0,0.0,0.0,0.0,0.0938,0.2109,0.1645,0.0466,0.0354,0.0235,0.008,1.14,13.79,5.09,53.24,17.8,0,MOD-00632,2025-04-15T09:43:29,2025-04-15T02:43:29,https://api.quant-aq.com/v1/devices/MOD-00632/data/raw/363559746
0,652.0,30.600000000000023,682.6,1252.4,665.0,1.2999999999999545,666.3,1646.5,0.7999999999999545,1647.3,1647.1,6.100000000000136,1653.4,,,77.0,11.9,0.0,0.0,0.0,337.5,1.1,2.4,1.9,3.3552,0.5194,0.0,0.0,0.0,0.0,0.0,0.0,0.0,0.0,0.0,0.0,0.2821,0.0,0.0,0.0,0.0,0.1591,0.238,0.1112,0.0556,0.0357,0.0079,0.0039,1.14,10.29,4.77,53.22,17.8,0,MOD-00632,2025-04-15T09:42:29,2025-04-15T02:42:29,https://api.quant-aq.com/v1/devices/MOD-00632/data/raw/363559748
0,650.6,31.100000000000023,681.7,1251.7,664.7,1.599999999999909,666.3,1646.5,0.7999999999999545,1647.3,1647.0,5.7999999999999545,1653.1,,,77.0,11.9,0.0,0.0,0.0,373.75,1.0,2.5,2.2,3.4592,0.5246,0.0,0.0,0.0,0.0,0.0,0.0,0.0,0.0,0.0,0.0,0.3018,0.0,0.0,0.0,0.0,0.1434,0.1508,0.1201,0.0513,0.023,0.0116,0.0039,1.08,9.45,4.21,53.2,17.81,0,MOD-00632,2025-04-15T09:41:29,2025-04-15T02:41:29,https://api.quant-aq.com/v1/devices/MOD-00632/data/raw/363559747
0,650.8,30.700000000000045,681.5,1252.3,664.7,1.5,666.2,1646.5,0.7999999999999545,1647.3,1647.2,5.7999999999999545,1653.1,,,76.9,11.9,0.0,0.0,0.0,379.5,1.6,3.0,2.4,3.1858,0.3613,0.0,0.0,0.0,0.0,0.0,0.0037,0.0,0.0,0.0,0.0,0.2776,0.0,0.0,0.0,0.0,0.131,0.1616,0.1793,0.0679,0.0336,0.0188,0.0038,1.03,14.4,5.12,53.21,17.8,0,MOD-00632,2025-04-15T09:40:29,2025-04-15T02:40:29,https://api.quant-aq.com/v1/devices/MOD-00632/data/raw/363557506
0,651.3,30.5,681.8,1251.3,664.4,1.6000000000000227,666.0,1646.4,1.0,1647.4,1647.1,5.7999999999999545,1653.2,,,77.0,12.0,0.0,0.0,0.0,309.5,1.0,2.6,1.6,3.7577,0.4738,0.0,0.0,0.0,0.0,0.0,0.0,0.0,0.0,0.0,0.0,0.3162,0.0,0.0,0.0,0.0,0.166,0.1844,0.1886,0.0697,0.0193,0.0038,0.0038,1.21,9.79,5.22,53.2,17.84,0,MOD-00632,2025-04-15T09:39:29,2025-04-15T02:39:29,https://api.quant-aq.com/v1/devices/MOD-00632/data/raw/363557505
0,651.0,30.799999999999955,681.8,1251.6,665.1,1.7999999999999545,666.9,1646.6,0.8000000000001819,1647.4,1647.1,5.899999999999864,1653.3,,,77.0,12.0,0.0,0.0,0.0,343.0,1.2,2.1,1.9,3.4598,0.4364,0.0,0.0,0.0,0.0,0.0,0.0,0.0,0.0,0.0,0.0,0.2896,0.0,0.0,0.0,0.0,0.1509,0.2333,0.1468,0.0489,0.0338,0.0302,0.0076,1.14,14.6,5.18,53.2,17.83,0,MOD-00632,2025-04-15T09:38:29,2025-04-15T02:38:29,https://api.quant-aq.com/v1/devices/MOD-00632/data/raw/363557504
0,651.4,30.899999999999977,682.3,1253.3,665.6,1.3999999999999773,667.0,1646.4,1.0,1647.4,1647.1,5.7999999999999545,1653.2,,,77.1,12.0,0.0,0.0,0.0,355.75,1.2,2.4,2.2,3.6932,0.4277,0.0076,0.0,0.0,0.0,0.0,0.0,0.0,0.0,0.0,0.0,0.2942,0.0,0.0,0.0,0.0,0.1364,0.2741,0.1561,0.0604,0.038,0.0225,0.0039,1.2,16.73,5.59,53.26,17.86,0,MOD-00632,2025-04-15T09:37:29,2025-04-15T02:37:29,https://api.quant-aq.com/v1/devices/MOD-00632/data/raw/363557503
0,649.6,32.10000000000002,681.7,1250.9,664.9,2.0,666.9,1646.7,0.8999999999998636,1647.6,1647.1,5.600000000000136,1653.2,,,77.1,12.0,0.0,0.0,0.0,374.75,1.3,2.2,2.2,3.9476,0.4601,0.0041,0.0,0.0,0.0,0.0,0.0,0.0,0.0,0.0,0.0,0.3221,0.0,0.0,0.0,0.0,0.1497,0.2389,0.1771,0.0529,0.0241,0.0195,0.0041,1.25,13.86,5.38,53.26,17.83,0,MOD-00632,2025-04-15T09:36:29,2025-04-15T02:36:29,https://api.quant-aq.com/v1/devices/MOD-00632/data/raw/363555224
0,650.8,31.200000000000045,682.0,1252.6,665.0,1.2999999999999545,666.3,1646.5,1.0,1647.5,1647.0,5.7999999999999545,1653.3,,,77.0,12.0,0.0,0.0,0.0,321.25,0.9,1.9,1.4,3.7069,0.5651,0.0,0.0,0.0,0.0,0.0,0.0,0.0,0.0,0.0,0.0,0.3529,0.0,0.0,0.0,0.0,0.1757,0.2238,0.1925,0.0976,0.0195,0.0079,0.0117,1.3,13.72,6.0,53.29,17.83,0,MOD-00632,2025-04-15T09:35:29,2025-04-15T02:35:29,https://api.quant-aq.com/v1/devices/MOD-00632/data/raw/363555222
0,650.5,31.200000000000045,681.7,1253.7,664.7,1.2999999999999545,666.0,1646.4,1.099999999999909,1647.5,1647.2,5.7999999999999545,1653.3,,,77.1,12.0,0.0,0.0,0.0,332.0,1.3,1.8,1.7,3.3294,0.4805,0.0,0.0,0.0,0.0,0.0,0.0,0.0,0.0,0.0,0.0,0.3549,0.0,0.0,0.0,0.0,0.1327,0.2256,0.234,0.0658,0.0,0.0156,0.0117,1.22,12.93,5.6,53.32,17.86,0,MOD-00632,2025-04-15T09:34:29,2025-04-15T02:34:29,https://api.quant-aq.com/v1/devices/MOD-00632/data/raw/363555221
0,649.9,31.600000000000023,681.5,1253.6,664.9,1.8999999999999773,666.8,1646.5,1.0,1647.5,1647.3,5.900000000000091,1653.4,,,77.1,12.0,0.0,0.0,0.0,321.0,1.0,1.9,1.7,3.6099,0.4811,0.0,0.0,0.0,0.0,0.0,0.0,0.0,0.0,0.0,0.0,0.3779,0.0,0.0,0.0,0.0,0.1601,0.1947,0.1946,0.0608,0.0114,0.0231,0.0077,1.24,13.01,5.35,53.36,17.87,0,MOD-00632,2025-04-15T09:33:29,2025-04-15T02:33:29,https://api.quant-aq.com/v1/devices/MOD-00632/data/raw/363555223
0,650.3,31.200000000000045,681.5,1255.2,665.5,1.8999999999999773,667.4,1646.5,1.2000000000000455,1647.7,1647.2,5.7000000000000455,1653.4,,,77.2,12.0,0.0,0.0,0.0,371.75,1.1,3.0,2.4,3.9192,0.4874,0.0,0.004,0.0,0.0,0.0,0.0,0.0,0.0,0.0,0.0,0.3899,0.0,0.0,0.0,0.0,0.121,0.1833,0.2388,0.1059,0.0203,0.0407,0.0041,1.27,19.42,6.53,53.38,17.86,0,MOD-00632,2025-04-15T09:32:29,2025-04-15T02:32:29,https://api.quant-aq.com/v1/devices/MOD-00632/data/raw/363552951
0,650.2,31.199999999999932,681.4,1254.5,665.6,1.8999999999999773,667.5,1646.6,1.0,1647.6,1647.1,5.800000000000182,1653.4,,,77.2,12.0,0.0,0.0,0.0,374.75,1.4,2.3,2.3,4.186,0.462,0.0041,0.0,0.0,0.0,0.0,0.0,0.0,0.0,0.0,0.0,0.3206,0.0,0.0,0.0,0.0,0.1313,0.2601,0.2008,0.0906,0.0288,0.0206,0.0042,1.3,15.9,6.27,53.35,17.86,0,MOD-00632,2025-04-15T09:31:29,2025-04-15T02:31:29,https://api.quant-aq.com/v1/devices/MOD-00632/data/raw/363552953
0,650.9,30.800000000000068,681.7,1253.5,664.7,1.6999999999999318,666.4,1646.5,1.099999999999909,1647.6,1647.0,5.800000000000182,1653.4,,,77.2,12.0,0.0,0.0,0.0,340.0,0.8,2.1,1.8,3.5402,0.4652,0.004,0.0,0.0,0.0,0.0,0.0,0.0,0.0,0.0,0.0,0.3471,0.0,0.0,0.0,0.0,0.1577,0.2343,0.2582,0.0727,0.0244,0.0204,0.012,1.28,17.7,6.43,53.33,17.88,0,MOD-00632,2025-04-15T09:30:29,2025-04-15T02:30:29,https://api.quant-aq.com/v1/devices/MOD-00632/data/raw/363552952
0,650.9,30.800000000000068,681.7,1250.0,665.0,1.3999999999999773,666.4,1646.7,0.7999999999999545,1647.5,1647.2,6.099999999999909,1653.6,,,77.1,12.0,0.0,0.0,0.0,425.5,1.5,3.1,2.7,3.8766,0.4908,0.0,0.0,0.0,0.0,0.0,0.0,0.0,0.0,0.0,0.0,0.3708,0.0,0.0,0.0,0.0,0.1622,0.2477,0.2582,0.0887,0.0115,0.0192,0.0038,1.36,13.38,6.55,53.33,17.91,0,MOD-00632,2025-04-15T09:29:29,2025-04-15T02:29:29,https://api.quant-aq.com/v1/devices/MOD-00632/data/raw/363552954
0,651.1,30.299999999999955,681.4,1250.7,664.6,1.5,666.1,1646.5,1.0,1647.5,1646.9,5.900000000000091,1653.4,,,77.1,12.0,0.0,0.0,0.0,293.25,0.9,2.0,2.0,4.0235,0.5147,0.0,0.0,0.0,0.0,0.0,0.0,0.0,0.0,0.0,0.0,0.4439,0.0,0.0,0.0,0.0,0.1616,0.276,0.2542,0.0828,0.0125,0.0298,0.0081,1.45,16.17,6.81,53.34,17.91,0,MOD-00632,2025-04-15T09:28:29,2025-04-15T02:28:29,https://api.quant-aq.com/v1/devices/MOD-00632/data/raw/363550711
0,651.4,30.600000000000023,682.0,1252.8,665.0,1.7000000000000455,666.7,1646.6,0.900000000000091,1647.5,1647.2,5.7999999999999545,1653.3,,,77.1,12.0,0.0,0.0,0.0,388.25,1.4,2.4,2.2,4.2384,0.5849,0.0,0.0,0.0,0.0,0.0,0.0,0.0,0.0,0.0,0.0,0.3966,0.0,0.0,0.0,0.0,0.1385,0.209,0.1921,0.079,0.0292,0.0332,0.0083,1.34,16.47,6.05,53.34,17.91,0,MOD-00632,2025-04-15T09:27:29,2025-04-15T02:27:29,https://api.quant-aq.com/v1/devices/MOD-00632/data/raw/363550709
0,651.9,30.399999999999977,682.3,1254.6,664.6,1.5,666.1,1646.7,0.7999999999999545,1647.5,1647.2,6.0,1653.5,,,77.1,12.1,0.0,0.0,0.0,366.5,1.1,2.7,2.3,3.6118,0.6127,0.004,0.0,0.0,0.0,0.0,0.0,0.0,0.0,0.0,0.0,0.4013,0.0,0.0,0.0,0.0,0.1598,0.2824,0.2197,0.0856,0.0164,0.0123,0.0041,1.39,14.16,6.36,53.31,17.9,0,MOD-00632,2025-04-15T09:26:29,2025-04-15T02:26:29,https://api.quant-aq.com/v1/devices/MOD-00632/data/raw/363550708
0,650.4,33.5,683.9,1250.5,665.5,1.8999999999999773,667.4,1646.5,1.0,1647.5,1647.4,6.099999999999909,1653.6,,,77.1,12.1,0.0,0.0,0.0,435.75,1.6,3.1,2.9,3.8888,0.5677,0.0,0.0,0.0,0.0,0.0,0.0,0.0,0.0,0.0,0.0,0.443,0.0,0.0,0.0,0.0,0.2068,0.2486,0.1959,0.0857,0.0038,0.0158,0.004,1.43,11.73,6.0,53.26,17.93,0,MOD-00632,2025-04-15T09:25:29,2025-04-15T02:25:29,https://api.quant-aq.com/v1/devices/MOD-00632/data/raw/363550710
0,651.2,34.09999999999991,685.3,1253.1,665.0,1.2999999999999545,666.3,1646.6,0.8000000000001819,1647.4,1647.0,6.0,1653.4,,,76.9,12.1,0.0,0.0,0.0,380.75,1.3,2.8,2.4,4.1682,0.6397,0.0081,0.0,0.0,0.0,0.0,0.0,0.0,0.0,0.0,0.0,0.3925,0.0,0.0,0.0,0.0,0.1228,0.2389,0.2095,0.0955,0.0493,0.0331,0.0042,1.37,21.05,6.82,53.23,17.93,0,MOD-00632,2025-04-15T09:24:29,2025-04-15T02:24:29,https://api.quant-aq.com/v1/devices/MOD-00632/data/raw/363548412
0,651.0,30.600000000000023,681.6,1253.7,665.2,1.0,666.2,1646.5,1.099999999999909,1647.6,1647.3,5.7000000000000455,1653.3,,,77.0,12.1,0.0,0.0,0.0,356.75,1.0,2.5,2.0,3.887,0.4984,0.0038,0.0,0.0,0.0,0.0,0.0,0.0,0.0,0.0,0.0,0.4154,0.0,0.0,0.0,0.0,0.148,0.2607,0.2759,0.0612,0.0356,0.0123,0.0038,1.39,15.14,6.7,53.26,17.91,0,MOD-00632,2025-04-15T09:23:29,2025-04-15T02:23:29,https://api.quant-aq.com/v1/devices/MOD-00632/data/raw/363548409
0,650.8,31.0,681.8,1251.7,665.1,1.6000000000000227,666.7,1646.7,0.7999999999999545,1647.5,1647.4,6.0,1653.5,,,76.9,12.1,0.0,0.0,0.0,307.0,0.9,2.3,1.8,3.5543,0.4539,0.0078,0.0,0.0,0.0,0.0,0.0,0.0,0.0,0.0,0.0,0.3446,0.0,0.0,0.0,0.0,0.1427,0.2826,0.2097,0.0871,0.028,0.0201,0.004,1.28,17.42,6.38,53.26,17.93,0,MOD-00632,2025-04-15T09:22:29,2025-04-15T02:22:29,https://api.quant-aq.com/v1/devices/MOD-00632/data/raw/363548410
0,649.9,32.30000000000007,682.2,1253.7,664.5,1.5,666.0,1646.7,1.0,1647.7,1646.9,5.7000000000000455,1653.4,,,77.0,12.1,0.0,0.0,0.0,377.0,1.0,2.3,2.2,4.0542,0.5992,0.0,0.0,0.0,0.004,0.0,0.0,0.0,0.0,0.0,0.0,0.3368,0.0,0.0,0.0,0.0,0.1415,0.2477,0.2137,0.0686,0.0325,0.0243,0.0,1.33,16.17,6.16,53.26,17.94,0,MOD-00632,2025-04-15T09:21:29,2025-04-15T02:21:29,https://api.quant-aq.com/v1/devices/MOD-00632/data/raw/363548411
0,650.9,30.800000000000068,681.7,1255.9,665.4,1.3999999999999773,666.8,1646.7,0.8999999999998636,1647.6,1647.2,6.100000000000136,1653.7,,,76.8,12.1,0.0,0.0,0.0,345.0,1.0,1.8,1.8,4.0068,0.5412,0.0042,0.0042,0.0,0.0,0.0,0.0,0.0,0.0,0.0,0.0,0.3821,0.0,0.0,0.0,0.0,0.1384,0.2462,0.2502,0.0902,0.0165,0.0246,0.0,1.36,17.72,6.58,53.19,17.91,0,MOD-00632,2025-04-15T09:20:29,2025-04-15T02:20:29,https://api.quant-aq.com/v1/devices/MOD-00632/data/raw/363546149
0,651.5,30.0,681.5,1255.6,665.4,1.3999999999999773,666.8,1646.6,0.900000000000091,1647.5,1647.3,5.7999999999999545,1653.3,,,76.8,12.1,0.0,0.0,0.0,333.25,1.2,2.6,1.9,4.0844,0.4755,0.0042,0.0,0.0,0.0,0.0,0.0,0.0,0.0,0.0,0.0,0.4234,0.0,0.0,0.0,0.0,0.2254,0.2772,0.2398,0.0883,0.03,0.0211,0.0,1.48,15.83,7.01,53.16,17.93,0,MOD-00632,2025-04-15T09:19:29,2025-04-15T02:19:29,https://api.quant-aq.com/v1/devices/MOD-00632/data/raw/363546150
0,650.8,29.90000000000009,680.7,1250.8,665.2,1.099999999999909,666.3,1646.7,0.8999999999998636,1647.6,1647.3,5.900000000000091,1653.5,,,76.8,12.1,0.0,0.0,0.0,311.75,1.0,2.3,1.9,3.7762,0.5686,0.0,0.0,0.0,0.0,0.0,0.0,0.0,0.0,0.0,0.0,0.3328,0.0,0.0,0.0,0.0,0.1808,0.2998,0.2438,0.0715,0.0296,0.0337,0.0169,1.39,19.85,6.93,53.13,17.91,0,MOD-00632,2025-04-15T09:18:29,2025-04-15T02:18:29,https://api.quant-aq.com/v1/devices/MOD-00632/data/raw/363546148
0,651.1,30.699999999999932,681.8,1252.7,664.8,1.5,666.3,1646.5,1.0,1647.5,1647.2,5.7999999999999545,1653.3,,,76.8,12.1,0.0,0.0,0.0,360.0,1.2,1.8,1.7,3.7893,0.5324,0.0,0.0,0.0,0.0,0.0,0.0,0.0,0.0,0.0,0.0,0.3112,0.0,0.0,0.0,0.0,0.1626,0.2688,0.2627,0.0984,0.0203,0.0249,0.0161,1.34,18.55,7.01,53.03,17.94,0,MOD-00632,2025-04-15T09:17:29,2025-04-15T02:17:29,https://api.quant-aq.com/v1/devices/MOD-00632/data/raw/363546147
0,650.8,30.600000000000023,681.4,1259.9,664.9,1.8000000000000682,666.7,1646.7,0.8999999999998636,1647.6,1647.0,5.7000000000000455,1653.3,,,76.7,12.1,0.0,0.0,0.0,395.75,1.1,2.9,2.9,4.1323,0.5789,0.0,0.0,0.0,0.0,0.0,0.0042,0.0,0.0,0.0,0.0,0.3906,0.0,0.0,0.0,0.0,0.1506,0.1709,0.2079,0.0688,0.0164,0.0242,0.0082,1.31,16.28,5.62,53.01,17.93,0,MOD-00632,2025-04-15T09:16:29,2025-04-15T02:16:29,https://api.quant-aq.com/v1/devices/MOD-00632/data/raw/363543899
0,649.9,31.5,681.4,1255.4,665.1,1.8999999999999773,667.0,1646.5,1.099999999999909,1647.6,1647.3,5.800000000000182,1653.4,,,76.7,12.1,0.0,0.0,0.0,301.25,0.8,1.8,1.8,3.8733,0.5367,0.0,0.0,0.0,0.0,0.0,0.0,0.0,0.0,0.0,0.0,0.4636,0.0,0.0,0.0,0.0,0.1348,0.1807,0.1846,0.0658,0.0247,0.0166,0.0124,1.3,14.2,5.46,53.04,17.94,0,MOD-00632,2025-04-15T09:15:29,2025-04-15T02:15:29,https://api.quant-aq.com/v1/devices/MOD-00632/data/raw/363543898
0,652.0,29.899999999999977,681.9,1253.3,665.1,1.6999999999999318,666.8,1646.6,1.0,1647.6,1647.2,5.900000000000091,1653.5,,,76.7,12.1,0.0,0.0,0.0,439.25,1.4,2.8,2.4,3.4567,0.4811,0.0,0.0,0.0,0.0,0.0,0.0,0.0,0.0,0.0,0.0,0.4145,0.0,0.0,0.0,0.0,0.1665,0.239,0.227,0.0839,0.0161,0.028,0.0083,1.31,15.58,6.33,53.03,17.94,0,MOD-00632,2025-04-15T09:14:29,2025-04-15T02:14:29,https://api.quant-aq.com/v1/devices/MOD-00632/data/raw/363543897
0,651.9,30.200000000000045,682.1,1256.3,665.0,1.5,666.5,1646.8,0.7000000000000455,1647.5,1647.5,6.0,1653.5,,,76.6,12.1,0.0,0.0,0.0,342.5,1.2,2.5,1.8,3.855,0.452,0.0,0.0,0.0,0.0,0.0,0.0,0.0,0.0,0.0,0.0,0.3652,0.0,0.0,0.0,0.0,0.1232,0.2399,0.206,0.0671,0.0318,0.0205,0.0039,1.26,13.48,5.91,53.02,17.95,0,MOD-00632,2025-04-15T09:13:29,2025-04-15T02:13:29,https://api.quant-aq.com/v1/devices/MOD-00632/data/raw/363543900
0,650.5,30.899999999999977,681.4,1252.4,664.8,0.900000000000091,665.7,1646.7,0.7999999999999545,1647.5,1647.2,6.0,1653.5,,,76.6,12.1,0.0,0.0,0.0,388.75,1.5,2.2,2.2,4.0893,0.4997,0.0041,0.0,0.0,0.0,0.0,0.0,0.0,0.0,0.0,0.0,0.378,0.0,0.0,0.0,0.0,0.1235,0.3232,0.2163,0.0677,0.0234,0.0201,0.0082,1.39,16.45,6.4,52.91,17.97,0,MOD-00632,2025-04-15T09:12:29,2025-04-15T02:12:29,https://api.quant-aq.com/v1/devices/MOD-00632/data/raw/363541604
0,650.8,30.600000000000023,681.4,1254.0,665.2,1.599999999999909,666.8,1646.7,0.7999999999999545,1647.5,1647.3,6.2000000000000455,1653.7,,,76.5,12.1,0.0,0.0,0.0,404.25,1.4,2.6,2.4,4.2718,0.4993,0.004,0.0,0.0,0.0,0.0,0.0,0.0,0.0,0.0,0.0,0.3709,0.0,0.0,0.0,0.0,0.1781,0.2232,0.1978,0.0812,0.016,0.0201,0.0122,1.36,16.72,5.97,52.92,17.97,0,MOD-00632,2025-04-15T09:11:29,2025-04-15T02:11:29,https://api.quant-aq.com/v1/devices/MOD-00632/data/raw/363541605
0,649.8,31.40000000000009,681.2,1254.2,665.0,1.3999999999999773,666.4,1646.7,0.8999999999998636,1647.6,1647.2,5.900000000000091,1653.5,,,76.5,12.1,0.0,0.0,0.0,375.5,1.0,2.3,2.3,3.6324,0.5259,0.0,0.0,0.0,0.0,0.0,0.0,0.0,0.0,0.0,0.0,0.432,0.0,0.0,0.0,0.0,0.2182,0.2264,0.2008,0.0864,0.0207,0.0164,0.0083,1.38,14.04,6.18,52.94,18.0,0,MOD-00632,2025-04-15T09:10:29,2025-04-15T02:10:29,https://api.quant-aq.com/v1/devices/MOD-00632/data/raw/363541603
0,649.9,31.700000000000045,681.6,1254.4,665.4,1.7000000000000455,667.1,1646.7,0.8999999999998636,1647.6,1647.4,6.0,1653.6,,,76.5,12.1,0.0,0.0,0.0,308.75,1.0,1.8,1.6,4.1011,0.526,0.0039,0.0,0.0,0.0,0.0,0.0,0.0,0.0,0.0,0.0,0.4084,0.0,0.0,0.0,0.0,0.209,0.266,0.2218,0.0666,0.0334,0.0168,0.0043,1.45,15.46,6.49,52.86,17.98,0,MOD-00632,2025-04-15T09:09:29,2025-04-15T02:09:29,https://api.quant-aq.com/v1/devices/MOD-00632/data/raw/363541602
0,651.2,30.199999999999932,681.4,1255.0,664.7,1.599999999999909,666.3,1646.6,1.0,1647.6,1647.1,5.900000000000091,1653.5,,,76.3,12.1,0.0,0.0,0.0,366.25,1.2,3.4,2.6,3.7716,0.5215,0.0,0.0,0.0,0.0,0.0,0.0,0.0,0.0,0.0,0.0,0.3445,0.0,0.0,0.0,0.0,0.1608,0.2335,0.2067,0.0695,0.0268,0.0079,0.0079,1.29,12.53,5.83,52.82,17.98,0,MOD-00632,2025-04-15T09:08:29,2025-04-15T02:08:29,https://api.quant-aq.com/v1/devices/MOD-00632/data/raw/363539332
0,651.6,29.699999999999932,681.3,1251.9,665.4,1.5,666.9,1646.8,0.7999999999999545,1647.6,1647.4,6.0,1653.6,,,76.3,12.2,0.0,0.0,0.0,353.0,1.0,1.9,1.9,4.0455,0.4918,0.0041,0.0,0.0,0.0,0.0,0.0,0.0,0.0,0.0,0.0,0.3294,0.0,0.0,0.0,0.0,0.156,0.2561,0.166,0.0825,0.0161,0.0277,0.0116,1.3,17.38,5.81,52.83,17.98,0,MOD-00632,2025-04-15T09:07:29,2025-04-15T02:07:29,https://api.quant-aq.com/v1/devices/MOD-00632/data/raw/363539331
0,650.3,30.600000000000023,680.9,1254.6,665.0,1.2999999999999545,666.3,1646.6,0.8000000000001819,1647.4,1647.3,6.0,1653.4,,,76.3,12.1,0.0,0.0,0.0,310.0,0.8,2.2,1.8,3.6571,0.5692,0.0,0.0,0.0,0.0,0.0,0.0,0.0,0.0,0.0,0.0,0.3751,0.0,0.0,0.0,0.0,0.1836,0.2254,0.1957,0.0625,0.025,0.0212,0.0,1.31,11.89,5.75,52.81,17.98,0,MOD-00632,2025-04-15T09:06:29,2025-04-15T02:06:29,https://api.quant-aq.com/v1/devices/MOD-00632/data/raw/363539329
0,650.3,31.300000000000068,681.6,1254.0,665.1,1.6999999999999318,666.8,1646.7,0.7999999999999545,1647.5,1647.2,6.099999999999909,1653.6,,,76.3,12.1,0.0,0.0,0.0,319.0,1.0,2.2,1.9,4.1805,0.5099,0.0122,0.0,0.0,0.0,0.0,0.0,0.0,0.0,0.0,0.0,0.3646,0.0,0.0,0.0,0.0,0.138,0.2377,0.1738,0.0898,0.0243,0.0081,0.0084,1.31,17.96,5.82,52.76,18.0,0,MOD-00632,2025-04-15T09:05:29,2025-04-15T02:05:29,https://api.quant-aq.com/v1/devices/MOD-00632/data/raw/363539330
0,650.2,31.0,681.2,1253.6,665.4,1.6000000000000227,667.0,1646.5,1.0,1647.5,1647.4,6.099999999999909,1653.6,,,76.2,12.1,0.0,0.0,0.0,382.0,1.2,2.4,2.3,3.9296,0.4334,0.0,0.0,0.0,0.0,0.0,0.0,0.0,0.0,0.0,0.0,0.3624,0.0,0.0,0.0,0.0,0.1224,0.1794,0.2046,0.0528,0.028,0.0198,0.0041,1.2,12.39,5.35,52.76,18.0,0,MOD-00632,2025-04-15T09:04:29,2025-04-15T02:04:29,https://api.quant-aq.com/v1/devices/MOD-00632/data/raw/363537052
0,650.6,30.399999999999977,681.0,1249.7,665.2,1.5,666.7,1646.5,0.900000000000091,1647.4,1647.3,6.2999999999999545,1653.7,,,76.2,12.2,0.0,0.0,0.0,396.5,1.0,2.8,1.9,4.2228,0.4628,0.0,0.0,0.0,0.0,0.0,0.0,0.0,0.0,0.0,0.0,0.3596,0.0,0.0,0.0,0.0,0.1353,0.2079,0.2503,0.0733,0.0244,0.0126,0.004,1.31,12.51,6.14,52.69,18.01,0,MOD-00632,2025-04-15T09:03:29,2025-04-15T02:03:29,https://api.quant-aq.com/v1/devices/MOD-00632/data/raw/363537055
0,649.5,31.700000000000045,681.2,1250.3,665.3,1.3000000000000682,666.6,1646.9,0.5,1647.4,1647.3,6.199999999999818,1653.6,,,76.1,12.2,0.0,0.0,0.0,383.75,1.2,3.7,2.4,3.5025,0.4838,0.0,0.0,0.0,0.0,0.0,0.0,0.0,0.0,0.0,0.0,0.343,0.0,0.0,0.0,0.0,0.1671,0.1634,0.1711,0.0625,0.0272,0.0118,0.0038,1.17,10.93,5.05,52.69,18.03,0,MOD-00632,2025-04-15T09:02:29,2025-04-15T02:02:29,https://api.quant-aq.com/v1/devices/MOD-00632/data/raw/363537053
0,651.3,30.90000000000009,682.2,1251.0,664.9,1.5,666.4,1646.6,0.8000000000001819,1647.4,1647.2,6.099999999999909,1653.5,,,76.0,12.2,0.0,0.0,0.0,353.0,1.0,2.6,2.2,4.0664,0.5312,0.0,0.0,0.0,0.0,0.0,0.0,0.0,0.0,0.0,0.0,0.3411,0.0,0.0,0.0,0.0,0.1945,0.1968,0.1693,0.0586,0.0332,0.0081,0.0082,1.3,12.16,5.36,52.72,18.01,0,MOD-00632,2025-04-15T09:01:29,2025-04-15T02:01:29,https://api.quant-aq.com/v1/devices/MOD-00632/data/raw/363537054
0,649.5,32.299999999999955,681.8,1253.6,664.7,1.3999999999999773,666.1,1646.6,0.8000000000001819,1647.4,1647.3,6.099999999999909,1653.5,,,76.1,12.2,0.0,0.0,0.0,385.25,1.5,2.8,2.5,3.6661,0.4635,0.004,0.0,0.0,0.0,0.0,0.0,0.0,0.0,0.0,0.0,0.4114,0.0,0.0,0.0,0.0,0.1151,0.254,0.1966,0.0898,0.0207,0.0121,0.004,1.28,13.87,5.98,52.79,17.98,0,MOD-00632,2025-04-15T09:00:29,2025-04-15T02:00:29,https://api.quant-aq.com/v1/devices/MOD-00632/data/raw/363534801
0,650.3,31.0,681.3,1254.8,665.7,1.3999999999999773,667.1,1646.8,0.5,1647.3,1647.2,6.2000000000000455,1653.5,,,76.2,12.2,0.0,0.0,0.0,358.75,1.2,2.1,1.7,4.0996,0.5749,0.008,0.0,0.0,0.0,0.0,0.0,0.0,0.0,0.0,0.0,0.2897,0.0,0.0,0.0,0.0,0.1326,0.2618,0.2127,0.0965,0.0159,0.0282,0.0039,1.31,18.07,6.36,52.8,18.0,0,MOD-00632,2025-04-15T08:59:29,2025-04-15T01:59:29,https://api.quant-aq.com/v1/devices/MOD-00632/data/raw/363534799
0,650.2,31.699999999999932,681.9,1255.1,665.3,1.5,666.8,1646.5,1.0,1647.5,1647.1,6.0,1653.5,,,76.2,12.2,0.0,0.0,0.0,350.5,1.0,2.8,2.2,3.7941,0.5253,0.0,0.0,0.0,0.0,0.0,0.0,0.0,0.0,0.0,0.0,0.4201,0.0,0.0,0.0,0.0,0.1555,0.2143,0.2347,0.0968,0.0294,0.0125,0.0042,1.34,13.51,6.48,52.82,18.0,0,MOD-00632,2025-04-15T08:58:29,2025-04-15T01:58:29,https://api.quant-aq.com/v1/devices/MOD-00632/data/raw/363534798
0,650.5,30.700000000000045,681.2,1253.3,665.4,1.3999999999999773,666.8,1646.7,0.7999999999999545,1647.5,1647.3,6.0,1653.5,,,76.3,12.2,0.0,0.0,0.0,429.25,1.2,3.2,2.5,3.9747,0.5366,0.0081,0.0,0.0,0.0,0.0,0.0,0.0,0.0,0.0,0.0,0.3733,0.0,0.0,0.0,0.0,0.1647,0.2186,0.2369,0.0842,0.0317,0.0082,0.0082,1.34,17.27,6.39,52.9,18.03,0,MOD-00632,2025-04-15T08:57:29,2025-04-15T01:57:29,https://api.quant-aq.com/v1/devices/MOD-00632/data/raw/363534800
0,651.2,30.299999999999955,681.5,1253.1,665.0,1.6000000000000227,666.6,1646.7,0.8999999999998636,1647.6,1647.3,6.0,1653.6,,,76.4,12.2,0.0,0.0,0.0,330.75,1.0,1.9,1.6,4.2675,0.5372,0.0,0.0,0.0,0.0,0.0,0.0,0.0,0.0,0.0,0.0,0.3754,0.0,0.0,0.0,0.0,0.1396,0.2365,0.2151,0.0676,0.0213,0.0249,0.0124,1.36,15.93,6.05,52.94,18.03,0,MOD-00632,2025-04-15T08:56:29,2025-04-15T01:56:29,https://api.quant-aq.com/v1/devices/MOD-00632/data/raw/363532513
0,650.9,30.800000000000068,681.7,1252.0,665.5,1.6000000000000227,667.1,1646.6,0.900000000000091,1647.5,1647.2,6.099999999999909,1653.6,,,76.5,12.2,0.0,0.0,0.0,296.25,0.8,2.2,2.0,4.3254,0.6281,0.0,0.0,0.0,0.0,0.0,0.0,0.0,0.0,0.0,0.0,0.3872,0.0,0.0,0.0,0.0,0.2185,0.2572,0.2793,0.0913,0.0179,0.0347,0.0088,1.53,18.08,7.34,52.99,18.01,0,MOD-00632,2025-04-15T08:55:29,2025-04-15T01:55:29,https://api.quant-aq.com/v1/devices/MOD-00632/data/raw/363532512
0,649.7,31.899999999999977,681.6,1250.5,665.6,1.6000000000000227,667.2,1646.5,1.099999999999909,1647.6,1647.1,6.0,1653.6,,,76.6,12.2,0.0,0.0,0.0,381.25,1.3,2.7,2.4,3.811,0.5533,0.0,0.008,0.0,0.0,0.0,0.0,0.0,0.0,0.0,0.0,0.3681,0.0,0.0,0.0,0.0,0.1779,0.2476,0.2324,0.1168,0.0325,0.0408,0.0,1.37,22.31,7.21,52.96,18.03,0,MOD-00632,2025-04-15T08:54:29,2025-04-15T01:54:29,https://api.quant-aq.com/v1/devices/MOD-00632/data/raw/363532511
0,650.0,31.200000000000045,681.2,1254.0,665.2,1.7999999999999545,667.0,1646.7,0.8999999999998636,1647.6,1647.3,6.0,1653.6,,,76.6,12.2,0.0,0.0,0.0,324.5,1.2,2.6,2.2,3.8631,0.5663,0.0,0.0,0.0,0.0,0.0,0.0,0.0,0.0,0.0,0.0,0.367,0.0,0.0,0.0,0.0,0.138,0.2446,0.2118,0.0777,0.0322,0.004,0.004,1.32,11.63,6.05,52.96,18.03,0,MOD-00632,2025-04-15T08:53:29,2025-04-15T01:53:29,https://api.quant-aq.com/v1/devices/MOD-00632/data/raw/363532510
0,650.9,30.800000000000068,681.7,1252.2,665.2,2.0,667.2,1646.6,0.900000000000091,1647.5,1647.3,6.2999999999999545,1653.8,,,76.5,12.2,0.0,0.0,0.0,395.75,1.3,3.1,2.3,3.7856,0.5208,0.0,0.0,0.0,0.0,0.0,0.0,0.0,0.0,0.0,0.0,0.401,0.0,0.0,0.0,0.0,0.1521,0.2203,0.2282,0.0519,0.04,0.0198,0.0,1.31,12.73,6.02,52.97,18.03,0,MOD-00632,2025-04-15T08:52:29,2025-04-15T01:52:29,https://api.quant-aq.com/v1/devices/MOD-00632/data/raw/363530205
0,650.6,31.299999999999955,681.9,1253.3,665.0,1.5,666.5,1646.6,0.900000000000091,1647.5,1647.4,6.2000000000000455,1653.7,,,76.5,12.2,0.0,0.0,0.0,407.0,1.4,2.3,2.0,3.9587,0.6159,0.0,0.0,0.0,0.0,0.0,0.0,0.0,0.0,0.0,0.0,0.45,0.0,0.0,0.0,0.0,0.1726,0.2254,0.2374,0.0799,0.0201,0.0284,0.0079,1.43,15.91,6.51,52.95,18.03,0,MOD-00632,2025-04-15T08:51:29,2025-04-15T01:51:29,https://api.quant-aq.com/v1/devices/MOD-00632/data/raw/363530201
0,650.0,32.0,682.0,1252.6,665.5,1.2000000000000455,666.7,1646.5,1.099999999999909,1647.6,1647.1,6.2000000000000455,1653.8,,,76.6,12.2,0.0,0.0,0.0,358.75,1.1,2.9,2.2,3.7104,0.5531,0.0,0.0,0.0,0.0,0.0,0.0,0.0,0.0,0.0,0.0,0.4078,0.0,0.0,0.0,0.0,0.1476,0.2575,0.2652,0.071,0.0236,0.0198,0.0,1.37,12.89,6.58,53.0,18.04,0,MOD-00632,2025-04-15T08:50:29,2025-04-15T01:50:29,https://api.quant-aq.com/v1/devices/MOD-00632/data/raw/363530203
0,650.9,31.200000000000045,682.1,1253.0,665.0,1.7000000000000455,666.7,1646.7,1.0,1647.7,1647.2,6.0,1653.7,,,76.6,12.2,0.0,0.0,0.0,422.0,1.7,3.5,3.3,3.9452,0.506,0.0,0.0,0.0,0.0,0.0,0.0,0.0,0.0,0.0,0.0,0.4508,0.0,0.0,0.0,0.0,0.2206,0.2303,0.2371,0.0859,0.0261,0.0262,0.0129,1.45,17.6,6.78,53.02,18.07,0,MOD-00632,2025-04-15T08:49:29,2025-04-15T01:49:29,https://api.quant-aq.com/v1/devices/MOD-00632/data/raw/363530207
0,651.2,30.09999999999991,681.3,1251.7,665.0,1.7999999999999545,666.8,1646.6,1.1000000000001364,1647.7,1647.4,6.099999999999909,1653.8,,,76.5,12.2,0.0,0.0,0.0,366.25,1.5,2.5,2.4,4.2141,0.4904,0.0044,0.0,0.0,0.0,0.0039,0.0,0.0,0.0,0.0,0.0,0.4144,0.0,0.0,0.0,0.0,0.2304,0.2197,0.2254,0.0679,0.017,0.0212,0.0124,1.44,19.83,6.23,52.99,18.07,0,MOD-00632,2025-04-15T08:48:29,2025-04-15T01:48:29,https://api.quant-aq.com/v1/devices/MOD-00632/data/raw/363527942
0,648.6,33.19999999999993,681.8,1250.4,665.1,1.5,666.6,1646.6,1.1000000000001364,1647.7,1647.3,6.399999999999864,1654.1,,,76.5,12.2,0.0,0.0,0.0,339.75,1.2,2.6,2.0,3.9377,0.5768,0.0,0.0,0.0,0.0,0.0,0.0,0.0,0.0,0.0,0.0,0.375,0.0,0.0,0.0,0.0,0.1608,0.2053,0.1831,0.0712,0.0158,0.0162,0.0078,1.3,12.62,5.49,52.98,18.05,0,MOD-00632,2025-04-15T08:47:29,2025-04-15T01:47:29,https://api.quant-aq.com/v1/devices/MOD-00632/data/raw/363527941
0,651.0,31.0,682.0,1254.0,665.0,1.3999999999999773,666.4,1646.7,1.0,1647.7,1647.2,6.0,1653.7,,,76.5,12.2,0.0,0.0,0.0,357.75,1.4,3.2,2.6,3.8753,0.488,0.0,0.0042,0.0,0.0,0.0,0.0,0.0,0.0,0.0,0.0,0.3569,0.0,0.0,0.0,0.0,0.211,0.2283,0.2276,0.0839,0.0289,0.0041,0.0,1.36,13.32,6.28,53.04,18.05,0,MOD-00632,2025-04-15T08:46:29,2025-04-15T01:46:29,https://api.quant-aq.com/v1/devices/MOD-00632/data/raw/363527944
0,649.5,32.39999999999998,681.9,1252.5,664.7,1.5,666.2,1646.5,1.2999999999999545,1647.8,1647.2,6.0,1653.8,,,76.6,12.2,0.0,0.0,0.0,341.75,1.1,2.0,1.8,4.0785,0.4657,0.0041,0.0,0.0,0.0,0.0,0.0,0.0,0.0,0.0,0.0,0.4187,0.0,0.0,0.0,0.0,0.1711,0.2024,0.2358,0.0567,0.0082,0.0243,0.0,1.35,13.23,5.76,53.0,18.04,0,MOD-00632,2025-04-15T08:45:29,2025-04-15T01:45:29,https://api.quant-aq.com/v1/devices/MOD-00632/data/raw/363527943
0,650.5,31.899999999999977,682.4,1249.1,665.9,2.1000000000000227,668.0,1646.7,1.099999999999909,1647.8,1647.2,5.900000000000091,1653.7,,,76.5,12.2,0.0,0.0,0.0,394.0,1.5,2.4,2.2,4.0441,0.6564,0.0,0.0041,0.0042,0.0,0.0,0.0,0.0,0.0,0.0,0.0,0.4373,0.0,0.0,0.0,0.0,0.1895,0.2524,0.2566,0.0797,0.0126,0.0253,0.0083,1.49,20.98,6.74,53.0,18.07,0,MOD-00632,2025-04-15T08:44:29,2025-04-15T01:44:29,https://api.quant-aq.com/v1/devices/MOD-00632/data/raw/363525633
0,650.1,32.19999999999993,682.3,1250.5,665.3,1.3000000000000682,666.6,1646.5,1.2000000000000455,1647.7,1647.4,6.0,1653.7,,,76.5,12.2,0.0,0.0,0.0,343.0,1.2,2.2,1.8,3.8067,0.4924,0.0,0.0,0.0,0.0,0.0,0.0,0.0,0.0,0.0,0.0,0.3752,0.0,0.0,0.0,0.0,0.1575,0.1976,0.2418,0.071,0.012,0.0237,0.0078,1.29,14.1,5.97,52.97,18.05,0,MOD-00632,2025-04-15T08:43:29,2025-04-15T01:43:29,https://api.quant-aq.com/v1/devices/MOD-00632/data/raw/363525632
0,650.0,31.700000000000045,681.7,1253.0,665.1,1.5,666.6,1646.7,1.099999999999909,1647.8,1647.3,6.2000000000000455,1654.0,,,76.6,12.2,0.0,0.0,0.0,362.5,1.3,3.2,2.4,3.4941,0.5079,0.0,0.0,0.0,0.0,0.0,0.0,0.0,0.0,0.0,0.0,0.3848,0.0,0.0,0.0,0.0,0.1533,0.2342,0.2541,0.0734,0.0116,0.0308,0.0077,1.3,15.47,6.33,53.04,18.07,0,MOD-00632,2025-04-15T08:42:29,2025-04-15T01:42:29,https://api.quant-aq.com/v1/devices/MOD-00632/data/raw/363525631
0,649.2,32.299999999999955,681.5,1252.3,665.3,1.7000000000000455,667.0,1646.5,1.2000000000000455,1647.7,1647.2,6.099999999999909,1653.8,,,76.5,12.2,0.0,0.0,0.0,381.0,1.4,3.2,2.4,4.1932,0.516,0.0,0.0,0.0,0.0,0.0,0.0,0.0,0.0,0.0,0.0,0.3849,0.0,0.0,0.0,0.0,0.1402,0.246,0.2372,0.0805,0.0041,0.033,0.0081,1.37,15.52,6.3,53.0,18.08,0,MOD-00632,2025-04-15T08:41:29,2025-04-15T01:41:29,https://api.quant-aq.com/v1/devices/MOD-00632/data/raw/363525630
0,650.6,30.600000000000023,681.2,1253.7,665.3,1.900000000000091,667.2,1646.5,1.2999999999999545,1647.8,1647.2,6.0,1653.8,,,76.5,12.2,0.0,0.0,0.0,316.5,0.9,2.5,2.0,4.0008,0.5244,0.0,0.0,0.0,0.0,0.0,0.0,0.0,0.0,0.0,0.0,0.2841,0.0,0.0,0.0,0.0,0.134,0.1947,0.1955,0.0929,0.0201,0.0242,0.0,1.21,12.55,5.77,52.97,18.07,0,MOD-00632,2025-04-15T08:40:29,2025-04-15T01:40:29,https://api.quant-aq.com/v1/devices/MOD-00632/data/raw/363523391
0,649.4,31.600000000000023,681.0,1250.5,665.3,1.400000000000091,666.7,1646.5,1.099999999999909,1647.6,1647.2,6.2000000000000455,1653.8,,,76.6,12.2,0.0,0.0,0.0,320.0,0.7,3.1,2.6,4.1806,0.5885,0.0,0.0,0.0,0.0,0.0,0.0,0.0,0.0,0.0,0.0,0.4444,0.0,0.0,0.0,0.0,0.151,0.2211,0.1935,0.0794,0.0126,0.0211,0.0085,1.39,13.84,5.86,52.95,18.07,0,MOD-00632,2025-04-15T08:39:29,2025-04-15T01:39:29,https://api.quant-aq.com/v1/devices/MOD-00632/data/raw/363523390
0,649.1,32.799999999999955,681.9,1253.1,664.9,1.7000000000000455,666.6,1646.7,0.8999999999998636,1647.6,1647.1,6.100000000000136,1653.7,,,76.5,12.2,0.0,0.0,0.0,382.25,1.3,2.7,2.5,3.8437,0.5375,0.004,0.0,0.0,0.0,0.0,0.0,0.0,0.0,0.0,0.0,0.3264,0.0,0.0,0.0,0.0,0.1736,0.207,0.1744,0.0444,0.0204,0.0042,0.0,1.25,9.84,4.93,52.94,18.08,0,MOD-00632,2025-04-15T08:38:29,2025-04-15T01:38:29,https://api.quant-aq.com/v1/devices/MOD-00632/data/raw/363523388
0,651.2,31.199999999999932,682.4,1250.8,665.4,1.3000000000000682,666.7,1646.4,1.199999999999818,1647.6,1647.2,6.2000000000000455,1653.8,,,76.5,12.2,0.0,0.0,0.0,381.25,1.2,2.4,2.3,3.7304,0.4447,0.0,0.0,0.0,0.0,0.0,0.0,0.0,0.0,0.0,0.0,0.3385,0.0,0.0,0.0,0.0,0.1455,0.2115,0.2197,0.077,0.0194,0.0228,0.0,1.23,12.26,5.87,52.87,18.08,0,MOD-00632,2025-04-15T08:37:29,2025-04-15T01:37:29,https://api.quant-aq.com/v1/devices/MOD-00632/data/raw/363523389
0,649.9,32.5,682.4,1245.7,665.0,1.6000000000000227,666.6,1646.8,0.900000000000091,1647.7,1647.2,6.2999999999999545,1654.0,,,76.3,12.2,0.0,0.0,0.0,462.5,1.8,3.1,2.8,3.4442,0.3934,0.0,0.0,0.0,0.0,0.0,0.0,0.0,0.0,0.0,0.0,0.3074,0.0,0.0,0.0,0.0,0.1511,0.2276,0.1844,0.079,0.0359,0.0107,0.0,1.17,11.23,5.7,52.87,18.09,0,MOD-00632,2025-04-15T08:36:29,2025-04-15T01:36:29,https://api.quant-aq.com/v1/devices/MOD-00632/data/raw/363521091
0,651.9,30.200000000000045,682.1,1251.0,665.0,1.7000000000000455,666.7,1646.4,1.199999999999818,1647.6,1647.2,6.2000000000000455,1653.8,,,76.4,12.2,0.0,0.0,0.0,363.25,1.2,2.9,2.1,3.9268,0.5361,0.008,0.0,0.0,0.0,0.0,0.0,0.0,0.0,0.0,0.0,0.3759,0.0,0.0,0.0,0.0,0.1795,0.1805,0.2003,0.1121,0.024,0.0322,0.0081,1.31,20.34,6.39,52.91,18.08,0,MOD-00632,2025-04-15T08:35:29,2025-04-15T01:35:29,https://api.quant-aq.com/v1/devices/MOD-00632/data/raw/363521088
0,650.9,31.399999999999977,682.3,1253.3,665.6,1.2999999999999545,666.9,1646.7,1.0,1647.7,1647.2,6.2999999999999545,1654.0,,,76.5,12.2,0.0,0.0,0.0,394.5,1.5,3.8,3.2,3.6006,0.521,0.0,0.0,0.0,0.0,0.0,0.0,0.0,0.0,0.0,0.0,0.4295,0.0,0.0,0.0,0.0,0.1435,0.1513,0.2433,0.0472,0.012,0.0159,0.0041,1.25,11.02,5.34,52.99,18.07,0,MOD-00632,2025-04-15T08:34:29,2025-04-15T01:34:29,https://api.quant-aq.com/v1/devices/MOD-00632/data/raw/363521090
0,650.9,31.5,682.4,1248.3,665.2,1.599999999999909,666.8,1646.6,1.1000000000001364,1647.7,1647.2,6.2000000000000455,1653.9,,,76.4,12.3,0.0,0.0,0.0,433.75,1.3,4.1,2.8,3.7061,0.4891,0.0,0.0,0.0,0.0,0.0,0.0,0.0,0.0,0.0,0.0,0.4621,0.0,0.0,0.0,0.0,0.1656,0.2428,0.1968,0.0768,0.0116,0.0192,0.0116,1.36,14.38,5.91,52.96,18.11,0,MOD-00632,2025-04-15T08:33:29,2025-04-15T01:33:29,https://api.quant-aq.com/v1/devices/MOD-00632/data/raw/363521089
0,650.0,31.700000000000045,681.7,1253.3,665.7,1.6999999999999318,667.4,1646.7,1.0,1647.7,1647.3,6.2999999999999545,1654.0,,,76.5,12.3,0.0,0.0,0.0,439.75,1.6,3.3,3.1,4.1658,0.4891,0.0,0.0,0.0,0.0,0.0,0.0,0.0,0.0,0.0,0.0,0.3966,0.0,0.0,0.0,0.0,0.2148,0.2305,0.2349,0.0833,0.0239,0.0199,0.0,1.42,12.92,6.52,52.99,18.09,0,MOD-00632,2025-04-15T08:32:29,2025-04-15T01:32:29,https://api.quant-aq.com/v1/devices/MOD-00632/data/raw/363518831
0,649.5,32.299999999999955,681.8,1249.5,665.5,1.3999999999999773,666.9,1646.8,0.900000000000091,1647.7,1647.3,6.2999999999999545,1654.0,,,76.5,12.3,0.0,0.0,0.0,490.0,1.8,4.2,2.8,4.1253,0.5017,0.0,0.0,0.0,0.0,0.0,0.0,0.0,0.0,0.0,0.0,0.3668,0.0,0.0,0.0,0.0,0.1737,0.239,0.2347,0.0665,0.0157,0.0235,0.0,1.37,12.3,6.13,52.99,18.09,0,MOD-00632,2025-04-15T08:31:29,2025-04-15T01:31:29,https://api.quant-aq.com/v1/devices/MOD-00632/data/raw/363518832
0,650.0,32.10000000000002,682.1,1253.1,665.5,1.5,667.0,1646.4,1.199999999999818,1647.6,1647.5,6.400000000000091,1654.0,,,76.4,12.3,0.0,0.0,0.0,422.75,1.8,4.9,3.1,3.4991,0.609,0.0,0.0039,0.0,0.0,0.0,0.0,0.0,0.0,0.0,0.0,0.3697,0.0,0.0,0.0,0.0,0.1266,0.2387,0.1782,0.0754,0.0158,0.02,0.0,1.26,13.55,5.53,53.01,18.09,0,MOD-00632,2025-04-15T08:30:29,2025-04-15T01:30:29,https://api.quant-aq.com/v1/devices/MOD-00632/data/raw/363518829
0,650.6,31.600000000000023,682.2,1250.5,664.6,1.1999999999999318,665.8,1646.9,0.8999999999998636,1647.8,1647.3,6.2999999999999545,1654.1,,,76.5,12.3,0.0,0.0,0.0,436.25,1.3,2.9,2.5,4.2612,0.5548,0.0,0.0,0.0,0.0,0.0,0.0,0.0,0.0,0.0,0.0,0.3214,0.0,0.0,0.0,0.0,0.1675,0.203,0.2673,0.0605,0.0121,0.0284,0.0,1.35,12.79,6.14,53.02,18.11,0,MOD-00632,2025-04-15T08:29:29,2025-04-15T01:29:29,https://api.quant-aq.com/v1/devices/MOD-00632/data/raw/363518830
0,649.7,32.5,682.2,1249.1,665.5,1.7999999999999545,667.3,1646.6,1.1000000000001364,1647.7,1647.2,6.2000000000000455,1653.9,,,76.4,12.3,0.0,0.0,0.0,401.5,1.7,2.8,2.5,3.8055,0.5549,0.0,0.0081,0.0,0.0,0.0,0.0,0.0,0.0,0.0,0.0,0.4287,0.0,0.0,0.0,0.0,0.1685,0.2685,0.2399,0.0947,0.0413,0.033,0.004,1.42,22.49,7.19,52.96,18.12,0,MOD-00632,2025-04-15T08:28:29,2025-04-15T01:28:29,https://api.quant-aq.com/v1/devices/MOD-00632/data/raw/363516557
0,650.2,32.09999999999991,682.3,1254.1,665.2,1.3999999999999773,666.6,1646.7,1.2999999999999545,1648.0,1647.2,6.099999999999909,1654.1,,,76.5,12.3,0.0,0.0,0.0,410.5,1.7,2.7,2.7,3.9301,0.5125,0.0,0.0,0.0,0.0,0.0,0.0,0.0,0.0,0.0,0.0,0.4187,0.0,0.0,0.0,0.0,0.185,0.1969,0.1858,0.063,0.0199,0.0156,0.0078,1.33,12.63,5.49,53.04,18.12,0,MOD-00632,2025-04-15T08:27:29,2025-04-15T01:27:29,https://api.quant-aq.com/v1/devices/MOD-00632/data/raw/363516556
0,651.0,32.200000000000045,683.2,1254.0,664.9,1.6000000000000227,666.5,1646.8,1.0,1647.8,1647.4,6.400000000000091,1654.2,,,76.5,12.3,0.0,0.0,0.0,417.25,1.5,3.1,2.8,3.6663,0.5169,0.0,0.0,0.0,0.0,0.0,0.0,0.0,0.0,0.0,0.0,0.3458,0.0,0.0,0.0,0.0,0.1944,0.2243,0.2127,0.0723,0.0452,0.0268,0.0116,1.3,17.67,6.41,53.1,18.11,0,MOD-00632,2025-04-15T08:26:29,2025-04-15T01:26:29,https://api.quant-aq.com/v1/devices/MOD-00632/data/raw/363516559
0,649.1,33.10000000000002,682.2,1255.8,665.0,1.3999999999999773,666.4,1646.7,1.099999999999909,1647.8,1647.4,6.400000000000091,1654.2,,,76.5,12.3,0.0,0.0,0.0,418.25,1.5,2.5,2.2,4.2579,0.5617,0.0126,0.0042,0.0,0.0041,0.0,0.0,0.0,0.0,0.0,0.0,0.5001,0.0,0.0,0.0,0.0,0.17,0.2397,0.2028,0.1279,0.0125,0.0207,0.0041,1.48,25.27,6.78,53.06,18.11,0,MOD-00632,2025-04-15T08:25:29,2025-04-15T01:25:29,https://api.quant-aq.com/v1/devices/MOD-00632/data/raw/363516558
0,649.4,32.30000000000007,681.7,1255.2,665.3,1.400000000000091,666.7,1646.5,1.2999999999999545,1647.8,1647.3,6.100000000000136,1653.9,,,76.5,12.3,0.0,0.0,0.0,464.5,1.8,3.0,3.0,4.2993,0.5753,0.0042,0.0,0.0,0.0,0.0,0.0,0.0,0.0,0.0,0.0,0.4115,0.0,0.0,0.0,0.0,0.1369,0.2495,0.255,0.1131,0.0238,0.02,0.004,1.44,16.95,7.09,53.07,18.12,0,MOD-00632,2025-04-15T08:24:29,2025-04-15T01:24:29,https://api.quant-aq.com/v1/devices/MOD-00632/data/raw/363514242
0,650.6,31.899999999999977,682.5,1253.2,665.4,1.2000000000000455,666.6,1646.8,1.0,1647.8,1647.3,6.100000000000136,1653.9,,,76.5,12.3,0.0,0.0,0.0,321.25,1.1,1.8,1.7,4.3997,0.6713,0.0041,0.0,0.0,0.0,0.0,0.0,0.0,0.0,0.0,0.0,0.4496,0.0,0.0,0.0,0.0,0.1821,0.2999,0.241,0.1017,0.0338,0.0255,0.0042,1.58,18.37,7.44,53.14,18.09,0,MOD-00632,2025-04-15T08:23:29,2025-04-15T01:23:29,https://api.quant-aq.com/v1/devices/MOD-00632/data/raw/363514240
0,650.1,32.10000000000002,682.2,1259.4,664.5,1.0,665.5,1646.8,1.1000000000001364,1647.9,1647.3,6.199999999999818,1654.1,,,76.5,12.3,0.0,0.0,0.0,399.0,1.5,3.8,3.0,4.1508,0.6729,0.0,0.0,0.0,0.0,0.0,0.0,0.0,0.0,0.0,0.0,0.4907,0.0,0.0,0.0,0.0,0.168,0.2634,0.2758,0.0993,0.0257,0.0345,0.0043,1.55,17.55,7.5,53.17,18.09,0,MOD-00632,2025-04-15T08:22:29,2025-04-15T01:22:29,https://api.quant-aq.com/v1/devices/MOD-00632/data/raw/363514241
0,649.5,33.10000000000002,682.6,1252.3,665.1,1.1999999999999318,666.3,1646.5,1.400000000000091,1647.9,1647.4,6.199999999999818,1654.1,,,76.6,12.3,0.0,0.0,0.0,287.5,0.7,1.8,1.4,4.2478,0.6522,0.0,0.0044,0.0,0.0,0.0,0.0,0.0,0.0,0.0,0.0,0.4542,0.0,0.0,0.0,0.0,0.258,0.2484,0.2754,0.1209,0.0084,0.0476,0.0042,1.6,21.68,7.79,53.18,18.09,0,MOD-00632,2025-04-15T08:21:29,2025-04-15T01:21:29,https://api.quant-aq.com/v1/devices/MOD-00632/data/raw/363514239
0,650.9,30.899999999999977,681.8,1253.6,665.5,1.2000000000000455,666.7,1646.7,1.2000000000000455,1647.9,1647.3,6.099999999999909,1654.0,,,76.7,12.3,0.0,0.0,0.0,329.5,1.2,1.8,1.8,4.0143,0.5824,0.0,0.0,0.0,0.0,0.0,0.0,0.0,0.0,0.0,0.0,0.4127,0.0,0.0,0.0,0.0,0.1783,0.2512,0.2226,0.093,0.024,0.0244,0.0082,1.42,15.98,6.66,53.17,18.09,0,MOD-00632,2025-04-15T08:20:29,2025-04-15T01:20:29,https://api.quant-aq.com/v1/devices/MOD-00632/data/raw/363512008
0,648.1,33.299999999999955,681.4,1251.1,665.3,0.900000000000091,666.2,1646.6,1.5,1648.1,1647.3,6.100000000000136,1654.2,,,76.7,12.3,0.0,0.0,0.0,404.25,1.4,3.2,2.2,4.2511,0.5933,0.004,0.0,0.0,0.0,0.0,0.0,0.0,0.0,0.0,0.0,0.4112,0.0,0.0,0.0,0.0,0.2141,0.2624,0.234,0.0563,0.0282,0.0322,0.016,1.49,20.44,6.64,53.19,18.09,0,MOD-00632,2025-04-15T08:19:29,2025-04-15T01:19:29,https://api.quant-aq.com/v1/devices/MOD-00632/data/raw/363512011
0,650.5,31.799999999999955,682.3,1252.6,664.8,1.2000000000000455,666.0,1646.7,1.3999999999998636,1648.1,1647.3,6.100000000000136,1654.2,,,76.8,12.3,0.0,0.0,0.0,400.0,1.6,3.2,2.8,3.8833,0.6874,0.004,0.0,0.0,0.0,0.0,0.0,0.0,0.0,0.0,0.0,0.3715,0.0,0.0,0.0,0.0,0.1602,0.2645,0.2067,0.1067,0.0159,0.0234,0.0,1.4,15.03,6.54,53.2,18.11,0,MOD-00632,2025-04-15T08:18:29,2025-04-15T01:18:29,https://api.quant-aq.com/v1/devices/MOD-00632/data/raw/363512009
0,650.5,31.899999999999977,682.4,1251.0,664.9,1.1000000000000227,666.0,1646.5,1.5,1648.0,1647.2,6.0,1654.0,,,76.7,12.3,0.0,0.0,0.0,361.5,1.2,2.5,2.2,4.4834,0.5514,0.0,0.0,0.0,0.0,0.0043,0.0,0.0,0.0,0.0,0.0,0.4638,0.0,0.0,0.0,0.0,0.2117,0.203,0.2581,0.0708,0.0166,0.0082,0.0085,1.51,15.73,6.37,53.15,18.12,0,MOD-00632,2025-04-15T08:17:29,2025-04-15T01:17:29,https://api.quant-aq.com/v1/devices/MOD-00632/data/raw/363512010
0,649.1,32.69999999999993,681.8,1252.2,665.6,1.0,666.6,1646.5,1.7000000000000455,1648.2,1647.0,5.899999999999864,1654.1,,,76.7,12.3,0.0,0.0,0.0,410.0,1.8,3.0,3.0,4.1426,0.6587,0.0082,0.0,0.0,0.0,0.0,0.0,0.0,0.0,0.0,0.0,0.4662,0.0,0.0,0.0,0.0,0.2072,0.2547,0.2469,0.0806,0.0202,0.0121,0.0041,1.54,16.47,6.72,53.13,18.09,0,MOD-00632,2025-04-15T08:16:29,2025-04-15T01:16:29,https://api.quant-aq.com/v1/devices/MOD-00632/data/raw/363509739
0,651.3,31.100000000000023,682.4,1251.1,664.8,1.0,665.8,1646.4,1.699999999999818,1648.1,1647.2,5.900000000000091,1654.0,,,76.7,12.3,0.0,0.0,0.0,365.0,1.2,2.1,1.8,4.3932,0.6089,0.0039,0.0,0.0,0.0039,0.0,0.0,0.0,0.0,0.0,0.0,0.4511,0.0,0.0,0.0,0.0,0.1849,0.3085,0.2013,0.1047,0.0323,0.0082,0.0,1.55,16.98,6.93,53.14,18.12,0,MOD-00632,2025-04-15T08:15:29,2025-04-15T01:15:29,https://api.quant-aq.com/v1/devices/MOD-00632/data/raw/363509741
0,649.3,33.0,682.3,1252.3,665.1,1.0,666.1,1646.9,1.099999999999909,1648.0,1647.2,6.2000000000000455,1654.2,,,76.7,12.3,0.0,0.0,0.0,369.5,1.2,3.0,2.4,4.022,0.6463,0.0,0.0,0.0,0.0,0.0,0.0,0.0,0.0,0.0,0.0,0.4851,0.0,0.0,0.0,0.0,0.212,0.2868,0.2062,0.0872,0.0325,0.0469,0.0083,1.54,19.81,7.12,53.15,18.11,0,MOD-00632,2025-04-15T08:14:29,2025-04-15T01:14:29,https://api.quant-aq.com/v1/devices/MOD-00632/data/raw/363509738
0,650.2,31.799999999999955,682.0,1253.0,665.3,1.0,666.3,1646.6,1.400000000000091,1648.0,1647.2,6.099999999999909,1654.1,,,76.6,12.3,0.0,0.0,0.0,389.0,1.5,2.3,1.9,4.3249,0.6164,0.0,0.0,0.0,0.0,0.0,0.0,0.0,0.0,0.0,0.0,0.4018,0.0,0.0,0.0,0.0,0.1707,0.2318,0.2435,0.1177,0.0203,0.012,0.0041,1.45,13.74,6.91,53.12,18.13,0,MOD-00632,2025-04-15T08:13:29,2025-04-15T01:13:29,https://api.quant-aq.com/v1/devices/MOD-00632/data/raw/363509740
0,649.4,32.80000000000007,682.2,1251.1,665.2,0.7999999999999545,666.0,1646.7,1.3999999999998636,1648.1,1647.2,6.2000000000000455,1654.3,,,76.6,12.3,0.0,0.0,0.0,384.25,1.2,2.1,2.1,4.2692,0.5871,0.0,0.0,0.0,0.0,0.0,0.0,0.0,0.0,0.0,0.0,0.5101,0.0,0.0,0.0,0.0,0.1879,0.2885,0.2599,0.089,0.0324,0.032,0.0165,1.58,20.6,7.53,53.12,18.15,0,MOD-00632,2025-04-15T08:12:29,2025-04-15T01:12:29,https://api.quant-aq.com/v1/devices/MOD-00632/data/raw/363507484
0,650.2,32.09999999999991,682.3,1251.7,665.3,1.1000000000000227,666.4,1646.5,1.7000000000000455,1648.2,1647.4,5.899999999999864,1654.1,,,76.6,12.3,0.0,0.0,0.0,400.25,1.4,2.5,2.5,4.3794,0.5406,0.0,0.0,0.0,0.0,0.0,0.0,0.0,0.0,0.0,0.0,0.4313,0.0,0.0,0.0,0.0,0.1842,0.2715,0.2629,0.0956,0.0333,0.017,0.0,1.51,14.1,7.25,53.06,18.13,0,MOD-00632,2025-04-15T08:11:29,2025-04-15T01:11:29,https://api.quant-aq.com/v1/devices/MOD-00632/data/raw/363507485
0,650.7,31.5,682.2,1251.0,665.5,1.1000000000000227,666.6,1646.8,1.400000000000091,1648.2,1647.2,5.899999999999864,1654.1,,,76.6,12.3,0.0,0.0,0.0,388.0,1.2,2.7,2.1,3.9425,0.7526,0.0085,0.0,0.0,0.0,0.0,0.0,0.0,0.0,0.0,0.0,0.4508,0.0,0.0,0.0,0.0,0.1905,0.2775,0.2819,0.0998,0.013,0.0346,0.0171,1.56,24.01,7.56,53.07,18.12,0,MOD-00632,2025-04-15T08:10:29,2025-04-15T01:10:29,https://api.quant-aq.com/v1/devices/MOD-00632/data/raw/363507486
0,649.8,32.700000000000045,682.5,1252.6,665.1,1.1000000000000227,666.2,1646.7,1.599999999999909,1648.3,1647.2,6.0,1654.3,,,76.6,12.3,0.0,0.0,0.0,409.5,1.3,3.1,2.5,4.4321,0.5711,0.0,0.0,0.0,0.0,0.0,0.0,0.0,0.0,0.0,0.0,0.4253,0.0,0.0,0.0,0.0,0.1695,0.2557,0.2688,0.0832,0.0244,0.0161,0.008,1.5,15.11,6.94,53.04,18.13,0,MOD-00632,2025-04-15T08:09:29,2025-04-15T01:09:29,https://api.quant-aq.com/v1/devices/MOD-00632/data/raw/363507487
0,649.0,33.0,682.0,1252.0,665.0,1.0,666.0,1646.7,1.5,1648.2,1647.5,6.0,1654.2,,,76.6,12.3,0.0,0.0,0.0,466.0,1.9,3.7,2.9,4.069,0.6242,0.0,0.0,0.0,0.0,0.0,0.0,0.0,0.0,0.0,0.0,0.4654,0.0,0.0,0.0,0.0,0.159,0.1977,0.2783,0.0998,0.02,0.0158,0.004,1.44,13.98,6.86,53.04,18.13,0,MOD-00632,2025-04-15T08:08:29,2025-04-15T01:08:29,https://api.quant-aq.com/v1/devices/MOD-00632/data/raw/363505221
0,651.2,31.699999999999932,682.9,1252.1,665.3,1.1000000000000227,666.4,1646.5,1.7000000000000455,1648.2,1647.3,5.899999999999864,1654.1,,,76.5,12.3,0.0,0.0,0.0,470.5,1.6,3.2,2.9,4.0811,0.6544,0.0038,0.0,0.0,0.0,0.0,0.0,0.0,0.0,0.0,0.0,0.4206,0.0,0.0,0.0,0.0,0.1418,0.2485,0.2335,0.1113,0.042,0.0113,0.0038,1.43,16.39,7.04,53.01,18.13,0,MOD-00632,2025-04-15T08:07:29,2025-04-15T01:07:29,https://api.quant-aq.com/v1/devices/MOD-00632/data/raw/363505220
0,649.1,33.10000000000002,682.2,1255.1,664.9,0.8999999999999773,665.8,1646.6,1.6000000000001364,1648.2,1647.3,5.899999999999864,1654.1,,,76.4,12.3,0.0,0.0,0.0,415.25,1.2,3.4,2.4,4.0926,0.5864,0.0038,0.0,0.0,0.0,0.0,0.0,0.0,0.0,0.0,0.0,0.4194,0.0,0.0,0.0,0.0,0.1699,0.2839,0.2292,0.0736,0.035,0.0078,0.0039,1.46,14.49,6.6,53.03,18.15,0,MOD-00632,2025-04-15T08:06:29,2025-04-15T01:06:29,https://api.quant-aq.com/v1/devices/MOD-00632/data/raw/363505218
0,649.6,32.10000000000002,681.7,1251.3,665.0,1.0,666.0,1646.6,1.400000000000091,1648.0,1647.2,6.0,1654.0,,,76.5,12.3,0.0,0.0,0.0,363.25,1.3,2.4,2.2,4.3519,0.662,0.0043,0.0,0.0,0.0,0.0,0.0,0.0,0.0,0.0,0.0,0.4196,0.0,0.0,0.0,0.0,0.1887,0.276,0.2325,0.0927,0.0289,0.0367,0.0202,1.53,23.5,7.23,53.02,18.15,0,MOD-00632,2025-04-15T08:05:29,2025-04-15T01:05:29,https://api.quant-aq.com/v1/devices/MOD-00632/data/raw/363505219
0,649.1,33.0,682.1,1252.8,665.7,0.8999999999999773,666.6,1646.7,1.099999999999909,1647.8,1647.1,6.2000000000000455,1654.0,,,76.5,12.3,0.0,0.0,0.0,452.75,1.9,4.4,3.2,3.9764,0.6025,0.0,0.0,0.0,0.0,0.0,0.0,0.0,0.0,0.0,0.0,0.3811,0.0,0.0,0.0,0.0,0.1922,0.2845,0.2456,0.0931,0.0234,0.0317,0.008,1.46,17.42,7.11,53.06,18.15,0,MOD-00632,2025-04-15T08:04:29,2025-04-15T01:04:29,https://api.quant-aq.com/v1/devices/MOD-00632/data/raw/363502930
0,649.9,32.10000000000002,682.0,1250.9,664.8,1.0,665.8,1646.4,1.2999999999999545,1647.7,1647.3,6.2999999999999545,1654.0,,,76.6,12.3,0.0,0.0,0.0,409.0,1.6,3.2,3.1,4.2083,0.6398,0.0,0.0,0.0,0.0,0.0,0.0,0.0,0.0,0.0,0.0,0.423,0.0,0.0,0.0,0.0,0.1769,0.3184,0.2124,0.0876,0.0328,0.0208,0.0038,1.52,14.98,6.94,53.1,18.15,0,MOD-00632,2025-04-15T08:03:29,2025-04-15T01:03:29,https://api.quant-aq.com/v1/devices/MOD-00632/data/raw/363502929
0,649.8,32.40000000000009,682.2,1251.9,665.1,1.1000000000000227,666.2,1646.4,1.2999999999999545,1647.7,1647.3,6.5,1654.2,,,76.7,12.3,0.0,0.0,0.0,391.5,1.5,2.1,1.9,4.081,0.5994,0.0,0.0,0.0,0.0,0.0,0.0,0.0,0.0,0.0,0.0,0.4446,0.0,0.0,0.0,0.0,0.1989,0.246,0.2819,0.1153,0.0324,0.0243,0.0121,1.51,19.1,7.71,53.08,18.16,0,MOD-00632,2025-04-15T08:02:29,2025-04-15T01:02:29,https://api.quant-aq.com/v1/devices/MOD-00632/data/raw/363502928
0,649.4,32.60000000000002,682.0,1252.2,664.7,0.6999999999999318,665.4,1646.4,1.099999999999909,1647.5,1647.0,6.599999999999909,1654.1,,,76.6,12.3,0.0,0.0,0.0,485.5,1.8,4.7,4.2,4.394,0.6541,0.0,0.0,0.0,0.0,0.0,0.0,0.0,0.0,0.0,0.0,0.351,0.0,0.0,0.0,0.0,0.1876,0.2929,0.2436,0.0794,0.0121,0.012,0.0,1.5,11.3,6.59,53.05,18.16,0,MOD-00632,2025-04-15T08:01:29,2025-04-15T01:01:29,https://api.quant-aq.com/v1/devices/MOD-00632/data/raw/363502927
0,651.3,30.800000000000068,682.1,1251.6,665.4,1.0,666.4,1646.7,1.0,1647.7,1647.1,6.399999999999864,1654.1,,,76.6,12.3,0.0,0.0,0.0,443.5,1.7,3.2,2.8,3.9652,0.7114,0.008,0.0041,0.0,0.0,0.0,0.0,0.0,0.0,0.0,0.0,0.3936,0.0,0.0,0.0,0.0,0.2184,0.2955,0.2753,0.1046,0.0317,0.0157,0.0162,1.55,24.68,7.72,53.04,18.16,0,MOD-00632,2025-04-15T08:00:29,2025-04-15T01:00:29,https://api.quant-aq.com/v1/devices/MOD-00632/data/raw/363500656
0,650.4,32.0,682.4,1249.8,665.5,1.1000000000000227,666.6,1646.7,0.8999999999998636,1647.6,1647.3,6.600000000000136,1654.2,,,76.6,12.3,0.0,0.0,0.0,355.25,1.0,3.0,1.8,4.1052,0.6307,0.0,0.0,0.0,0.0,0.0,0.0,0.0,0.0,0.0,0.0,0.4692,0.0,0.0,0.0,0.0,0.1646,0.2886,0.2527,0.1082,0.0356,0.0364,0.0041,1.53,18.49,7.63,53.0,18.19,0,MOD-00632,2025-04-15T07:59:29,2025-04-15T00:59:29,https://api.quant-aq.com/v1/devices/MOD-00632/data/raw/363500655
0,649.6,32.799999999999955,682.4,1251.5,665.0,1.0,666.0,1646.8,1.0,1647.8,1647.0,6.2999999999999545,1654.1,,,76.5,12.3,0.0,0.0,0.0,477.25,1.8,2.6,2.5,4.101,0.6407,0.0,0.0,0.0,0.0,0.0,0.0,0.0,0.0,0.0,0.0,0.4022,0.0,0.0,0.0,0.0,0.208,0.2854,0.2499,0.0863,0.0363,0.0118,0.0,1.51,13.22,7.09,53.04,18.18,0,MOD-00632,2025-04-15T07:58:29,2025-04-15T00:58:29,https://api.quant-aq.com/v1/devices/MOD-00632/data/raw/363500653
0,648.8,33.30000000000007,682.1,1250.6,665.4,0.8999999999999773,666.3,1646.6,1.1000000000001364,1647.7,1647.3,6.599999999999909,1654.3,,,76.6,12.3,0.0,0.0,0.0,410.5,1.3,3.7,2.5,4.1883,0.6488,0.0041,0.0,0.0,0.0,0.0,0.0,0.0,0.0,0.0,0.0,0.4797,0.0,0.0,0.0,0.0,0.1781,0.2515,0.2855,0.1034,0.0248,0.033,0.0083,1.54,20.32,7.6,52.96,18.19,0,MOD-00632,2025-04-15T07:57:29,2025-04-15T00:57:29,https://api.quant-aq.com/v1/devices/MOD-00632/data/raw/363500654
0,650.1,32.0,682.1,1251.8,664.4,0.8000000000000682,665.2,1646.6,1.1000000000001364,1647.7,1647.2,6.5,1654.2,,,76.4,12.3,0.0,0.0,0.0,435.25,2.0,3.9,3.6,4.3451,0.59,0.0,0.0081,0.0,0.0,0.0,0.0,0.0,0.0,0.0,0.0,0.4268,0.0,0.0,0.0,0.0,0.1969,0.2703,0.2335,0.0739,0.0287,0.0247,0.004,1.51,19.92,6.75,52.94,18.21,0,MOD-00632,2025-04-15T07:56:29,2025-04-15T00:56:29,https://api.quant-aq.com/v1/devices/MOD-00632/data/raw/363498314
0,651.2,31.59999999999991,682.8,1249.7,665.6,0.7999999999999545,666.4,1646.6,1.1000000000001364,1647.7,1647.3,6.399999999999864,1654.1,,,76.4,12.4,0.0,0.0,0.0,527.0,2.3,4.4,3.8,4.5341,0.6726,0.0,0.0,0.0,0.0,0.0,0.0,0.0,0.0,0.0,0.0,0.4874,0.0,0.0,0.0,0.0,0.164,0.2756,0.289,0.1274,0.0241,0.0195,0.0,1.61,15.23,7.89,52.87,18.21,0,MOD-00632,2025-04-15T07:55:29,2025-04-15T00:55:29,https://api.quant-aq.com/v1/devices/MOD-00632/data/raw/363498317
0,650.2,32.299999999999955,682.5,1253.1,665.2,1.0,666.2,1646.7,0.8999999999998636,1647.6,1647.0,6.600000000000136,1654.2,,,76.4,12.4,0.0,0.0,0.0,452.5,1.7,3.1,2.6,3.8985,0.6904,0.0041,0.0,0.0,0.0,0.0,0.0,0.0,0.0,0.0,0.0,0.4983,0.0,0.0,0.0,0.0,0.1436,0.2348,0.2618,0.0752,0.0311,0.0081,0.0079,1.47,15.66,6.67,52.85,18.19,0,MOD-00632,2025-04-15T07:54:29,2025-04-15T00:54:29,https://api.quant-aq.com/v1/devices/MOD-00632/data/raw/363498316
0,650.0,33.10000000000002,683.1,1252.0,665.0,1.0,666.0,1646.7,1.099999999999909,1647.8,1647.3,6.400000000000091,1654.2,,,76.3,12.4,0.0,0.0,0.0,460.25,1.7,3.7,3.2,4.4367,0.685,0.0043,0.0,0.0,0.0,0.0,0.0,0.0,0.0,0.0,0.0,0.4832,0.0,0.0,0.0,0.0,0.1601,0.2599,0.306,0.0953,0.0328,0.0123,0.0,1.58,15.75,7.58,52.78,18.22,0,MOD-00632,2025-04-15T07:53:29,2025-04-15T00:53:29,https://api.quant-aq.com/v1/devices/MOD-00632/data/raw/363498315
0,649.6,33.0,682.6,1251.1,665.4,1.1000000000000227,666.5,1646.5,1.2000000000000455,1647.7,1647.3,6.5,1654.2,,,76.2,12.4,0.0,0.0,0.0,440.25,1.4,3.7,3.2,4.5756,0.6412,0.0043,0.0,0.0,0.0,0.0,0.0,0.0,0.0,0.0,0.0,0.4757,0.0,0.0,0.0,0.0,0.181,0.322,0.1981,0.0912,0.0329,0.0207,0.0122,1.6,19.13,7.03,52.76,18.19,0,MOD-00632,2025-04-15T07:52:29,2025-04-15T00:52:29,https://api.quant-aq.com/v1/devices/MOD-00632/data/raw/363496001
0,650.5,32.700000000000045,683.2,1249.1,665.6,0.7999999999999545,666.4,1646.6,1.1000000000001364,1647.7,1647.4,6.2999999999999545,1654.0,,,76.0,12.4,0.0,0.0,0.0,437.0,1.7,3.5,2.8,4.5826,0.5761,0.0,0.0,0.0,0.0,0.0,0.0,0.0,0.0,0.0,0.0,0.489,0.0,0.0,0.0,0.0,0.1815,0.3672,0.2739,0.0983,0.0128,0.0427,0.0044,1.67,18.47,7.94,52.67,18.21,0,MOD-00632,2025-04-15T07:51:29,2025-04-15T00:51:29,https://api.quant-aq.com/v1/devices/MOD-00632/data/raw/363496003
0,649.8,33.10000000000002,682.9,1251.8,665.6,0.8999999999999773,666.5,1646.7,1.0,1647.7,1647.2,6.399999999999864,1654.1,,,76.1,12.4,0.0,0.0,0.0,379.0,1.3,2.2,2.2,4.3659,0.6158,0.0045,0.0,0.0,0.0,0.0,0.0,0.0,0.0,0.0,0.0,0.4321,0.0,0.0,0.0,0.0,0.1848,0.3133,0.1977,0.0972,0.0309,0.0307,0.0043,1.53,18.48,7.03,52.67,18.19,0,MOD-00632,2025-04-15T07:50:29,2025-04-15T00:50:29,https://api.quant-aq.com/v1/devices/MOD-00632/data/raw/363496002
0,650.0,32.5,682.5,1252.0,665.0,1.2000000000000455,666.2,1646.6,1.1000000000001364,1647.7,1647.1,6.2999999999999545,1654.0,,,76.0,12.4,0.0,0.0,0.0,396.25,1.4,2.6,2.6,4.239,0.7279,0.0041,0.0,0.0,0.0,0.0,0.0,0.0,0.0,0.0,0.0,0.4373,0.0,0.0,0.0,0.0,0.1692,0.2464,0.2353,0.0725,0.0164,0.0163,0.0081,1.5,15.63,6.38,52.61,18.21,0,MOD-00632,2025-04-15T07:49:29,2025-04-15T00:49:29,https://api.quant-aq.com/v1/devices/MOD-00632/data/raw/363496000
0,650.5,32.799999999999955,683.3,1252.0,665.3,0.900000000000091,666.2,1646.4,1.2999999999999545,1647.7,1647.5,6.5,1654.2,,,76.0,12.4,0.0,0.0,0.0,432.0,1.8,4.1,2.8,4.4298,0.5305,0.0,0.004,0.0,0.0,0.0,0.0,0.0,0.0,0.0,0.0,0.493,0.0,0.0,0.0,0.0,0.2091,0.2421,0.2343,0.1191,0.0411,0.0247,0.0124,1.54,21.81,7.52,52.69,18.24,0,MOD-00632,2025-04-15T07:48:29,2025-04-15T00:48:29,https://api.quant-aq.com/v1/devices/MOD-00632/data/raw/363493720
0,649.7,32.89999999999998,682.6,1251.1,665.1,0.7999999999999545,665.9,1646.6,1.1000000000001364,1647.7,1647.1,6.7000000000000455,1654.4,,,76.0,12.4,0.0,0.0,0.0,402.0,1.1,2.9,2.2,4.3481,0.5737,0.004,0.004,0.0,0.0,0.0,0.0,0.0,0.0,0.0,0.0,0.413,0.0,0.0,0.0,0.0,0.1733,0.2745,0.2073,0.0472,0.0236,0.0316,0.008,1.46,19.62,6.12,52.61,18.21,0,MOD-00632,2025-04-15T07:47:29,2025-04-15T00:47:29,https://api.quant-aq.com/v1/devices/MOD-00632/data/raw/363493721
0,649.9,32.39999999999998,682.3,1250.4,664.8,0.8000000000000682,665.6,1646.6,1.2000000000000455,1647.8,1647.1,6.400000000000091,1654.2,,,75.9,12.4,0.0,0.0,0.0,456.25,1.8,3.8,3.3,3.8828,0.5313,0.0,0.0,0.0,0.0,0.0,0.0,0.0,0.0,0.0,0.0,0.3457,0.0,0.0,0.0,0.0,0.159,0.2998,0.2135,0.0608,0.0377,0.0156,0.0113,1.36,15.5,6.37,52.62,18.22,0,MOD-00632,2025-04-15T07:46:29,2025-04-15T00:46:29,https://api.quant-aq.com/v1/devices/MOD-00632/data/raw/363493722
0,650.2,32.39999999999998,682.6,1246.2,664.7,0.8999999999999773,665.6,1646.9,0.7999999999999545,1647.7,1647.2,6.399999999999864,1654.1,,,75.9,12.4,0.0,0.0,0.0,435.75,1.5,3.1,2.7,4.1591,0.5983,0.0085,0.0,0.0,0.0,0.0,0.0,0.0,0.0,0.0,0.0,0.4628,0.0,0.0,0.0,0.0,0.1851,0.2305,0.1937,0.1145,0.0286,0.0165,0.0,1.45,16.84,6.62,52.56,18.25,0,MOD-00632,2025-04-15T07:45:29,2025-04-15T00:45:29,https://api.quant-aq.com/v1/devices/MOD-00632/data/raw/363493724
0,649.5,33.299999999999955,682.8,1249.9,665.4,0.8999999999999773,666.3,1646.5,1.2000000000000455,1647.7,1647.3,6.599999999999909,1654.3,,,75.8,12.4,0.0,0.0,0.0,406.5,1.3,2.5,2.3,3.9894,0.5475,0.0077,0.0,0.0,0.0,0.0,0.0,0.0,0.0,0.0,0.0,0.4299,0.0,0.0,0.0,0.0,0.1613,0.2664,0.2153,0.058,0.0424,0.0191,0.0,1.41,16.47,6.34,52.58,18.25,0,MOD-00632,2025-04-15T07:44:29,2025-04-15T00:44:29,https://api.quant-aq.com/v1/devices/MOD-00632/data/raw/363491423
0,649.6,33.10000000000002,682.7,1247.0,665.2,0.8999999999999773,666.1,1646.7,1.099999999999909,1647.8,1647.2,6.600000000000136,1654.4,,,75.8,12.4,0.0,0.0,0.0,490.25,1.9,4.0,3.2,4.3422,0.6506,0.0039,0.0,0.0,0.0,0.0,0.0,0.0,0.0,0.0,0.0,0.4318,0.0,0.0,0.0,0.0,0.151,0.2492,0.1783,0.0789,0.004,0.016,0.0079,1.44,14.01,5.71,52.53,18.24,0,MOD-00632,2025-04-15T07:43:29,2025-04-15T00:43:29,https://api.quant-aq.com/v1/devices/MOD-00632/data/raw/363491424
0,649.6,32.19999999999993,681.8,1249.2,664.8,0.8000000000000682,665.6,1646.8,0.900000000000091,1647.7,1647.5,6.399999999999864,1654.1,,,75.7,12.4,0.0,0.0,0.0,413.75,1.8,2.8,2.8,3.9784,0.6047,0.0,0.0,0.0,0.0,0.0,0.0,0.0,0.0,0.0,0.0,0.4734,0.0,0.0,0.0,0.0,0.1278,0.2755,0.2913,0.0805,0.0169,0.0212,0.0084,1.48,15.68,7.07,52.52,18.24,0,MOD-00632,2025-04-15T07:42:29,2025-04-15T00:42:29,https://api.quant-aq.com/v1/devices/MOD-00632/data/raw/363491425
0,648.9,33.30000000000007,682.2,1250.9,665.1,1.1999999999999318,666.3,1646.6,0.8000000000001819,1647.4,1647.2,6.699999999999818,1654.1,,,75.7,12.4,0.0,0.0,0.0,382.0,1.6,2.8,2.6,4.3935,0.6005,0.0,0.0,0.0,0.0,0.0,0.0,0.0,0.0,0.0,0.0,0.3954,0.0,0.0,0.0,0.0,0.1376,0.2291,0.25,0.0753,0.0501,0.0252,0.004,1.41,16.36,6.85,52.48,18.24,0,MOD-00632,2025-04-15T07:41:29,2025-04-15T00:41:29,https://api.quant-aq.com/v1/devices/MOD-00632/data/raw/363491422
0,649.5,33.10000000000002,682.6,1251.2,665.3,0.8000000000000682,666.1,1646.6,1.0,1647.6,1647.0,6.5,1654.1,,,75.8,12.4,0.0,0.0,0.0,472.75,2.0,4.1,3.3,4.0564,0.6109,0.0,0.0,0.0,0.0,0.0,0.0,0.0,0.0,0.0,0.0,0.4244,0.0,0.0,0.0,0.0,0.1926,0.2436,0.1816,0.0776,0.0422,0.027,0.0076,1.42,16.43,6.37,52.54,18.25,0,MOD-00632,2025-04-15T07:40:29,2025-04-15T00:40:29,https://api.quant-aq.com/v1/devices/MOD-00632/data/raw/363489142
0,649.8,32.90000000000009,682.7,1250.1,665.8,1.1000000000000227,666.9,1646.7,1.099999999999909,1647.8,1647.2,6.400000000000091,1654.2,,,75.8,12.4,0.0,0.0,0.0,426.5,1.9,3.3,3.0,4.3433,0.7059,0.004,0.0,0.0,0.0,0.0,0.0,0.0,0.0,0.0,0.0,0.3615,0.0,0.0,0.0,0.0,0.1941,0.2905,0.2777,0.0743,0.0156,0.0156,0.004,1.54,15.18,6.97,52.53,18.22,0,MOD-00632,2025-04-15T07:39:29,2025-04-15T00:39:29,https://api.quant-aq.com/v1/devices/MOD-00632/data/raw/363489144
0,649.5,32.89999999999998,682.4,1250.5,665.2,0.8999999999999773,666.1,1646.5,1.0,1647.5,1647.0,6.599999999999909,1654.1,,,75.8,12.4,0.0,0.0,0.0,429.25,1.4,3.0,2.6,3.9484,0.5423,0.0,0.0,0.0,0.0,0.0,0.0,0.0,0.0,0.0,0.0,0.4612,0.0,0.0,0.0,0.0,0.1449,0.2487,0.2132,0.1001,0.0321,0.0244,0.008,1.4,16.47,6.71,52.52,18.22,0,MOD-00632,2025-04-15T07:38:29,2025-04-15T00:38:29,https://api.quant-aq.com/v1/devices/MOD-00632/data/raw/363489143
0,650.1,32.19999999999993,682.3,1248.1,665.1,1.0,666.1,1646.6,1.0,1647.6,1647.5,6.800000000000182,1654.4,,,75.8,12.4,0.0,0.0,0.0,428.0,1.5,3.2,2.8,4.2373,0.5487,0.0,0.0,0.0,0.0,0.0,0.0,0.0,0.0,0.0,0.0,0.42,0.0,0.0,0.0,0.0,0.1342,0.2168,0.257,0.0789,0.0238,0.0117,0.0079,1.39,13.8,6.41,52.55,18.25,0,MOD-00632,2025-04-15T07:37:29,2025-04-15T00:37:29,https://api.quant-aq.com/v1/devices/MOD-00632/data/raw/363489145
0,649.4,33.30000000000007,682.7,1250.0,665.3,0.8000000000000682,666.1,1646.6,1.1000000000001364,1647.7,1647.1,6.599999999999909,1654.3,,,75.9,12.4,0.0,0.0,0.0,486.75,1.9,3.7,3.7,4.2055,0.5758,0.0039,0.0,0.0038,0.0,0.0,0.0,0.0,0.0,0.0,0.0,0.3708,0.0,0.0,0.0,0.0,0.1816,0.2262,0.2314,0.0694,0.0114,0.0074,0.0,1.4,14.1,5.92,52.56,18.27,0,MOD-00632,2025-04-15T07:36:29,2025-04-15T00:36:29,https://api.quant-aq.com/v1/devices/MOD-00632/data/raw/363486863
0,649.9,31.899999999999977,681.8,1248.8,665.5,0.7999999999999545,666.3,1646.5,1.2000000000000455,1647.7,1647.1,6.599999999999909,1654.3,,,75.8,12.4,0.0,0.0,0.0,457.75,1.6,4.1,3.2,4.2219,0.6146,0.0,0.0,0.0,0.0,0.0,0.0,0.0,0.0,0.0,0.0,0.4125,0.0,0.0,0.0,0.0,0.1159,0.2685,0.245,0.09,0.0301,0.0227,0.0038,1.42,15.13,6.84,52.58,18.27,0,MOD-00632,2025-04-15T07:35:29,2025-04-15T00:35:29,https://api.quant-aq.com/v1/devices/MOD-00632/data/raw/363486864
0,648.7,33.69999999999993,682.4,1248.9,664.6,1.1000000000000227,665.7,1646.9,0.7999999999999545,1647.7,1647.4,6.7000000000000455,1654.4,,,75.8,12.4,0.0,0.0,0.0,534.25,2.1,4.2,3.3,3.7008,0.6169,0.0037,0.0,0.0,0.0,0.0,0.0,0.0,0.0,0.0,0.0,0.4581,0.0,0.0,0.0,0.0,0.1671,0.2459,0.2426,0.0527,0.0075,0.0075,0.0075,1.41,12.86,5.89,52.55,18.27,0,MOD-00632,2025-04-15T07:34:29,2025-04-15T00:34:29,https://api.quant-aq.com/v1/devices/MOD-00632/data/raw/363486861
0,649.7,33.19999999999993,682.9,1250.5,665.8,0.900000000000091,666.7,1646.3,1.2999999999999545,1647.6,1647.2,6.600000000000136,1654.2,,,75.7,12.4,0.0,0.0,0.0,522.25,2.3,4.4,3.5,3.9887,0.5612,0.0037,0.0,0.0037,0.0,0.0,0.0,0.0,0.0,0.0,0.0,0.434,0.0,0.0,0.0,0.0,0.1853,0.2732,0.253,0.0559,0.0292,0.0149,0.0036,1.46,17.36,6.55,52.57,18.28,0,MOD-00632,2025-04-15T07:33:29,2025-04-15T00:33:29,https://api.quant-aq.com/v1/devices/MOD-00632/data/raw/363486862
0,648.7,34.0,682.7,1249.9,665.3,1.1000000000000227,666.4,1646.8,0.900000000000091,1647.7,1647.1,6.599999999999909,1654.3,,,75.8,12.4,0.0,0.0,0.0,446.0,1.4,3.2,2.8,4.4664,0.6499,0.0,0.0,0.0,0.0,0.0,0.0,0.0,0.0,0.0,0.0,0.5211,0.0,0.0,0.0,0.0,0.1764,0.2917,0.185,0.075,0.043,0.0272,0.004,1.57,15.9,6.72,52.6,18.25,0,MOD-00632,2025-04-15T07:32:29,2025-04-15T00:32:29,https://api.quant-aq.com/v1/devices/MOD-00632/data/raw/363484580
0,649.8,33.40000000000009,683.2,1247.7,665.0,0.7999999999999545,665.8,1646.7,1.0,1647.7,1647.4,6.599999999999909,1654.3,,,75.9,12.4,0.0,0.0,0.0,451.0,1.8,3.5,3.2,4.5546,0.6167,0.0,0.0,0.0,0.0,0.0,0.0,0.0,0.0,0.0,0.0,0.5141,0.0,0.0,0.0,0.0,0.1436,0.2795,0.2735,0.0705,0.0456,0.0288,0.0041,1.58,17.19,7.38,52.65,18.27,0,MOD-00632,2025-04-15T07:31:29,2025-04-15T00:31:29,https://api.quant-aq.com/v1/devices/MOD-00632/data/raw/363484578
0,650.6,32.39999999999998,683.0,1250.4,664.6,0.7999999999999545,665.4,1646.7,1.0,1647.7,1647.2,6.599999999999909,1654.3,,,76.0,12.4,0.0,0.0,0.0,441.5,2.0,4.2,3.3,4.2337,0.6894,0.0041,0.0,0.0,0.0,0.0,0.0,0.0,0.0,0.0,0.0,0.5148,0.0,0.0,0.0,0.0,0.1769,0.2718,0.2677,0.0865,0.049,0.0166,0.0083,1.59,18.95,7.53,52.65,18.27,0,MOD-00632,2025-04-15T07:30:29,2025-04-15T00:30:29,https://api.quant-aq.com/v1/devices/MOD-00632/data/raw/363484579
0,650.2,33.19999999999993,683.4,1250.4,665.7,0.8999999999999773,666.6,1646.6,1.1000000000001364,1647.7,1647.3,6.399999999999864,1654.1,,,75.9,12.4,0.0,0.0,0.0,480.25,1.8,5.2,3.8,4.6206,0.6128,0.0,0.0,0.0,0.0,0.0,0.0,0.0,0.0,0.0,0.0,0.4206,0.0,0.0,0.0,0.0,0.2238,0.2686,0.2155,0.062,0.0288,0.0374,0.0041,1.55,16.36,6.64,52.6,18.28,0,MOD-00632,2025-04-15T07:29:29,2025-04-15T00:29:29,https://api.quant-aq.com/v1/devices/MOD-00632/data/raw/363484581
0,649.2,33.799999999999955,683.0,1250.0,665.3,0.8000000000000682,666.1,1646.8,0.900000000000091,1647.7,1647.2,6.399999999999864,1654.1,,,75.9,12.4,0.0,0.0,0.0,455.0,2.1,3.8,3.4,4.3282,0.6862,0.0,0.0,0.0,0.0039,0.0,0.0,0.0,0.0,0.0,0.0,0.4012,0.0,0.0,0.0,0.0,0.1667,0.2775,0.2616,0.0946,0.0239,0.0283,0.0038,1.52,18.86,7.22,52.55,18.27,0,MOD-00632,2025-04-15T07:28:29,2025-04-15T00:28:29,https://api.quant-aq.com/v1/devices/MOD-00632/data/raw/363482339
0,649.7,33.5,683.2,1253.7,665.5,0.8999999999999773,666.4,1646.4,1.199999999999818,1647.6,1647.2,6.5,1654.1,,,75.9,12.4,0.0,0.0,0.0,420.5,1.3,3.4,3.0,4.4111,0.5969,0.0,0.0,0.0,0.0,0.0,0.0,0.0,0.0,0.0,0.0,0.4579,0.0,0.0,0.0,0.0,0.2341,0.2568,0.3182,0.1022,0.029,0.0165,0.0082,1.62,16.98,7.93,52.58,18.29,0,MOD-00632,2025-04-15T07:27:29,2025-04-15T00:27:29,https://api.quant-aq.com/v1/devices/MOD-00632/data/raw/363482338
0,650.4,32.80000000000007,683.2,1248.8,664.9,0.8000000000000682,665.7,1646.7,1.0,1647.7,1647.0,6.5,1654.2,,,75.9,12.4,0.0,0.0,0.0,484.5,2.2,4.2,3.6,4.0243,0.7105,0.0,0.0,0.0,0.0,0.0,0.0,0.0,0.0,0.0,0.0,0.4978,0.0,0.0,0.0,0.0,0.189,0.2505,0.2493,0.0683,0.0281,0.028,0.0,1.54,14.32,6.78,52.58,18.29,0,MOD-00632,2025-04-15T07:26:29,2025-04-15T00:26:29,https://api.quant-aq.com/v1/devices/MOD-00632/data/raw/363482341
0,650.1,32.89999999999998,683.0,1248.6,665.2,0.7999999999999545,666.0,1646.7,1.0,1647.7,1647.3,6.599999999999909,1654.3,,,75.9,12.4,0.0,0.0,0.0,413.75,1.6,3.6,3.0,4.3913,0.7384,0.0,0.0,0.0,0.0,0.0,0.0,0.0,0.0,0.0,0.0,0.5325,0.0,0.0,0.0,0.0,0.1896,0.3483,0.2667,0.0815,0.0203,0.0329,0.0041,1.71,16.88,7.65,52.59,18.28,0,MOD-00632,2025-04-15T07:25:29,2025-04-15T00:25:29,https://api.quant-aq.com/v1/devices/MOD-00632/data/raw/363482340
0,649.6,33.60000000000002,683.2,1251.3,665.6,0.7999999999999545,666.4,1646.6,1.2000000000000455,1647.8,1647.2,6.5,1654.3,,,75.9,12.4,0.0,0.0,0.0,453.0,1.4,3.8,2.9,4.5043,0.6793,0.0,0.0,0.0,0.0,0.0,0.0,0.0,0.0,0.0,0.0,0.5523,0.0,0.0,0.0,0.0,0.1516,0.3032,0.2456,0.1185,0.021,0.0255,0.0044,1.64,16.79,7.58,52.59,18.28,0,MOD-00632,2025-04-15T07:24:29,2025-04-15T00:24:29,https://api.quant-aq.com/v1/devices/MOD-00632/data/raw/363480052
0,648.7,34.299999999999955,683.0,1249.1,665.2,0.6999999999999318,665.9,1646.6,1.2000000000000455,1647.8,1647.3,6.400000000000091,1654.2,,,75.9,12.4,0.0,0.0,0.0,448.25,1.9,3.6,3.3,4.5673,0.7206,0.0,0.0,0.0041,0.0,0.0,0.0,0.0,0.0,0.0,0.0,0.4382,0.0,0.0,0.0,0.0,0.1938,0.3349,0.2408,0.0629,0.0379,0.0168,0.0045,1.63,17.72,7.12,52.59,18.29,0,MOD-00632,2025-04-15T07:23:29,2025-04-15T00:23:29,https://api.quant-aq.com/v1/devices/MOD-00632/data/raw/363480049
0,649.8,33.10000000000002,682.9,1250.1,666.0,0.7000000000000455,666.7,1646.6,1.2000000000000455,1647.8,1647.3,6.600000000000136,1654.4,,,75.9,12.4,0.0,0.0,0.0,507.0,1.8,4.7,3.3,4.408,0.6083,0.0,0.004,0.0,0.0,0.0,0.0,0.0,0.0,0.0,0.0,0.5212,0.0,0.0,0.0,0.0,0.2381,0.3223,0.2381,0.0436,0.0198,0.0198,0.004,1.66,15.74,6.69,52.56,18.31,0,MOD-00632,2025-04-15T07:22:29,2025-04-15T00:22:29,https://api.quant-aq.com/v1/devices/MOD-00632/data/raw/363480051
0,649.6,33.89999999999998,683.5,1249.3,664.8,0.900000000000091,665.7,1646.6,1.2000000000000455,1647.8,1647.3,6.2999999999999545,1654.1,,,75.8,12.4,0.0,0.0,0.0,559.25,2.3,4.9,4.2,4.4496,0.5844,0.0,0.0,0.0,0.0,0.0,0.0,0.0,0.0,0.0,0.0,0.4688,0.0,0.0,0.0,0.0,0.1791,0.2345,0.2144,0.0739,0.0428,0.0388,0.0,1.49,16.45,6.71,52.52,18.29,0,MOD-00632,2025-04-15T07:21:29,2025-04-15T00:21:29,https://api.quant-aq.com/v1/devices/MOD-00632/data/raw/363480050
0,650.1,33.0,683.1,1250.6,665.1,0.7999999999999545,665.9,1646.4,1.3999999999998636,1647.8,1646.9,6.5,1654.3,,,75.8,12.5,0.0,0.0,0.0,442.5,1.4,3.0,2.8,4.2601,0.6051,0.0,0.0,0.0,0.0,0.0,0.0,0.0,0.0,0.0,0.0,0.4178,0.0,0.0,0.0,0.0,0.1486,0.2065,0.2216,0.0724,0.0381,0.019,0.0039,1.39,14.07,6.24,52.52,18.29,0,MOD-00632,2025-04-15T07:20:29,2025-04-15T00:20:29,https://api.quant-aq.com/v1/devices/MOD-00632/data/raw/363477774
0,648.3,34.80000000000007,683.1,1249.0,665.8,0.7000000000000455,666.5,1646.6,1.1000000000001364,1647.7,1647.3,6.5,1654.2,,,75.8,12.5,0.0,0.0,0.0,436.0,1.7,3.5,2.8,4.7569,0.6361,0.0082,0.0,0.0,0.0,0.0,0.0,0.0,0.0,0.0,0.0,0.515,0.0,0.0,0.0,0.0,0.2249,0.2779,0.2363,0.0941,0.0453,0.025,0.0,1.66,19.5,7.53,52.55,18.32,0,MOD-00632,2025-04-15T07:19:29,2025-04-15T00:19:29,https://api.quant-aq.com/v1/devices/MOD-00632/data/raw/363477775
0,648.9,34.10000000000002,683.0,1249.7,664.5,0.7999999999999545,665.3,1646.6,1.2000000000000455,1647.8,1647.3,6.600000000000136,1654.4,,,75.8,12.5,0.0,0.0,0.0,492.0,1.9,4.2,3.6,4.5576,0.726,0.0041,0.0,0.0,0.0,0.0,0.0,0.0,0.0,0.0,0.0,0.438,0.0,0.0,0.0,0.0,0.1902,0.2342,0.2843,0.0804,0.0259,0.0255,0.0172,1.57,20.94,7.24,52.51,18.31,0,MOD-00632,2025-04-15T07:18:29,2025-04-15T00:18:29,https://api.quant-aq.com/v1/devices/MOD-00632/data/raw/363477772
0,650.1,32.5,682.6,1249.3,665.7,0.8999999999999773,666.6,1646.7,1.0,1647.7,1647.2,6.5,1654.2,,,75.8,12.5,0.0,0.0,0.0,439.25,1.2,3.1,2.7,4.7504,0.6796,0.0,0.0,0.0,0.0,0.0,0.0,0.0,0.0,0.0,0.0,0.5138,0.0,0.0,0.0,0.0,0.2224,0.251,0.2304,0.1274,0.0287,0.0082,0.0083,1.65,15.42,7.42,52.48,18.31,0,MOD-00632,2025-04-15T07:17:29,2025-04-15T00:17:29,https://api.quant-aq.com/v1/devices/MOD-00632/data/raw/363477773
0,648.5,34.200000000000045,682.7,1249.1,665.1,0.8999999999999773,666.0,1646.6,1.300000000000182,1647.9,1647.2,6.199999999999818,1654.1,,,75.7,12.5,0.0,0.0,0.0,373.5,1.3,1.7,1.7,4.1796,0.6801,0.0039,0.0,0.0,0.0,0.0,0.0,0.0,0.0,0.0,0.0,0.4025,0.0,0.0,0.0,0.0,0.2481,0.242,0.2866,0.0855,0.0405,0.0122,0.0,1.55,15.59,7.4,52.5,18.29,0,MOD-00632,2025-04-15T07:16:29,2025-04-15T00:16:29,https://api.quant-aq.com/v1/devices/MOD-00632/data/raw/363475504
0,649.8,33.30000000000007,683.1,1246.9,665.7,0.7999999999999545,666.5,1646.6,1.0,1647.6,1647.3,6.5,1654.1,,,75.8,12.5,0.0,0.0,0.0,488.5,2.2,4.0,3.3,4.2951,0.6974,0.0039,0.0,0.0038,0.0,0.0,0.0,0.0,0.0,0.0,0.0,0.4963,0.0,0.0,0.0,0.0,0.1555,0.2569,0.2648,0.1026,0.0515,0.0159,0.008,1.55,21.95,7.61,52.49,18.32,0,MOD-00632,2025-04-15T07:15:29,2025-04-15T00:15:29,https://api.quant-aq.com/v1/devices/MOD-00632/data/raw/363475503
0,648.2,33.799999999999955,682.0,1241.2,665.2,0.6999999999999318,665.9,1646.7,1.2000000000000455,1647.9,1647.2,6.399999999999864,1654.3,,,75.8,12.5,0.0,0.0,0.0,513.25,2.2,4.3,3.7,3.9193,0.6737,0.0036,0.0,0.0,0.0,0.0,0.0,0.0,0.0,0.0,0.0,0.4442,0.0,0.0,0.0,0.0,0.2331,0.2479,0.1839,0.0921,0.019,0.0158,0.0077,1.48,15.46,6.31,52.53,18.32,0,MOD-00632,2025-04-15T07:14:29,2025-04-15T00:14:29,https://api.quant-aq.com/v1/devices/MOD-00632/data/raw/363475505
0,649.1,33.19999999999993,682.3,1248.0,665.2,0.7999999999999545,666.0,1646.3,1.400000000000091,1647.7,1647.1,6.399999999999864,1654.1,,,75.7,12.5,0.0,0.0,0.0,437.75,1.5,3.3,2.7,4.4026,0.6354,0.0,0.0,0.0,0.0,0.0,0.0,0.0,0.0,0.0,0.0,0.4385,0.0,0.0,0.0,0.0,0.1807,0.3029,0.2229,0.0946,0.0282,0.0238,0.008,1.55,16.53,7.09,52.5,18.33,0,MOD-00632,2025-04-15T07:13:29,2025-04-15T00:13:29,https://api.quant-aq.com/v1/devices/MOD-00632/data/raw/363475502
0,649.1,33.19999999999993,682.3,1248.2,665.7,0.7999999999999545,666.5,1646.6,1.2000000000000455,1647.8,1647.1,6.5,1654.3,,,75.8,12.5,0.0,0.0,0.0,463.25,1.7,3.7,3.1,4.6388,0.6481,0.0037,0.0,0.0,0.0,0.0,0.0,0.0,0.0,0.0,0.0,0.4193,0.0,0.0,0.0,0.0,0.1876,0.2358,0.1867,0.0844,0.0305,0.0117,0.0037,1.49,14.23,6.21,52.51,18.32,0,MOD-00632,2025-04-15T07:12:29,2025-04-15T00:12:29,https://api.quant-aq.com/v1/devices/MOD-00632/data/raw/363473149
0,650.8,32.10000000000002,682.9,1249.4,665.1,0.7999999999999545,665.9,1646.6,1.2000000000000455,1647.8,1647.2,6.400000000000091,1654.2,,,75.8,12.5,0.0,0.0,0.0,455.75,1.7,3.6,3.1,4.4911,0.657,0.0083,0.0,0.0,0.0,0.0,0.0,0.0,0.0,0.0,0.0,0.4768,0.0,0.0,0.0,0.0,0.1741,0.2285,0.2002,0.0723,0.0205,0.0204,0.004,1.5,16.7,6.1,52.51,18.32,0,MOD-00632,2025-04-15T07:11:29,2025-04-15T00:11:29,https://api.quant-aq.com/v1/devices/MOD-00632/data/raw/363473147
0,649.6,33.299999999999955,682.9,1245.4,665.3,0.7000000000000455,666.0,1646.6,1.300000000000182,1647.9,1647.2,6.5,1654.4,,,75.8,12.5,0.0,0.0,0.0,534.75,2.4,3.9,3.6,4.0264,0.7376,0.0073,0.0,0.0,0.0,0.0,0.0,0.0,0.0,0.0,0.0,0.5124,0.0,0.0,0.0,0.0,0.1857,0.317,0.2636,0.0463,0.0356,0.024,0.0074,1.61,19.28,7.08,52.53,18.36,0,MOD-00632,2025-04-15T07:10:29,2025-04-15T00:10:29,https://api.quant-aq.com/v1/devices/MOD-00632/data/raw/363473146
0,649.4,33.89999999999998,683.3,1245.9,664.8,0.8000000000000682,665.6,1646.6,1.2000000000000455,1647.8,1647.2,6.7000000000000455,1654.5,,,75.7,12.5,0.0,0.0,0.0,462.0,1.7,4.5,3.1,4.6739,0.6556,0.0,0.0,0.0,0.0,0.0,0.0,0.0,0.0,0.0,0.0,0.4533,0.0,0.0,0.0,0.0,0.163,0.2714,0.2598,0.0854,0.0233,0.0312,0.0,1.57,15.18,7.12,52.46,18.36,0,MOD-00632,2025-04-15T07:09:29,2025-04-15T00:09:29,https://api.quant-aq.com/v1/devices/MOD-00632/data/raw/363473148
0,650.4,33.39999999999998,683.8,1246.0,666.0,0.5,666.5,1646.6,1.400000000000091,1648.0,1647.2,6.400000000000091,1654.4,,,75.7,12.5,0.0,0.0,0.0,550.25,2.3,5.2,4.2,4.2571,0.6721,0.0,0.0,0.0,0.0,0.0,0.0,0.0,0.0,0.0,0.0,0.5259,0.0,0.0,0.0,0.0,0.2139,0.3093,0.2628,0.0447,0.0145,0.0188,0.0074,1.65,13.97,6.75,52.43,18.35,0,MOD-00632,2025-04-15T07:08:29,2025-04-15T00:08:29,https://api.quant-aq.com/v1/devices/MOD-00632/data/raw/363470924
0,649.6,33.60000000000002,683.2,1249.0,665.2,0.5,665.7,1646.7,1.2999999999999545,1648.0,1647.3,6.5,1654.5,,,75.6,12.5,0.0,0.0,0.0,587.5,2.3,4.8,4.2,4.4278,0.6882,0.0069,0.0,0.0,0.0,0.0,0.0,0.0,0.0,0.0,0.0,0.4633,0.0,0.0,0.0,0.0,0.2093,0.3147,0.2253,0.1021,0.0255,0.0154,0.0035,1.62,17.36,7.25,52.46,18.36,0,MOD-00632,2025-04-15T07:07:29,2025-04-15T00:07:29,https://api.quant-aq.com/v1/devices/MOD-00632/data/raw/363470922
0,650.0,34.10000000000002,684.1,1246.9,665.6,0.8999999999999773,666.5,1646.6,1.400000000000091,1648.0,1647.2,6.400000000000091,1654.4,,,75.6,12.5,0.0,0.0,0.0,491.0,1.7,4.1,3.6,4.4912,0.681,0.0,0.0,0.0,0.0,0.0,0.0,0.0,0.0,0.0,0.0,0.5126,0.0,0.0,0.0,0.0,0.2068,0.2937,0.2309,0.0989,0.0207,0.0288,0.0122,1.64,18.24,7.3,52.41,18.35,0,MOD-00632,2025-04-15T07:06:29,2025-04-15T00:06:29,https://api.quant-aq.com/v1/devices/MOD-00632/data/raw/363470919
0,650.0,33.39999999999998,683.4,1248.4,665.2,0.7999999999999545,666.0,1646.8,1.2999999999999545,1648.1,1647.2,6.300000000000182,1654.4,,,75.6,12.5,0.0,0.0,0.0,587.25,2.6,4.3,4.1,4.7841,0.6914,0.0,0.0,0.0,0.0,0.0,0.0,0.0,0.0,0.0,0.0,0.4298,0.0,0.0,0.0,0.0,0.2218,0.2847,0.2476,0.0816,0.0288,0.0163,0.0042,1.63,14.47,7.12,52.43,18.36,0,MOD-00632,2025-04-15T07:05:29,2025-04-15T00:05:29,https://api.quant-aq.com/v1/devices/MOD-00632/data/raw/363470920
0,648.8,33.80000000000007,682.6,1249.5,665.3,0.6000000000000227,665.9,1646.8,1.2000000000000455,1648.0,1647.4,6.400000000000091,1654.4,,,75.5,12.5,0.0,0.0,0.0,513.5,2.1,4.2,3.3,4.8056,0.8275,0.0,0.0,0.0,0.0,0.0,0.0,0.0,0.0,0.0,0.0,0.492,0.0,0.0,0.0,0.0,0.1867,0.334,0.2781,0.0966,0.0417,0.0413,0.0,1.75,18.97,8.27,52.4,18.35,0,MOD-00632,2025-04-15T07:04:29,2025-04-15T00:04:29,https://api.quant-aq.com/v1/devices/MOD-00632/data/raw/363468607
0,649.3,33.90000000000009,683.2,1248.5,665.5,0.7999999999999545,666.3,1646.7,1.2000000000000455,1647.9,1647.2,6.5,1654.4,,,75.5,12.5,0.0,0.0,0.0,501.0,1.8,3.1,2.9,4.5005,0.5593,0.0,0.0,0.0,0.0,0.0,0.0,0.0,0.0,0.0,0.0,0.4672,0.0,0.0,0.0,0.0,0.1695,0.3012,0.2145,0.0881,0.0165,0.0162,0.008,1.54,14.33,6.67,52.36,18.33,0,MOD-00632,2025-04-15T07:03:29,2025-04-15T00:03:29,https://api.quant-aq.com/v1/devices/MOD-00632/data/raw/363468605
0,648.7,34.19999999999993,682.9,1249.9,665.3,0.8000000000000682,666.1,1646.7,1.2999999999999545,1648.0,1647.8,6.599999999999909,1654.6,,,75.5,12.5,0.0,0.0,0.0,465.5,1.8,3.3,2.9,4.0459,0.6985,0.0,0.0,0.0,0.0,0.0,0.0,0.0,0.0,0.0,0.0,0.4527,0.0,0.0,0.0,0.0,0.1435,0.2846,0.2686,0.0623,0.0312,0.035,0.0079,1.5,17.77,7.04,52.42,18.36,0,MOD-00632,2025-04-15T07:02:29,2025-04-15T00:02:29,https://api.quant-aq.com/v1/devices/MOD-00632/data/raw/363468606
0,648.4,34.39999999999998,682.8,1247.9,664.5,0.7000000000000455,665.2,1646.7,1.3999999999998636,1648.1,1647.1,6.300000000000182,1654.4,,,75.5,12.5,0.0,0.0,0.0,465.0,2.0,3.6,3.2,4.6944,0.6345,0.0,0.0,0.0,0.0,0.0,0.0,0.0,0.0,0.0,0.0,0.3771,0.0,0.0,0.0,0.0,0.1734,0.3391,0.2388,0.0687,0.0242,0.0285,0.0042,1.57,15.53,7.0,52.39,18.33,0,MOD-00632,2025-04-15T07:01:29,2025-04-15T00:01:29,https://api.quant-aq.com/v1/devices/MOD-00632/data/raw/363468608
0,648.4,34.10000000000002,682.5,1250.2,666.3,0.5,666.8,1646.8,1.1000000000001364,1647.9,1647.3,6.5,1654.4,,,75.5,12.5,0.0,0.0,0.0,592.75,2.7,5.2,4.4,4.039,0.647,0.0,0.0,0.0,0.0,0.0,0.0,0.0,0.0,0.0,0.0,0.4288,0.0,0.0,0.0,0.0,0.1831,0.2608,0.2386,0.1131,0.0118,0.0233,0.0039,1.48,14.76,6.98,52.39,18.35,0,MOD-00632,2025-04-15T07:00:29,2025-04-15T00:00:29,https://api.quant-aq.com/v1/devices/MOD-00632/data/raw/363466365
0,647.8,35.10000000000002,682.9,1249.5,665.4,0.7000000000000455,666.1,1646.7,1.3999999999998636,1648.1,1647.3,6.100000000000136,1654.2,,,75.4,12.5,0.0,0.0,0.0,443.0,1.6,3.8,2.8,4.6629,0.655,0.0,0.0,0.0,0.0,0.0,0.0,0.0,0.0,0.0,0.0,0.4943,0.0,0.0,0.0,0.0,0.1906,0.3136,0.2522,0.1188,0.0342,0.0129,0.0085,1.66,16.79,7.83,52.41,18.32,0,MOD-00632,2025-04-15T06:59:29,2025-04-14T23:59:29,https://api.quant-aq.com/v1/devices/MOD-00632/data/raw/363466364
0,649.0,34.5,683.5,1250.1,665.4,0.5,665.9,1646.5,1.5,1648.0,1647.5,6.400000000000091,1654.4,,,75.5,12.5,0.0,0.0,0.0,399.0,1.2,3.3,2.2,4.1586,0.7163,0.0,0.0,0.0,0.0,0.0,0.0,0.0,0.0,0.0,0.0,0.4823,0.0,0.0,0.0,0.0,0.2467,0.3009,0.3043,0.1219,0.0382,0.0126,0.0122,1.68,18.82,8.45,52.41,18.35,0,MOD-00632,2025-04-15T06:58:29,2025-04-14T23:58:29,https://api.quant-aq.com/v1/devices/MOD-00632/data/raw/363466363
0,648.9,34.60000000000002,683.5,1248.1,665.0,0.7000000000000455,665.7,1646.5,1.7000000000000455,1648.2,1647.2,6.2000000000000455,1654.4,,,75.6,12.5,0.0,0.0,0.0,514.25,2.3,3.8,2.9,4.4031,0.6308,0.0,0.0041,0.0043,0.0,0.0,0.0,0.0,0.0,0.0,0.0,0.5102,0.0,0.0,0.0,0.0,0.141,0.3069,0.2391,0.0738,0.032,0.0241,0.0,1.56,19.82,6.97,52.36,18.33,0,MOD-00632,2025-04-15T06:57:29,2025-04-14T23:57:29,https://api.quant-aq.com/v1/devices/MOD-00632/data/raw/363466366
0,650.3,33.0,683.3,1250.3,665.0,0.8999999999999773,665.9,1646.6,1.400000000000091,1648.0,1647.3,6.2999999999999545,1654.3,,,75.5,12.5,0.0,0.0,0.0,508.0,1.8,3.7,2.7,4.3594,0.8299,0.0,0.0,0.0043,0.0,0.0,0.0,0.0,0.0,0.0,0.0,0.4892,0.0,0.0,0.0,0.0,0.1732,0.2672,0.2677,0.0865,0.025,0.0449,0.0081,1.62,22.74,7.47,52.36,18.33,0,MOD-00632,2025-04-15T06:56:29,2025-04-14T23:56:29,https://api.quant-aq.com/v1/devices/MOD-00632/data/raw/363464104
0,649.0,34.39999999999998,683.4,1250.1,665.7,0.8999999999999773,666.6,1646.6,1.7000000000000455,1648.3,1647.1,6.2000000000000455,1654.5,,,75.5,12.5,0.0,0.0,0.0,423.25,1.5,2.3,2.3,4.7562,0.703,0.0041,0.0,0.0,0.0,0.0,0.0,0.0,0.0,0.0,0.0,0.5805,0.0,0.0,0.0,0.0,0.2177,0.33,0.264,0.0902,0.033,0.029,0.0,1.78,18.09,7.92,52.37,18.33,0,MOD-00632,2025-04-15T06:55:29,2025-04-14T23:55:29,https://api.quant-aq.com/v1/devices/MOD-00632/data/raw/363464103
0,649.3,33.90000000000009,683.2,1248.7,665.1,0.6000000000000227,665.7,1646.7,1.5,1648.2,1647.3,6.399999999999864,1654.6,,,75.5,12.5,0.0,0.0,0.0,504.75,2.2,4.1,3.7,4.2655,0.6677,0.0,0.0,0.0,0.0,0.0,0.0,0.0,0.0,0.0,0.0,0.5054,0.0,0.0,0.0,0.0,0.227,0.2328,0.2595,0.0818,0.0328,0.0165,0.0166,1.58,17.99,7.12,52.38,18.33,0,MOD-00632,2025-04-15T06:54:29,2025-04-14T23:54:29,https://api.quant-aq.com/v1/devices/MOD-00632/data/raw/363464101
0,648.4,34.700000000000045,683.1,1248.9,665.5,0.7000000000000455,666.2,1646.8,1.400000000000091,1648.2,1647.3,6.399999999999864,1654.6,,,75.5,12.5,0.0,0.0,0.0,509.25,2.0,4.2,3.8,4.1442,0.692,0.0038,0.0,0.0,0.0,0.0,0.0038,0.0,0.0,0.0,0.0,0.4778,0.0,0.0,0.0,0.0,0.2203,0.2758,0.2025,0.0941,0.0116,0.0194,0.0,1.56,16.01,6.58,52.3,18.35,0,MOD-00632,2025-04-15T06:53:29,2025-04-14T23:53:29,https://api.quant-aq.com/v1/devices/MOD-00632/data/raw/363464102
0,649.3,34.0,683.3,1246.3,664.9,0.6000000000000227,665.5,1646.7,1.5,1648.2,1647.2,6.5,1654.7,,,75.4,12.5,0.0,0.0,0.0,593.0,2.7,5.0,4.3,4.1285,0.6696,0.0,0.0,0.0,0.0,0.0,0.0,0.0,0.0,0.0,0.0,0.4868,0.0,0.0,0.0,0.0,0.2025,0.2655,0.2195,0.1177,0.0293,0.0367,0.0107,1.55,19.74,7.41,52.29,18.35,0,MOD-00632,2025-04-15T06:52:29,2025-04-14T23:52:29,https://api.quant-aq.com/v1/devices/MOD-00632/data/raw/363461785
0,648.4,34.700000000000045,683.1,1245.0,665.3,0.8000000000000682,666.1,1646.6,1.6000000000001364,1648.2,1647.4,6.399999999999864,1654.6,,,75.3,12.5,0.0,0.0,0.0,457.0,1.6,4.6,3.0,4.4745,0.7028,0.0041,0.0,0.0,0.0,0.0,0.0,0.0,0.0,0.0,0.0,0.4285,0.0,0.0,0.0,0.0,0.1905,0.2936,0.2507,0.092,0.0201,0.0279,0.0,1.58,16.48,7.21,52.26,18.35,0,MOD-00632,2025-04-15T06:51:29,2025-04-14T23:51:29,https://api.quant-aq.com/v1/devices/MOD-00632/data/raw/363461783
0,648.6,34.69999999999993,683.3,1254.1,665.8,0.5,666.3,1646.8,1.5,1648.3,1647.1,6.100000000000136,1654.4,,,75.3,12.5,0.0,0.0,0.0,473.0,1.7,3.9,3.2,4.2852,0.6541,0.0118,0.0,0.0,0.0,0.0,0.0,0.0,0.0,0.0,0.0,0.408,0.0,0.0,0.0,0.0,0.1849,0.2945,0.1969,0.0686,0.0201,0.0277,0.0,1.5,18.27,6.34,52.25,18.33,0,MOD-00632,2025-04-15T06:50:29,2025-04-14T23:50:29,https://api.quant-aq.com/v1/devices/MOD-00632/data/raw/363461784
0,648.9,35.5,684.4,1250.0,665.2,0.8999999999999773,666.1,1646.7,1.599999999999909,1648.3,1647.4,6.2000000000000455,1654.5,,,75.3,12.5,0.0,0.0,0.0,477.75,1.9,3.0,2.8,4.7091,0.687,0.0081,0.0,0.0,0.0,0.0,0.0,0.0,0.0,0.0,0.0,0.5305,0.0,0.0,0.0,0.0,0.2129,0.3125,0.2506,0.0944,0.0414,0.0165,0.004,1.71,19.43,7.72,52.22,18.33,0,MOD-00632,2025-04-15T06:49:29,2025-04-14T23:49:29,https://api.quant-aq.com/v1/devices/MOD-00632/data/raw/363461786
0,648.9,34.0,682.9,1244.1,664.6,0.7999999999999545,665.4,1646.5,1.7000000000000455,1648.2,1647.2,6.099999999999909,1654.3,,,75.3,12.5,0.0,0.0,0.0,389.75,1.3,2.2,2.2,4.4771,0.7266,0.0,0.0,0.0,0.0,0.0,0.0,0.0,0.0,0.0,0.0,0.4538,0.0,0.0,0.0,0.0,0.1633,0.2661,0.2176,0.0699,0.0532,0.0325,0.0,1.53,16.32,6.92,52.21,18.36,0,MOD-00632,2025-04-15T06:48:29,2025-04-14T23:48:29,https://api.quant-aq.com/v1/devices/MOD-00632/data/raw/363459527
0,649.9,33.5,683.4,1246.7,665.5,0.6000000000000227,666.1,1646.6,1.5,1648.1,1647.2,6.400000000000091,1654.5,,,75.3,12.5,0.0,0.0,0.0,525.75,2.2,4.5,3.8,4.3334,0.6547,0.0038,0.0,0.0,0.0,0.0,0.0,0.0,0.0,0.0,0.0,0.4441,0.0,0.0,0.0,0.0,0.1674,0.2328,0.2415,0.0934,0.0157,0.0157,0.0039,1.48,14.87,6.6,52.25,18.33,0,MOD-00632,2025-04-15T06:47:29,2025-04-14T23:47:29,https://api.quant-aq.com/v1/devices/MOD-00632/data/raw/363459529
0,648.6,34.299999999999955,682.9,1249.6,665.6,0.6000000000000227,666.2,1646.6,1.5,1648.1,1647.2,6.2000000000000455,1654.3,,,75.3,12.5,0.0,0.0,0.0,466.75,1.8,3.5,3.4,3.9765,0.6708,0.0039,0.0,0.0,0.0,0.0,0.0,0.0,0.0,0.0,0.0,0.4654,0.0,0.0,0.0,0.0,0.2956,0.279,0.3158,0.1033,0.0278,0.0198,0.0,1.67,17.1,8.14,52.28,18.31,0,MOD-00632,2025-04-15T06:46:29,2025-04-14T23:46:29,https://api.quant-aq.com/v1/devices/MOD-00632/data/raw/363459528
0,648.3,34.80000000000007,683.1,1248.4,666.2,0.39999999999997726,666.6,1646.5,1.400000000000091,1647.9,1647.2,6.699999999999818,1654.6,,,75.3,12.5,0.0,0.0,0.0,474.0,2.2,3.5,3.2,4.4778,0.7359,0.0043,0.004,0.0,0.0,0.0,0.0,0.0,0.0,0.0,0.0,0.4209,0.0,0.0,0.0,0.0,0.1879,0.2663,0.3013,0.0606,0.0208,0.0,0.0039,1.58,15.63,6.87,52.21,18.33,0,MOD-00632,2025-04-15T06:45:29,2025-04-14T23:45:29,https://api.quant-aq.com/v1/devices/MOD-00632/data/raw/363459526
0,648.9,33.700000000000045,682.6,1246.9,665.5,1.0,666.5,1646.6,1.300000000000182,1647.9,1647.2,6.5,1654.4,,,75.4,12.5,0.0,0.0,0.0,413.75,1.8,4.0,2.2,4.3304,0.6674,0.0043,0.0041,0.0,0.0,0.0,0.0,0.0,0.0,0.0,0.0,0.4766,0.0,0.0,0.0,0.0,0.2064,0.3013,0.2624,0.0978,0.0157,0.0158,0.0078,1.62,19.54,7.35,52.25,18.35,0,MOD-00632,2025-04-15T06:44:29,2025-04-14T23:44:29,https://api.quant-aq.com/v1/devices/MOD-00632/data/raw/363457253
0,648.8,33.80000000000007,682.6,1245.0,665.3,0.8000000000000682,666.1,1646.6,1.400000000000091,1648.0,1647.2,6.5,1654.5,,,75.4,12.5,0.0,0.0,0.0,497.25,2.1,4.2,3.2,4.3761,0.6839,0.0,0.0,0.0,0.0,0.0,0.0,0.0,0.0,0.0,0.0,0.427,0.0,0.0,0.0,0.0,0.2146,0.2634,0.2561,0.0648,0.0163,0.0406,0.0164,1.56,19.86,6.93,52.24,18.35,0,MOD-00632,2025-04-15T06:43:29,2025-04-14T23:43:29,https://api.quant-aq.com/v1/devices/MOD-00632/data/raw/363457255
0,649.1,34.60000000000002,683.7,1244.9,665.4,0.6000000000000227,666.0,1646.7,1.2000000000000455,1647.9,1647.2,6.599999999999909,1654.5,,,75.4,12.5,0.0,0.0,0.0,555.5,2.4,4.2,4.2,3.9744,0.6817,0.0,0.0,0.0,0.0,0.0,0.0,0.0,0.0,0.0,0.0,0.4153,0.0,0.0,0.0,0.0,0.1772,0.2176,0.2113,0.0945,0.0189,0.0151,0.0038,1.41,12.83,6.25,52.28,18.33,0,MOD-00632,2025-04-15T06:42:29,2025-04-14T23:42:29,https://api.quant-aq.com/v1/devices/MOD-00632/data/raw/363457254
0,649.5,34.10000000000002,683.6,1243.0,665.5,0.7000000000000455,666.2,1646.6,1.5,1648.1,1647.2,6.600000000000136,1654.7,,,75.4,12.5,0.0,0.0,0.0,515.75,2.1,4.0,3.6,4.0702,0.6856,0.0037,0.0037,0.0,0.0,0.0,0.0,0.0,0.0,0.0,0.0,0.4006,0.0,0.0,0.0,0.0,0.1525,0.2299,0.2446,0.0888,0.0335,0.0111,0.0037,1.42,17.27,6.65,52.28,18.35,0,MOD-00632,2025-04-15T06:41:29,2025-04-14T23:41:29,https://api.quant-aq.com/v1/devices/MOD-00632/data/raw/363457252
0,649.6,33.5,683.1,1245.5,665.1,0.39999999999997726,665.5,1646.5,1.400000000000091,1647.9,1647.2,6.7999999999999545,1654.7,,,75.4,12.5,0.0,0.0,0.0,480.0,1.7,4.1,3.2,4.2593,0.6379,0.0,0.0,0.0,0.0,0.0,0.0,0.0,0.0,0.0,0.0,0.3739,0.0,0.0,0.0,0.0,0.176,0.2279,0.1681,0.0896,0.03,0.0189,0.0038,1.39,13.44,6.0,52.3,18.32,0,MOD-00632,2025-04-15T06:40:29,2025-04-14T23:40:29,https://api.quant-aq.com/v1/devices/MOD-00632/data/raw/363455015
0,648.0,35.5,683.5,1243.7,665.0,0.7999999999999545,665.8,1646.4,1.699999999999818,1648.1,1647.3,6.600000000000136,1654.7,,,75.4,12.5,0.0,0.0,0.0,539.75,2.4,4.1,3.6,4.3112,0.6756,0.0,0.0,0.0,0.0,0.0,0.0,0.0,0.0,0.0,0.0,0.4906,0.0,0.0,0.0,0.0,0.189,0.2157,0.1962,0.0848,0.0373,0.0222,0.0075,1.5,15.74,6.45,52.31,18.35,0,MOD-00632,2025-04-15T06:39:29,2025-04-14T23:39:29,https://api.quant-aq.com/v1/devices/MOD-00632/data/raw/363455010
0,649.5,33.89999999999998,683.4,1248.7,665.6,0.6999999999999318,666.3,1646.6,1.400000000000091,1648.0,1647.1,6.5,1654.5,,,75.4,12.5,0.0,0.0,0.0,484.25,1.8,4.6,3.7,4.1364,0.6473,0.0077,0.0,0.0,0.0,0.0,0.0,0.0,0.0,0.0,0.0,0.4597,0.0,0.0,0.0,0.0,0.1691,0.2749,0.2208,0.0903,0.0437,0.0275,0.004,1.5,20.0,7.08,52.29,18.32,0,MOD-00632,2025-04-15T06:38:29,2025-04-14T23:38:29,https://api.quant-aq.com/v1/devices/MOD-00632/data/raw/363455008
0,649.8,33.80000000000007,683.6,1249.3,665.0,0.2999999999999545,665.3,1646.8,1.2000000000000455,1648.0,1647.2,6.599999999999909,1654.6,,,75.4,12.5,0.0,0.0,0.0,507.0,2.1,3.9,3.5,4.5226,0.6397,0.0,0.0,0.0,0.0,0.0,0.0,0.0,0.0,0.0,0.0,0.4136,0.0,0.0,0.0,0.0,0.1903,0.2456,0.2779,0.0911,0.024,0.024,0.0161,1.53,18.78,7.27,52.3,18.32,0,MOD-00632,2025-04-15T06:37:29,2025-04-14T23:37:29,https://api.quant-aq.com/v1/devices/MOD-00632/data/raw/363455012
0,649.1,34.19999999999993,683.3,1246.6,665.6,0.5,666.1,1646.4,1.7999999999999545,1648.2,1647.3,6.599999999999909,1654.8,,,75.4,12.5,0.0,0.0,0.0,631.75,2.7,4.5,4.5,4.2454,0.6788,0.004,0.0,0.0,0.0,0.0,0.0,0.0,0.0,0.0,0.0,0.5089,0.0,0.0,0.0,0.0,0.1883,0.2874,0.1909,0.0493,0.0159,0.0118,0.0077,1.55,13.82,5.91,52.32,18.33,0,MOD-00632,2025-04-15T06:36:29,2025-04-14T23:36:29,https://api.quant-aq.com/v1/devices/MOD-00632/data/raw/363452712
0,647.5,35.299999999999955,682.8,1247.5,665.9,0.5,666.4,1646.8,1.400000000000091,1648.2,1647.1,6.399999999999864,1654.6,,,75.4,12.5,0.0,0.0,0.0,540.5,2.3,4.3,3.8,4.4222,0.6465,0.0039,0.0,0.0,0.0,0.0,0.0,0.0,0.0,0.0,0.0,0.5332,0.0,0.0,0.0,0.0,0.1801,0.3033,0.2148,0.1146,0.0189,0.0192,0.0038,1.61,16.39,7.19,52.3,18.35,0,MOD-00632,2025-04-15T06:35:29,2025-04-14T23:35:29,https://api.quant-aq.com/v1/devices/MOD-00632/data/raw/363452714
0,649.6,33.39999999999998,683.0,1248.5,665.5,0.7000000000000455,666.2,1646.4,1.699999999999818,1648.1,1647.3,6.400000000000091,1654.5,,,75.4,12.5,0.0,0.0,0.0,470.5,1.7,2.8,2.6,4.1403,0.746,0.0,0.0,0.0,0.0,0.0,0.0,0.0,0.0,0.0,0.0,0.557,0.0,0.0,0.0,0.0,0.1723,0.2582,0.2137,0.0599,0.0316,0.0239,0.0079,1.57,15.45,6.46,52.26,18.32,0,MOD-00632,2025-04-15T06:34:29,2025-04-14T23:34:29,https://api.quant-aq.com/v1/devices/MOD-00632/data/raw/363452713
0,647.4,35.200000000000045,682.6,1247.6,665.0,0.6000000000000227,665.6,1646.7,1.599999999999909,1648.3,1647.1,6.100000000000136,1654.4,,,75.3,12.5,0.0,0.0,0.0,488.5,2.0,3.7,2.9,4.6826,0.6798,0.0,0.0042,0.0,0.0,0.0,0.0,0.0,0.0,0.0,0.0,0.4659,0.0,0.0,0.0,0.0,0.2113,0.239,0.2152,0.0789,0.0125,0.0327,0.0082,1.57,18.6,6.51,52.21,18.32,0,MOD-00632,2025-04-15T06:33:29,2025-04-14T23:33:29,https://api.quant-aq.com/v1/devices/MOD-00632/data/raw/363452711
0,647.5,34.700000000000045,682.2,1246.5,665.4,0.7000000000000455,666.1,1646.4,1.699999999999818,1648.1,1647.0,6.300000000000182,1654.4,,,75.3,12.5,0.0,0.0,0.0,429.75,1.9,3.8,2.8,4.7757,0.6411,0.0,0.0,0.0,0.0,0.0,0.0,0.0,0.0,0.0,0.0,0.4269,0.0,0.0,0.0,0.0,0.1451,0.313,0.1964,0.0767,0.0168,0.0088,0.0086,1.54,12.88,6.3,52.21,18.35,0,MOD-00632,2025-04-15T06:32:29,2025-04-14T23:32:29,https://api.quant-aq.com/v1/devices/MOD-00632/data/raw/363450430
0,650.2,33.09999999999991,683.3,1245.2,665.3,0.8000000000000682,666.1,1646.6,1.6000000000001364,1648.2,1647.1,6.5,1654.7,,,75.3,12.5,0.0,0.0,0.0,489.5,1.9,3.7,3.4,4.1288,0.7061,0.0,0.0,0.0,0.0,0.0,0.0,0.0,0.0,0.0,0.0,0.3796,0.0,0.0,0.0,0.0,0.167,0.2571,0.2386,0.088,0.031,0.0388,0.0037,1.45,17.41,6.98,52.18,18.35,0,MOD-00632,2025-04-15T06:31:29,2025-04-14T23:31:29,https://api.quant-aq.com/v1/devices/MOD-00632/data/raw/363450431
0,649.0,34.200000000000045,683.2,1246.6,665.3,0.5,665.8,1646.7,1.3999999999998636,1648.1,1647.1,6.5,1654.6,,,75.3,12.5,0.0,0.0,0.0,515.0,2.0,4.5,3.9,3.9226,0.641,0.0,0.0,0.0,0.0,0.0,0.0,0.0,0.0,0.0,0.0,0.4072,0.0,0.0,0.0,0.0,0.2053,0.1943,0.218,0.0817,0.0332,0.0261,0.0076,1.4,16.02,6.39,52.16,18.37,0,MOD-00632,2025-04-15T06:30:29,2025-04-14T23:30:29,https://api.quant-aq.com/v1/devices/MOD-00632/data/raw/363450432
0,650.3,33.200000000000045,683.5,1244.8,665.0,0.7999999999999545,665.8,1646.7,1.599999999999909,1648.3,1647.2,6.400000000000091,1654.7,,,75.2,12.5,0.0,0.0,0.0,625.0,2.8,4.3,3.9,4.0776,0.6916,0.0,0.0,0.0,0.0,0.0,0.0,0.0,0.0,0.0,0.0,0.4374,0.0,0.0,0.0,0.0,0.1805,0.2702,0.2433,0.0787,0.0303,0.0222,0.0037,1.5,14.89,6.87,52.11,18.35,0,MOD-00632,2025-04-15T06:29:29,2025-04-14T23:29:29,https://api.quant-aq.com/v1/devices/MOD-00632/data/raw/363450429
0,648.2,35.69999999999993,683.9,1245.7,665.3,0.40000000000009095,665.7,1646.5,1.7000000000000455,1648.2,1647.0,6.599999999999909,1654.8,,,75.1,12.5,0.0,0.0,0.0,503.0,2.1,5.0,3.4,4.3476,0.6046,0.0036,0.0,0.0,0.0,0.0,0.0,0.0,0.0,0.0,0.0,0.4436,0.0,0.0,0.0,0.0,0.1921,0.2912,0.2316,0.0917,0.0257,0.0148,0.0036,1.54,15.44,6.95,52.07,18.36,0,MOD-00632,2025-04-15T06:28:29,2025-04-14T23:28:29,https://api.quant-aq.com/v1/devices/MOD-00632/data/raw/363448166
0,648.8,34.700000000000045,683.5,1247.4,665.3,0.8000000000000682,666.1,1646.5,1.599999999999909,1648.1,1647.3,6.600000000000136,1654.7,,,75.0,12.5,0.0,0.0,0.0,434.5,1.5,3.1,2.9,4.5719,0.6298,0.0042,0.0,0.0,0.0,0.0,0.0,0.0,0.0,0.0,0.0,0.5092,0.0,0.0,0.0,0.0,0.1403,0.2515,0.2564,0.0981,0.0287,0.0164,0.0079,1.55,17.53,7.12,52.0,18.33,0,MOD-00632,2025-04-15T06:27:29,2025-04-14T23:27:29,https://api.quant-aq.com/v1/devices/MOD-00632/data/raw/363448165
0,649.2,34.0,683.2,1245.1,666.2,0.5,666.7,1646.6,1.5,1648.1,1647.2,6.7000000000000455,1654.8,,,75.0,12.5,0.0,0.0,0.0,518.25,2.0,4.1,3.7,4.283,0.6249,0.0,0.0,0.0,0.0,0.0,0.0,0.0,0.0,0.0,0.0,0.4376,0.0,0.0,0.0,0.0,0.1951,0.2352,0.218,0.0766,0.0263,0.0301,0.0038,1.48,15.24,6.5,51.99,18.33,0,MOD-00632,2025-04-15T06:26:29,2025-04-14T23:26:29,https://api.quant-aq.com/v1/devices/MOD-00632/data/raw/363448163
0,649.2,34.299999999999955,683.5,1245.0,665.0,0.6000000000000227,665.6,1646.7,1.5,1648.2,1647.1,6.599999999999909,1654.8,,,74.9,12.5,0.0,0.0,0.0,532.25,2.1,4.3,4.2,4.6469,0.6025,0.0041,0.0,0.0,0.0,0.0,0.0,0.0,0.0,0.0,0.0,0.4789,0.0,0.0,0.0,0.0,0.1941,0.2724,0.2771,0.0806,0.0283,0.0121,0.0,1.61,14.69,7.2,51.93,18.35,0,MOD-00632,2025-04-15T06:25:29,2025-04-14T23:25:29,https://api.quant-aq.com/v1/devices/MOD-00632/data/raw/363448164
0,648.9,35.0,683.9,1246.6,665.6,0.6999999999999318,666.3,1646.5,1.5,1648.0,1647.4,6.7999999999999545,1654.8,,,74.8,12.5,0.0,0.0,0.0,510.75,1.9,4.8,3.4,4.443,0.7468,0.0,0.0,0.0,0.0,0.0,0.0,0.0,0.0,0.0,0.0,0.4371,0.0,0.0,0.0,0.0,0.2262,0.2616,0.2501,0.09,0.0274,0.0197,0.0038,1.6,14.93,7.15,51.94,18.36,0,MOD-00632,2025-04-15T06:24:29,2025-04-14T23:24:29,https://api.quant-aq.com/v1/devices/MOD-00632/data/raw/363445870
0,648.5,34.89999999999998,683.4,1245.2,665.5,0.5,666.0,1646.5,1.5,1648.0,1647.2,6.599999999999909,1654.6,,,74.7,12.5,0.0,0.0,0.0,478.5,1.8,3.6,3.0,4.3592,0.6,0.0,0.0,0.0,0.0,0.0,0.0,0.0,0.0,0.0,0.0,0.3779,0.0,0.0,0.0,0.0,0.1555,0.2214,0.2559,0.0506,0.0388,0.0232,0.0118,1.41,16.73,6.42,51.88,18.36,0,MOD-00632,2025-04-15T06:23:29,2025-04-14T23:23:29,https://api.quant-aq.com/v1/devices/MOD-00632/data/raw/363445868
0,647.9,35.30000000000007,683.2,1246.1,665.1,0.5,665.6,1646.7,1.2999999999999545,1648.0,1647.4,6.7000000000000455,1654.7,,,74.7,12.5,0.0,0.0,0.0,451.75,1.6,3.9,3.6,4.193,0.617,0.0,0.0,0.0,0.0,0.0,0.0,0.0,0.0,0.0,0.0,0.3817,0.0,0.0,0.0,0.0,0.1858,0.2303,0.2565,0.0518,0.0236,0.0202,0.0,1.43,12.24,6.26,51.86,18.33,0,MOD-00632,2025-04-15T06:22:29,2025-04-14T23:22:29,https://api.quant-aq.com/v1/devices/MOD-00632/data/raw/363445869
0,648.2,36.0,684.2,1246.7,665.5,0.6000000000000227,666.1,1646.7,1.2999999999999545,1648.0,1647.1,6.599999999999909,1654.6,,,74.8,12.5,0.0,0.0,0.0,428.5,1.8,3.2,3.2,4.6005,0.6307,0.0,0.0,0.0043,0.0,0.0,0.0,0.0,0.0,0.0,0.0,0.4948,0.0,0.0,0.0,0.0,0.2061,0.3109,0.2183,0.0802,0.0167,0.0377,0.0084,1.63,20.7,7.02,51.88,18.32,0,MOD-00632,2025-04-15T06:21:29,2025-04-14T23:21:29,https://api.quant-aq.com/v1/devices/MOD-00632/data/raw/363445871
0,649.5,33.60000000000002,683.1,1248.7,665.2,0.599999999999909,665.8,1646.7,1.2000000000000455,1647.9,1647.2,6.5,1654.4,,,74.8,12.5,0.0,0.0,0.0,425.75,1.3,4.6,3.0,4.3862,0.6179,0.0,0.0,0.0,0.0,0.0,0.0,0.0,0.0,0.0,0.0,0.3787,0.0,0.0,0.0,0.0,0.1808,0.2906,0.2142,0.0888,0.0428,0.0256,0.0042,1.48,16.33,7.0,51.89,18.36,0,MOD-00632,2025-04-15T06:20:29,2025-04-14T23:20:29,https://api.quant-aq.com/v1/devices/MOD-00632/data/raw/363443614
0,648.8,34.30000000000007,683.1,1246.8,665.3,0.8000000000000682,666.1,1646.5,1.5,1648.0,1647.1,6.599999999999909,1654.6,,,74.9,12.5,0.0,0.0,0.0,423.0,1.4,4.7,3.3,4.329,0.6915,0.0,0.0,0.0,0.0,0.0,0.0,0.0,0.0,0.0,0.0,0.3993,0.0,0.0,0.0,0.0,0.2105,0.2408,0.1941,0.0862,0.0348,0.0233,0.0039,1.48,14.89,6.51,51.89,18.36,0,MOD-00632,2025-04-15T06:19:29,2025-04-14T23:19:29,https://api.quant-aq.com/v1/devices/MOD-00632/data/raw/363443616
0,648.2,35.299999999999955,683.5,1246.3,665.6,0.5,666.1,1646.7,1.2999999999999545,1648.0,1647.1,6.7000000000000455,1654.7,,,74.8,12.5,0.0,0.0,0.0,581.5,2.4,4.2,3.9,4.1895,0.6809,0.0,0.0,0.0,0.0,0.0,0.0,0.0,0.0,0.0,0.0,0.4384,0.0,0.0,0.0,0.0,0.1725,0.2501,0.2233,0.1058,0.0357,0.0148,0.011,1.48,16.58,6.97,51.89,18.35,0,MOD-00632,2025-04-15T06:18:29,2025-04-14T23:18:29,https://api.quant-aq.com/v1/devices/MOD-00632/data/raw/363443615
0,648.5,35.10000000000002,683.6,1245.0,665.5,0.8999999999999773,666.4,1646.5,1.400000000000091,1647.9,1647.1,6.599999999999909,1654.5,,,74.8,12.5,0.0,0.0,0.0,495.5,1.9,4.2,3.5,4.4841,0.6715,0.0,0.0042,0.0,0.0,0.0,0.0,0.0,0.0,0.0,0.0,0.4682,0.0,0.0,0.0,0.0,0.192,0.2495,0.2094,0.0916,0.025,0.0418,0.0041,1.54,19.94,6.84,51.88,18.35,0,MOD-00632,2025-04-15T06:17:29,2025-04-14T23:17:29,https://api.quant-aq.com/v1/devices/MOD-00632/data/raw/363443613
0,649.6,34.10000000000002,683.7,1245.6,664.9,0.6000000000000227,665.5,1646.4,1.599999999999909,1648.0,1647.1,6.900000000000091,1654.9,,,74.8,12.5,0.0,0.0,0.0,443.0,1.7,3.0,2.8,4.1952,0.6506,0.0,0.0,0.0,0.0,0.0,0.0,0.0,0.0,0.0,0.0,0.4472,0.0,0.0,0.0,0.0,0.1704,0.3024,0.2384,0.1061,0.0113,0.0386,0.004,1.54,17.0,7.24,51.88,18.36,0,MOD-00632,2025-04-15T06:16:29,2025-04-14T23:16:29,https://api.quant-aq.com/v1/devices/MOD-00632/data/raw/363441326
0,649.2,34.19999999999993,683.4,1243.8,665.4,0.6000000000000227,666.0,1646.6,1.5,1648.1,1647.2,6.7000000000000455,1654.8,,,74.7,12.5,0.0,0.0,0.0,514.25,2.2,3.4,3.3,4.067,0.614,0.0,0.0038,0.0,0.0,0.0,0.0,0.0,0.0,0.0,0.0,0.5061,0.0,0.0,0.0,0.0,0.1918,0.2647,0.187,0.0547,0.0156,0.0154,0.0077,1.5,14.89,5.82,51.83,18.36,0,MOD-00632,2025-04-15T06:15:29,2025-04-14T23:15:29,https://api.quant-aq.com/v1/devices/MOD-00632/data/raw/363441327
0,648.1,35.5,683.6,1245.7,665.5,0.7000000000000455,666.2,1646.6,1.400000000000091,1648.0,1647.2,6.900000000000091,1654.9,,,74.6,12.5,0.0,0.0,0.0,506.25,2.2,4.8,4.2,4.0755,0.6315,0.0039,0.0039,0.0041,0.0,0.0,0.0,0.0,0.0,0.0,0.0,0.4027,0.0,0.0,0.0,0.0,0.1831,0.2386,0.1838,0.0516,0.0079,0.0195,0.0,1.4,17.17,5.41,51.8,18.36,0,MOD-00632,2025-04-15T06:14:29,2025-04-14T23:14:29,https://api.quant-aq.com/v1/devices/MOD-00632/data/raw/363441325
0,648.5,34.89999999999998,683.4,1245.0,665.1,0.5,665.6,1646.5,1.5,1648.0,1647.2,7.0,1655.0,,,74.6,12.5,0.0,0.0,0.0,446.25,1.9,4.4,2.8,4.4884,0.6687,0.0039,0.0,0.0,0.0,0.0,0.0,0.0,0.0,0.0,0.0,0.4082,0.0,0.0,0.0,0.0,0.229,0.2174,0.2418,0.0779,0.0118,0.0194,0.0039,1.52,14.79,6.44,51.77,18.35,0,MOD-00632,2025-04-15T06:13:29,2025-04-14T23:13:29,https://api.quant-aq.com/v1/devices/MOD-00632/data/raw/363441324
0,649.5,34.299999999999955,683.8,1247.8,665.2,0.39999999999997726,665.6,1646.8,1.2999999999999545,1648.1,1647.2,6.7000000000000455,1654.8,,,74.5,12.5,0.0,0.0,0.0,545.75,2.3,4.4,3.6,4.5605,0.6697,0.0,0.0,0.0,0.0,0.0,0.0,0.0,0.0,0.0,0.0,0.4905,0.0,0.0,0.0,0.0,0.2183,0.2877,0.1917,0.049,0.0316,0.0204,0.0043,1.6,13.6,6.28,51.76,18.36,0,MOD-00632,2025-04-15T06:12:29,2025-04-14T23:12:29,https://api.quant-aq.com/v1/devices/MOD-00632/data/raw/363439061
0,648.7,35.19999999999993,683.9,1246.7,665.5,0.6000000000000227,666.1,1646.7,1.3999999999998636,1648.1,1647.2,6.7000000000000455,1654.8,,,74.5,12.5,0.0,0.0,0.0,459.75,2.0,3.8,2.9,4.6475,0.7135,0.0083,0.0,0.0,0.0,0.0,0.0,0.0,0.0,0.0,0.0,0.3968,0.0,0.0,0.0,0.0,0.1934,0.2855,0.2685,0.0962,0.0417,0.0171,0.0042,1.59,19.62,7.61,51.75,18.36,0,MOD-00632,2025-04-15T06:11:29,2025-04-14T23:11:29,https://api.quant-aq.com/v1/devices/MOD-00632/data/raw/363439059
0,648.8,35.80000000000007,684.6,1246.5,665.5,0.5,666.0,1646.6,1.400000000000091,1648.0,1647.5,7.0,1655.0,,,74.5,12.5,0.0,0.0,0.0,431.25,1.7,3.2,2.7,4.1965,0.5974,0.0038,0.0,0.0,0.0,0.0,0.0,0.0,0.0,0.0,0.0,0.3818,0.0,0.0,0.0,0.0,0.1759,0.2871,0.247,0.0558,0.0155,0.0391,0.0158,1.46,20.61,6.64,51.74,18.33,0,MOD-00632,2025-04-15T06:10:29,2025-04-14T23:10:29,https://api.quant-aq.com/v1/devices/MOD-00632/data/raw/363439062
0,648.6,35.19999999999993,683.8,1246.5,665.5,0.5,666.0,1646.6,1.5,1648.1,1647.0,6.7000000000000455,1654.8,,,74.4,12.5,0.0,0.0,0.0,500.75,2.0,3.8,3.2,4.4318,0.6096,0.0043,0.0,0.0,0.0,0.0,0.0,0.0,0.0,0.0,0.0,0.3902,0.0,0.0,0.0,0.0,0.2125,0.2697,0.2321,0.1223,0.0239,0.0204,0.0,1.52,16.26,7.28,51.72,18.37,0,MOD-00632,2025-04-15T06:09:29,2025-04-14T23:09:29,https://api.quant-aq.com/v1/devices/MOD-00632/data/raw/363439060
0,648.1,36.19999999999993,684.3,1248.5,666.0,0.6000000000000227,666.6,1646.6,1.5,1648.1,1647.2,6.600000000000136,1654.7,,,74.4,12.5,0.0,0.0,0.0,466.0,1.7,4.0,3.2,5.1774,0.716,0.0,0.0084,0.0,0.0,0.0,0.0,0.0,0.0,0.0,0.0,0.4526,0.0,0.0,0.0,0.0,0.227,0.2735,0.2733,0.0685,0.0388,0.0299,0.0089,1.71,23.44,7.52,51.71,18.35,0,MOD-00632,2025-04-15T06:08:29,2025-04-14T23:08:29,https://api.quant-aq.com/v1/devices/MOD-00632/data/raw/363436740
0,648.8,35.60000000000002,684.4,1246.4,665.8,0.6000000000000227,666.4,1646.7,1.2999999999999545,1648.0,1647.2,6.7000000000000455,1654.7,,,74.4,12.5,0.0,0.0,0.0,503.75,2.1,3.2,3.1,4.6289,0.6337,0.0,0.0,0.0,0.0,0.0,0.0,0.0,0.0,0.0,0.0,0.4566,0.0,0.0,0.0,0.0,0.1743,0.2897,0.1699,0.0947,0.0253,0.0378,0.0083,1.54,17.73,6.66,51.63,18.35,0,MOD-00632,2025-04-15T06:07:29,2025-04-14T23:07:29,https://api.quant-aq.com/v1/devices/MOD-00632/data/raw/363436737
0,649.2,34.5,683.7,1249.2,665.5,0.5,666.0,1646.7,1.3999999999998636,1648.1,1647.2,6.5,1654.6,,,74.5,12.5,0.0,0.0,0.0,409.75,1.4,2.7,2.5,4.0745,0.5366,0.0,0.0,0.0,0.0,0.0,0.0,0.0,0.0,0.0,0.0,0.3787,0.0,0.0,0.0,0.0,0.1829,0.2801,0.2594,0.0689,0.0164,0.0121,0.0079,1.44,13.49,6.57,51.67,18.33,0,MOD-00632,2025-04-15T06:06:29,2025-04-14T23:06:29,https://api.quant-aq.com/v1/devices/MOD-00632/data/raw/363436739
0,648.2,35.59999999999991,683.8,1248.8,665.7,0.599999999999909,666.3,1646.6,1.5,1648.1,1647.3,6.900000000000091,1655.0,,,74.5,12.5,0.0,0.0,0.0,431.25,1.7,3.8,2.6,4.5356,0.709,0.0,0.0,0.0,0.0,0.0,0.0,0.0,0.0,0.0,0.0,0.4199,0.0,0.0,0.0,0.0,0.1499,0.2773,0.2069,0.0827,0.0376,0.0123,0.0041,1.51,13.71,6.59,51.68,18.33,0,MOD-00632,2025-04-15T06:05:29,2025-04-14T23:05:29,https://api.quant-aq.com/v1/devices/MOD-00632/data/raw/363436738
0,648.5,35.5,684.0,1247.2,666.0,0.5,666.5,1646.5,1.5,1648.0,1647.2,6.7999999999999545,1654.8,,,74.4,12.5,0.0,0.0,0.0,442.5,1.6,3.2,2.9,4.617,0.6388,0.0,0.0,0.0,0.0,0.0,0.0,0.0,0.0,0.0,0.0,0.4643,0.0,0.0,0.0,0.0,0.2274,0.2045,0.2258,0.0943,0.016,0.041,0.0,1.55,15.71,6.74,51.69,18.33,0,MOD-00632,2025-04-15T06:04:29,2025-04-14T23:04:29,https://api.quant-aq.com/v1/devices/MOD-00632/data/raw/363434455
0,648.3,35.0,683.3,1245.0,665.3,0.3000000000000682,665.6,1646.6,1.6000000000001364,1648.2,1647.5,6.7999999999999545,1655.0,,,74.5,12.5,0.0,0.0,0.0,431.75,2.0,3.7,3.1,4.278,0.5249,0.0,0.0,0.0,0.0,0.0,0.0,0.0,0.0,0.0,0.0,0.4873,0.0,0.0,0.0,0.0,0.1797,0.2535,0.2072,0.1209,0.02,0.0157,0.004,1.49,14.04,6.83,51.72,18.35,0,MOD-00632,2025-04-15T06:03:29,2025-04-14T23:03:29,https://api.quant-aq.com/v1/devices/MOD-00632/data/raw/363434457
0,647.5,36.799999999999955,684.3,1246.5,665.7,0.599999999999909,666.3,1646.6,1.400000000000091,1648.0,1647.2,6.7999999999999545,1654.8,,,74.4,12.5,0.0,0.0,0.0,446.25,1.8,3.5,2.8,4.1891,0.6072,0.0,0.0,0.0,0.0,0.0,0.0,0.0,0.0,0.0,0.0,0.3451,0.0,0.0,0.0,0.0,0.1517,0.3157,0.1806,0.0993,0.0121,0.0206,0.0042,1.42,13.44,6.35,51.72,18.33,0,MOD-00632,2025-04-15T06:02:29,2025-04-14T23:02:29,https://api.quant-aq.com/v1/devices/MOD-00632/data/raw/363434458
0,648.4,35.700000000000045,684.1,1244.6,665.9,0.39999999999997726,666.3,1646.6,1.5,1648.1,1647.4,7.0,1655.1,,,74.5,12.5,0.0,0.0,0.0,461.5,1.7,3.1,3.0,4.4936,0.6416,0.0,0.0,0.0,0.0,0.0,0.0,0.0,0.0,0.0,0.0,0.472,0.0,0.0,0.0,0.0,0.1773,0.26,0.2689,0.0655,0.0124,0.0123,0.0204,1.56,16.69,6.69,51.76,18.36,0,MOD-00632,2025-04-15T06:01:29,2025-04-14T23:01:29,https://api.quant-aq.com/v1/devices/MOD-00632/data/raw/363434456
0,649.0,35.299999999999955,684.3,1247.3,664.9,0.6000000000000227,665.5,1646.7,1.3999999999998636,1648.1,1647.0,6.900000000000091,1655.0,,,74.5,12.5,0.0,0.0,0.0,466.75,1.8,3.1,3.1,4.1296,0.6021,0.0084,0.0,0.0,0.0,0.0,0.0,0.0,0.0,0.0,0.0,0.4635,0.0,0.0,0.0,0.0,0.2572,0.2741,0.2335,0.1006,0.025,0.0164,0.0042,1.58,18.16,7.17,51.75,18.33,0,MOD-00632,2025-04-15T06:00:29,2025-04-14T23:00:29,https://api.quant-aq.com/v1/devices/MOD-00632/data/raw/363432199
0,648.0,36.39999999999998,684.4,1242.7,665.5,0.39999999999997726,665.9,1646.7,1.599999999999909,1648.3,1647.4,6.7999999999999545,1655.1,,,74.5,12.5,0.0,0.0,0.0,514.25,2.0,4.8,3.8,4.2758,0.7388,0.0,0.0,0.0,0.0,0.0,0.0,0.0,0.0,0.0,0.0,0.4824,0.0,0.0,0.0,0.0,0.2083,0.2682,0.2481,0.0785,0.0234,0.0078,0.0041,1.6,12.65,6.82,51.81,18.32,0,MOD-00632,2025-04-15T05:59:29,2025-04-14T22:59:29,https://api.quant-aq.com/v1/devices/MOD-00632/data/raw/363432202
0,648.8,35.40000000000009,684.2,1246.8,665.2,0.7999999999999545,666.0,1646.7,1.5,1648.2,1647.4,7.0,1655.2,,,74.5,12.5,0.0,0.0,0.0,598.75,2.2,4.2,4.0,3.8294,0.6061,0.0038,0.0,0.0,0.0,0.0,0.0,0.0,0.0,0.0,0.0,0.3709,0.0,0.0,0.0,0.0,0.1897,0.2616,0.2082,0.0962,0.035,0.0269,0.0076,1.39,18.5,6.78,51.78,18.33,0,MOD-00632,2025-04-15T05:58:29,2025-04-14T22:58:29,https://api.quant-aq.com/v1/devices/MOD-00632/data/raw/363432201
0,648.3,36.30000000000007,684.6,1243.9,665.7,0.39999999999997726,666.1,1646.7,1.599999999999909,1648.3,1647.3,6.900000000000091,1655.2,,,74.5,12.5,0.0,0.0,0.0,692.0,2.2,3.4,3.2,4.42,0.6223,0.0,0.0038,0.0,0.0,0.0,0.0,0.0,0.0,0.0,0.0,0.4924,0.0,0.0,0.0,0.0,0.1469,0.2981,0.1754,0.0836,0.0403,0.0203,0.0039,1.52,17.02,6.55,51.78,18.33,0,MOD-00632,2025-04-15T05:57:29,2025-04-14T22:57:29,https://api.quant-aq.com/v1/devices/MOD-00632/data/raw/363432200
0,648.1,36.60000000000002,684.7,1245.8,665.5,0.7000000000000455,666.2,1646.4,1.7999999999999545,1648.2,1647.3,7.2000000000000455,1655.4,,,74.5,12.5,0.0,0.0,0.0,741.25,2.2,3.9,3.8,4.4581,0.7259,0.0,0.0,0.0,0.0043,0.0,0.0,0.0,0.0,0.0,0.0,0.5199,0.0,0.0,0.0,0.0,0.2004,0.2419,0.221,0.1092,0.0204,0.0208,0.0,1.6,16.76,6.94,51.73,18.33,0,MOD-00632,2025-04-15T05:56:29,2025-04-14T22:56:29,https://api.quant-aq.com/v1/devices/MOD-00632/data/raw/363429941
0,648.1,36.19999999999993,684.3,1246.7,665.5,0.6000000000000227,666.1,1646.6,1.7000000000000455,1648.3,1647.2,6.7999999999999545,1655.1,,,74.5,12.5,0.0,0.0,0.0,631.25,1.8,3.4,3.1,4.1663,0.6876,0.0,0.0,0.0,0.0,0.0,0.0,0.0,0.0,0.0,0.0,0.4651,0.0,0.0,0.0,0.0,0.1333,0.2144,0.2076,0.0529,0.0325,0.0283,0.0042,1.41,14.42,5.93,51.77,18.32,0,MOD-00632,2025-04-15T05:55:29,2025-04-14T22:55:29,https://api.quant-aq.com/v1/devices/MOD-00632/data/raw/363429940
0,647.2,36.799999999999955,684.0,1249.9,665.1,0.5,665.6,1646.4,1.8999999999998636,1648.3,1647.3,6.7999999999999545,1655.1,,,74.7,12.5,0.0,0.0,0.0,658.5,1.8,3.4,3.2,4.1388,0.6723,0.0,0.0,0.0,0.0,0.0,0.0,0.0,0.0,0.0,0.0,0.4667,0.0,0.0,0.0,0.0,0.1626,0.2146,0.203,0.1015,0.0367,0.0122,0.008,1.44,14.87,6.52,51.8,18.31,0,MOD-00632,2025-04-15T05:54:29,2025-04-14T22:54:29,https://api.quant-aq.com/v1/devices/MOD-00632/data/raw/363429939
0,647.7,36.5,684.2,1244.7,665.8,0.40000000000009095,666.2,1646.7,1.599999999999909,1648.3,1647.0,6.900000000000091,1655.2,,,74.7,12.5,0.0,0.0,0.0,604.75,1.5,3.5,2.8,4.8615,0.7693,0.0,0.0043,0.0,0.0,0.0,0.0,0.0,0.0,0.0,0.0,0.4386,0.0,0.0,0.0,0.0,0.2043,0.3021,0.2714,0.1213,0.025,0.0336,0.0,1.69,19.77,8.05,51.77,18.31,0,MOD-00632,2025-04-15T05:53:29,2025-04-14T22:53:29,https://api.quant-aq.com/v1/devices/MOD-00632/data/raw/363429938
0,648.0,36.200000000000045,684.2,1244.3,665.3,0.3000000000000682,665.6,1646.5,1.7000000000000455,1648.2,1647.2,7.099999999999909,1655.3,,,74.6,12.5,0.0,0.0,0.0,553.5,1.8,2.8,2.8,3.9789,0.6595,0.004,0.0,0.0,0.0,0.0,0.0,0.0,0.0,0.0,0.0,0.4532,0.0,0.0,0.0,0.0,0.1983,0.213,0.2376,0.089,0.047,0.0117,0.0117,1.46,18.3,6.88,51.78,18.33,0,MOD-00632,2025-04-15T05:52:29,2025-04-14T22:52:29,https://api.quant-aq.com/v1/devices/MOD-00632/data/raw/363427672
0,648.8,35.700000000000045,684.5,1245.9,665.4,0.6000000000000227,666.0,1646.4,1.7999999999999545,1648.2,1647.3,7.099999999999909,1655.3,,,74.6,12.5,0.0,0.0,0.0,549.75,1.8,2.5,2.5,4.4396,0.5757,0.0,0.0,0.0,0.0,0.0,0.0,0.0,0.0,0.0,0.0,0.4065,0.0,0.0,0.0,0.0,0.1763,0.2664,0.2042,0.0613,0.0382,0.0193,0.0038,1.46,13.94,6.31,51.78,18.33,0,MOD-00632,2025-04-15T05:51:29,2025-04-14T22:51:29,https://api.quant-aq.com/v1/devices/MOD-00632/data/raw/363427670
0,648.9,34.30000000000007,683.2,1244.9,665.6,0.5,666.1,1646.4,1.7999999999999545,1648.2,1647.1,6.899999999999864,1655.1,,,74.7,12.4,0.0,0.0,0.0,536.75,1.8,3.5,3.0,3.809,0.6609,0.0036,0.0,0.0,0.0,0.0,0.0,0.0,0.0,0.0,0.0,0.3446,0.0,0.0,0.0,0.0,0.1289,0.3102,0.2068,0.0738,0.0143,0.0075,0.0039,1.37,12.59,6.05,51.88,18.32,0,MOD-00632,2025-04-15T05:50:29,2025-04-14T22:50:29,https://api.quant-aq.com/v1/devices/MOD-00632/data/raw/363427673
0,648.5,35.299999999999955,683.8,1242.2,665.2,0.5,665.7,1646.6,1.7000000000000455,1648.3,1647.1,7.100000000000136,1655.4,,,74.7,12.4,0.0,0.0,0.0,630.25,2.2,3.9,3.4,3.889,0.6673,0.0,0.0,0.0,0.0,0.0,0.0,0.0,0.0,0.0,0.0,0.4419,0.0,0.0,0.0,0.0,0.1663,0.2468,0.1693,0.085,0.0109,0.0072,0.0075,1.4,11.47,5.7,51.85,18.32,0,MOD-00632,2025-04-15T05:49:29,2025-04-14T22:49:29,https://api.quant-aq.com/v1/devices/MOD-00632/data/raw/363427671
0,647.9,36.10000000000002,684.0,1243.9,665.8,0.40000000000009095,666.2,1646.6,1.800000000000182,1648.4,1647.0,7.0,1655.4,,,74.7,12.4,0.0,0.0,0.0,604.0,2.2,4.5,3.6,4.1565,0.6511,0.0,0.0,0.0,0.0,0.0,0.0,0.0,0.0,0.0,0.0,0.4279,0.0,0.0,0.0,0.0,0.2098,0.2722,0.2493,0.0989,0.0379,0.0155,0.0076,1.53,16.23,7.33,51.94,18.31,0,MOD-00632,2025-04-15T05:48:29,2025-04-14T22:48:29,https://api.quant-aq.com/v1/devices/MOD-00632/data/raw/363425360
0,648.3,35.30000000000007,683.6,1242.8,665.5,0.10000000000002274,665.6,1646.5,1.7999999999999545,1648.3,1647.0,7.0,1655.3,,,74.9,12.5,0.0,0.0,0.0,522.0,1.3,3.8,3.1,4.269,0.7149,0.0039,0.0,0.0,0.0,0.0,0.0,0.0,0.0,0.0,0.0,0.5964,0.0,0.0,0.0,0.0,0.199,0.3217,0.2663,0.0921,0.0118,0.008,0.004,1.72,14.58,7.37,52.0,18.29,0,MOD-00632,2025-04-15T05:47:29,2025-04-14T22:47:29,https://api.quant-aq.com/v1/devices/MOD-00632/data/raw/363425362
0,648.7,34.69999999999993,683.4,1246.1,665.5,0.20000000000004547,665.7,1646.5,1.900000000000091,1648.4,1647.1,7.0,1655.4,,,74.9,12.4,0.0,0.0,0.0,567.25,1.8,4.3,3.5,4.2053,0.7622,0.0083,0.0,0.0,0.0,0.0,0.0,0.0,0.0,0.0,0.0,0.4779,0.0,0.0,0.0,0.0,0.2147,0.2114,0.2364,0.0673,0.0156,0.0231,0.0,1.54,16.01,6.32,52.02,18.31,0,MOD-00632,2025-04-15T05:46:29,2025-04-14T22:46:29,https://api.quant-aq.com/v1/devices/MOD-00632/data/raw/363425361
0,647.2,36.89999999999998,684.1,1244.6,665.1,0.39999999999997726,665.5,1646.5,1.900000000000091,1648.4,1647.2,7.0,1655.4,,,75.0,12.4,0.0,0.0,0.0,515.25,1.8,3.5,3.2,4.1542,0.6414,0.0039,0.004,0.0039,0.0,0.0,0.0,0.0,0.0,0.0,0.0,0.5158,0.0,0.0,0.0,0.0,0.1892,0.2776,0.3042,0.0946,0.0273,0.0081,0.004,1.6,21.0,7.61,52.07,18.31,0,MOD-00632,2025-04-15T05:45:29,2025-04-14T22:45:29,https://api.quant-aq.com/v1/devices/MOD-00632/data/raw/363425363
0,647.6,35.89999999999998,683.5,1243.1,665.1,0.5,665.6,1646.6,1.7000000000000455,1648.3,1647.0,7.100000000000136,1655.4,,,75.0,12.4,0.0,0.0,0.0,502.75,1.9,2.1,2.1,4.3226,0.7243,0.0039,0.0,0.0,0.0,0.0,0.0,0.0,0.0,0.0,0.0,0.4768,0.0,0.0,0.0,0.0,0.1848,0.2768,0.2989,0.1024,0.019,0.0155,0.016,1.61,19.74,7.68,52.07,18.31,0,MOD-00632,2025-04-15T05:44:29,2025-04-14T22:44:29,https://api.quant-aq.com/v1/devices/MOD-00632/data/raw/363423106
0,646.8,36.80000000000007,683.6,1242.4,665.2,0.39999999999997726,665.6,1646.3,2.1000000000001364,1648.4,1647.0,7.099999999999909,1655.5,,,75.0,12.4,0.0,0.0,0.0,639.75,2.0,4.5,3.8,4.074,0.6757,0.0,0.0,0.0038,0.0,0.0,0.0,0.0,0.0,0.0,0.0,0.5073,0.0,0.0,0.0,0.0,0.2019,0.2996,0.263,0.0991,0.0115,0.0231,0.0,1.61,16.66,7.32,52.1,18.29,0,MOD-00632,2025-04-15T05:43:29,2025-04-14T22:43:29,https://api.quant-aq.com/v1/devices/MOD-00632/data/raw/363423107
0,647.9,36.30000000000007,684.2,1243.5,665.7,0.2999999999999545,666.0,1646.5,1.7999999999999545,1648.3,1647.0,6.900000000000091,1655.2,,,75.1,12.4,0.0,0.0,0.0,539.25,1.5,4.1,3.0,4.182,0.6407,0.0,0.0,0.0,0.0,0.0,0.0,0.0,0.0,0.0,0.0,0.4699,0.0,0.0,0.0,0.0,0.2277,0.3007,0.293,0.0973,0.0408,0.0365,0.0,1.63,18.21,8.15,52.14,18.29,0,MOD-00632,2025-04-15T05:42:29,2025-04-14T22:42:29,https://api.quant-aq.com/v1/devices/MOD-00632/data/raw/363423105
0,647.9,35.80000000000007,683.7,1245.4,665.1,0.39999999999997726,665.5,1646.6,1.900000000000091,1648.5,1646.9,6.7999999999999545,1655.3,,,75.2,12.4,0.0,0.0,0.0,563.25,1.7,4.1,3.7,4.3151,0.7007,0.0,0.0,0.0,0.0,0.0,0.0,0.0,0.0,0.0,0.0,0.4399,0.0,0.0,0.0,0.0,0.2153,0.2642,0.244,0.1122,0.0563,0.0158,0.004,1.57,16.89,7.71,52.14,18.29,0,MOD-00632,2025-04-15T05:41:29,2025-04-14T22:41:29,https://api.quant-aq.com/v1/devices/MOD-00632/data/raw/363423108
0,647.6,36.0,683.6,1242.7,665.1,0.39999999999997726,665.5,1646.4,1.7999999999999545,1648.2,1647.1,7.2000000000000455,1655.4,,,75.1,12.4,0.0,0.0,0.0,546.0,1.9,4.2,3.6,4.4559,0.6786,0.0043,0.0,0.0,0.0,0.0,0.0,0.0,0.0,0.0,0.0,0.5587,0.0,0.0,0.0,0.0,0.1841,0.2752,0.2255,0.0655,0.0323,0.0244,0.0114,1.62,18.82,6.82,52.16,18.31,0,MOD-00632,2025-04-15T05:40:29,2025-04-14T22:40:29,https://api.quant-aq.com/v1/devices/MOD-00632/data/raw/363420821
0,649.4,35.0,684.4,1239.8,665.4,0.39999999999997726,665.8,1646.5,1.900000000000091,1648.4,1647.1,7.0,1655.4,,,75.2,12.4,0.0,0.0,0.0,695.75,2.7,4.8,4.7,4.4196,0.7053,0.0,0.0,0.0,0.0,0.0,0.0,0.0,0.0,0.0,0.0,0.5009,0.0,0.0,0.0,0.0,0.2109,0.3159,0.2153,0.1035,0.0194,0.0309,0.0077,1.65,17.31,7.31,52.19,18.32,0,MOD-00632,2025-04-15T05:39:29,2025-04-14T22:39:29,https://api.quant-aq.com/v1/devices/MOD-00632/data/raw/363420824
0,648.8,35.5,684.3,1245.9,664.9,0.20000000000004547,665.1,1646.3,1.900000000000091,1648.2,1647.2,7.2000000000000455,1655.4,,,75.2,12.5,0.0,0.0,0.0,565.0,2.0,4.0,3.3,4.391,0.7802,0.0,0.0042,0.0,0.0,0.0,0.0,0.0,0.0,0.0,0.0,0.5632,0.0,0.0,0.0,0.0,0.1824,0.2933,0.2749,0.0977,0.0378,0.0214,0.0042,1.69,19.25,7.82,52.21,18.31,0,MOD-00632,2025-04-15T05:38:29,2025-04-14T22:38:29,https://api.quant-aq.com/v1/devices/MOD-00632/data/raw/363420823
0,648.7,35.89999999999998,684.6,1241.2,665.4,0.39999999999997726,665.8,1646.4,1.8999999999998636,1648.3,1647.0,6.900000000000091,1655.2,,,75.2,12.4,0.0,0.0,0.0,594.0,2.2,3.9,3.6,4.2063,0.6672,0.0,0.0,0.0,0.0,0.0,0.0,0.0,0.0,0.0,0.0,0.4431,0.0,0.0,0.0,0.0,0.1324,0.2147,0.2678,0.0804,0.0302,0.0115,0.0,1.44,12.29,6.61,52.17,18.29,0,MOD-00632,2025-04-15T05:37:29,2025-04-14T22:37:29,https://api.quant-aq.com/v1/devices/MOD-00632/data/raw/363420822
0,646.9,36.80000000000007,683.7,1243.0,665.1,0.2999999999999545,665.4,1646.4,2.0,1648.4,1647.0,7.0,1655.4,,,75.2,12.5,0.0,0.0,0.0,586.25,2.4,4.6,3.9,4.3244,0.7196,0.0,0.0,0.0,0.0,0.0,0.0,0.0,0.0,0.0,0.0,0.4862,0.0,0.0,0.0,0.0,0.1928,0.2659,0.2412,0.0916,0.0389,0.0303,0.008,1.58,18.25,7.34,52.19,18.29,0,MOD-00632,2025-04-15T05:36:29,2025-04-14T22:36:29,https://api.quant-aq.com/v1/devices/MOD-00632/data/raw/363418544
0,647.4,36.30000000000007,683.7,1244.8,665.6,0.2999999999999545,665.9,1646.4,2.0,1648.4,1647.0,6.899999999999864,1655.3,,,75.2,12.5,0.0,0.0,0.0,586.25,2.2,5.0,3.7,4.4683,0.7841,0.0,0.0,0.0,0.0,0.0,0.0,0.0,0.0,0.0,0.0,0.521,0.0,0.0,0.0,0.0,0.2596,0.2436,0.2811,0.0985,0.0242,0.0168,0.0083,1.71,16.24,7.59,52.21,18.31,0,MOD-00632,2025-04-15T05:35:29,2025-04-14T22:35:29,https://api.quant-aq.com/v1/devices/MOD-00632/data/raw/363418545
0,647.6,36.39999999999998,684.0,1247.3,665.4,0.3000000000000682,665.7,1646.4,2.0,1648.4,1647.1,6.7999999999999545,1655.2,,,75.2,12.5,0.0,0.0,0.0,533.75,1.8,3.8,3.0,4.055,0.648,0.0,0.0,0.0,0.0,0.0,0.0,0.0,0.0,0.0,0.0,0.4719,0.0,0.0,0.0,0.0,0.2287,0.2569,0.2838,0.061,0.0518,0.0159,0.0079,1.56,16.6,7.34,52.18,18.32,0,MOD-00632,2025-04-15T05:34:29,2025-04-14T22:34:29,https://api.quant-aq.com/v1/devices/MOD-00632/data/raw/363418542
0,648.4,35.89999999999998,684.3,1244.4,664.9,0.20000000000004547,665.1,1646.5,1.900000000000091,1648.4,1646.8,7.0,1655.4,,,75.2,12.5,0.0,0.0,0.0,541.5,2.0,3.0,2.7,4.7215,0.7362,0.004,0.0,0.0,0.0,0.0,0.0,0.0,0.0,0.0,0.0,0.467,0.0,0.0,0.0,0.0,0.2765,0.3026,0.2627,0.1072,0.0372,0.0284,0.0,1.74,18.62,8.09,52.17,18.29,0,MOD-00632,2025-04-15T05:33:29,2025-04-14T22:33:29,https://api.quant-aq.com/v1/devices/MOD-00632/data/raw/363418543
0,646.4,37.5,683.9,1241.8,665.5,0.2999999999999545,665.8,1646.4,2.0,1648.4,1647.0,7.099999999999909,1655.5,,,75.2,12.5,0.0,0.0,0.0,520.5,2.0,3.9,2.9,4.3351,0.6478,0.0038,0.0,0.0,0.0,0.0,0.0,0.0,0.0,0.0,0.0,0.4151,0.0,0.0,0.0,0.0,0.2065,0.3038,0.2641,0.0486,0.0223,0.019,0.0075,1.57,16.18,6.78,52.16,18.32,0,MOD-00632,2025-04-15T05:32:29,2025-04-14T22:32:29,https://api.quant-aq.com/v1/devices/MOD-00632/data/raw/363416234
0,648.1,35.799999999999955,683.9,1244.1,665.2,0.2999999999999545,665.5,1646.5,1.900000000000091,1648.4,1647.0,7.099999999999909,1655.5,,,75.2,12.5,0.0,0.0,0.0,537.5,2.2,3.6,3.2,4.8034,0.762,0.0039,0.004,0.0,0.0,0.0,0.0,0.0,0.0,0.0,0.0,0.5016,0.0,0.0,0.0,0.0,0.2383,0.282,0.279,0.1234,0.0202,0.0123,0.0,1.74,18.11,7.92,52.16,18.31,0,MOD-00632,2025-04-15T05:31:29,2025-04-14T22:31:29,https://api.quant-aq.com/v1/devices/MOD-00632/data/raw/363416233
0,647.7,36.799999999999955,684.5,1245.6,665.1,0.2999999999999545,665.4,1646.4,1.8999999999998636,1648.3,1647.1,7.0,1655.3,,,75.1,12.5,0.0,0.0,0.0,565.0,2.6,4.3,3.4,4.0409,0.6799,0.0078,0.0,0.0,0.0,0.0,0.0,0.0,0.0,0.0,0.0,0.547,0.0,0.0,0.0,0.0,0.2179,0.2783,0.242,0.0785,0.0471,0.0196,0.0,1.61,18.21,7.29,52.16,18.31,0,MOD-00632,2025-04-15T05:30:29,2025-04-14T22:30:29,https://api.quant-aq.com/v1/devices/MOD-00632/data/raw/363416235
0,648.0,36.89999999999998,684.9,1244.2,665.7,0.09999999999990905,665.8,1646.4,1.8999999999998636,1648.3,1647.1,7.0,1655.3,,,75.2,12.5,0.0,0.0,0.0,522.25,1.9,3.8,3.2,4.4909,0.7601,0.0,0.0,0.0,0.0,0.0,0.0,0.0,0.0,0.0,0.0,0.5243,0.0,0.0,0.0,0.0,0.2079,0.3147,0.224,0.091,0.0317,0.0394,0.0078,1.68,19.15,7.51,52.16,18.31,0,MOD-00632,2025-04-15T05:29:29,2025-04-14T22:29:29,https://api.quant-aq.com/v1/devices/MOD-00632/data/raw/363416236
0,647.7,36.39999999999998,684.1,1244.6,665.8,-0.09999999999990905,665.7,1646.5,1.900000000000091,1648.4,1647.3,7.0,1655.4,,,75.1,12.5,0.0,0.0,0.0,580.5,2.3,6.0,4.3,4.5122,0.6478,0.004,0.0,0.0,0.0,0.0,0.0,0.0,0.0,0.0,0.0,0.5441,0.0,0.0,0.0,0.0,0.2462,0.2704,0.2859,0.1084,0.0244,0.0323,0.004,1.7,19.52,8.0,52.13,18.32,0,MOD-00632,2025-04-15T05:28:29,2025-04-14T22:28:29,https://api.quant-aq.com/v1/devices/MOD-00632/data/raw/363413987
0,648.0,36.200000000000045,684.2,1243.8,665.0,0.10000000000002274,665.1,1646.3,2.1000000000001364,1648.4,1647.1,7.0,1655.4,,,75.1,12.5,0.0,0.0,0.0,614.5,2.3,4.8,4.3,4.4164,0.7212,0.0038,0.0,0.0,0.0,0.0,0.0,0.0,0.0,0.0,0.0,0.5131,0.0,0.0,0.0,0.0,0.1926,0.2723,0.2822,0.0937,0.008,0.0234,0.0036,1.64,16.3,7.31,52.11,18.29,0,MOD-00632,2025-04-15T05:27:29,2025-04-14T22:27:29,https://api.quant-aq.com/v1/devices/MOD-00632/data/raw/363413986
0,646.9,37.80000000000007,684.7,1244.8,665.5,0.2999999999999545,665.8,1646.2,2.099999999999909,1648.3,1647.1,7.0,1655.3,,,75.2,12.5,0.0,0.0,0.0,550.75,2.2,3.9,3.2,3.9995,0.6704,0.0,0.0,0.0,0.0,0.0,0.0,0.004,0.0,0.0,0.0,0.4633,0.0,0.0,0.0,0.0,0.1855,0.2261,0.2705,0.0836,0.032,0.0117,0.0038,1.49,15.56,6.91,52.18,18.35,0,MOD-00632,2025-04-15T05:26:29,2025-04-14T22:26:29,https://api.quant-aq.com/v1/devices/MOD-00632/data/raw/363413988
0,648.3,36.30000000000007,684.6,1243.0,665.7,0.09999999999990905,665.8,1646.5,1.7999999999999545,1648.3,1646.9,7.0,1655.3,,,75.2,12.5,0.0,0.0,0.0,479.0,1.9,4.4,3.6,4.4132,0.6894,0.0,0.0,0.0,0.0,0.0,0.0,0.0,0.0,0.0,0.0,0.4471,0.0,0.0,0.0,0.0,0.1583,0.2236,0.2609,0.1071,0.0159,0.0157,0.0,1.5,12.79,6.89,52.16,18.33,0,MOD-00632,2025-04-15T05:25:29,2025-04-14T22:25:29,https://api.quant-aq.com/v1/devices/MOD-00632/data/raw/363413989
0,647.6,36.69999999999993,684.3,1242.4,665.9,0.10000000000002274,666.0,1646.2,2.2000000000000455,1648.4,1646.9,7.0,1655.4,,,75.1,12.5,0.0,0.0,0.0,635.0,3.0,5.4,4.8,3.8951,0.6638,0.0036,0.0,0.0,0.0,0.0,0.0,0.0,0.0,0.0,0.0,0.4904,0.0,0.0,0.0,0.0,0.1492,0.2419,0.2387,0.0785,0.0213,0.0283,0.0,1.45,15.43,6.55,52.15,18.33,0,MOD-00632,2025-04-15T05:24:29,2025-04-14T22:24:29,https://api.quant-aq.com/v1/devices/MOD-00632/data/raw/363411704
0,647.3,36.10000000000002,683.4,1244.0,665.8,0.10000000000002274,665.9,1646.4,2.0,1648.4,1647.1,6.899999999999864,1655.3,,,75.2,12.5,0.0,0.0,0.0,543.75,2.1,5.4,4.6,4.1643,0.6432,0.0,0.0,0.0,0.0,0.0,0.0,0.0,0.0,0.0,0.0,0.5,0.0,0.0,0.0,0.0,0.1581,0.3224,0.2717,0.0987,0.0146,0.0301,0.0039,1.59,16.31,7.53,52.14,18.33,0,MOD-00632,2025-04-15T05:23:29,2025-04-14T22:23:29,https://api.quant-aq.com/v1/devices/MOD-00632/data/raw/363411706
0,648.0,36.299999999999955,684.3,1241.2,665.8,0.10000000000002274,665.9,1646.4,2.0,1648.4,1647.0,6.7999999999999545,1655.2,,,75.1,12.5,0.0,0.0,0.0,619.0,2.8,5.4,4.7,4.1016,0.6795,0.0,0.0,0.0,0.0,0.0,0.0,0.0,0.0,0.0,0.0,0.5546,0.0,0.0,0.0,0.0,0.1661,0.2743,0.286,0.0677,0.0397,0.0361,0.0,1.59,16.86,7.47,52.12,18.33,0,MOD-00632,2025-04-15T05:22:29,2025-04-14T22:22:29,https://api.quant-aq.com/v1/devices/MOD-00632/data/raw/363411703
0,645.8,37.700000000000045,683.5,1244.6,664.9,0.10000000000002274,665.0,1646.3,2.1000000000001364,1648.4,1646.9,6.7999999999999545,1655.2,,,75.1,12.5,0.0,0.0,0.0,514.25,2.1,4.8,3.7,4.7303,0.7861,0.0043,0.0,0.0,0.0,0.0,0.0,0.0,0.0,0.0,0.0,0.5607,0.0,0.0,0.0,0.0,0.2507,0.2915,0.3167,0.0696,0.0368,0.0372,0.0041,1.81,20.66,8.19,52.06,18.35,0,MOD-00632,2025-04-15T05:21:29,2025-04-14T22:21:29,https://api.quant-aq.com/v1/devices/MOD-00632/data/raw/363411705
0,647.9,36.0,683.9,1239.0,665.1,0.39999999999997726,665.5,1646.4,1.8999999999998636,1648.3,1646.9,7.100000000000136,1655.4,,,75.1,12.5,0.0,0.0,0.0,459.25,2.1,4.8,3.7,4.7427,0.7349,0.0,0.004,0.0,0.0,0.0,0.0,0.0,0.0,0.0,0.0,0.5083,0.0,0.0,0.0,0.0,0.2185,0.2925,0.2756,0.0844,0.0119,0.0315,0.0043,1.71,18.52,7.45,52.07,18.36,0,MOD-00632,2025-04-15T05:20:29,2025-04-14T22:20:29,https://api.quant-aq.com/v1/devices/MOD-00632/data/raw/363409416
0,648.1,35.89999999999998,684.0,1241.8,666.0,0.2999999999999545,666.3,1646.4,1.8999999999998636,1648.3,1647.1,6.900000000000091,1655.2,,,75.2,12.5,0.0,0.0,0.0,511.5,2.0,3.3,3.2,4.6531,0.8313,0.0,0.0,0.0,0.0,0.0,0.0,0.0,0.0,0.0,0.0,0.4524,0.0,0.0,0.0,0.0,0.2164,0.318,0.2626,0.0874,0.0165,0.0252,0.013,1.71,17.91,7.51,52.16,18.35,0,MOD-00632,2025-04-15T05:19:29,2025-04-14T22:19:29,https://api.quant-aq.com/v1/devices/MOD-00632/data/raw/363409414
0,647.4,36.89999999999998,684.3,1244.2,665.4,0.10000000000002274,665.5,1646.4,2.099999999999909,1648.5,1647.0,6.900000000000091,1655.4,,,75.3,12.5,0.0,0.0,0.0,607.25,2.7,5.8,4.2,4.5042,0.8246,0.0,0.0,0.0,0.0,0.0,0.0,0.0,0.0,0.0,0.0,0.4837,0.0,0.0,0.0,0.0,0.2099,0.2899,0.2592,0.1128,0.0326,0.0286,0.0,1.68,16.53,7.85,52.23,18.36,0,MOD-00632,2025-04-15T05:18:29,2025-04-14T22:18:29,https://api.quant-aq.com/v1/devices/MOD-00632/data/raw/363409415
0,647.8,36.90000000000009,684.7,1243.6,664.8,0.0,664.8,1646.5,1.900000000000091,1648.4,1647.0,6.899999999999864,1655.3,,,75.3,12.5,0.0,0.0,0.0,606.25,3.0,4.7,4.1,4.5981,0.7246,0.013,0.0,0.0,0.0,0.0,0.0,0.0,0.0,0.0,0.0,0.4869,0.0,0.0,0.0,0.0,0.2556,0.3514,0.2617,0.1193,0.0407,0.0211,0.0043,1.77,23.37,8.46,52.2,18.39,0,MOD-00632,2025-04-15T05:17:29,2025-04-14T22:17:29,https://api.quant-aq.com/v1/devices/MOD-00632/data/raw/363409413
0,647.8,36.200000000000045,684.0,1242.6,665.9,-0.10000000000002274,665.8,1646.2,2.2999999999999545,1648.5,1646.9,6.900000000000091,1655.4,,,75.2,12.5,0.0,0.0,0.0,663.5,2.9,6.0,4.9,4.5713,0.7408,0.0038,0.0,0.0,0.0,0.0,0.0,0.0,0.0,0.0,0.0,0.5198,0.0,0.0,0.0,0.0,0.2201,0.2774,0.3075,0.0875,0.0534,0.0341,0.0038,1.71,21.24,8.31,52.23,18.37,0,MOD-00632,2025-04-15T05:16:29,2025-04-14T22:16:29,https://api.quant-aq.com/v1/devices/MOD-00632/data/raw/363407158
0,646.8,38.200000000000045,685.0,1240.3,665.8,0.0,665.8,1646.5,1.900000000000091,1648.4,1646.9,7.199999999999818,1655.6,,,75.1,12.5,0.0,0.0,0.0,627.25,2.7,4.2,3.9,4.6229,0.6579,0.0,0.0,0.0,0.0,0.0,0.0,0.0,0.0,0.0,0.0,0.4623,0.0,0.0,0.0,0.0,0.2024,0.3664,0.3344,0.1015,0.0227,0.0299,0.0074,1.74,19.04,8.63,52.2,18.39,0,MOD-00632,2025-04-15T05:15:29,2025-04-14T22:15:29,https://api.quant-aq.com/v1/devices/MOD-00632/data/raw/363407157
0,648.4,36.5,684.9,1242.0,665.2,0.0,665.2,1646.3,2.2000000000000455,1648.5,1646.9,7.0,1655.5,,,75.2,12.5,0.0,0.0,0.0,597.25,2.5,5.3,4.6,3.9314,0.8588,0.0,0.0,0.0,0.0,0.0,0.0,0.0,0.0,0.0,0.0,0.4865,0.0,0.0,0.0,0.0,0.194,0.3214,0.233,0.0885,0.0265,0.0155,0.0074,1.62,15.23,7.18,52.25,18.37,0,MOD-00632,2025-04-15T05:14:29,2025-04-14T22:14:29,https://api.quant-aq.com/v1/devices/MOD-00632/data/raw/363407160
0,646.1,38.5,684.6,1242.9,665.1,0.10000000000002274,665.2,1646.6,1.900000000000091,1648.5,1647.3,7.0,1655.5,,,75.3,12.5,0.0,0.0,0.0,525.25,2.4,4.8,4.2,4.9618,0.7303,0.0,0.0,0.0,0.0,0.0,0.0,0.0,0.0,0.0,0.0,0.4986,0.0,0.0,0.0,0.0,0.2841,0.2916,0.2881,0.0977,0.0406,0.0369,0.0041,1.8,19.52,8.37,52.23,18.37,0,MOD-00632,2025-04-15T05:13:29,2025-04-14T22:13:29,https://api.quant-aq.com/v1/devices/MOD-00632/data/raw/363407159
0,646.6,37.799999999999955,684.4,1244.8,664.9,0.10000000000002274,665.0,1646.2,2.2999999999999545,1648.5,1647.0,7.0,1655.5,,,75.2,12.5,0.0,0.0,0.0,504.75,2.2,3.8,3.4,4.9673,0.7287,0.0,0.0,0.0,0.0,0.0,0.0,0.0,0.0,0.0,0.0,0.5339,0.0,0.0,0.0,0.0,0.1971,0.2976,0.2932,0.0867,0.025,0.0333,0.0123,1.75,19.76,7.91,52.21,18.36,0,MOD-00632,2025-04-15T05:12:29,2025-04-14T22:12:29,https://api.quant-aq.com/v1/devices/MOD-00632/data/raw/363404867
0,646.8,38.0,684.8,1243.0,665.2,-0.20000000000004547,665.0,1646.4,2.099999999999909,1648.5,1647.0,6.7999999999999545,1655.3,,,75.1,12.5,0.0,0.0,0.0,439.0,2.0,3.8,3.6,4.7884,0.5741,0.0,0.0,0.0,0.0,0.0,0.0,0.0,0.0,0.0,0.0,0.5295,0.0,0.0,0.0,0.0,0.2288,0.3276,0.2689,0.0869,0.0237,0.0357,0.0079,1.73,18.7,7.83,52.08,18.36,0,MOD-00632,2025-04-15T05:11:29,2025-04-14T22:11:29,https://api.quant-aq.com/v1/devices/MOD-00632/data/raw/363404868
0,648.3,36.40000000000009,684.7,1245.0,665.2,0.0,665.2,1646.5,2.0,1648.5,1647.0,6.7000000000000455,1655.2,,,75.1,12.5,0.0,0.0,0.0,475.75,1.9,4.3,3.3,4.4424,0.7529,0.0041,0.0,0.0,0.0,0.0,0.0,0.0,0.0,0.0,0.0,0.4854,0.0,0.0,0.0,0.0,0.2434,0.2318,0.2714,0.1341,0.0486,0.0281,0.0163,1.65,24.2,8.32,52.11,18.39,0,MOD-00632,2025-04-15T05:10:29,2025-04-14T22:10:29,https://api.quant-aq.com/v1/devices/MOD-00632/data/raw/363404870
0,646.6,38.60000000000002,685.2,1244.5,665.5,0.0,665.5,1646.2,2.2999999999999545,1648.5,1647.0,6.7000000000000455,1655.2,,,75.2,12.5,0.0,0.0,0.0,591.5,2.7,4.1,3.7,5.0011,0.735,0.0042,0.0042,0.0042,0.0,0.0,0.0,0.0,0.0,0.0,0.0,0.5955,0.0,0.0,0.0,0.0,0.1933,0.3002,0.3383,0.1213,0.0293,0.0252,0.0042,1.83,25.7,8.8,52.15,18.39,0,MOD-00632,2025-04-15T05:09:29,2025-04-14T22:09:29,https://api.quant-aq.com/v1/devices/MOD-00632/data/raw/363404869
0,647.2,37.09999999999991,684.3,1244.3,666.1,0.0,666.1,1646.3,2.1000000000001364,1648.4,1646.9,6.7999999999999545,1655.2,,,75.2,12.5,0.0,0.0,0.0,554.0,2.3,4.4,3.8,4.9302,0.7812,0.0042,0.0,0.0,0.0,0.0,0.0,0.0,0.0,0.0,0.0,0.4466,0.0,0.0,0.0,0.0,0.198,0.3,0.2279,0.1111,0.0246,0.025,0.0123,1.67,20.12,7.49,52.17,18.4,0,MOD-00632,2025-04-15T05:08:29,2025-04-14T22:08:29,https://api.quant-aq.com/v1/devices/MOD-00632/data/raw/363402585
0,645.8,38.200000000000045,684.0,1244.8,664.9,-0.10000000000002274,664.8,1646.3,2.1000000000001364,1648.4,1647.1,7.0,1655.4,,,75.3,12.5,0.0,0.0,0.0,700.5,2.8,5.6,4.6,5.0151,0.7334,0.0,0.0,0.0,0.0,0.0,0.0,0.0,0.0,0.0,0.0,0.4836,0.0,0.0,0.0,0.0,0.1991,0.3102,0.2745,0.1303,0.0204,0.0281,0.0081,1.73,18.67,8.21,52.22,18.4,0,MOD-00632,2025-04-15T05:07:29,2025-04-14T22:07:29,https://api.quant-aq.com/v1/devices/MOD-00632/data/raw/363402584
0,646.8,37.200000000000045,684.0,1242.6,666.1,0.10000000000002274,666.2,1646.4,2.199999999999818,1648.6,1646.8,6.800000000000182,1655.4,,,75.4,12.5,0.0,0.0,0.0,507.75,2.2,4.1,3.8,4.3163,0.7505,0.0038,0.0,0.0,0.0,0.0,0.0,0.0,0.0,0.0,0.0,0.4813,0.0,0.0,0.0,0.0,0.1702,0.3485,0.2697,0.0514,0.0319,0.0366,0.0077,1.65,19.84,7.4,52.23,18.4,0,MOD-00632,2025-04-15T05:06:29,2025-04-14T22:06:29,https://api.quant-aq.com/v1/devices/MOD-00632/data/raw/363402587
0,647.5,36.5,684.0,1241.9,665.8,-0.2999999999999545,665.5,1646.2,2.2999999999999545,1648.5,1647.0,7.099999999999909,1655.6,,,75.3,12.5,0.0,0.0,0.0,616.75,2.8,5.8,4.8,4.63,0.7192,0.0039,0.0,0.0,0.0,0.0,0.0,0.0,0.0,0.0,0.0,0.5389,0.0,0.0,0.0,0.0,0.2663,0.347,0.2379,0.11,0.0321,0.0195,0.0117,1.79,20.16,8.06,52.18,18.42,0,MOD-00632,2025-04-15T05:05:29,2025-04-14T22:05:29,https://api.quant-aq.com/v1/devices/MOD-00632/data/raw/363402586
0,646.9,37.700000000000045,684.6,1241.3,665.3,-0.09999999999990905,665.2,1646.2,2.2999999999999545,1648.5,1647.0,7.0,1655.5,,,75.2,12.5,0.0,0.0,0.0,516.5,2.1,4.5,3.8,4.8281,0.8463,0.004,0.0,0.0,0.0,0.0,0.0,0.0,0.0,0.0,0.0,0.5322,0.0,0.0,0.0,0.0,0.217,0.3146,0.2498,0.1104,0.0374,0.0283,0.0077,1.78,20.66,8.08,52.12,18.42,0,MOD-00632,2025-04-15T05:04:29,2025-04-14T22:04:29,https://api.quant-aq.com/v1/devices/MOD-00632/data/raw/363400263
0,646.5,37.39999999999998,683.9,1240.6,665.4,-0.10000000000002274,665.3,1646.3,2.2000000000000455,1648.5,1646.7,7.0,1655.5,,,75.1,12.6,0.0,0.0,0.0,681.25,3.1,6.0,5.3,5.151,0.802,0.0,0.0,0.0,0.0,0.0,0.0,0.0,0.0,0.0,0.0,0.5992,0.0,0.0,0.0,0.0,0.2357,0.318,0.267,0.0953,0.017,0.0164,0.004,1.87,14.77,7.77,52.14,18.45,0,MOD-00632,2025-04-15T05:03:29,2025-04-14T22:03:29,https://api.quant-aq.com/v1/devices/MOD-00632/data/raw/363400261
0,647.1,37.0,684.1,1238.4,664.8,-0.09999999999990905,664.7,1646.5,2.099999999999909,1648.6,1646.8,6.900000000000091,1655.5,,,75.1,12.6,0.0,0.0,0.0,660.25,3.1,4.9,4.6,4.1666,0.7269,0.0039,0.0,0.0,0.0,0.0,0.0,0.0,0.0,0.0,0.0,0.4582,0.0,0.0,0.0,0.0,0.2173,0.2791,0.2487,0.0974,0.0447,0.0258,0.0076,1.59,19.94,7.61,52.06,18.46,0,MOD-00632,2025-04-15T05:02:29,2025-04-14T22:02:29,https://api.quant-aq.com/v1/devices/MOD-00632/data/raw/363400264
0,647.3,37.700000000000045,685.0,1241.2,665.3,-0.1999999999999318,665.1,1646.1,2.300000000000182,1648.4,1646.9,7.099999999999909,1655.5,,,75.0,12.6,0.0,0.0,0.0,609.75,2.8,6.2,4.4,4.8119,0.7244,0.0,0.0,0.0,0.0,0.0,0.0,0.0,0.0,0.0,0.0,0.4554,0.0,0.0,0.0,0.0,0.2225,0.3361,0.3012,0.1242,0.0471,0.0278,0.0,1.75,18.55,8.83,52.02,18.43,0,MOD-00632,2025-04-15T05:01:29,2025-04-14T22:01:29,https://api.quant-aq.com/v1/devices/MOD-00632/data/raw/363400262
0,647.7,36.299999999999955,684.0,1238.5,665.4,0.10000000000002274,665.5,1646.3,2.1000000000001364,1648.4,1646.8,7.099999999999909,1655.5,,,75.0,12.6,0.0,0.0,0.0,665.75,2.4,6.1,5.3,4.2139,0.634,0.0,0.0,0.0,0.0,0.0,0.0,0.0,0.0,0.0,0.0,0.4355,0.0,0.0,0.0,0.0,0.1614,0.2377,0.2379,0.115,0.0216,0.0358,0.0071,1.46,17.97,7.12,51.93,18.46,0,MOD-00632,2025-04-15T05:00:29,2025-04-14T22:00:29,https://api.quant-aq.com/v1/devices/MOD-00632/data/raw/363398029
0,647.4,37.10000000000002,684.5,1238.9,666.3,-0.1999999999999318,666.1,1646.4,2.099999999999909,1648.5,1647.0,7.099999999999909,1655.6,,,74.9,12.6,0.0,0.0,0.0,591.75,2.0,4.7,4.1,4.811,0.7484,0.0,0.0037,0.0,0.0,0.0,0.0,0.0,0.0,0.0,0.0,0.5696,0.0,0.0,0.0,0.0,0.2241,0.3148,0.2831,0.0725,0.0456,0.0115,0.0,1.79,16.54,7.81,51.93,18.43,0,MOD-00632,2025-04-15T04:59:29,2025-04-14T21:59:29,https://api.quant-aq.com/v1/devices/MOD-00632/data/raw/363398031
0,645.5,37.700000000000045,683.2,1241.9,665.4,0.0,665.4,1646.5,2.0,1648.5,1646.9,7.0,1655.5,,,74.9,12.6,0.0,0.0,0.0,488.25,2.1,4.0,3.5,4.4627,0.7113,0.004,0.0,0.0,0.0,0.0,0.0,0.0,0.0,0.0,0.0,0.4896,0.0,0.0,0.0,0.0,0.1938,0.3,0.288,0.1145,0.0276,0.0197,0.008,1.66,19.17,8.02,51.87,18.49,0,MOD-00632,2025-04-15T04:58:29,2025-04-14T21:58:29,https://api.quant-aq.com/v1/devices/MOD-00632/data/raw/363398030
0,648.4,35.700000000000045,684.1,1239.3,665.5,-0.10000000000002274,665.4,1646.1,2.400000000000091,1648.5,1647.1,7.099999999999909,1655.6,,,74.8,12.6,0.0,0.0,0.0,558.5,2.3,4.8,4.5,4.4514,0.65,0.0,0.0,0.0,0.0,0.0,0.0,0.0,0.0,0.0,0.0,0.5457,0.0,0.0,0.0,0.0,0.1619,0.2966,0.3121,0.0502,0.0154,0.0076,0.0038,1.65,12.08,7.01,51.8,18.47,0,MOD-00632,2025-04-15T04:57:29,2025-04-14T21:57:29,https://api.quant-aq.com/v1/devices/MOD-00632/data/raw/363398032
0,647.0,37.39999999999998,684.4,1239.6,665.2,0.0,665.2,1646.4,2.099999999999909,1648.5,1646.8,7.0,1655.5,,,74.7,12.6,0.0,0.0,0.0,595.75,2.7,5.3,4.0,4.3559,0.6101,0.0,0.0,0.0,0.0,0.0,0.0,0.0,0.0,0.0,0.0,0.5195,0.0,0.0,0.0,0.0,0.1602,0.2585,0.1941,0.058,0.0324,0.0246,0.0035,1.51,14.04,6.17,51.8,18.49,0,MOD-00632,2025-04-15T04:56:29,2025-04-14T21:56:29,https://api.quant-aq.com/v1/devices/MOD-00632/data/raw/363395740
0,646.2,37.59999999999991,683.8,1241.2,665.8,-0.09999999999990905,665.7,1646.3,2.2999999999999545,1648.6,1647.0,7.0,1655.6,,,74.6,12.6,0.0,0.0,0.0,534.25,2.3,4.9,3.7,4.65,0.8342,0.0,0.0,0.0,0.0,0.0,0.0,0.0,0.0,0.0,0.0,0.5087,0.0,0.0,0.0,0.0,0.1825,0.2865,0.2522,0.079,0.0637,0.024,0.0187,1.68,21.82,7.78,51.78,18.47,0,MOD-00632,2025-04-15T04:55:29,2025-04-14T21:55:29,https://api.quant-aq.com/v1/devices/MOD-00632/data/raw/363395739
0,646.1,37.39999999999998,683.5,1242.8,665.7,-0.20000000000004547,665.5,1646.3,2.2000000000000455,1648.5,1646.8,6.900000000000091,1655.4,,,74.5,12.6,0.0,0.0,0.0,449.75,2.0,4.8,3.6,4.5941,0.7382,0.0041,0.0,0.0,0.0041,0.0,0.0,0.0,0.0,0.0,0.0,0.4934,0.0,0.0,0.0,0.0,0.1918,0.2607,0.3424,0.0487,0.0287,0.0243,0.004,1.66,20.41,7.51,51.68,18.47,0,MOD-00632,2025-04-15T04:54:29,2025-04-14T21:54:29,https://api.quant-aq.com/v1/devices/MOD-00632/data/raw/363395737
0,645.9,37.30000000000007,683.2,1242.2,665.0,-0.20000000000004547,664.8,1646.2,2.2999999999999545,1648.5,1646.8,6.7999999999999545,1655.3,,,74.5,12.6,0.0,0.0,0.0,534.25,2.0,5.2,4.1,4.8873,0.7766,0.0,0.0,0.0,0.0,0.0,0.0,0.0,0.0,0.0,0.0,0.5328,0.0,0.0,0.0,0.0,0.2303,0.2654,0.2339,0.1207,0.0402,0.0083,0.0041,1.73,15.11,7.65,51.62,18.49,0,MOD-00632,2025-04-15T04:53:29,2025-04-14T21:53:29,https://api.quant-aq.com/v1/devices/MOD-00632/data/raw/363395738
0,648.2,35.89999999999998,684.1,1241.2,666.1,-0.10000000000002274,666.0,1646.2,2.2999999999999545,1648.5,1646.8,7.0,1655.5,,,74.5,12.6,0.0,0.0,0.0,548.0,2.2,5.2,3.9,4.5815,0.7225,0.004,0.0,0.004,0.0,0.0,0.0,0.0,0.0,0.0,0.0,0.48,0.0,0.0,0.0,0.0,0.1988,0.2319,0.2526,0.0934,0.0243,0.0283,0.0,1.59,19.49,7.08,51.63,18.5,0,MOD-00632,2025-04-15T04:52:29,2025-04-14T21:52:29,https://api.quant-aq.com/v1/devices/MOD-00632/data/raw/363393419
0,646.6,37.10000000000002,683.7,1238.6,665.4,-0.10000000000002274,665.3,1646.2,2.2999999999999545,1648.5,1647.0,7.2000000000000455,1655.7,,,74.5,12.6,0.0,0.0,0.0,634.75,2.8,5.4,4.5,4.8564,0.7704,0.0,0.0,0.0,0.0,0.0,0.0,0.0,0.0,0.0,0.0,0.3574,0.0,0.0,0.0,0.0,0.1914,0.3582,0.2737,0.0983,0.0201,0.0204,0.0,1.67,14.5,7.74,51.61,18.5,0,MOD-00632,2025-04-15T04:51:29,2025-04-14T21:51:29,https://api.quant-aq.com/v1/devices/MOD-00632/data/raw/363393418
0,646.0,38.60000000000002,684.6,1237.7,665.4,-0.2999999999999545,665.1,1646.6,2.0,1648.6,1646.9,7.300000000000182,1655.9,,,74.4,12.7,0.0,0.0,0.0,668.5,3.0,5.2,5.0,4.0432,0.6416,0.0,0.0035,0.0,0.0,0.0,0.0,0.0,0.0,0.0,0.0,0.4315,0.0,0.0,0.0,0.0,0.1817,0.3049,0.2757,0.0599,0.0157,0.0143,0.0037,1.53,14.93,6.8,51.58,18.53,0,MOD-00632,2025-04-15T04:50:29,2025-04-14T21:50:29,https://api.quant-aq.com/v1/devices/MOD-00632/data/raw/363393421
0,646.6,38.19999999999993,684.8,1235.1,665.6,-0.10000000000002274,665.5,1646.3,2.2000000000000455,1648.5,1646.9,7.400000000000091,1655.9,,,74.2,12.7,0.0,0.0,0.0,652.0,2.5,5.7,4.6,4.1872,0.7912,0.0,0.0,0.0,0.0,0.0,0.0,0.0,0.0,0.0,0.0,0.5226,0.0,0.0,0.0,0.0,0.1768,0.2692,0.2012,0.0448,0.0217,0.0073,0.0,1.56,9.7,5.86,51.53,18.56,0,MOD-00632,2025-04-15T04:49:29,2025-04-14T21:49:29,https://api.quant-aq.com/v1/devices/MOD-00632/data/raw/363393420
0,646.7,37.0,683.7,1239.0,665.6,-0.10000000000002274,665.5,1646.4,2.2999999999999545,1648.7,1647.0,7.099999999999909,1655.8,,,74.1,12.7,0.0,0.0,0.0,585.75,2.6,4.8,4.2,4.4791,0.793,0.0043,0.0,0.0,0.0,0.0,0.0,0.0,0.0,0.0,0.0,0.5033,0.0,0.0,0.0,0.0,0.208,0.2703,0.2549,0.1068,0.0362,0.0162,0.004,1.66,17.52,7.59,51.51,18.54,0,MOD-00632,2025-04-15T04:48:29,2025-04-14T21:48:29,https://api.quant-aq.com/v1/devices/MOD-00632/data/raw/363391149
0,646.8,36.90000000000009,683.7,1240.3,665.7,-0.3000000000000682,665.4,1646.1,2.300000000000182,1648.4,1646.8,7.2999999999999545,1655.7,,,74.1,12.7,0.0,0.0,0.0,525.75,2.2,4.7,3.7,4.6944,0.7626,0.0083,0.0084,0.0,0.0,0.0,0.0,0.0,0.0,0.0,0.0,0.6631,0.0,0.0,0.0,0.0,0.2128,0.2916,0.2371,0.0875,0.0249,0.0207,0.0,1.79,22.69,7.34,51.43,18.53,0,MOD-00632,2025-04-15T04:47:29,2025-04-14T21:47:29,https://api.quant-aq.com/v1/devices/MOD-00632/data/raw/363391146
0,645.3,38.700000000000045,684.0,1236.5,665.7,0.0,665.7,1646.3,2.2000000000000455,1648.5,1646.8,7.099999999999909,1655.6,,,74.0,12.7,0.0,0.0,0.0,523.0,2.2,4.5,3.8,4.1981,0.8182,0.0037,0.0,0.0,0.0,0.0,0.0,0.0,0.0,0.0,0.0,0.4736,0.0,0.0,0.0,0.0,0.2119,0.2848,0.2116,0.0994,0.0355,0.0158,0.008,1.61,17.53,7.13,51.48,18.57,0,MOD-00632,2025-04-15T04:46:29,2025-04-14T21:46:29,https://api.quant-aq.com/v1/devices/MOD-00632/data/raw/363391147
0,647.0,36.5,683.5,1247.3,665.7,0.0,665.7,1646.3,2.400000000000091,1648.7,1647.0,6.899999999999864,1655.6,,,74.0,12.7,0.0,0.0,0.0,544.0,2.3,4.1,4.0,4.619,0.7175,0.0,0.0,0.0,0.0,0.0,0.0,0.0,0.0,0.0,0.0,0.4631,0.0,0.0,0.0,0.0,0.1944,0.3344,0.2184,0.0902,0.0374,0.0164,0.0081,1.65,16.22,7.31,51.45,18.53,0,MOD-00632,2025-04-15T04:45:29,2025-04-14T21:45:29,https://api.quant-aq.com/v1/devices/MOD-00632/data/raw/363391148
0,646.1,38.10000000000002,684.2,1242.7,665.9,-0.5,665.4,1646.3,2.2999999999999545,1648.6,1647.0,7.2000000000000455,1655.8,,,74.1,12.7,0.0,0.0,0.0,511.0,2.2,3.8,3.2,4.6079,0.8103,0.004,0.0,0.0,0.0,0.0,0.0,0.0,0.0,0.0,0.0,0.4623,0.0,0.0,0.0,0.0,0.1541,0.3279,0.2392,0.1255,0.0284,0.0202,0.0,1.65,16.92,7.74,51.41,18.56,0,MOD-00632,2025-04-15T04:44:29,2025-04-14T21:44:29,https://api.quant-aq.com/v1/devices/MOD-00632/data/raw/363388838
0,647.6,37.10000000000002,684.7,1243.2,665.5,-0.10000000000002274,665.4,1646.5,2.2000000000000455,1648.7,1646.9,7.2000000000000455,1655.9,,,74.1,12.7,0.0,0.0,0.0,599.0,2.7,5.1,4.3,4.465,0.7051,0.0,0.0039,0.0,0.0,0.0,0.0,0.0,0.0,0.0,0.0,0.4985,0.0,0.0,0.0,0.0,0.2252,0.2381,0.3077,0.0579,0.0273,0.0352,0.0154,1.64,22.35,7.4,51.42,18.56,0,MOD-00632,2025-04-15T04:43:29,2025-04-14T21:43:29,https://api.quant-aq.com/v1/devices/MOD-00632/data/raw/363388839
0,646.9,37.60000000000002,684.5,1238.2,666.0,-0.2999999999999545,665.7,1646.2,2.599999999999909,1648.8,1647.0,7.5,1656.3,,,74.0,12.7,0.0,0.0,0.0,687.5,3.3,6.2,5.0,4.0009,0.7142,0.0,0.0035,0.0,0.0,0.0,0.0,0.0,0.0,0.0,0.0,0.495,0.0,0.0,0.0,0.0,0.1853,0.3179,0.222,0.085,0.0327,0.0145,0.0,1.58,15.31,7.0,51.42,18.59,0,MOD-00632,2025-04-15T04:42:29,2025-04-14T21:42:29,https://api.quant-aq.com/v1/devices/MOD-00632/data/raw/363388840
0,647.7,36.69999999999993,684.4,1240.1,666.1,0.0,666.1,1646.3,2.5,1648.8,1646.9,7.2000000000000455,1656.0,,,73.7,12.7,0.0,0.0,0.0,646.5,3.2,5.2,5.0,4.522,0.7881,0.0,0.0,0.0,0.0,0.0,0.0,0.0,0.0,0.0,0.0,0.4957,0.0,0.0,0.0,0.0,0.2705,0.2689,0.2028,0.0623,0.023,0.0153,0.0,1.68,11.74,6.44,51.29,18.59,0,MOD-00632,2025-04-15T04:41:29,2025-04-14T21:41:29,https://api.quant-aq.com/v1/devices/MOD-00632/data/raw/363388841
0,646.9,37.200000000000045,684.1,1243.3,665.7,0.09999999999990905,665.8,1646.4,2.3999999999998636,1648.8,1647.1,7.2999999999999545,1656.1,,,73.7,12.7,0.0,0.0,0.0,623.25,2.9,4.8,4.8,4.1878,0.7787,0.0,0.0,0.0,0.0,0.0,0.0,0.0,0.0,0.0,0.0,0.5379,0.0,0.0,0.0,0.0,0.2031,0.2632,0.2579,0.1061,0.0238,0.0039,0.0,1.64,11.97,7.24,51.26,18.54,0,MOD-00632,2025-04-15T04:40:29,2025-04-14T21:40:29,https://api.quant-aq.com/v1/devices/MOD-00632/data/raw/363386582
0,645.9,38.60000000000002,684.5,1240.3,666.0,0.10000000000002274,666.1,1646.4,2.5,1648.9,1646.7,7.0,1655.9,,,73.6,12.7,0.0,0.0,0.0,523.25,2.2,3.8,3.1,4.2809,0.6998,0.0038,0.0,0.0,0.0,0.0,0.0,0.0,0.0,0.0,0.0,0.4497,0.0,0.0,0.0,0.0,0.2041,0.2981,0.2039,0.0529,0.0188,0.0227,0.0075,1.56,15.79,6.27,51.2,18.56,0,MOD-00632,2025-04-15T04:39:29,2025-04-14T21:39:29,https://api.quant-aq.com/v1/devices/MOD-00632/data/raw/363386585
0,646.1,38.0,684.1,1243.7,665.4,-0.10000000000002274,665.3,1646.3,2.6000000000001364,1648.9,1646.8,7.199999999999818,1656.1,,,73.6,12.7,0.0,0.0,0.0,461.5,1.8,4.4,3.2,4.3728,0.8286,0.0042,0.0044,0.0,0.0,0.0,0.0,0.0,0.0,0.0,0.0,0.4331,0.0,0.0,0.0,0.0,0.1736,0.2805,0.2218,0.099,0.0246,0.0166,0.0169,1.57,22.11,6.99,51.1,18.59,0,MOD-00632,2025-04-15T04:38:29,2025-04-14T21:38:29,https://api.quant-aq.com/v1/devices/MOD-00632/data/raw/363386583
0,647.2,36.69999999999993,683.9,1242.5,666.1,-0.10000000000002274,666.0,1646.3,2.5,1648.8,1646.8,7.100000000000136,1655.9,,,73.4,12.7,0.0,0.0,0.0,487.5,2.0,3.8,3.2,5.0723,0.6,0.0,0.0041,0.0,0.0,0.0,0.0,0.0,0.0,0.0,0.0,0.5287,0.0,0.0,0.0,0.0,0.1924,0.329,0.2288,0.091,0.0252,0.0335,0.0043,1.71,19.55,7.45,51.05,18.56,0,MOD-00632,2025-04-15T04:37:29,2025-04-14T21:37:29,https://api.quant-aq.com/v1/devices/MOD-00632/data/raw/363386584
0,646.8,37.0,683.8,1239.3,665.9,-0.2999999999999545,665.6,1646.5,2.400000000000091,1648.9,1647.0,7.199999999999818,1656.1,,,73.5,12.7,0.0,0.0,0.0,390.5,1.2,3.7,2.5,4.6803,0.764,0.0,0.0,0.0,0.0,0.0,0.0,0.0,0.0,0.0,0.0,0.5831,0.0,0.0,0.0,0.0,0.1982,0.3178,0.2434,0.0953,0.0164,0.0124,0.0,1.75,12.58,7.3,51.0,18.56,0,MOD-00632,2025-04-15T04:36:29,2025-04-14T21:36:29,https://api.quant-aq.com/v1/devices/MOD-00632/data/raw/363384319
0,645.8,38.5,684.3,1238.8,665.2,-0.20000000000004547,665.0,1646.2,2.7000000000000455,1648.9,1646.9,7.0,1655.9,,,73.4,12.7,0.0,0.0,0.0,577.75,2.5,4.8,4.0,4.8402,0.76,0.0,0.004,0.0,0.0,0.0,0.0,0.0,0.0,0.0,0.0,0.5292,0.0,0.0,0.0,0.0,0.2043,0.3179,0.2389,0.0607,0.0164,0.0283,0.0201,1.73,21.59,7.04,51.03,18.59,0,MOD-00632,2025-04-15T04:35:29,2025-04-14T21:35:29,https://api.quant-aq.com/v1/devices/MOD-00632/data/raw/363384318
0,646.2,37.59999999999991,683.8,1241.1,666.0,-0.10000000000002274,665.9,1646.2,2.599999999999909,1648.8,1646.8,7.100000000000136,1655.9,,,73.4,12.7,0.0,0.0,0.0,497.5,1.8,4.2,3.7,4.4493,0.7663,0.0,0.0042,0.0,0.0,0.0,0.0,0.0,0.0,0.0,0.0,0.5041,0.0,0.0,0.0,0.0,0.16,0.243,0.2648,0.0657,0.0412,0.0209,0.0,1.58,16.81,6.96,50.92,18.59,0,MOD-00632,2025-04-15T04:34:29,2025-04-14T21:34:29,https://api.quant-aq.com/v1/devices/MOD-00632/data/raw/363384316
0,645.6,37.799999999999955,683.4,1241.3,665.6,-0.39999999999997726,665.2,1646.5,2.2999999999999545,1648.8,1646.7,7.2000000000000455,1656.0,,,73.4,12.7,0.0,0.0,0.0,608.75,2.7,4.9,4.5,4.486,0.6893,0.0039,0.0,0.004,0.0,0.0,0.0,0.0,0.0,0.0,0.0,0.5102,0.0,0.0,0.0,0.0,0.1801,0.2427,0.2829,0.0825,0.0197,0.0119,0.004,1.6,17.89,7.03,50.89,18.57,0,MOD-00632,2025-04-15T04:33:29,2025-04-14T21:33:29,https://api.quant-aq.com/v1/devices/MOD-00632/data/raw/363384317
0,645.9,37.30000000000007,683.2,1241.6,666.4,0.0,666.4,1646.1,2.7000000000000455,1648.8,1646.9,7.2000000000000455,1656.0,,,73.3,12.7,0.0,0.0,0.0,536.75,2.3,4.4,3.8,4.6916,0.7682,0.0,0.0,0.0,0.0,0.0,0.0,0.0,0.0,0.0,0.0,0.5072,0.0,0.0,0.0,0.0,0.207,0.2517,0.2469,0.1296,0.0366,0.0122,0.0081,1.66,16.74,7.73,50.82,18.59,0,MOD-00632,2025-04-15T04:32:29,2025-04-14T21:32:29,https://api.quant-aq.com/v1/devices/MOD-00632/data/raw/363382002
0,644.8,38.10000000000002,682.9,1240.3,665.7,-0.5,665.2,1646.2,2.5,1648.7,1646.8,7.2000000000000455,1655.9,,,73.2,12.7,0.0,0.0,0.0,464.0,1.6,3.7,3.4,4.5206,0.8132,0.0,0.0,0.0,0.0,0.0,0.0,0.0,0.0,0.0,0.0,0.5509,0.0,0.0,0.0,0.0,0.2973,0.2533,0.201,0.0603,0.0405,0.0166,0.0043,1.73,14.21,6.72,50.69,18.59,0,MOD-00632,2025-04-15T04:31:29,2025-04-14T21:31:29,https://api.quant-aq.com/v1/devices/MOD-00632/data/raw/363382001
0,647.5,36.5,684.0,1238.0,665.9,-0.2999999999999545,665.6,1646.4,2.2999999999999545,1648.7,1646.7,7.2999999999999545,1656.0,,,73.1,12.7,0.0,0.0,0.0,487.5,2.0,4.2,3.7,4.2452,0.8056,0.0,0.0,0.0,0.0,0.0,0.0,0.0,0.0,0.0,0.0,0.4816,0.0,0.0,0.0,0.0,0.2394,0.3096,0.1758,0.082,0.0432,0.0117,0.0079,1.64,15.05,6.83,50.62,18.61,0,MOD-00632,2025-04-15T04:30:29,2025-04-14T21:30:29,https://api.quant-aq.com/v1/devices/MOD-00632/data/raw/363382003
0,646.3,37.30000000000007,683.6,1239.5,665.3,-0.39999999999997726,664.9,1646.2,2.5,1648.7,1646.7,7.2999999999999545,1656.0,,,73.0,12.8,0.0,0.0,0.0,524.5,2.1,4.0,3.2,4.6448,0.7663,0.0,0.0,0.0,0.0,0.0,0.0,0.0,0.0,0.0,0.0,0.5133,0.0,0.0,0.0,0.0,0.1987,0.2513,0.2714,0.0789,0.0492,0.0494,0.0042,1.66,20.7,7.78,50.63,18.63,0,MOD-00632,2025-04-15T04:29:29,2025-04-14T21:29:29,https://api.quant-aq.com/v1/devices/MOD-00632/data/raw/363382000
0,645.9,38.5,684.4,1237.7,665.9,-0.1999999999999318,665.7,1646.1,2.7000000000000455,1648.8,1646.8,7.400000000000091,1656.2,,,73.0,12.8,0.0,0.0,0.0,563.0,2.4,3.8,3.4,4.1222,0.6139,0.0,0.0,0.0,0.0,0.0,0.0,0.0,0.0,0.0,0.0,0.4476,0.0,0.0,0.0,0.0,0.1956,0.2645,0.2259,0.0731,0.0192,0.0265,0.0,1.49,13.37,6.51,50.54,18.64,0,MOD-00632,2025-04-15T04:28:29,2025-04-14T21:28:29,https://api.quant-aq.com/v1/devices/MOD-00632/data/raw/363379742
0,646.6,36.39999999999998,683.0,1240.1,665.9,-0.1999999999999318,665.7,1646.1,2.5,1648.6,1646.6,7.5,1656.1,,,72.8,12.8,0.0,0.0,0.0,531.25,2.2,3.4,2.8,4.5391,0.6799,0.0,0.0,0.0,0.0,0.0,0.0,0.0,0.0,0.0,0.0,0.468,0.0,0.0,0.0,0.0,0.1778,0.2245,0.2639,0.0599,0.0223,0.026,0.0039,1.54,14.48,6.59,50.47,18.66,0,MOD-00632,2025-04-15T04:27:29,2025-04-14T21:27:29,https://api.quant-aq.com/v1/devices/MOD-00632/data/raw/363379744
0,645.7,37.5,683.2,1238.8,666.1,-0.39999999999997726,665.7,1646.3,2.400000000000091,1648.7,1646.7,7.5,1656.2,,,72.6,12.8,0.0,0.0,0.0,508.0,2.4,3.7,3.3,4.0866,0.7105,0.0039,0.0,0.0,0.0,0.0,0.0,0.0,0.0,0.0,0.0,0.4272,0.0,0.0,0.0,0.0,0.1396,0.211,0.1884,0.0185,0.0153,0.0144,0.0074,1.37,12.45,4.9,50.4,18.67,0,MOD-00632,2025-04-15T04:26:29,2025-04-14T21:26:29,https://api.quant-aq.com/v1/devices/MOD-00632/data/raw/363379741
0,645.2,39.09999999999991,684.3,1233.6,665.4,0.0,665.4,1646.1,2.5,1648.6,1646.7,7.7000000000000455,1656.3,,,72.5,12.8,0.0,0.0,0.0,606.5,2.8,4.5,4.2,3.9748,0.5523,0.0,0.0,0.0,0.0,0.0,0.0,0.0,0.0,0.0,0.0,0.4412,0.0,0.0,0.0,0.0,0.1547,0.2425,0.1767,0.0805,0.0423,0.0105,0.0,1.37,11.91,6.05,50.29,18.67,0,MOD-00632,2025-04-15T04:25:29,2025-04-14T21:25:29,https://api.quant-aq.com/v1/devices/MOD-00632/data/raw/363379740
0,647.2,38.39999999999998,685.6,1239.8,666.2,-0.3000000000000682,665.9,1646.3,2.400000000000091,1648.7,1646.7,7.2999999999999545,1656.0,,,72.4,12.8,0.0,0.0,0.0,525.25,2.1,4.4,3.8,4.2982,0.7335,0.0039,0.0038,0.0,0.0,0.0,0.0,0.0,0.0,0.0,0.0,0.4473,0.0,0.0,0.0,0.0,0.2255,0.2826,0.2253,0.0737,0.0309,0.0153,0.0078,1.59,18.89,6.83,50.17,18.64,0,MOD-00632,2025-04-15T04:24:29,2025-04-14T21:24:29,https://api.quant-aq.com/v1/devices/MOD-00632/data/raw/363377482
0,645.7,39.0,684.7,1243.2,666.1,0.10000000000002274,666.2,1646.4,2.199999999999818,1648.6,1646.7,7.5,1656.1,,,72.3,12.8,0.0,0.0,0.0,479.0,1.9,3.5,3.2,4.2692,0.6898,0.0,0.0,0.0,0.0,0.0,0.0,0.0,0.0,0.0,0.0,0.4378,0.0,0.0,0.0,0.0,0.1612,0.2373,0.2295,0.0715,0.0346,0.0039,0.0113,1.47,13.96,6.38,50.07,18.67,0,MOD-00632,2025-04-15T04:23:29,2025-04-14T21:23:29,https://api.quant-aq.com/v1/devices/MOD-00632/data/raw/363377479
0,645.6,38.299999999999955,683.9,1239.3,666.0,-0.10000000000002274,665.9,1646.2,2.5,1648.7,1646.7,7.399999999999864,1656.1,,,72.2,12.8,0.0,0.0,0.0,547.75,2.4,4.4,3.9,4.1413,0.7559,0.0,0.0,0.0,0.0,0.0,0.0,0.0,0.0,0.0,0.0,0.449,0.0,0.0,0.0,0.0,0.1466,0.3336,0.2198,0.0619,0.0164,0.0249,0.004,1.54,13.92,6.54,50.07,18.66,0,MOD-00632,2025-04-15T04:22:29,2025-04-14T21:22:29,https://api.quant-aq.com/v1/devices/MOD-00632/data/raw/363377480
0,646.8,37.10000000000002,683.9,1241.7,665.9,-0.39999999999997726,665.5,1646.1,2.400000000000091,1648.5,1646.7,7.599999999999909,1656.1,,,72.1,12.8,0.0,0.0,0.0,569.0,2.3,5.1,3.3,4.3295,0.7363,0.0,0.0,0.0,0.0,0.0,0.0,0.0,0.0,0.0,0.0,0.3644,0.0,0.0,0.0,0.0,0.1759,0.269,0.2452,0.0915,0.0201,0.0199,0.0041,1.5,14.36,6.86,50.02,18.7,0,MOD-00632,2025-04-15T04:21:29,2025-04-14T21:21:29,https://api.quant-aq.com/v1/devices/MOD-00632/data/raw/363377481
0,645.3,37.60000000000002,682.9,1240.8,665.0,-0.2999999999999545,664.7,1646.2,2.2999999999999545,1648.5,1646.6,7.7000000000000455,1656.2,,,72.0,12.8,0.0,0.0,0.0,609.0,2.8,5.8,4.2,4.3411,0.6355,0.0,0.0,0.0,0.0,0.0,0.0,0.0,0.0,0.0,0.0,0.4158,0.0,0.0,0.0,0.0,0.1772,0.2535,0.1775,0.0823,0.011,0.0116,0.0076,1.45,12.23,5.86,49.98,18.7,0,MOD-00632,2025-04-15T04:20:29,2025-04-14T21:20:29,https://api.quant-aq.com/v1/devices/MOD-00632/data/raw/363375179
0,645.9,37.5,683.4,1238.9,665.8,-0.2999999999999545,665.5,1646.1,2.400000000000091,1648.5,1646.9,7.599999999999909,1656.1,,,71.9,12.8,0.0,0.0,0.0,529.0,1.9,3.8,3.2,4.2334,0.6043,0.0,0.0037,0.0,0.0,0.0,0.0,0.0,0.0,0.0,0.0,0.4456,0.0,0.0,0.0,0.0,0.1721,0.2125,0.224,0.0442,0.0183,0.0295,0.0074,1.43,16.74,5.85,49.92,18.7,0,MOD-00632,2025-04-15T04:19:29,2025-04-14T21:19:29,https://api.quant-aq.com/v1/devices/MOD-00632/data/raw/363375178
0,645.2,38.09999999999991,683.3,1242.8,665.9,-0.2999999999999545,665.6,1646.4,2.099999999999909,1648.5,1646.7,7.7000000000000455,1656.2,,,71.8,12.8,0.0,0.0,0.0,529.75,2.1,4.0,3.5,4.2353,0.6389,0.004,0.0,0.0,0.0,0.0,0.0,0.0,0.0,0.0,0.0,0.4133,0.0,0.0,0.0,0.0,0.2001,0.2682,0.2525,0.0597,0.0321,0.0199,0.004,1.51,16.04,6.73,49.82,18.67,0,MOD-00632,2025-04-15T04:18:29,2025-04-14T21:18:29,https://api.quant-aq.com/v1/devices/MOD-00632/data/raw/363375177
0,646.8,35.90000000000009,682.7,1238.5,665.6,-0.3000000000000682,665.3,1646.0,2.5,1648.5,1646.7,7.599999999999909,1656.1,,,71.7,12.8,0.0,0.0,0.0,570.0,2.3,3.8,3.6,4.671,0.6878,0.0,0.0,0.0,0.0,0.0,0.0,0.0,0.0,0.0,0.0,0.345,0.0,0.0,0.0,0.0,0.164,0.2443,0.1655,0.1007,0.017,0.0293,0.0043,1.43,14.63,6.14,49.81,18.7,0,MOD-00632,2025-04-15T04:17:29,2025-04-14T21:17:29,https://api.quant-aq.com/v1/devices/MOD-00632/data/raw/363375180
0,646.0,37.5,683.5,1236.6,666.2,-0.3000000000000682,665.9,1646.3,2.2999999999999545,1648.6,1646.7,7.600000000000136,1656.2,,,71.8,12.8,0.0,0.0,0.0,531.25,2.0,3.9,3.5,4.8078,0.6702,0.0,0.0,0.0,0.0,0.0,0.0,0.0,0.0,0.0,0.0,0.4633,0.0,0.0,0.0,0.0,0.1695,0.3015,0.2361,0.066,0.0209,0.0286,0.0042,1.61,15.1,6.81,49.8,18.72,0,MOD-00632,2025-04-15T04:16:29,2025-04-14T21:16:29,https://api.quant-aq.com/v1/devices/MOD-00632/data/raw/363372912
0,646.5,36.700000000000045,683.2,1238.2,665.6,-0.20000000000004547,665.4,1646.1,2.5,1648.6,1647.0,7.600000000000136,1656.2,,,71.9,12.8,0.0,0.0,0.0,528.0,2.4,3.8,3.0,4.4739,0.7298,0.0,0.0,0.0,0.0,0.0,0.0,0.0,0.0,0.0,0.0,0.5352,0.0,0.0,0.0,0.0,0.2752,0.2433,0.1979,0.0826,0.0164,0.0165,0.0,1.66,11.89,6.49,49.79,18.71,0,MOD-00632,2025-04-15T04:15:29,2025-04-14T21:15:29,https://api.quant-aq.com/v1/devices/MOD-00632/data/raw/363372914
0,644.8,38.5,683.3,1239.5,666.1,-0.5,665.6,1646.1,2.5,1648.6,1646.6,7.600000000000136,1656.2,,,71.8,12.9,0.0,0.0,0.0,541.75,2.3,4.9,3.7,4.3135,0.6455,0.0,0.0,0.0,0.0,0.0,0.0,0.0,0.0,0.0,0.0,0.3897,0.0,0.0,0.0,0.0,0.2002,0.2516,0.1843,0.0631,0.0208,0.0294,0.0043,1.45,14.13,5.98,49.86,18.7,0,MOD-00632,2025-04-15T04:14:29,2025-04-14T21:14:29,https://api.quant-aq.com/v1/devices/MOD-00632/data/raw/363372913
0,645.8,37.30000000000007,683.1,1238.0,665.9,-0.5,665.4,1646.4,2.199999999999818,1648.6,1646.7,7.600000000000136,1656.2,,,71.8,12.9,0.0,0.0,0.0,498.0,2.0,4.0,3.8,4.4905,0.6579,0.0,0.0,0.0,0.0,0.0,0.0,0.0,0.0,0.0,0.0,0.4283,0.0,0.0,0.0,0.0,0.2173,0.3063,0.1836,0.079,0.0279,0.012,0.0039,1.57,12.86,6.49,49.76,18.71,0,MOD-00632,2025-04-15T04:13:29,2025-04-14T21:13:29,https://api.quant-aq.com/v1/devices/MOD-00632/data/raw/363372915
0,645.6,37.19999999999993,682.8,1237.0,665.2,-0.3000000000000682,664.9,1646.2,2.3999999999998636,1648.6,1646.9,7.7000000000000455,1656.3,,,71.7,12.9,0.0,0.0,0.0,505.25,1.8,4.3,4.2,4.3918,0.6597,0.0,0.0,0.0,0.0,0.0,0.0,0.0,0.0,0.0,0.0,0.5026,0.0,0.0,0.0,0.0,0.2223,0.2437,0.2005,0.097,0.0277,0.0118,0.0,1.57,12.25,6.62,49.8,18.74,0,MOD-00632,2025-04-15T04:12:29,2025-04-14T21:12:29,https://api.quant-aq.com/v1/devices/MOD-00632/data/raw/363370590
0,644.5,37.799999999999955,682.3,1236.8,665.7,-0.3000000000000682,665.4,1646.3,2.400000000000091,1648.7,1646.8,7.7000000000000455,1656.4,,,71.7,12.9,0.0,0.0,0.0,565.25,2.2,4.7,3.4,4.3235,0.6253,0.0,0.0,0.0,0.0,0.0,0.0,0.0,0.0,0.0,0.0,0.5106,0.0,0.0,0.0,0.0,0.1758,0.2329,0.2435,0.0418,0.0422,0.0115,0.0077,1.52,13.96,6.34,49.77,18.74,0,MOD-00632,2025-04-15T04:11:29,2025-04-14T21:11:29,https://api.quant-aq.com/v1/devices/MOD-00632/data/raw/363370589
0,647.2,36.19999999999993,683.4,1238.0,665.9,-0.39999999999997726,665.5,1646.1,2.5,1648.6,1646.6,7.7000000000000455,1656.3,,,71.6,12.9,0.0,0.0,0.0,562.0,2.5,3.8,3.5,3.7352,0.5464,0.0,0.0,0.0,0.0,0.0,0.0,0.0,0.0,0.0,0.0,0.4334,0.0,0.0,0.0,0.0,0.1625,0.1922,0.1662,0.0526,0.0226,0.015,0.0038,1.29,10.99,5.11,49.7,18.72,0,MOD-00632,2025-04-15T04:10:29,2025-04-14T21:10:29,https://api.quant-aq.com/v1/devices/MOD-00632/data/raw/363370588
0,646.3,36.5,682.8,1237.8,665.3,-0.2999999999999545,665.0,1646.2,2.2999999999999545,1648.5,1646.7,7.900000000000091,1656.4,,,71.4,12.9,0.0,0.0,0.0,493.25,2.2,3.7,3.2,4.1024,0.662,0.0,0.0,0.0,0.0,0.0,0.0,0.0,0.0,0.0,0.0,0.4807,0.0,0.0,0.0,0.0,0.1828,0.2193,0.1798,0.0742,0.023,0.0156,0.0041,1.45,12.33,5.84,49.61,18.74,0,MOD-00632,2025-04-15T04:09:29,2025-04-14T21:09:29,https://api.quant-aq.com/v1/devices/MOD-00632/data/raw/363370591
0,645.0,36.89999999999998,681.9,1237.1,666.2,-0.20000000000004547,666.0,1646.1,2.5,1648.6,1646.7,7.7000000000000455,1656.3,,,71.5,12.9,0.0,0.0,0.0,500.0,2.0,3.9,3.8,4.2784,0.6439,0.0,0.0,0.0,0.0041,0.0,0.0,0.0,0.0,0.0,0.0,0.4054,0.0,0.0,0.0,0.0,0.1586,0.2221,0.2155,0.0799,0.012,0.028,0.0,1.41,15.79,6.1,49.61,18.75,0,MOD-00632,2025-04-15T04:08:29,2025-04-14T21:08:29,https://api.quant-aq.com/v1/devices/MOD-00632/data/raw/363368329
0,644.8,37.700000000000045,682.5,1236.9,666.2,-0.5,665.7,1646.2,2.599999999999909,1648.8,1646.7,7.7000000000000455,1656.5,,,71.5,12.9,0.0,0.0,0.0,512.75,2.3,3.5,3.3,4.1446,0.6717,0.0036,0.0,0.0,0.0,0.0,0.0,0.0,0.0,0.0,0.0,0.4458,0.0,0.0,0.0,0.0,0.144,0.1943,0.1992,0.0337,0.0116,0.0267,0.0081,1.38,14.59,5.22,49.61,18.78,0,MOD-00632,2025-04-15T04:07:29,2025-04-14T21:07:29,https://api.quant-aq.com/v1/devices/MOD-00632/data/raw/363368328
0,644.3,40.0,684.3,1236.0,665.7,-0.5,665.2,1646.1,2.5,1648.6,1646.7,7.800000000000182,1656.4,,,71.5,12.9,0.0,0.0,0.0,495.75,2.2,4.8,3.8,4.0347,0.6783,0.0,0.0,0.0,0.0,0.0,0.0,0.0,0.0,0.0,0.0,0.436,0.0,0.0,0.0,0.0,0.1806,0.2284,0.2156,0.0668,0.0273,0.027,0.0,1.44,13.43,6.22,49.63,18.77,0,MOD-00632,2025-04-15T04:06:29,2025-04-14T21:06:29,https://api.quant-aq.com/v1/devices/MOD-00632/data/raw/363368327
0,647.3,37.90000000000009,685.2,1236.7,665.6,-0.39999999999997726,665.2,1646.1,2.5,1648.6,1646.5,7.900000000000091,1656.5,,,71.5,12.9,0.0,0.0,0.0,499.25,2.1,3.4,3.1,4.2366,0.7512,0.0,0.0,0.0,0.0,0.0,0.0,0.0,0.0,0.0,0.0,0.4787,0.0,0.0,0.0,0.0,0.1592,0.2318,0.201,0.0933,0.0157,0.0236,0.004,1.49,13.87,6.32,49.55,18.8,0,MOD-00632,2025-04-15T04:05:29,2025-04-14T21:05:29,https://api.quant-aq.com/v1/devices/MOD-00632/data/raw/363368326
0,647.0,35.89999999999998,682.9,1240.0,666.7,-0.3000000000000682,666.4,1646.0,2.7000000000000455,1648.7,1646.7,7.899999999999864,1656.6,,,71.4,12.9,0.0,0.0,0.0,543.75,2.4,3.5,3.5,4.0534,0.6091,0.0,0.0,0.0,0.0,0.0,0.0,0.0,0.0,0.0,0.0,0.4289,0.0,0.0,0.0,0.0,0.1714,0.1992,0.2048,0.0407,0.0141,0.0119,0.0151,1.37,13.29,5.33,49.56,18.81,0,MOD-00632,2025-04-15T04:04:29,2025-04-14T21:04:29,https://api.quant-aq.com/v1/devices/MOD-00632/data/raw/363366026
0,644.0,38.10000000000002,682.1,1237.9,665.5,-0.39999999999997726,665.1,1646.1,2.6000000000001364,1648.7,1646.8,7.899999999999864,1656.6,,,71.2,12.9,0.0,0.0,0.0,504.75,1.9,3.9,3.1,3.7926,0.5625,0.0037,0.0,0.0,0.0,0.0,0.0,0.0,0.0,0.0,0.0,0.4234,0.0,0.0,0.0,0.0,0.1148,0.2406,0.263,0.0702,0.0222,0.0146,0.0074,1.35,15.43,6.39,49.33,18.8,0,MOD-00632,2025-04-15T04:03:29,2025-04-14T21:03:29,https://api.quant-aq.com/v1/devices/MOD-00632/data/raw/363366025
0,644.6,38.10000000000002,682.7,1235.9,666.2,-0.5,665.7,1646.1,2.5,1648.6,1646.5,8.0,1656.6,,,71.0,12.9,0.0,0.0,0.0,522.25,2.1,4.2,3.4,3.8952,0.5707,0.0,0.0,0.0,0.0,0.0,0.0,0.0,0.0,0.0,0.0,0.4677,0.0,0.0,0.0,0.0,0.2059,0.2468,0.2317,0.0602,0.0266,0.0153,0.0075,1.46,13.86,6.34,49.29,18.81,0,MOD-00632,2025-04-15T04:02:29,2025-04-14T21:02:29,https://api.quant-aq.com/v1/devices/MOD-00632/data/raw/363366027
0,645.9,36.700000000000045,682.6,1237.1,666.1,-0.6000000000000227,665.5,1646.1,2.400000000000091,1648.5,1646.8,8.0,1656.5,,,70.9,12.9,0.0,0.0,0.0,545.5,2.4,4.1,3.4,4.1683,0.5958,0.0,0.0038,0.0,0.0,0.0,0.0,0.0,0.0,0.0,0.0,0.4627,0.0,0.0,0.0,0.0,0.1802,0.2583,0.2292,0.0947,0.0113,0.0274,0.0,1.49,15.87,6.67,49.19,18.81,0,MOD-00632,2025-04-15T04:01:29,2025-04-14T21:01:29,https://api.quant-aq.com/v1/devices/MOD-00632/data/raw/363366024
0,645.7,37.5,683.2,1238.5,665.8,-0.1999999999999318,665.6,1646.1,2.5,1648.6,1646.6,8.0,1656.6,,,70.8,13.0,0.0,0.0,0.0,503.25,2.0,3.4,3.1,3.7262,0.6946,0.0,0.0,0.0,0.0,0.0,0.0,0.0,0.0,0.0,0.0,0.4349,0.0,0.0,0.0,0.0,0.1695,0.2443,0.1858,0.0469,0.0159,0.0119,0.0078,1.39,11.6,5.44,49.17,18.84,0,MOD-00632,2025-04-15T04:00:29,2025-04-14T21:00:29,https://api.quant-aq.com/v1/devices/MOD-00632/data/raw/363363751
0,645.8,37.700000000000045,683.5,1235.8,666.6,-0.20000000000004547,666.4,1646.1,2.5,1648.6,1646.6,8.0,1656.6,,,70.7,13.0,0.0,0.0,0.0,540.0,2.2,3.8,3.8,3.9979,0.7707,0.0038,0.0,0.0,0.0,0.0,0.0,0.0,0.0,0.0,0.0,0.4781,0.0,0.0,0.0,0.0,0.2198,0.206,0.1873,0.0826,0.0186,0.0191,0.004,1.49,14.52,6.05,49.15,18.84,0,MOD-00632,2025-04-15T03:59:29,2025-04-14T20:59:29,https://api.quant-aq.com/v1/devices/MOD-00632/data/raw/363363749
0,646.1,37.10000000000002,683.2,1235.9,665.8,-0.5,665.3,1646.1,2.6000000000001364,1648.7,1646.5,8.099999999999909,1656.8,,,70.6,13.0,0.0,0.0,0.0,591.0,2.7,4.2,4.1,3.6216,0.6809,0.0,0.0,0.0039,0.0,0.0,0.0,0.0,0.0,0.0,0.0,0.3696,0.0,0.0,0.0,0.0,0.1772,0.2271,0.2176,0.0527,0.0192,0.0339,0.0079,1.34,18.25,5.92,49.06,18.84,0,MOD-00632,2025-04-15T03:58:29,2025-04-14T20:58:29,https://api.quant-aq.com/v1/devices/MOD-00632/data/raw/363363748
0,645.1,37.60000000000002,682.7,1238.6,665.6,-0.39999999999997726,665.2,1646.2,2.3999999999998636,1648.6,1646.6,8.100000000000136,1656.7,,,70.5,13.0,0.0,0.0,0.0,451.0,1.7,4.1,2.8,4.1722,0.6149,0.0,0.004,0.0,0.0,0.0,0.0,0.0,0.0,0.0,0.0,0.3863,0.0,0.0,0.0,0.0,0.224,0.2736,0.1705,0.0849,0.0204,0.0162,0.0,1.46,14.08,6.13,49.04,18.83,0,MOD-00632,2025-04-15T03:57:29,2025-04-14T20:57:29,https://api.quant-aq.com/v1/devices/MOD-00632/data/raw/363363750
0,645.6,36.39999999999998,682.0,1237.9,666.3,-0.2999999999999545,666.0,1646.0,2.5,1648.5,1646.7,8.0,1656.5,,,70.5,13.0,0.0,0.0,0.0,519.25,1.9,3.5,3.0,4.3122,0.6799,0.0,0.0,0.0,0.0,0.0,0.0,0.0,0.0,0.0,0.0,0.4752,0.0,0.0,0.0,0.0,0.1757,0.2452,0.2731,0.1009,0.0209,0.0174,0.0,1.55,13.54,7.17,48.96,18.85,0,MOD-00632,2025-04-15T03:56:29,2025-04-14T20:56:29,https://api.quant-aq.com/v1/devices/MOD-00632/data/raw/363361456
0,644.2,38.09999999999991,682.3,1237.6,665.4,-0.39999999999997726,665.0,1646.1,2.5,1648.6,1646.7,7.900000000000091,1656.5,,,70.6,13.0,0.0,0.0,0.0,443.5,1.5,3.5,3.2,3.9748,0.6961,0.0,0.0,0.0,0.0,0.0,0.0,0.0,0.0,0.0,0.0,0.4164,0.0,0.0,0.0,0.0,0.163,0.2586,0.1976,0.089,0.0167,0.013,0.0,1.43,11.21,6.15,48.89,18.84,0,MOD-00632,2025-04-15T03:55:29,2025-04-14T20:55:29,https://api.quant-aq.com/v1/devices/MOD-00632/data/raw/363361455
0,644.3,38.80000000000007,683.1,1240.6,665.9,-0.6000000000000227,665.3,1645.8,2.7000000000000455,1648.5,1646.6,8.200000000000045,1656.7,,,70.4,13.0,0.0,0.0,0.0,479.0,2.3,3.2,3.1,3.8395,0.7055,0.0,0.0038,0.0,0.0,0.0,0.0,0.0,0.0,0.0,0.0,0.4759,0.0,0.0,0.0,0.0,0.1612,0.2852,0.2071,0.0569,0.0116,0.0083,0.0,1.48,11.82,5.87,48.92,18.87,0,MOD-00632,2025-04-15T03:54:29,2025-04-14T20:54:29,https://api.quant-aq.com/v1/devices/MOD-00632/data/raw/363361457
0,643.9,38.0,681.9,1238.7,665.9,-0.2999999999999545,665.6,1645.9,2.599999999999909,1648.5,1646.5,7.900000000000091,1656.4,,,70.3,13.0,0.0,0.0,0.0,451.75,2.0,3.2,2.8,3.9851,0.6797,0.0,0.0,0.0,0.0,0.0,0.0,0.0,0.0,0.0,0.0,0.4765,0.0,0.0,0.0,0.0,0.1643,0.3032,0.2083,0.0618,0.0121,0.0286,0.0082,1.51,15.01,6.31,48.86,18.85,0,MOD-00632,2025-04-15T03:53:29,2025-04-14T20:53:29,https://api.quant-aq.com/v1/devices/MOD-00632/data/raw/363361454
0,644.7,36.59999999999991,681.3,1239.3,666.1,-0.3000000000000682,665.8,1646.1,2.5,1648.6,1646.5,7.900000000000091,1656.5,,,70.4,13.0,0.0,0.0,0.0,335.0,1.0,2.9,2.0,3.7211,0.6101,0.0,0.0,0.0,0.0,0.0,0.0,0.0,0.0,0.0,0.0,0.485,0.0,0.0,0.0,0.0,0.1695,0.2367,0.1973,0.0712,0.0274,0.0119,0.004,1.41,12.21,5.99,48.83,18.87,0,MOD-00632,2025-04-15T03:52:29,2025-04-14T20:52:29,https://api.quant-aq.com/v1/devices/MOD-00632/data/raw/363359154
0,644.8,36.700000000000045,681.5,1237.5,666.4,-0.5,665.9,1645.8,2.7999999999999545,1648.6,1646.3,7.7000000000000455,1656.3,,,70.5,13.0,0.0,0.0,0.0,399.25,1.2,3.7,2.8,4.258,0.6501,0.0042,0.0,0.0,0.0,0.0,0.0,0.0,0.0,0.0,0.0,0.547,0.0,0.0,0.0,0.0,0.2081,0.2893,0.245,0.0783,0.0253,0.0211,0.0,1.63,15.49,7.07,48.8,18.91,0,MOD-00632,2025-04-15T03:51:29,2025-04-14T20:51:29,https://api.quant-aq.com/v1/devices/MOD-00632/data/raw/363359152
0,643.5,37.799999999999955,681.3,1237.0,665.9,-0.6000000000000227,665.3,1645.8,2.6000000000001364,1648.4,1646.3,8.199999999999818,1656.6,,,70.5,13.0,0.0,0.0,0.0,455.5,1.8,5.2,3.7,3.899,0.6225,0.0,0.0,0.0,0.0,0.0,0.0,0.0,0.0,0.0,0.0,0.4448,0.0,0.0,0.0,0.0,0.1997,0.2959,0.2156,0.0618,0.0293,0.0208,0.0083,1.49,15.14,6.53,48.8,18.9,0,MOD-00632,2025-04-15T03:50:29,2025-04-14T20:50:29,https://api.quant-aq.com/v1/devices/MOD-00632/data/raw/363359153
0,645.1,36.39999999999998,681.5,1236.1,665.8,-0.2999999999999545,665.5,1645.9,2.699999999999818,1648.6,1646.4,8.0,1656.6,,,70.4,13.0,0.0,0.0,0.0,403.5,1.4,2.8,2.5,3.933,0.6109,0.0,0.0,0.0,0.0,0.0,0.0,0.0,0.0,0.0,0.0,0.3987,0.0,0.0,0.0,0.0,0.1927,0.2365,0.1892,0.0718,0.0362,0.0162,0.0041,1.39,13.37,6.08,48.72,18.93,0,MOD-00632,2025-04-15T03:49:29,2025-04-14T20:49:29,https://api.quant-aq.com/v1/devices/MOD-00632/data/raw/363359155
0,645.2,37.0,682.2,1233.1,665.7,-0.6000000000000227,665.1,1645.9,2.699999999999818,1648.6,1646.4,8.200000000000045,1656.8,,,70.2,13.0,0.0,0.0,0.0,515.75,2.1,5.2,4.2,4.1655,0.6695,0.0,0.0,0.0,0.0,0.0,0.0,0.0,0.0,0.0,0.0,0.4655,0.0,0.0,0.0,0.0,0.2158,0.2802,0.2266,0.0769,0.0358,0.0203,0.0039,1.56,14.94,6.92,48.67,18.98,0,MOD-00632,2025-04-15T03:48:29,2025-04-14T20:48:29,https://api.quant-aq.com/v1/devices/MOD-00632/data/raw/363356901
0,645.3,36.700000000000045,682.0,1230.0,666.5,-0.39999999999997726,666.1,1646.0,2.7000000000000455,1648.7,1646.4,8.200000000000045,1656.9,,,70.1,13.1,0.0,0.0,0.0,562.0,2.6,3.8,3.6,3.9578,0.6101,0.0,0.0037,0.0,0.0,0.0,0.0,0.0,0.0,0.0,0.0,0.5238,0.0,0.0,0.0,0.0,0.1507,0.2282,0.187,0.0589,0.0293,0.0075,0.0037,1.42,13.36,5.69,48.64,18.98,0,MOD-00632,2025-04-15T03:47:29,2025-04-14T20:47:29,https://api.quant-aq.com/v1/devices/MOD-00632/data/raw/363356898
0,645.3,36.90000000000009,682.2,1232.4,665.8,-0.5,665.3,1645.9,2.699999999999818,1648.6,1646.4,8.100000000000136,1656.7,,,70.0,13.1,0.0,0.0,0.0,466.5,1.8,3.4,3.4,3.3574,0.5638,0.0,0.0,0.0,0.0,0.0,0.0,0.0,0.0,0.0,0.0,0.4538,0.0,0.0,0.0,0.0,0.1682,0.2383,0.2322,0.0621,0.0375,0.0072,0.0038,1.35,12.27,6.2,48.62,18.99,0,MOD-00632,2025-04-15T03:46:29,2025-04-14T20:46:29,https://api.quant-aq.com/v1/devices/MOD-00632/data/raw/363356899
0,644.8,37.200000000000045,682.0,1237.9,666.0,-0.5,665.5,1645.8,2.7999999999999545,1648.6,1646.5,8.100000000000136,1656.7,,,70.0,13.1,0.0,0.0,0.0,447.75,1.8,3.0,2.8,4.0118,0.6185,0.0,0.0,0.0,0.0,0.0,0.0,0.0038,0.0,0.0,0.0,0.4896,0.0,0.0,0.0,0.0,0.1832,0.2674,0.1637,0.0691,0.0195,0.0231,0.0038,1.46,14.68,5.88,48.61,18.99,0,MOD-00632,2025-04-15T03:45:29,2025-04-14T20:45:29,https://api.quant-aq.com/v1/devices/MOD-00632/data/raw/363356900
0,643.9,37.30000000000007,681.2,1237.3,666.2,-0.6000000000000227,665.6,1645.8,2.7999999999999545,1648.6,1646.4,8.100000000000136,1656.7,,,70.0,13.1,0.0,0.0,0.0,419.75,1.8,3.4,2.7,4.193,0.706,0.0043,0.0081,0.0,0.0,0.0,0.0,0.0,0.0,0.0,0.0,0.5647,0.0,0.0,0.0,0.0,0.1956,0.1996,0.1886,0.0921,0.0083,0.0126,0.0083,1.53,19.46,6.0,48.57,18.98,0,MOD-00632,2025-04-15T03:44:29,2025-04-14T20:44:29,https://api.quant-aq.com/v1/devices/MOD-00632/data/raw/363354548
0,644.2,37.39999999999998,681.6,1236.7,666.2,-0.5,665.7,1645.9,2.7999999999999545,1648.7,1646.7,8.099999999999909,1656.8,,,70.0,13.1,0.0,0.0,0.0,469.5,1.8,4.0,3.2,3.8576,0.6541,0.0,0.0,0.0,0.0,0.0,0.0,0.0,0.0,0.0,0.0,0.4271,0.0,0.0,0.0,0.0,0.1683,0.2802,0.1956,0.0699,0.0193,0.0194,0.0038,1.43,12.88,6.11,48.49,19.02,0,MOD-00632,2025-04-15T03:43:29,2025-04-14T20:43:29,https://api.quant-aq.com/v1/devices/MOD-00632/data/raw/363354547
0,644.8,37.60000000000002,682.4,1237.4,665.5,-0.7000000000000455,664.8,1646.0,2.599999999999909,1648.6,1646.4,8.200000000000045,1656.8,,,69.8,13.1,0.0,0.0,0.0,439.5,1.8,3.5,2.7,3.5899,0.6707,0.0,0.0,0.0,0.0,0.0,0.0,0.0,0.0,0.0,0.0,0.4399,0.0,0.0,0.0,0.0,0.1355,0.281,0.227,0.0707,0.0259,0.0113,0.0038,1.4,12.48,6.33,48.41,19.04,0,MOD-00632,2025-04-15T03:42:29,2025-04-14T20:42:29,https://api.quant-aq.com/v1/devices/MOD-00632/data/raw/363354549
0,645.7,36.39999999999998,682.1,1238.3,666.3,-0.599999999999909,665.7,1645.9,2.599999999999909,1648.5,1646.4,8.299999999999955,1656.8,,,69.7,13.2,0.0,0.0,0.0,526.75,2.1,3.6,3.2,3.948,0.7544,0.0,0.0,0.0,0.0,0.0,0.0,0.0,0.0,0.0,0.0,0.5233,0.0,0.0,0.0,0.0,0.2143,0.235,0.1999,0.0717,0.039,0.0193,0.0,1.54,13.25,6.44,48.33,19.04,0,MOD-00632,2025-04-15T03:41:29,2025-04-14T20:41:29,https://api.quant-aq.com/v1/devices/MOD-00632/data/raw/363354546
0,645.2,37.39999999999998,682.6,1240.9,666.0,-0.5,665.5,1645.9,2.7999999999999545,1648.7,1646.4,8.200000000000045,1656.9,,,69.6,13.2,0.0,0.0,0.0,515.75,2.0,4.5,3.2,4.3494,0.6908,0.0,0.0,0.0,0.0,0.0,0.0,0.0,0.0,0.0,0.0,0.5087,0.0,0.0,0.0,0.0,0.2017,0.2728,0.2141,0.0603,0.0242,0.012,0.0,1.58,11.23,6.32,48.29,19.05,0,MOD-00632,2025-04-15T03:40:29,2025-04-14T20:40:29,https://api.quant-aq.com/v1/devices/MOD-00632/data/raw/363352297
0,644.4,37.39999999999998,681.8,1236.8,666.0,-0.6000000000000227,665.4,1646.0,2.599999999999909,1648.6,1646.3,8.100000000000136,1656.7,,,69.4,13.2,0.0,0.0,0.0,439.5,1.8,3.7,2.8,4.0598,0.6849,0.0,0.0039,0.0,0.0,0.0,0.0,0.0,0.0,0.0,0.0,0.5172,0.0,0.0,0.0,0.0,0.2141,0.2613,0.191,0.06,0.0082,0.0081,0.012,1.54,14.83,5.85,48.2,19.09,0,MOD-00632,2025-04-15T03:39:29,2025-04-14T20:39:29,https://api.quant-aq.com/v1/devices/MOD-00632/data/raw/363352296
0,644.0,37.89999999999998,681.9,1236.3,667.6,-0.6000000000000227,667.0,1645.8,2.7000000000000455,1648.5,1646.1,8.099999999999909,1656.6,,,69.3,13.2,0.0,0.0,0.0,428.75,1.5,2.8,2.7,3.8141,0.653,0.0041,0.004,0.0,0.0,0.0,0.0,0.0,0.0,0.0,0.0,0.4946,0.0,0.0,0.0,0.0,0.1298,0.2257,0.2326,0.0532,0.0533,0.0239,0.008,1.4,20.73,6.46,48.12,19.12,0,MOD-00632,2025-04-15T03:38:29,2025-04-14T20:38:29,https://api.quant-aq.com/v1/devices/MOD-00632/data/raw/363352294
0,644.5,37.5,682.0,1238.8,665.8,-0.599999999999909,665.2,1645.9,2.599999999999909,1648.5,1646.4,8.099999999999909,1656.6,,,69.2,13.2,0.0,0.0,0.0,567.5,2.5,4.2,4.2,4.0007,0.7271,0.0,0.0,0.0,0.0,0.0,0.0,0.0,0.0,0.0,0.0,0.4784,0.0,0.0,0.0,0.0,0.171,0.2517,0.2061,0.0536,0.0405,0.0279,0.0038,1.48,15.09,6.31,48.09,19.11,0,MOD-00632,2025-04-15T03:37:29,2025-04-14T20:37:29,https://api.quant-aq.com/v1/devices/MOD-00632/data/raw/363352295
0,644.9,36.60000000000002,681.5,1240.1,666.3,-0.5,665.8,1645.8,2.7000000000000455,1648.5,1646.4,8.099999999999909,1656.6,,,69.3,13.2,0.0,0.0,0.0,435.75,1.7,3.0,2.8,4.1918,0.6469,0.0,0.0,0.0,0.0,0.0,0.0,0.0,0.0,0.0,0.0,0.4482,0.0,0.0,0.0,0.0,0.2301,0.2268,0.2259,0.0958,0.0208,0.0207,0.0083,1.51,15.44,6.73,47.94,19.12,0,MOD-00632,2025-04-15T03:36:29,2025-04-14T20:36:29,https://api.quant-aq.com/v1/devices/MOD-00632/data/raw/363350026
0,643.7,37.799999999999955,681.5,1234.9,666.2,-0.6000000000000227,665.6,1645.8,2.7999999999999545,1648.6,1646.5,8.0,1656.6,,,69.3,13.2,0.0,0.0,0.0,472.5,1.8,5.2,3.4,4.1237,0.6678,0.0,0.0,0.0,0.0,0.0,0.0,0.0,0.0,0.0,0.0,0.4979,0.0,0.0,0.0,0.0,0.2368,0.2413,0.2455,0.0717,0.0275,0.0198,0.0,1.57,13.21,6.77,47.92,19.16,0,MOD-00632,2025-04-15T03:35:29,2025-04-14T20:35:29,https://api.quant-aq.com/v1/devices/MOD-00632/data/raw/363350025
0,643.7,39.0,682.7,1237.0,666.7,-0.5,666.2,1645.8,2.7999999999999545,1648.6,1646.5,8.0,1656.6,,,69.2,13.3,0.0,0.0,0.0,553.25,2.3,4.6,3.9,3.8039,0.6822,0.0039,0.0,0.0,0.0,0.0,0.0,0.0,0.0,0.0,0.0,0.4531,0.0,0.0,0.0,0.0,0.2018,0.2703,0.1789,0.0556,0.0237,0.0159,0.0,1.46,12.72,5.84,47.98,19.16,0,MOD-00632,2025-04-15T03:34:29,2025-04-14T20:34:29,https://api.quant-aq.com/v1/devices/MOD-00632/data/raw/363350024
0,643.6,38.19999999999993,681.8,1234.2,665.8,-0.599999999999909,665.2,1645.6,2.800000000000182,1648.4,1646.3,8.199999999999818,1656.6,,,69.1,13.3,0.0,0.0,0.0,504.25,2.0,4.0,3.2,4.1169,0.7634,0.0,0.0,0.0,0.0039,0.0,0.0,0.0,0.0,0.0,0.0,0.4655,0.0,0.0,0.0,0.0,0.1956,0.2951,0.2115,0.0473,0.0239,0.0199,0.004,1.56,15.86,6.27,47.89,19.19,0,MOD-00632,2025-04-15T03:33:29,2025-04-14T20:33:29,https://api.quant-aq.com/v1/devices/MOD-00632/data/raw/363350023
0,644.7,37.799999999999955,682.5,1238.8,666.1,-0.6000000000000227,665.5,1645.9,2.599999999999909,1648.5,1646.2,8.0,1656.5,,,69.1,13.3,0.0,0.0,0.0,483.25,1.8,4.3,2.9,4.2,0.696,0.0084,0.0,0.0,0.0,0.0042,0.0,0.0,0.0,0.0,0.0,0.5319,0.0,0.0,0.0,0.0,0.1784,0.2814,0.2489,0.0784,0.0168,0.0125,0.0083,1.59,20.36,6.84,47.82,19.2,0,MOD-00632,2025-04-15T03:32:29,2025-04-14T20:32:29,https://api.quant-aq.com/v1/devices/MOD-00632/data/raw/363347723
0,644.3,37.700000000000045,682.0,1236.0,666.8,-0.6999999999999318,666.1,1645.7,2.7999999999999545,1648.5,1646.3,8.0,1656.5,,,68.9,13.3,0.0,0.0,0.0,441.0,1.8,3.8,2.5,4.4341,0.6985,0.0,0.0,0.0,0.0,0.0,0.0,0.0,0.0,0.0,0.0,0.4287,0.0,0.0,0.0,0.0,0.1647,0.2295,0.1766,0.1002,0.0161,0.0201,0.0,1.46,12.16,6.09,47.71,19.25,0,MOD-00632,2025-04-15T03:31:29,2025-04-14T20:31:29,https://api.quant-aq.com/v1/devices/MOD-00632/data/raw/363347722
0,643.9,38.0,681.9,1235.3,665.9,-0.6000000000000227,665.3,1646.0,2.2999999999999545,1648.3,1646.3,8.400000000000091,1656.7,,,68.8,13.3,0.0,0.0,0.0,498.25,2.1,4.2,3.4,3.8768,0.6096,0.0,0.0038,0.0,0.0,0.0,0.0,0.0,0.0,0.0,0.0,0.462,0.0,0.0,0.0,0.0,0.1588,0.2832,0.1204,0.0703,0.0272,0.0118,0.0076,1.39,14.66,5.48,47.68,19.26,0,MOD-00632,2025-04-15T03:30:29,2025-04-14T20:30:29,https://api.quant-aq.com/v1/devices/MOD-00632/data/raw/363347720
0,643.3,37.5,680.8,1235.3,666.3,-0.599999999999909,665.7,1645.6,3.0,1648.6,1646.2,8.0,1656.6,,,68.7,13.4,0.0,0.0,0.0,537.5,2.4,4.8,3.8,3.8085,0.6844,0.0,0.0,0.0,0.0,0.0,0.0,0.0,0.0,0.0,0.0,0.453,0.0,0.0,0.0,0.0,0.2019,0.224,0.2293,0.0877,0.011,0.0196,0.0149,1.46,16.09,6.43,47.67,19.26,0,MOD-00632,2025-04-15T03:29:29,2025-04-14T20:29:29,https://api.quant-aq.com/v1/devices/MOD-00632/data/raw/363347721
0,643.8,37.40000000000009,681.2,1236.7,666.3,-0.599999999999909,665.7,1645.7,2.7999999999999545,1648.5,1646.0,8.099999999999909,1656.6,,,68.5,13.4,0.0,0.0,0.0,527.0,2.1,4.6,3.4,4.1353,0.7017,0.0039,0.0,0.0,0.0042,0.0,0.0,0.0,0.0,0.0,0.0,0.4376,0.0,0.0,0.0,0.0,0.156,0.2286,0.2078,0.0606,0.016,0.0204,0.0039,1.43,17.14,5.84,47.61,19.29,0,MOD-00632,2025-04-15T03:28:29,2025-04-14T20:28:29,https://api.quant-aq.com/v1/devices/MOD-00632/data/raw/363345425
0,643.6,37.89999999999998,681.5,1237.8,666.6,-0.7000000000000455,665.9,1645.6,2.900000000000091,1648.5,1646.2,8.099999999999909,1656.6,,,68.5,13.4,0.0,0.0,0.0,484.75,1.9,4.5,3.9,3.8874,0.8229,0.0037,0.0,0.0,0.0,0.0,0.0,0.0,0.0,0.0,0.0,0.4733,0.0,0.0,0.0,0.0,0.1929,0.2037,0.2245,0.0736,0.0347,0.0384,0.0078,1.48,19.55,6.63,47.6,19.3,0,MOD-00632,2025-04-15T03:27:29,2025-04-14T20:27:29,https://api.quant-aq.com/v1/devices/MOD-00632/data/raw/363345424
0,644.4,37.0,681.4,1237.9,666.4,-0.6000000000000227,665.8,1645.6,2.900000000000091,1648.5,1646.2,7.7999999999999545,1656.3,,,68.6,13.4,0.0,0.0,0.0,328.5,1.1,2.7,2.0,3.8988,0.5966,0.0,0.0,0.0,0.0,0.0,0.0,0.0,0.0,0.0,0.0,0.4767,0.0,0.0,0.0,0.0,0.16,0.27,0.2382,0.0627,0.0277,0.0395,0.0,1.46,15.61,6.66,47.52,19.31,0,MOD-00632,2025-04-15T03:26:29,2025-04-14T20:26:29,https://api.quant-aq.com/v1/devices/MOD-00632/data/raw/363345423
0,644.5,37.200000000000045,681.7,1236.3,666.3,-0.6999999999999318,665.6,1645.7,2.599999999999909,1648.3,1646.1,8.100000000000136,1656.4,,,68.5,13.4,0.0,0.0,0.0,502.75,2.3,3.8,3.5,3.7451,0.6813,0.004,0.0,0.0,0.0,0.0,0.0,0.0,0.0,0.0,0.0,0.4487,0.0,0.0,0.0,0.0,0.1532,0.1932,0.1916,0.035,0.031,0.0269,0.0037,1.34,14.82,5.39,47.4,19.36,0,MOD-00632,2025-04-15T03:25:29,2025-04-14T20:25:29,https://api.quant-aq.com/v1/devices/MOD-00632/data/raw/363345422
0,643.0,38.5,681.5,1234.8,665.8,-0.5,665.3,1645.7,2.7999999999999545,1648.5,1646.1,8.0,1656.5,,,68.4,13.4,0.0,0.0,0.0,488.75,2.1,3.7,3.3,3.9865,0.6723,0.0041,0.0,0.0,0.0,0.0,0.0,0.0,0.0,0.0,0.0,0.461,0.0,0.0,0.0,0.0,0.2328,0.2199,0.253,0.0745,0.0373,0.0165,0.0,1.51,15.18,6.82,47.32,19.38,0,MOD-00632,2025-04-15T03:24:29,2025-04-14T20:24:29,https://api.quant-aq.com/v1/devices/MOD-00632/data/raw/363343108
0,644.1,37.299999999999955,681.4,1233.9,667.1,-0.7000000000000455,666.4,1645.6,2.7000000000000455,1648.3,1646.0,8.200000000000045,1656.5,,,68.2,13.5,0.0,0.0,0.0,526.5,2.2,4.2,3.6,3.9274,0.7024,0.0,0.0,0.0,0.0,0.0,0.0,0.0,0.0,0.0,0.0,0.3673,0.0,0.0,0.0,0.0,0.1747,0.2517,0.1986,0.0426,0.0346,0.0195,0.0039,1.39,12.95,5.82,47.25,19.38,0,MOD-00632,2025-04-15T03:23:29,2025-04-14T20:23:29,https://api.quant-aq.com/v1/devices/MOD-00632/data/raw/363343105
0,643.9,37.700000000000045,681.6,1237.4,666.0,-0.7000000000000455,665.3,1645.5,2.7999999999999545,1648.3,1646.0,8.200000000000045,1656.5,,,68.2,13.5,0.0,0.0,0.0,478.5,2.0,3.2,3.2,3.8575,0.7135,0.0,0.0,0.0,0.0,0.0,0.0,0.0,0.0,0.0,0.0,0.4849,0.0,0.0,0.0,0.0,0.1891,0.2113,0.1889,0.065,0.0197,0.0323,0.0119,1.44,16.44,5.93,47.23,19.44,0,MOD-00632,2025-04-15T03:22:29,2025-04-14T20:22:29,https://api.quant-aq.com/v1/devices/MOD-00632/data/raw/363343107
0,643.6,38.10000000000002,681.7,1237.5,666.5,-0.7000000000000455,665.8,1645.6,3.0,1648.6,1646.2,8.0,1656.6,,,68.1,13.5,0.0,0.0,0.0,494.5,2.0,3.8,3.2,3.762,0.5956,0.0,0.0,0.0,0.0,0.0,0.0,0.0,0.0,0.0,0.0,0.5167,0.0,0.0,0.0,0.0,0.1907,0.2656,0.1825,0.0605,0.0186,0.0075,0.0,1.46,9.64,5.75,47.13,19.46,0,MOD-00632,2025-04-15T03:21:29,2025-04-14T20:21:29,https://api.quant-aq.com/v1/devices/MOD-00632/data/raw/363343106
0,643.9,37.10000000000002,681.0,1241.8,666.5,-0.6000000000000227,665.9,1645.8,2.7000000000000455,1648.5,1646.1,7.900000000000091,1656.4,,,67.9,13.5,0.0,0.0,0.0,436.5,1.8,2.8,2.8,3.8331,0.7279,0.0,0.0,0.0,0.0,0.0,0.0,0.0,0.0,0.0,0.0,0.4829,0.0,0.0,0.0,0.0,0.1705,0.2739,0.1647,0.0731,0.0123,0.0209,0.0,1.46,11.31,5.81,46.95,19.5,0,MOD-00632,2025-04-15T03:20:29,2025-04-14T20:20:29,https://api.quant-aq.com/v1/devices/MOD-00632/data/raw/363340864
0,644.9,36.89999999999998,681.8,1237.6,665.6,-0.39999999999997726,665.2,1645.5,2.7999999999999545,1648.3,1646.0,8.100000000000136,1656.4,,,67.8,13.6,0.0,0.0,0.0,493.75,2.2,4.3,3.0,4.0058,0.6227,0.0,0.0039,0.0,0.0,0.0,0.0,0.0,0.0,0.0,0.0,0.3758,0.0,0.0,0.0,0.0,0.1578,0.3157,0.2422,0.0689,0.0363,0.0123,0.0,1.45,15.05,6.78,46.94,19.53,0,MOD-00632,2025-04-15T03:19:29,2025-04-14T20:19:29,https://api.quant-aq.com/v1/devices/MOD-00632/data/raw/363340863
0,642.7,38.09999999999991,680.8,1236.9,666.1,-0.8999999999999773,665.2,1645.6,2.800000000000182,1648.4,1646.0,8.0,1656.4,,,67.6,13.6,0.0,0.0,0.0,478.0,2.1,4.3,2.8,3.6619,0.7173,0.0,0.0,0.0,0.0,0.0,0.0,0.0,0.0,0.0,0.0,0.4594,0.0,0.0,0.0,0.0,0.1986,0.2631,0.2212,0.0724,0.0285,0.0198,0.0039,1.48,14.0,6.53,46.84,19.56,0,MOD-00632,2025-04-15T03:18:29,2025-04-14T20:18:29,https://api.quant-aq.com/v1/devices/MOD-00632/data/raw/363340862
0,643.8,37.40000000000009,681.2,1236.5,667.0,-0.5,666.5,1645.7,2.7000000000000455,1648.4,1645.8,7.899999999999864,1656.3,,,67.5,13.6,0.0,0.0,0.0,483.0,2.0,4.2,3.1,3.9432,0.607,0.0,0.0,0.0,0.0,0.0,0.0,0.0,0.0,0.0,0.0,0.4344,0.0,0.0,0.0,0.0,0.1771,0.2261,0.1694,0.0523,0.0202,0.0079,0.008,1.37,11.22,5.3,46.62,19.57,0,MOD-00632,2025-04-15T03:17:29,2025-04-14T20:17:29,https://api.quant-aq.com/v1/devices/MOD-00632/data/raw/363340861
0,643.6,37.39999999999998,681.0,1237.3,666.6,-0.5,666.1,1645.7,2.599999999999909,1648.3,1646.1,8.100000000000136,1656.4,,,67.4,13.6,0.0,0.0,0.0,446.0,1.7,2.5,2.5,4.0608,0.7036,0.0,0.0,0.0,0.0,0.0,0.0,0.0,0.0,0.0,0.0,0.5209,0.0,0.0,0.0,0.0,0.2077,0.2582,0.2237,0.0922,0.0209,0.0123,0.004,1.57,13.14,6.73,46.59,19.6,0,MOD-00632,2025-04-15T03:16:29,2025-04-14T20:16:29,https://api.quant-aq.com/v1/devices/MOD-00632/data/raw/363338571
0,644.1,37.0,681.1,1236.9,666.3,-0.5,665.8,1645.6,2.800000000000182,1648.4,1646.0,8.0,1656.4,,,67.2,13.7,0.0,0.0,0.0,575.25,2.4,4.7,4.2,3.6262,0.6027,0.0,0.0,0.0,0.0,0.0,0.0,0.0,0.0,0.0,0.0,0.3871,0.0,0.0,0.0,0.0,0.1897,0.2529,0.1886,0.0701,0.0197,0.0156,0.0116,1.36,14.17,5.89,46.51,19.65,0,MOD-00632,2025-04-15T03:15:29,2025-04-14T20:15:29,https://api.quant-aq.com/v1/devices/MOD-00632/data/raw/363338569
0,642.8,37.90000000000009,680.7,1238.3,667.2,-0.8000000000000682,666.4,1645.6,2.900000000000091,1648.5,1645.8,7.900000000000091,1656.4,,,67.0,13.7,0.0,0.0,0.0,525.5,2.1,3.4,3.3,3.6062,0.644,0.0,0.0,0.0,0.0,0.0,0.0,0.0,0.0,0.0,0.0,0.3717,0.0,0.0,0.0,0.0,0.1427,0.2209,0.2257,0.0566,0.0189,0.0185,0.0,1.3,11.19,5.73,46.43,19.68,0,MOD-00632,2025-04-15T03:14:29,2025-04-14T20:14:29,https://api.quant-aq.com/v1/devices/MOD-00632/data/raw/363338568
0,643.7,36.89999999999998,680.6,1241.5,666.0,-0.39999999999997726,665.6,1645.5,3.0,1648.5,1645.9,7.7000000000000455,1656.2,,,66.9,13.7,0.0,0.0,0.0,464.25,1.7,2.7,2.7,3.958,0.573,0.0042,0.0,0.0,0.0,0.0,0.0,0.0,0.0,0.0,0.0,0.4915,0.0,0.0,0.0,0.0,0.2193,0.2853,0.2088,0.108,0.0239,0.0159,0.0079,1.53,17.1,7.0,46.25,19.71,0,MOD-00632,2025-04-15T03:13:29,2025-04-14T20:13:29,https://api.quant-aq.com/v1/devices/MOD-00632/data/raw/363338570
0,645.9,35.5,681.4,1235.6,666.8,-0.599999999999909,666.2,1645.6,2.7000000000000455,1648.3,1645.9,7.7999999999999545,1656.1,,,66.7,13.8,0.0,0.0,0.0,414.5,1.5,2.9,2.8,3.887,0.6241,0.004,0.0,0.0,0.0,0.0,0.0,0.0,0.0,0.0,0.0,0.3927,0.0,0.0,0.0,0.0,0.1946,0.1746,0.2176,0.0675,0.028,0.008,0.004,1.35,13.22,5.79,46.08,19.74,0,MOD-00632,2025-04-15T03:12:29,2025-04-14T20:12:29,https://api.quant-aq.com/v1/devices/MOD-00632/data/raw/363336256
0,644.0,37.60000000000002,681.6,1236.2,666.4,-0.6999999999999318,665.7,1645.4,2.8999999999998636,1648.3,1645.9,8.200000000000045,1656.5,,,66.4,13.8,0.0,0.0,0.0,493.25,2.2,3.9,3.8,3.8691,0.5657,0.0,0.0,0.0,0.0,0.0,0.0,0.0,0.0,0.0,0.0,0.5134,0.0,0.0,0.0,0.0,0.1297,0.2222,0.1645,0.0421,0.0264,0.0153,0.0,1.35,10.11,5.16,45.96,19.81,0,MOD-00632,2025-04-15T03:11:29,2025-04-14T20:11:29,https://api.quant-aq.com/v1/devices/MOD-00632/data/raw/363336253
0,644.3,37.5,681.8,1230.4,666.4,-0.6999999999999318,665.7,1645.8,2.5,1648.3,1646.1,8.200000000000045,1656.5,,,66.1,13.9,0.0,0.0,0.0,502.75,2.2,3.5,3.3,3.4178,0.593,0.0,0.0,0.0,0.0,0.0,0.0,0.0,0.0,0.0,0.0,0.4922,0.0,0.0,0.0,0.0,0.1447,0.2242,0.1741,0.0524,0.0192,0.0304,0.0075,1.32,14.25,5.45,45.89,19.85,0,MOD-00632,2025-04-15T03:10:29,2025-04-14T20:10:29,https://api.quant-aq.com/v1/devices/MOD-00632/data/raw/363336254
0,643.7,38.09999999999991,681.8,1239.3,667.1,-0.6000000000000227,666.5,1645.4,2.699999999999818,1648.1,1645.8,8.200000000000045,1656.3,,,66.0,13.9,0.0,0.0,0.0,533.25,2.2,4.2,3.5,3.6511,0.5792,0.0,0.0,0.0,0.0,0.0,0.0,0.0,0.0,0.0,0.0,0.4529,0.0,0.0,0.0,0.0,0.1929,0.1779,0.1301,0.0598,0.0111,0.0225,0.0,1.3,10.04,4.79,45.79,19.85,0,MOD-00632,2025-04-15T03:09:29,2025-04-14T20:09:29,https://api.quant-aq.com/v1/devices/MOD-00632/data/raw/363336255
0,644.9,36.10000000000002,681.0,1239.1,667.0,-0.39999999999997726,666.6,1645.7,2.7000000000000455,1648.4,1645.9,7.7999999999999545,1656.2,,,65.9,13.9,0.0,0.0,0.0,459.25,2.0,3.8,3.2,3.7384,0.5538,0.0,0.0,0.0,0.0,0.0,0.0,0.0,0.0,0.0,0.0,0.4405,0.0,0.0,0.0,0.0,0.1446,0.2412,0.1723,0.0503,0.0113,0.0161,0.004,1.32,10.69,5.2,45.71,19.88,0,MOD-00632,2025-04-15T03:08:29,2025-04-14T20:08:29,https://api.quant-aq.com/v1/devices/MOD-00632/data/raw/363333957
0,643.3,37.10000000000002,680.4,1240.9,666.8,-0.39999999999997726,666.4,1645.3,2.900000000000091,1648.2,1646.0,7.7999999999999545,1656.0,,,65.7,14.0,0.0,0.0,0.0,376.0,1.3,3.0,2.2,3.5953,0.7881,0.0,0.0,0.0,0.0,0.0,0.0,0.0,0.0,0.0,0.0,0.4002,0.0,0.0,0.0,0.0,0.1799,0.2344,0.194,0.0703,0.0154,0.0239,0.0038,1.39,12.99,5.87,45.52,19.91,0,MOD-00632,2025-04-15T03:07:29,2025-04-14T20:07:29,https://api.quant-aq.com/v1/devices/MOD-00632/data/raw/363333958
0,642.6,37.5,680.1,1241.6,666.8,-0.5,666.3,1645.6,2.7000000000000455,1648.3,1646.1,7.7000000000000455,1656.0,,,65.5,14.0,0.0,0.0,0.0,350.25,1.3,2.6,2.0,3.6044,0.7566,0.0,0.0,0.0,0.0,0.0,0.0,0.0,0.0,0.0,0.0,0.4148,0.0,0.0,0.0,0.0,0.1454,0.2388,0.1587,0.0122,0.0287,0.0236,0.0042,1.33,11.7,4.89,45.34,19.92,0,MOD-00632,2025-04-15T03:06:29,2025-04-14T20:06:29,https://api.quant-aq.com/v1/devices/MOD-00632/data/raw/363333956
0,643.9,36.30000000000007,680.2,1239.4,666.6,-0.6000000000000227,666.0,1645.5,2.7000000000000455,1648.2,1645.8,7.7999999999999545,1656.0,,,65.3,14.0,0.0,0.0,0.0,513.5,2.0,3.6,3.1,3.6485,0.6239,0.0,0.0,0.0,0.0,0.0,0.0,0.0,0.0,0.0,0.0,0.3784,0.0,0.0,0.0,0.0,0.1616,0.2197,0.1112,0.0736,0.0312,0.0118,0.0039,1.26,11.14,5.06,45.33,19.96,0,MOD-00632,2025-04-15T03:05:29,2025-04-14T20:05:29,https://api.quant-aq.com/v1/devices/MOD-00632/data/raw/363333955
0,642.0,37.60000000000002,679.6,1240.7,666.9,-0.5,666.4,1645.4,2.7999999999999545,1648.2,1645.9,7.599999999999909,1655.8,,,65.3,14.0,0.0,0.0,0.0,379.75,1.2,2.0,1.9,3.7637,0.6034,0.004,0.0,0.0,0.0,0.0,0.0,0.0,0.0,0.0,0.0,0.3986,0.0,0.0,0.0,0.0,0.1565,0.1857,0.2445,0.0708,0.0115,0.0038,0.0039,1.32,11.89,5.76,45.21,20.0,0,MOD-00632,2025-04-15T03:04:29,2025-04-14T20:04:29,https://api.quant-aq.com/v1/devices/MOD-00632/data/raw/363331647
0,642.8,37.40000000000009,680.2,1238.3,666.6,-0.5,666.1,1645.5,2.7000000000000455,1648.2,1645.7,7.5,1655.7,,,65.2,14.1,0.0,0.0,0.0,341.5,1.0,3.0,2.3,3.8764,0.6446,0.0041,0.0,0.0,0.0,0.0,0.0,0.0,0.0,0.0,0.0,0.4968,0.0,0.0,0.0,0.0,0.1412,0.2129,0.169,0.0522,0.0371,0.02,0.0081,1.37,15.81,5.56,45.11,20.05,0,MOD-00632,2025-04-15T03:03:29,2025-04-14T20:03:29,https://api.quant-aq.com/v1/devices/MOD-00632/data/raw/363331650
0,644.7,36.59999999999991,681.3,1239.5,667.2,-0.8000000000000682,666.4,1645.5,2.7000000000000455,1648.2,1645.9,7.899999999999864,1656.1,,,65.0,14.1,0.0,0.0,0.0,446.5,1.2,3.6,3.0,3.7044,0.6335,0.0,0.0,0.0,0.0,0.0,0.0,0.0,0.0,0.0,0.0,0.478,0.0,0.0,0.0,0.0,0.1896,0.2549,0.218,0.0493,0.0249,0.0284,0.0,1.45,13.14,6.14,44.99,20.12,0,MOD-00632,2025-04-15T03:02:29,2025-04-14T20:02:29,https://api.quant-aq.com/v1/devices/MOD-00632/data/raw/363331649
0,645.5,36.799999999999955,682.3,1237.2,666.7,-0.5,666.2,1645.6,2.6000000000001364,1648.2,1645.8,7.7000000000000455,1655.9,,,64.6,14.1,0.0,0.0,0.0,479.75,1.2,3.1,2.6,3.3743,0.5497,0.0,0.0,0.0,0.0,0.0,0.0,0.0,0.0,0.0,0.0,0.3804,0.0,0.0,0.0,0.0,0.1387,0.1683,0.1418,0.0452,0.0187,0.0039,0.0037,1.15,8.26,4.35,44.8,20.13,0,MOD-00632,2025-04-15T03:01:29,2025-04-14T20:01:29,https://api.quant-aq.com/v1/devices/MOD-00632/data/raw/363331648
0,642.2,38.69999999999993,680.9,1236.7,666.7,-0.7000000000000455,666.0,1645.6,2.7000000000000455,1648.3,1645.6,7.7999999999999545,1656.1,,,64.7,14.2,0.0,0.0,0.0,475.25,1.9,3.2,2.8,3.3067,0.6365,0.0,0.0,0.0,0.0,0.0,0.0,0.0,0.0,0.0,0.0,0.4399,0.0,0.0,0.0,0.0,0.1763,0.2451,0.2076,0.0379,0.026,0.019,0.0037,1.35,12.19,5.67,44.89,20.15,0,MOD-00632,2025-04-15T03:00:29,2025-04-14T20:00:29,https://api.quant-aq.com/v1/devices/MOD-00632/data/raw/363329421
0,644.0,38.39999999999998,682.4,1238.5,667.1,-0.5,666.6,1645.6,2.800000000000182,1648.4,1645.9,7.699999999999818,1656.1,,,64.4,14.2,0.0,0.0,0.0,483.0,1.9,4.0,3.2,3.6365,0.5843,0.0,0.0,0.0,0.0,0.0,0.0,0.0,0.0,0.0,0.0,0.3648,0.0,0.0,0.0,0.0,0.1562,0.191,0.1802,0.0528,0.019,0.008,0.0037,1.24,9.81,5.03,44.63,20.2,0,MOD-00632,2025-04-15T02:59:29,2025-04-14T19:59:29,https://api.quant-aq.com/v1/devices/MOD-00632/data/raw/363329423
0,642.9,38.5,681.4,1238.3,666.5,-0.39999999999997726,666.1,1645.4,2.8999999999998636,1648.3,1645.8,7.900000000000091,1656.2,,,64.1,14.3,0.0,0.0,0.0,404.25,1.8,3.1,2.6,3.1885,0.6756,0.0,0.0,0.0,0.0,0.0,0.0,0.0,0.0,0.0,0.0,0.403,0.0,0.0,0.0,0.0,0.1717,0.1998,0.1443,0.0586,0.0277,0.0118,0.0,1.25,9.75,5.01,44.52,20.26,0,MOD-00632,2025-04-15T02:58:29,2025-04-14T19:58:29,https://api.quant-aq.com/v1/devices/MOD-00632/data/raw/363329422
0,644.1,38.0,682.1,1236.6,667.1,-0.6000000000000227,666.5,1645.7,2.599999999999909,1648.3,1645.8,7.900000000000091,1656.2,,,63.8,14.3,0.0,0.0,0.0,476.25,1.8,3.0,2.8,3.4986,0.6174,0.0037,0.0,0.0,0.0,0.0,0.0,0.0,0.0,0.0,0.0,0.3419,0.0,0.0,0.0,0.0,0.1637,0.2209,0.1439,0.0642,0.0113,0.0039,0.0,1.24,9.32,4.83,44.3,20.27,0,MOD-00632,2025-04-15T02:57:29,2025-04-14T19:57:29,https://api.quant-aq.com/v1/devices/MOD-00632/data/raw/363329420
0,643.9,37.30000000000007,681.2,1240.0,666.9,-0.6999999999999318,666.2,1645.6,2.7000000000000455,1648.3,1646.1,8.0,1656.3,,,63.6,14.4,0.0,0.0,0.0,501.75,1.8,2.8,2.6,3.4747,0.587,0.0,0.0,0.0,0.0,0.0,0.0,0.0,0.0,0.0,0.0,0.3993,0.0,0.0,0.0,0.0,0.1231,0.1606,0.2027,0.0557,0.0146,0.0186,0.0,1.2,10.19,5.09,44.2,20.31,0,MOD-00632,2025-04-15T02:56:29,2025-04-14T19:56:29,https://api.quant-aq.com/v1/devices/MOD-00632/data/raw/363327129
0,645.1,36.5,681.6,1238.8,667.5,-0.39999999999997726,667.1,1645.6,2.800000000000182,1648.4,1645.9,7.699999999999818,1656.1,,,63.3,14.4,0.0,0.0,0.0,469.75,2.0,3.0,2.9,3.8734,0.5865,0.0,0.0,0.0,0.0,0.0,0.0,0.0,0.0,0.0,0.0,0.3312,0.0,0.0,0.0,0.0,0.1488,0.1982,0.1679,0.0486,0.0151,0.0191,0.0,1.24,9.89,4.91,44.06,20.31,0,MOD-00632,2025-04-15T02:55:29,2025-04-14T19:55:29,https://api.quant-aq.com/v1/devices/MOD-00632/data/raw/363327131
0,642.7,37.5,680.2,1241.4,666.8,-0.5,666.3,1645.7,2.7000000000000455,1648.4,1646.1,7.599999999999909,1656.0,,,63.0,14.5,0.0,0.0,0.0,439.25,1.8,3.1,2.6,3.3429,0.5203,0.0,0.0,0.0,0.0,0.0,0.0,0.0,0.0,0.0,0.0,0.3485,0.0,0.0,0.0,0.0,0.1346,0.1666,0.1832,0.045,0.0071,0.0113,0.0036,1.14,9.0,4.58,43.82,20.36,0,MOD-00632,2025-04-15T02:54:29,2025-04-14T19:54:29,https://api.quant-aq.com/v1/devices/MOD-00632/data/raw/363327128
0,643.3,37.10000000000002,680.4,1242.2,667.2,-0.40000000000009095,666.8,1645.8,2.7999999999999545,1648.6,1645.9,7.300000000000182,1655.9,,,62.9,14.5,0.0,0.0,0.0,484.5,1.8,3.8,3.4,3.3973,0.4758,0.0,0.0,0.0,0.0,0.0,0.0,0.0,0.0,0.0,0.0,0.3251,0.0,0.0,0.0,0.0,0.1106,0.1803,0.1268,0.0613,0.0307,0.0154,0.0,1.08,9.93,4.6,43.79,20.43,0,MOD-00632,2025-04-15T02:53:29,2025-04-14T19:53:29,https://api.quant-aq.com/v1/devices/MOD-00632/data/raw/363327130
0,643.7,36.299999999999955,680.0,1244.4,667.1,-0.5,666.6,1645.7,2.7999999999999545,1648.5,1646.0,7.5,1656.0,,,62.6,14.5,0.0,0.0,0.0,364.25,1.2,2.8,2.1,3.5062,0.5378,0.0,0.0,0.0,0.0,0.0,0.0,0.0,0.0,0.0,0.0,0.3903,0.0,0.0,0.0,0.0,0.1436,0.1625,0.1594,0.0385,0.0114,0.0117,0.0,1.18,7.93,4.38,43.58,20.44,0,MOD-00632,2025-04-15T02:52:29,2025-04-14T19:52:29,https://api.quant-aq.com/v1/devices/MOD-00632/data/raw/363324815
0,642.9,37.700000000000045,680.6,1245.7,666.6,-0.3000000000000682,666.3,1645.5,2.900000000000091,1648.4,1645.9,7.599999999999909,1656.0,,,62.4,14.5,0.0,0.0,0.0,503.5,1.8,4.2,3.2,3.5799,0.5557,0.0,0.0,0.0,0.0,0.0,0.0,0.0,0.0,0.0,0.0,0.3411,0.0,0.0,0.0,0.0,0.1093,0.1905,0.1644,0.0572,0.0125,0.0083,0.0042,1.16,9.3,4.7,43.49,20.47,0,MOD-00632,2025-04-15T02:51:29,2025-04-14T19:51:29,https://api.quant-aq.com/v1/devices/MOD-00632/data/raw/363324812
0,643.5,36.799999999999955,680.3,1243.6,667.2,-0.6000000000000227,666.6,1645.7,2.7000000000000455,1648.4,1645.9,7.599999999999909,1656.0,,,62.3,14.6,0.0,0.0,0.0,453.5,2.0,2.8,2.6,3.1574,0.5852,0.0,0.0,0.0,0.0,0.0,0.0,0.0,0.0,0.0,0.0,0.3757,0.0,0.0,0.0,0.0,0.1552,0.2113,0.1842,0.0371,0.0122,0.0124,0.0124,1.21,11.97,4.91,43.41,20.52,0,MOD-00632,2025-04-15T02:50:29,2025-04-14T19:50:29,https://api.quant-aq.com/v1/devices/MOD-00632/data/raw/363324814
0,641.6,38.69999999999993,680.3,1240.8,666.5,-0.39999999999997726,666.1,1645.7,2.7999999999999545,1648.5,1646.0,7.5,1656.0,,,62.0,14.6,0.0,0.0,0.0,447.75,1.6,2.9,2.9,3.362,0.539,0.0039,0.0,0.0,0.0,0.0,0.0,0.0,0.0,0.0,0.0,0.3971,0.0,0.0,0.0,0.0,0.1278,0.2207,0.1359,0.0365,0.0202,0.0119,0.004,1.19,11.2,4.53,43.24,20.54,0,MOD-00632,2025-04-15T02:49:29,2025-04-14T19:49:29,https://api.quant-aq.com/v1/devices/MOD-00632/data/raw/363324813
0,642.4,38.700000000000045,681.1,1242.5,668.0,-0.39999999999997726,667.6,1645.7,2.7000000000000455,1648.4,1646.0,7.5,1655.9,,,61.8,14.6,0.0,0.0,0.0,498.25,1.8,2.8,2.7,3.4024,0.5258,0.008,0.0,0.0,0.0,0.0,0.0,0.0,0.0,0.0,0.0,0.3191,0.0,0.0,0.0,0.0,0.1379,0.1856,0.1418,0.0557,0.0157,0.0,0.0,1.13,10.26,4.43,43.15,20.58,0,MOD-00632,2025-04-15T02:48:29,2025-04-14T19:48:29,https://api.quant-aq.com/v1/devices/MOD-00632/data/raw/363322531
0,642.8,37.700000000000045,680.5,1241.9,666.6,-0.39999999999997726,666.2,1645.6,2.7000000000000455,1648.3,1645.8,7.5,1655.8,,,61.6,14.7,0.0,0.0,0.0,429.0,1.6,3.3,2.6,3.4929,0.4144,0.0,0.0,0.0,0.0,0.0,0.0,0.0,0.0,0.0,0.0,0.4017,0.0,0.0,0.0,0.0,0.0908,0.1424,0.1429,0.0471,0.0199,0.0275,0.0077,1.08,12.63,4.4,43.08,20.58,0,MOD-00632,2025-04-15T02:47:29,2025-04-14T19:47:29,https://api.quant-aq.com/v1/devices/MOD-00632/data/raw/363322533
0,643.8,36.10000000000002,679.9,1242.0,667.4,-0.2999999999999545,667.1,1645.7,2.599999999999909,1648.3,1646.0,7.600000000000136,1655.9,,,61.7,14.7,0.0,0.0,0.0,335.75,1.0,2.2,1.8,3.2641,0.4646,0.0,0.0,0.0,0.0,0.0,0.0,0.0,0.0,0.0,0.0,0.3555,0.0,0.0,0.0,0.0,0.1543,0.1311,0.1305,0.0492,0.0162,0.0084,0.0041,1.08,8.61,4.1,42.97,20.62,0,MOD-00632,2025-04-15T02:46:29,2025-04-14T19:46:29,https://api.quant-aq.com/v1/devices/MOD-00632/data/raw/363322530
0,644.6,36.0,680.6,1241.6,667.6,-0.3000000000000682,667.3,1645.6,2.800000000000182,1648.4,1646.1,7.599999999999909,1656.0,,,61.6,14.7,0.0,0.0,0.0,425.0,1.2,3.3,2.5,3.3058,0.5308,0.0,0.0041,0.0,0.0,0.0,0.0,0.0,0.0,0.0,0.0,0.3389,0.0,0.0,0.0,0.0,0.1435,0.1643,0.1273,0.0349,0.0163,0.0201,0.0,1.1,11.35,4.12,42.88,20.69,0,MOD-00632,2025-04-15T02:45:29,2025-04-14T19:45:29,https://api.quant-aq.com/v1/devices/MOD-00632/data/raw/363322532
0,643.4,37.89999999999998,681.3,1239.5,667.3,-0.39999999999997726,666.9,1645.6,2.7000000000000455,1648.3,1645.8,7.7999999999999545,1656.1,,,61.2,14.7,0.0,0.0,0.0,411.0,1.5,1.9,1.9,3.1162,0.4871,0.0,0.0,0.0,0.0,0.0,0.0,0.0,0.0,0.0,0.0,0.3683,0.0,0.0,0.0,0.0,0.1142,0.1698,0.1148,0.0557,0.022,0.0075,0.0,1.06,7.85,4.18,42.78,20.72,0,MOD-00632,2025-04-15T02:44:29,2025-04-14T19:44:29,https://api.quant-aq.com/v1/devices/MOD-00632/data/raw/363320267
0,643.1,39.299999999999955,682.4,1238.7,667.6,-0.6000000000000227,667.0,1645.9,2.3999999999998636,1648.3,1646.0,7.900000000000091,1656.2,,,60.9,14.8,0.0,0.0,0.0,447.0,1.8,3.1,3.1,3.0232,0.4773,0.0037,0.0,0.0,0.0,0.0,0.0,0.0,0.0,0.0,0.0,0.2585,0.0,0.0,0.0,0.0,0.109,0.1463,0.1178,0.0445,0.0147,0.0,0.0036,0.95,8.29,3.66,42.68,20.74,0,MOD-00632,2025-04-15T02:43:29,2025-04-14T19:43:29,https://api.quant-aq.com/v1/devices/MOD-00632/data/raw/363320264
0,643.0,41.299999999999955,684.3,1242.2,667.4,-0.39999999999997726,667.0,1645.8,2.400000000000091,1648.2,1646.1,8.200000000000045,1656.4,,,60.9,14.8,0.0,0.0,0.0,469.25,1.8,3.3,3.0,2.9636,0.5247,0.0,0.0,0.0,0.0,0.0,0.0,0.0,0.0,0.0,0.0,0.3933,0.0,0.0,0.0,0.0,0.1198,0.143,0.1381,0.0493,0.019,0.0038,0.0077,1.07,9.18,4.18,42.56,20.78,0,MOD-00632,2025-04-15T02:42:29,2025-04-14T19:42:29,https://api.quant-aq.com/v1/devices/MOD-00632/data/raw/363320265
0,643.8,39.200000000000045,683.0,1244.6,667.4,-0.1999999999999318,667.2,1646.0,2.2000000000000455,1648.2,1645.9,8.0,1656.2,,,60.6,14.8,0.0,0.0,0.0,423.75,1.7,3.2,2.9,3.1464,0.4499,0.0,0.0,0.0,0.0,0.0,0.0,0.0,0.0,0.0,0.0,0.3515,0.0,0.0,0.0,0.0,0.1211,0.1476,0.1587,0.0377,0.0113,0.015,0.0038,1.05,9.15,4.18,42.41,20.78,0,MOD-00632,2025-04-15T02:41:29,2025-04-14T19:41:29,https://api.quant-aq.com/v1/devices/MOD-00632/data/raw/363320263
0,643.3,37.700000000000045,681.0,1242.1,667.5,-0.20000000000004547,667.3,1645.7,2.5,1648.2,1646.2,8.099999999999909,1656.3,,,60.7,14.9,0.0,0.0,0.0,488.25,2.1,4.3,3.2,3.0952,0.4301,0.0,0.0,0.0,0.0,0.0,0.0,0.0,0.0,0.0,0.0,0.3416,0.0,0.0,0.0,0.0,0.14,0.1554,0.1114,0.0445,0.0145,0.0038,0.0,1.04,6.37,3.81,42.51,20.8,0,MOD-00632,2025-04-15T02:40:29,2025-04-14T19:40:29,https://api.quant-aq.com/v1/devices/MOD-00632/data/raw/363317963
0,644.5,37.299999999999955,681.8,1241.6,667.4,-0.6000000000000227,666.8,1645.8,2.5,1648.3,1646.1,8.100000000000136,1656.4,,,60.6,14.9,0.0,0.0,0.0,517.75,1.9,3.4,3.0,3.3507,0.5177,0.0,0.0,0.0,0.0,0.0,0.0,0.0,0.0,0.0,0.0,0.3152,0.0,0.0,0.0,0.0,0.1125,0.1555,0.1187,0.0775,0.0158,0.0268,0.004,1.06,11.9,4.54,42.45,20.83,0,MOD-00632,2025-04-15T02:39:29,2025-04-14T19:39:29,https://api.quant-aq.com/v1/devices/MOD-00632/data/raw/363317964
0,642.8,37.80000000000007,680.6,1240.5,667.8,-0.39999999999997726,667.4,1645.7,2.599999999999909,1648.3,1646.2,8.200000000000045,1656.5,,,60.3,14.9,0.0,0.0,0.0,427.5,1.6,2.7,2.2,2.8724,0.4817,0.0,0.0,0.0,0.0,0.0,0.0,0.0,0.0,0.0,0.0,0.3157,0.0,0.0,0.0,0.0,0.1138,0.1573,0.1175,0.0432,0.0078,0.0121,0.0,0.99,7.07,3.75,42.36,20.85,0,MOD-00632,2025-04-15T02:38:29,2025-04-14T19:38:29,https://api.quant-aq.com/v1/devices/MOD-00632/data/raw/363317962
0,641.6,38.799999999999955,680.4,1245.2,667.5,-0.39999999999997726,667.1,1645.9,2.3999999999998636,1648.3,1646.3,8.200000000000045,1656.5,,,60.1,15.0,0.0,0.0,0.0,384.75,1.6,3.1,2.3,2.8716,0.4439,0.0037,0.0,0.0,0.0,0.0,0.0,0.0,0.0,0.0,0.0,0.2939,0.0,0.0,0.0,0.0,0.1082,0.1009,0.133,0.0372,0.0149,0.0075,0.0,0.92,8.11,3.54,42.18,20.89,0,MOD-00632,2025-04-15T02:37:29,2025-04-14T19:37:29,https://api.quant-aq.com/v1/devices/MOD-00632/data/raw/363317961
0,642.6,38.10000000000002,680.7,1246.3,667.7,-0.40000000000009095,667.3,1645.7,2.599999999999909,1648.3,1646.3,8.100000000000136,1656.4,,,59.8,15.0,0.0,0.0,0.0,433.25,1.7,2.7,2.3,2.8452,0.4569,0.0,0.0,0.0,0.0,0.0,0.0,0.0,0.0,0.0,0.0,0.3327,0.0,0.0,0.0,0.0,0.1301,0.1529,0.1256,0.0378,0.0114,0.0113,0.0038,1.0,8.19,3.84,42.0,20.86,0,MOD-00632,2025-04-15T02:36:29,2025-04-14T19:36:29,https://api.quant-aq.com/v1/devices/MOD-00632/data/raw/363315700
0,642.9,38.5,681.4,1247.0,667.7,-0.40000000000009095,667.3,1645.8,2.5,1648.3,1646.4,8.0,1656.3,,,59.8,15.0,0.0,0.0,0.0,424.25,2.0,2.7,2.5,3.0808,0.467,0.0,0.0,0.0,0.0,0.0,0.0,0.0,0.0,0.0,0.0,0.313,0.0,0.0,0.0,0.0,0.1014,0.1528,0.1057,0.0269,0.0077,0.0118,0.0,0.98,6.34,3.38,41.94,20.89,0,MOD-00632,2025-04-15T02:35:29,2025-04-14T19:35:29,https://api.quant-aq.com/v1/devices/MOD-00632/data/raw/363315695
0,643.3,39.5,682.8,1247.3,668.1,-0.20000000000004547,667.9,1645.9,2.3999999999998636,1648.3,1646.3,8.100000000000136,1656.4,,,59.7,15.0,0.0,0.0,0.0,386.75,1.6,2.2,2.2,2.75,0.4935,0.0,0.0036,0.0,0.0,0.0039,0.0,0.0,0.0,0.0,0.0,0.3394,0.0,0.0,0.0,0.0,0.0983,0.1326,0.1206,0.0451,0.0226,0.0152,0.0077,0.96,15.24,3.93,41.88,20.9,0,MOD-00632,2025-04-15T02:34:29,2025-04-14T19:34:29,https://api.quant-aq.com/v1/devices/MOD-00632/data/raw/363315698
0,643.5,41.89999999999998,685.4,1250.5,667.3,-0.2999999999999545,667.0,1645.8,2.6000000000001364,1648.4,1646.2,8.199999999999818,1656.6,,,59.7,15.0,0.0,0.0,0.0,377.25,1.1,2.7,2.3,3.183,0.4028,0.0,0.0,0.0,0.0,0.0,0.0,0.0,0.0,0.0,0.0,0.3402,0.0,0.0,0.0,0.0,0.1231,0.1838,0.132,0.0482,0.0159,0.0122,0.0082,1.06,10.39,4.3,41.81,20.93,0,MOD-00632,2025-04-15T02:33:29,2025-04-14T19:33:29,https://api.quant-aq.com/v1/devices/MOD-00632/data/raw/363315696
0,642.9,41.0,683.9,1245.3,667.5,-0.20000000000004547,667.3,1646.0,2.2999999999999545,1648.3,1646.2,8.200000000000045,1656.5,,,59.5,15.1,0.0,0.0,0.0,417.75,1.6,2.6,2.3,3.2595,0.4121,0.0,0.0,0.0,0.0,0.0,0.0,0.0,0.0,0.0,0.0,0.306,0.0,0.0,0.0,0.0,0.1085,0.1587,0.1237,0.0622,0.0196,0.0116,0.0039,1.01,9.49,4.24,41.67,20.95,0,MOD-00632,2025-04-15T02:32:29,2025-04-14T19:32:29,https://api.quant-aq.com/v1/devices/MOD-00632/data/raw/363313406
0,642.9,38.0,680.9,1242.5,668.0,-0.2999999999999545,667.7,1646.1,2.2000000000000455,1648.3,1646.4,8.299999999999955,1656.6,,,59.3,15.1,0.0,0.0,0.0,449.0,1.9,3.0,2.6,2.9948,0.4589,0.0,0.0,0.0,0.0,0.0,0.0,0.0,0.0,0.0,0.0,0.2814,0.0,0.0,0.0,0.0,0.0954,0.1943,0.0982,0.0419,0.0112,0.0038,0.0,0.98,5.95,3.63,41.65,20.96,0,MOD-00632,2025-04-15T02:31:29,2025-04-14T19:31:29,https://api.quant-aq.com/v1/devices/MOD-00632/data/raw/363313407
0,643.0,37.89999999999998,680.9,1241.6,668.3,-0.39999999999997726,667.9,1646.0,2.400000000000091,1648.4,1646.2,8.199999999999818,1656.6,,,59.2,15.1,0.0,0.0,0.0,442.0,1.8,2.9,2.7,2.7946,0.4497,0.0,0.0,0.0,0.0,0.0,0.0,0.0,0.0,0.0,0.0,0.2577,0.0,0.0,0.0,0.0,0.1251,0.1491,0.1329,0.0351,0.0195,0.0157,0.0078,0.94,10.34,3.93,41.52,20.99,0,MOD-00632,2025-04-15T02:30:29,2025-04-14T19:30:29,https://api.quant-aq.com/v1/devices/MOD-00632/data/raw/363313405
0,642.5,37.700000000000045,680.2,1245.7,667.8,-0.1999999999999318,667.6,1646.0,2.400000000000091,1648.4,1646.4,8.099999999999909,1656.5,,,59.1,15.1,0.0,0.0,0.0,415.75,1.8,2.6,2.6,3.3529,0.4348,0.0,0.0,0.0,0.0,0.0,0.0,0.0,0.0,0.0,0.0,0.2573,0.0,0.0,0.0,0.0,0.1014,0.1123,0.0764,0.0444,0.0198,0.0282,0.0039,0.92,10.45,3.45,41.54,20.97,0,MOD-00632,2025-04-15T02:29:29,2025-04-14T19:29:29,https://api.quant-aq.com/v1/devices/MOD-00632/data/raw/363313408
0,641.2,38.89999999999998,680.1,1248.7,667.9,-0.2999999999999545,667.6,1645.9,2.3999999999998636,1648.3,1646.2,8.299999999999955,1656.6,,,59.1,15.1,0.0,0.0,0.0,379.5,1.4,2.2,2.0,3.2409,0.4159,0.0,0.0,0.0,0.0,0.0,0.0,0.0,0.0,0.0,0.0,0.2768,0.0,0.0,0.0,0.0,0.1016,0.1535,0.18,0.0159,0.0236,0.0078,0.004,1.0,8.52,4.1,41.47,21.0,0,MOD-00632,2025-04-15T02:28:29,2025-04-14T19:28:29,https://api.quant-aq.com/v1/devices/MOD-00632/data/raw/363311131
0,641.7,38.59999999999991,680.3,1245.7,667.7,-0.3000000000000682,667.4,1646.0,2.400000000000091,1648.4,1646.2,8.0,1656.4,,,59.0,15.1,0.0,0.0,0.0,337.0,1.0,2.3,1.4,3.1703,0.4471,0.0,0.0037,0.0,0.0,0.0,0.0,0.0,0.0,0.0,0.0,0.3053,0.0,0.0,0.0,0.0,0.1087,0.112,0.0907,0.0242,0.0082,0.0041,0.0,0.94,7.02,2.95,41.33,21.0,0,MOD-00632,2025-04-15T02:27:29,2025-04-14T19:27:29,https://api.quant-aq.com/v1/devices/MOD-00632/data/raw/363311128
0,641.4,38.5,679.9,1244.7,667.8,-0.39999999999997726,667.4,1645.6,2.7000000000000455,1648.3,1646.4,8.5,1656.8,,,58.7,15.1,0.0,0.0,0.0,386.5,1.3,2.6,2.1,2.8525,0.4315,0.0,0.0,0.0,0.0,0.0,0.0,0.0,0.0,0.0,0.0,0.2992,0.0,0.0,0.0,0.0,0.0984,0.1133,0.1023,0.0419,0.0191,0.0076,0.0074,0.9,8.62,3.45,41.21,21.0,0,MOD-00632,2025-04-15T02:26:29,2025-04-14T19:26:29,https://api.quant-aq.com/v1/devices/MOD-00632/data/raw/363311129
0,641.8,39.40000000000009,681.2,1246.5,667.4,-0.1999999999999318,667.2,1645.9,2.2999999999999545,1648.2,1646.0,8.200000000000045,1656.4,,,58.5,15.1,0.0,0.0,0.0,489.5,1.8,2.5,2.5,3.1433,0.4191,0.0,0.0,0.0,0.0,0.0,0.0,0.0,0.0,0.0,0.0,0.2848,0.0,0.0,0.0,0.0,0.1243,0.104,0.1463,0.0426,0.0118,0.0078,0.0,0.96,6.78,3.76,41.11,21.03,0,MOD-00632,2025-04-15T02:25:29,2025-04-14T19:25:29,https://api.quant-aq.com/v1/devices/MOD-00632/data/raw/363311130
0,642.9,37.60000000000002,680.5,1245.3,668.2,-0.40000000000009095,667.8,1645.6,2.7000000000000455,1648.3,1646.3,8.299999999999955,1656.6,,,58.4,15.1,0.0,0.0,0.0,444.5,2.0,2.7,2.7,3.1537,0.5028,0.0,0.0039,0.0,0.0,0.0,0.0,0.0,0.0,0.0,0.0,0.3054,0.0,0.0,0.0,0.0,0.0708,0.1095,0.11,0.0393,0.0198,0.0079,0.0,0.93,9.05,3.43,41.07,21.04,0,MOD-00632,2025-04-15T02:24:29,2025-04-14T19:24:29,https://api.quant-aq.com/v1/devices/MOD-00632/data/raw/363308795
0,643.2,36.5,679.7,1244.9,667.3,-0.1999999999999318,667.1,1645.8,2.2999999999999545,1648.1,1646.0,8.400000000000091,1656.5,,,58.3,15.2,0.0,0.0,0.0,365.25,1.2,2.6,2.1,3.0634,0.457,0.0,0.0,0.0,0.0,0.0,0.0,0.0,0.0,0.0,0.0,0.2677,0.0,0.0,0.0,0.0,0.0927,0.1558,0.077,0.0462,0.0155,0.0153,0.0,0.93,7.51,3.46,41.01,21.04,0,MOD-00632,2025-04-15T02:23:29,2025-04-14T19:23:29,https://api.quant-aq.com/v1/devices/MOD-00632/data/raw/363308794
0,641.3,38.80000000000007,680.1,1244.1,667.9,-0.1999999999999318,667.7,1645.8,2.5,1648.3,1646.1,8.100000000000136,1656.4,,,58.4,15.1,0.0,0.0,0.0,436.0,1.3,3.2,2.7,2.9172,0.3691,0.0,0.0,0.0,0.0,0.0,0.0,0.0,0.0,0.0,0.0,0.2627,0.0,0.0,0.0,0.0,0.0979,0.1337,0.098,0.0355,0.0079,0.0078,0.0,0.88,5.71,3.18,40.96,21.07,0,MOD-00632,2025-04-15T02:22:29,2025-04-14T19:22:29,https://api.quant-aq.com/v1/devices/MOD-00632/data/raw/363308793
0,641.7,38.09999999999991,679.8,1244.4,668.4,-0.1999999999999318,668.2,1645.6,2.6000000000001364,1648.2,1646.2,8.399999999999864,1656.6,,,58.4,15.1,0.0,0.0,0.0,480.0,1.8,3.4,3.1,3.27,0.4778,0.0,0.0,0.0,0.0,0.0,0.0,0.0,0.0,0.0,0.0,0.2402,0.0,0.0,0.0,0.0,0.1018,0.1411,0.1173,0.0509,0.004,0.0117,0.0,0.96,6.83,3.65,40.82,21.07,0,MOD-00632,2025-04-15T02:21:29,2025-04-14T19:21:29,https://api.quant-aq.com/v1/devices/MOD-00632/data/raw/363308792
0,640.7,38.299999999999955,679.0,1239.5,667.2,-0.40000000000009095,666.8,1645.9,2.199999999999818,1648.1,1646.0,8.300000000000182,1656.4,,,58.0,15.2,0.0,0.0,0.0,425.0,1.4,3.2,2.6,2.9996,0.3929,0.0,0.0036,0.0,0.0,0.0,0.0,0.0,0.0,0.0,0.0,0.258,0.0,0.0,0.0,0.0,0.0922,0.1209,0.0929,0.0335,0.0147,0.0184,0.0036,0.87,10.69,3.26,40.71,21.09,0,MOD-00632,2025-04-15T02:20:29,2025-04-14T19:20:29,https://api.quant-aq.com/v1/devices/MOD-00632/data/raw/363306511
0,642.0,38.0,680.0,1239.5,668.1,-0.20000000000004547,667.9,1645.5,2.7000000000000455,1648.2,1646.1,8.200000000000045,1656.4,,,57.8,15.2,0.0,0.0,0.0,413.75,1.5,2.8,2.2,2.7768,0.3893,0.0037,0.0,0.0,0.0,0.0,0.0,0.0,0.0,0.0,0.0,0.2702,0.0,0.0,0.0,0.0,0.0781,0.1004,0.0768,0.0616,0.0186,0.0158,0.0,0.82,9.45,3.35,40.56,21.09,0,MOD-00632,2025-04-15T02:19:29,2025-04-14T19:19:29,https://api.quant-aq.com/v1/devices/MOD-00632/data/raw/363306512
0,641.5,38.299999999999955,679.8,1244.3,667.1,-0.3000000000000682,666.8,1645.5,2.400000000000091,1647.9,1646.0,8.399999999999864,1656.3,,,57.6,15.2,0.0,0.0,0.0,343.25,1.4,2.4,1.8,2.9089,0.4461,0.0039,0.0,0.0,0.0,0.0,0.0,0.0,0.0,0.0,0.0,0.2571,0.0,0.0,0.0,0.0,0.1042,0.1282,0.0926,0.044,0.0161,0.0159,0.0041,0.89,10.42,3.47,40.48,21.13,0,MOD-00632,2025-04-15T02:18:29,2025-04-14T19:18:29,https://api.quant-aq.com/v1/devices/MOD-00632/data/raw/363306513
0,641.9,37.0,678.9,1235.9,667.9,-0.2999999999999545,667.6,1645.6,2.5,1648.1,1645.8,8.300000000000182,1656.4,,,57.8,15.2,0.0,0.0,0.0,414.5,1.2,2.4,2.2,3.0599,0.3876,0.0,0.0,0.0,0.0,0.0,0.0,0.0,0.0,0.0,0.0,0.2623,0.0,0.0,0.0,0.0,0.0994,0.1821,0.0723,0.0262,0.0113,0.0188,0.0,0.93,7.22,3.25,40.57,21.14,0,MOD-00632,2025-04-15T02:17:29,2025-04-14T19:17:29,https://api.quant-aq.com/v1/devices/MOD-00632/data/raw/363306510
0,640.6,38.89999999999998,679.5,1242.9,668.3,-0.2999999999999545,668.0,1645.6,2.400000000000091,1648.0,1645.9,8.200000000000045,1656.2,,,57.7,15.2,0.0,0.0,0.0,457.0,1.8,2.8,2.8,3.0279,0.3419,0.0,0.0,0.0,0.0,0.0,0.0,0.0,0.0,0.0,0.0,0.2478,0.0,0.0,0.0,0.0,0.0856,0.1123,0.0815,0.0263,0.0075,0.0146,0.0037,0.83,7.02,2.84,40.47,21.14,0,MOD-00632,2025-04-15T02:16:29,2025-04-14T19:16:29,https://api.quant-aq.com/v1/devices/MOD-00632/data/raw/363304246
0,641.4,38.39999999999998,679.8,1242.1,668.1,-0.39999999999997726,667.7,1645.6,2.400000000000091,1648.0,1645.9,8.099999999999909,1656.1,,,57.7,15.2,0.0,0.0,0.0,429.0,1.6,3.1,2.4,3.0706,0.4749,0.0,0.0,0.0,0.0,0.0,0.0,0.0,0.0,0.0,0.0,0.3179,0.0,0.0,0.0,0.0,0.1303,0.1139,0.075,0.0529,0.0226,0.0111,0.0,0.96,7.48,3.52,40.51,21.14,0,MOD-00632,2025-04-15T02:15:29,2025-04-14T19:15:29,https://api.quant-aq.com/v1/devices/MOD-00632/data/raw/363304249
0,640.3,38.10000000000002,678.4,1242.8,667.4,-0.2999999999999545,667.1,1645.5,2.5,1648.0,1645.9,7.900000000000091,1655.9,,,57.4,15.2,0.0,0.0,0.0,356.25,1.2,2.2,2.0,2.826,0.4274,0.0,0.0038,0.0,0.0,0.0,0.0,0.0,0.0,0.0,0.0,0.294,0.0,0.0,0.0,0.0,0.1092,0.1273,0.0929,0.0503,0.0193,0.023,0.004,0.91,12.48,3.69,40.37,21.15,0,MOD-00632,2025-04-15T02:14:29,2025-04-14T19:14:29,https://api.quant-aq.com/v1/devices/MOD-00632/data/raw/363304248
0,641.3,36.60000000000002,677.9,1242.7,668.2,0.09999999999990905,668.3,1645.3,2.400000000000091,1647.7,1645.9,8.0,1655.7,,,57.5,15.2,0.0,0.0,0.0,390.25,1.8,2.8,2.4,3.4707,0.4677,0.0,0.0,0.0039,0.0,0.0,0.0,0.0,0.0,0.0,0.0,0.3177,0.0,0.0,0.0,0.0,0.1139,0.1089,0.0933,0.0411,0.0126,0.0202,0.0,1.0,10.79,3.46,40.28,21.2,0,MOD-00632,2025-04-15T02:13:29,2025-04-14T19:13:29,https://api.quant-aq.com/v1/devices/MOD-00632/data/raw/363304247
0,641.4,37.10000000000002,678.5,1241.5,667.9,-0.39999999999997726,667.5,1645.6,2.400000000000091,1648.0,1645.8,8.0,1656.0,,,57.6,15.3,0.0,0.0,0.0,474.5,1.9,2.8,2.4,3.2366,0.3691,0.0,0.0,0.0,0.0,0.0,0.0,0.0,0.0,0.0,0.0,0.2468,0.0,0.0,0.0,0.0,0.0883,0.1351,0.1003,0.0538,0.027,0.0077,0.0038,0.9,8.6,3.74,40.28,21.21,0,MOD-00632,2025-04-15T02:12:29,2025-04-14T19:12:29,https://api.quant-aq.com/v1/devices/MOD-00632/data/raw/363301944
0,640.6,37.89999999999998,678.5,1238.1,667.9,-0.6000000000000227,667.3,1645.4,2.5,1647.9,1645.6,8.099999999999909,1656.0,,,57.3,15.3,0.0,0.0,0.0,523.5,2.3,3.5,3.1,3.1613,0.3658,0.0,0.0,0.0,0.0,0.0,0.0,0.0,0.0,0.0,0.0,0.3362,0.0,0.0,0.0,0.0,0.1159,0.1085,0.0814,0.0511,0.0144,0.0036,0.0036,0.94,6.76,3.32,40.18,21.28,0,MOD-00632,2025-04-15T02:11:29,2025-04-14T19:11:29,https://api.quant-aq.com/v1/devices/MOD-00632/data/raw/363301945
0,640.9,38.0,678.9,1240.7,668.0,-0.39999999999997726,667.6,1645.3,2.6000000000001364,1647.9,1645.6,8.099999999999909,1656.0,,,57.3,15.3,0.0,0.0,0.0,543.75,2.4,4.1,3.8,2.9453,0.4235,0.0,0.0,0.0,0.0,0.0,0.0,0.0,0.0,0.0,0.0,0.2546,0.0,0.0,0.0,0.0,0.0776,0.1368,0.0633,0.0369,0.0295,0.0149,0.0035,0.86,8.71,3.24,40.13,21.27,0,MOD-00632,2025-04-15T02:10:29,2025-04-14T19:10:29,https://api.quant-aq.com/v1/devices/MOD-00632/data/raw/363301946
0,642.9,36.5,679.4,1236.4,667.6,-0.20000000000004547,667.4,1645.4,2.3999999999998636,1647.8,1645.7,8.299999999999955,1656.1,,,56.9,15.3,0.0,0.0,0.0,484.75,1.9,2.8,2.7,2.9038,0.4037,0.0,0.0034,0.0,0.0,0.0,0.0,0.0,0.0,0.0,0.0,0.3128,0.0,0.0,0.0,0.0,0.0797,0.1152,0.0804,0.0277,0.0277,0.0,0.0,0.87,7.44,3.03,39.97,21.3,0,MOD-00632,2025-04-15T02:09:29,2025-04-14T19:09:29,https://api.quant-aq.com/v1/devices/MOD-00632/data/raw/363301947
0,641.3,36.90000000000009,678.2,1238.3,668.4,-0.2999999999999545,668.1,1645.3,2.400000000000091,1647.7,1645.8,8.200000000000045,1655.9,,,56.9,15.4,0.0,0.0,0.0,513.25,2.2,3.3,3.1,3.1586,0.3853,0.0,0.0036,0.0,0.0,0.0,0.0,0.0,0.0,0.0,0.0,0.2788,0.0,0.0,0.0,0.0,0.1015,0.1505,0.069,0.0359,0.0,0.0038,0.0,0.92,6.58,2.91,39.85,21.34,0,MOD-00632,2025-04-15T02:08:29,2025-04-14T19:08:29,https://api.quant-aq.com/v1/devices/MOD-00632/data/raw/363299654
0,641.3,37.30000000000007,678.6,1238.8,668.0,-0.39999999999997726,667.6,1645.3,2.400000000000091,1647.7,1645.7,8.200000000000045,1655.9,,,56.6,15.4,0.0,0.0,0.0,562.5,2.5,3.8,3.4,3.2997,0.3983,0.0,0.0,0.0,0.0,0.0,0.0,0.0,0.0,0.0,0.0,0.2412,0.0,0.0,0.0,0.0,0.0498,0.1041,0.117,0.021,0.0108,0.0143,0.0034,0.85,7.33,3.05,39.77,21.37,0,MOD-00632,2025-04-15T02:07:29,2025-04-14T19:07:29,https://api.quant-aq.com/v1/devices/MOD-00632/data/raw/363299653
0,640.0,38.299999999999955,678.3,1240.0,668.0,-0.39999999999997726,667.6,1645.3,2.400000000000091,1647.7,1645.7,8.0,1655.7,,,56.6,15.4,0.0,0.0,0.0,570.5,2.3,3.9,3.8,2.8355,0.4202,0.0,0.0,0.0,0.0,0.0,0.0,0.0,0.0,0.0,0.0,0.234,0.0,0.0,0.0,0.0,0.0943,0.1025,0.0759,0.0248,0.0215,0.0139,0.011,0.82,9.66,2.95,39.69,21.37,0,MOD-00632,2025-04-15T02:06:29,2025-04-14T19:06:29,https://api.quant-aq.com/v1/devices/MOD-00632/data/raw/363299652
0,639.3,38.10000000000002,677.4,1243.0,668.3,-0.09999999999990905,668.2,1645.1,2.7000000000000455,1647.8,1645.5,7.7000000000000455,1655.5,,,56.8,15.4,0.0,0.0,0.0,463.75,1.8,3.1,2.8,3.3945,0.4409,0.0,0.0039,0.0,0.0,0.0,0.0,0.0,0.0,0.0,0.0,0.2437,0.0,0.0,0.0,0.0,0.1126,0.1126,0.0761,0.0515,0.012,0.0,0.0041,0.93,8.51,3.18,39.84,21.38,0,MOD-00632,2025-04-15T02:05:29,2025-04-14T19:05:29,https://api.quant-aq.com/v1/devices/MOD-00632/data/raw/363299651
0,642.6,36.39999999999998,679.0,1242.3,668.1,-0.39999999999997726,667.7,1645.3,2.5,1647.8,1645.5,7.7999999999999545,1655.6,,,56.8,15.4,0.0,0.0,0.0,450.5,1.9,3.2,2.7,3.5452,0.4838,0.0041,0.0,0.0,0.0,0.0,0.0,0.0,0.0,0.0,0.0,0.2336,0.0,0.0,0.0,0.0,0.0725,0.0692,0.0888,0.0282,0.02,0.0121,0.004,0.87,9.29,2.93,39.67,21.42,0,MOD-00632,2025-04-15T02:04:29,2025-04-14T19:04:29,https://api.quant-aq.com/v1/devices/MOD-00632/data/raw/363297322
0,640.5,38.39999999999998,678.9,1239.8,668.2,-0.20000000000004547,668.0,1645.2,2.3999999999998636,1647.6,1645.2,7.800000000000182,1655.4,,,56.4,15.5,0.0,0.0,0.0,490.0,2.0,3.8,2.4,3.3227,0.4995,0.0039,0.0,0.0,0.0,0.0,0.0,0.0,0.0,0.0,0.0,0.3094,0.0,0.0,0.0,0.0,0.0653,0.1276,0.0818,0.0308,0.008,0.0,0.0,0.94,5.94,2.92,39.48,21.48,0,MOD-00632,2025-04-15T02:03:29,2025-04-14T19:03:29,https://api.quant-aq.com/v1/devices/MOD-00632/data/raw/363297320
0,641.6,36.5,678.1,1242.0,667.6,-0.39999999999997726,667.2,1645.0,2.7000000000000455,1647.7,1645.4,7.7999999999999545,1655.5,,,56.3,15.5,0.0,0.0,0.0,626.5,2.7,4.6,4.4,2.9136,0.4679,0.0,0.0,0.0,0.0,0.0,0.0,0.0,0.0,0.0,0.0,0.2743,0.0,0.0,0.0,0.0,0.0986,0.1046,0.0524,0.0372,0.0147,0.0186,0.0,0.86,7.07,2.88,39.42,21.51,0,MOD-00632,2025-04-15T02:02:29,2025-04-14T19:02:29,https://api.quant-aq.com/v1/devices/MOD-00632/data/raw/363297319
0,641.1,37.19999999999993,678.3,1240.5,668.0,-0.39999999999997726,667.6,1645.4,2.2999999999999545,1647.7,1645.3,7.899999999999864,1655.6,,,56.0,15.5,0.0,0.0,0.0,537.25,2.2,4.8,4.0,3.4626,0.3459,0.0,0.0,0.0,0.0,0.0,0.0,0.0,0.0,0.0,0.0,0.2559,0.0,0.0,0.0,0.0,0.1267,0.1057,0.1107,0.0329,0.008,0.012,0.0,0.94,6.38,3.29,39.19,21.55,0,MOD-00632,2025-04-15T02:01:29,2025-04-14T19:01:29,https://api.quant-aq.com/v1/devices/MOD-00632/data/raw/363297321
0,641.8,38.5,680.3,1238.0,668.2,-0.3000000000000682,667.9,1645.1,2.400000000000091,1647.5,1645.3,7.7999999999999545,1655.3,,,55.6,15.6,0.0,0.0,0.0,494.5,2.2,3.5,2.9,3.0077,0.3744,0.0038,0.0,0.0,0.0,0.0,0.0,0.0,0.0,0.0,0.0,0.2735,0.0,0.0,0.0,0.0,0.0767,0.1217,0.1224,0.0259,0.0149,0.0115,0.0038,0.88,9.32,3.35,38.99,21.58,0,MOD-00632,2025-04-15T02:00:29,2025-04-14T19:00:29,https://api.quant-aq.com/v1/devices/MOD-00632/data/raw/363295045
0,640.8,38.90000000000009,679.7,1239.9,667.8,-0.1999999999999318,667.6,1645.1,2.5,1647.6,1645.4,7.800000000000182,1655.4,,,55.6,15.6,0.0,0.0,0.0,618.25,2.7,4.2,3.7,3.2358,0.3738,0.0037,0.0,0.0,0.0,0.0,0.0,0.0,0.0,0.0,0.0,0.287,0.0,0.0,0.0,0.0,0.1003,0.1237,0.0823,0.0226,0.0075,0.0037,0.0038,0.91,7.16,2.87,39.0,21.63,0,MOD-00632,2025-04-15T01:59:29,2025-04-14T18:59:29,https://api.quant-aq.com/v1/devices/MOD-00632/data/raw/363295047
0,641.7,37.0,678.7,1238.7,668.7,-0.10000000000002274,668.6,1645.2,2.2000000000000455,1647.4,1645.4,8.099999999999909,1655.5,,,55.3,15.7,0.0,0.0,0.0,533.5,2.2,4.2,3.2,2.7094,0.3477,0.0,0.0,0.0,0.0,0.0,0.0,0.0,0.0,0.0,0.0,0.3169,0.0,0.0,0.0,0.0,0.0603,0.1135,0.1168,0.0303,0.015,0.0075,0.0,0.84,6.05,3.21,38.81,21.68,0,MOD-00632,2025-04-15T01:58:29,2025-04-14T18:58:29,https://api.quant-aq.com/v1/devices/MOD-00632/data/raw/363295044
0,639.9,38.10000000000002,678.0,1241.0,668.1,-0.3000000000000682,667.8,1645.3,2.2000000000000455,1647.5,1645.6,8.0,1655.5,,,55.3,15.7,0.0,0.0,0.0,542.75,2.3,3.8,3.1,3.1924,0.4664,0.0,0.0,0.0,0.0,0.0,0.0,0.0,0.0,0.0,0.0,0.2701,0.0,0.0,0.0,0.0,0.0639,0.1151,0.1081,0.0374,0.0185,0.0152,0.0,0.9,7.56,3.41,38.79,21.72,0,MOD-00632,2025-04-15T01:57:29,2025-04-14T18:57:29,https://api.quant-aq.com/v1/devices/MOD-00632/data/raw/363295046
0,640.6,37.0,677.6,1241.9,667.9,-0.5,667.4,1645.3,2.2999999999999545,1647.6,1645.4,7.7000000000000455,1655.3,,,55.2,15.8,0.0,0.0,0.0,494.0,2.1,3.7,2.9,3.1517,0.4886,0.0037,0.0,0.0,0.0,0.0,0.0,0.0,0.0,0.0,0.0,0.2526,0.0,0.0,0.0,0.0,0.0814,0.1312,0.0864,0.0155,0.016,0.0158,0.0039,0.9,9.29,3.03,38.75,21.78,0,MOD-00632,2025-04-15T01:56:29,2025-04-14T18:56:29,https://api.quant-aq.com/v1/devices/MOD-00632/data/raw/363292771
0,641.9,35.0,676.9,1241.3,668.8,-0.39999999999997726,668.4,1645.1,2.300000000000182,1647.4,1645.2,7.899999999999864,1655.3,,,55.2,15.8,0.0,0.0,0.0,584.5,2.4,3.4,3.4,3.1051,0.4428,0.0037,0.0,0.0,0.0,0.0,0.0,0.0,0.0,0.0,0.0,0.2143,0.0,0.0,0.0,0.0,0.0815,0.111,0.0921,0.0293,0.0223,0.0037,0.0,0.85,7.24,3.05,38.69,21.82,0,MOD-00632,2025-04-15T01:55:29,2025-04-14T18:55:29,https://api.quant-aq.com/v1/devices/MOD-00632/data/raw/363292772
0,640.9,36.5,677.4,1239.7,668.2,-0.10000000000002274,668.1,1645.2,2.3999999999998636,1647.6,1645.2,7.600000000000136,1655.2,,,55.0,15.8,0.0,0.0,0.0,553.25,2.4,3.5,3.5,2.8544,0.3752,0.0,0.0,0.0,0.0,0.0,0.0,0.0,0.0,0.0,0.0,0.2801,0.0,0.0,0.0,0.0,0.1021,0.1546,0.1058,0.0416,0.0,0.0187,0.0038,0.91,8.21,3.48,38.62,21.85,0,MOD-00632,2025-04-15T01:54:29,2025-04-14T18:54:29,https://api.quant-aq.com/v1/devices/MOD-00632/data/raw/363292774
0,640.5,35.799999999999955,676.3,1240.5,669.1,-0.10000000000002274,669.0,1645.2,2.099999999999909,1647.3,1645.3,7.7999999999999545,1655.1,,,54.6,15.9,0.0,0.0,0.0,517.5,2.4,3.2,3.2,2.8604,0.3635,0.0038,0.0,0.0,0.0,0.0,0.0,0.0,0.0,0.0,0.0,0.2377,0.0,0.0,0.0,0.0,0.0893,0.0921,0.0677,0.0179,0.014,0.0179,0.0038,0.79,9.04,2.62,38.34,21.89,0,MOD-00632,2025-04-15T01:53:29,2025-04-14T18:53:29,https://api.quant-aq.com/v1/devices/MOD-00632/data/raw/363292773
0,641.1,35.799999999999955,676.9,1242.8,668.0,0.2999999999999545,668.3,1645.0,2.2000000000000455,1647.2,1645.3,7.7000000000000455,1654.9,,,54.7,15.9,0.0,0.0,0.0,489.25,1.8,3.7,2.9,3.229,0.4461,0.0039,0.0,0.0,0.0,0.0,0.0,0.0,0.0,0.0,0.0,0.2228,0.0,0.0,0.0,0.0,0.067,0.1084,0.0917,0.0191,0.0191,0.0112,0.0,0.85,8.7,2.92,38.43,21.92,0,MOD-00632,2025-04-15T01:52:29,2025-04-14T18:52:29,https://api.quant-aq.com/v1/devices/MOD-00632/data/raw/363290470
0,641.6,35.0,676.6,1242.8,668.5,-0.5,668.0,1645.1,2.7000000000000455,1647.8,1645.4,7.400000000000091,1655.2,,,55.1,15.9,0.0,0.0,0.0,479.5,1.4,3.0,2.2,3.1957,0.42,0.0,0.0,0.0,0.0,0.0,0.0,0.0,0.0,0.0,0.0,0.2703,0.0,0.0,0.0,0.0,0.0876,0.1321,0.0909,0.0593,0.0117,0.0081,0.0043,0.92,7.81,3.53,38.54,21.97,0,MOD-00632,2025-04-15T01:51:29,2025-04-14T18:51:29,https://api.quant-aq.com/v1/devices/MOD-00632/data/raw/363290469
0,640.7,36.0,676.7,1243.8,668.5,-0.20000000000004547,668.3,1645.3,2.2000000000000455,1647.5,1645.4,7.7000000000000455,1655.2,,,54.7,16.0,0.0,0.0,0.0,458.0,2.1,2.9,2.7,2.8021,0.4746,0.0,0.0,0.0,0.0,0.0,0.0,0.0,0.0,0.0,0.0,0.2903,0.0,0.0,0.0,0.0,0.0727,0.1224,0.1336,0.0343,0.0077,0.0,0.0,0.9,4.92,3.35,38.24,22.04,0,MOD-00632,2025-04-15T01:50:29,2025-04-14T18:50:29,https://api.quant-aq.com/v1/devices/MOD-00632/data/raw/363290472
0,642.8,35.60000000000002,678.4,1242.0,668.7,-0.40000000000009095,668.3,1645.2,2.2999999999999545,1647.5,1645.2,7.900000000000091,1655.4,,,54.4,16.0,0.0,0.0,0.0,547.25,2.5,3.7,3.7,3.148,0.3802,0.0036,0.0036,0.0,0.0,0.0,0.0,0.0,0.0,0.0,0.0,0.2223,0.0,0.0,0.0,0.0,0.0856,0.1304,0.0742,0.0297,0.0218,0.0,0.0036,0.85,9.66,2.97,38.04,22.11,0,MOD-00632,2025-04-15T01:49:29,2025-04-14T18:49:29,https://api.quant-aq.com/v1/devices/MOD-00632/data/raw/363290471
0,641.0,36.10000000000002,677.1,1240.2,668.4,-0.2999999999999545,668.1,1645.3,2.1000000000001364,1647.4,1645.5,8.099999999999909,1655.5,,,54.0,16.1,0.0,0.0,0.0,537.0,2.2,3.5,3.3,3.0966,0.3879,0.0072,0.0,0.0,0.0,0.0,0.0,0.0,0.0,0.0,0.0,0.2798,0.0,0.0,0.0,0.0,0.095,0.1491,0.0878,0.0286,0.0366,0.0076,0.0,0.92,10.5,3.52,37.92,22.15,0,MOD-00632,2025-04-15T01:48:29,2025-04-14T18:48:29,https://api.quant-aq.com/v1/devices/MOD-00632/data/raw/363288189
0,641.2,36.09999999999991,677.3,1242.2,669.3,-0.1999999999999318,669.1,1645.3,2.2000000000000455,1647.5,1645.3,7.7000000000000455,1655.2,,,53.7,16.2,0.0,0.0,0.0,557.5,2.4,3.2,3.2,2.9344,0.3951,0.0,0.0,0.0,0.0,0.0,0.0,0.0,0.0,0.0,0.0,0.2955,0.0,0.0,0.0,0.0,0.112,0.1085,0.0822,0.0411,0.0075,0.0113,0.0076,0.89,8.14,3.13,37.72,22.21,0,MOD-00632,2025-04-15T01:47:29,2025-04-14T18:47:29,https://api.quant-aq.com/v1/devices/MOD-00632/data/raw/363288191
0,641.2,36.59999999999991,677.8,1240.3,668.5,-0.39999999999997726,668.1,1645.4,2.0,1647.4,1645.5,7.899999999999864,1655.3,,,53.6,16.2,0.0,0.0,0.0,468.5,1.9,3.9,3.2,2.7841,0.4068,0.0,0.0,0.0,0.0,0.0,0.0,0.0,0.0,0.0,0.0,0.2905,0.0,0.0,0.0,0.0,0.0833,0.127,0.0614,0.0293,0.0146,0.0109,0.0,0.85,5.89,2.84,37.72,22.22,0,MOD-00632,2025-04-15T01:46:29,2025-04-14T18:46:29,https://api.quant-aq.com/v1/devices/MOD-00632/data/raw/363288190
0,640.5,36.89999999999998,677.4,1245.0,669.2,0.0,669.2,1645.3,2.1000000000001364,1647.4,1645.5,7.599999999999909,1655.0,,,53.4,16.3,0.0,0.0,0.0,462.25,1.7,2.7,2.7,3.0158,0.4428,0.0,0.0,0.0,0.0,0.0,0.0,0.0,0.0,0.0,0.0,0.2058,0.0,0.0,0.0,0.0,0.0936,0.1201,0.0822,0.0297,0.0152,0.0038,0.0,0.85,5.13,2.92,37.62,22.27,0,MOD-00632,2025-04-15T01:45:29,2025-04-14T18:45:29,https://api.quant-aq.com/v1/devices/MOD-00632/data/raw/363288192
0,641.4,36.0,677.4,1243.7,668.9,-0.10000000000002274,668.8,1645.4,2.099999999999909,1647.5,1645.2,7.599999999999909,1655.1,,,53.3,16.3,0.0,0.0,0.0,559.75,2.2,4.0,3.7,3.1665,0.3787,0.0,0.0,0.0,0.0,0.0,0.0,0.0,0.0,0.0,0.0,0.2824,0.0,0.0,0.0,0.0,0.0972,0.1202,0.0543,0.0313,0.0154,0.0078,0.0041,0.88,6.59,2.83,37.55,22.31,0,MOD-00632,2025-04-15T01:44:29,2025-04-14T18:44:29,https://api.quant-aq.com/v1/devices/MOD-00632/data/raw/363285844
0,641.1,36.5,677.6,1245.4,669.0,0.10000000000002274,669.1,1645.3,2.2000000000000455,1647.5,1645.4,7.7000000000000455,1655.2,,,53.2,16.4,0.0,0.0,0.0,537.75,2.2,4.3,3.8,3.0924,0.4366,0.0,0.0038,0.0,0.0,0.0,0.0,0.0,0.0,0.0,0.0,0.2187,0.0,0.0,0.0,0.0,0.0625,0.1227,0.1252,0.0262,0.0148,0.0038,0.0,0.86,7.8,3.22,37.52,22.37,0,MOD-00632,2025-04-15T01:43:29,2025-04-14T18:43:29,https://api.quant-aq.com/v1/devices/MOD-00632/data/raw/363285842
0,640.2,37.39999999999998,677.6,1245.7,668.5,0.10000000000002274,668.6,1645.4,2.199999999999818,1647.6,1645.5,7.5,1655.1,,,53.4,16.4,0.0,0.0,0.0,523.75,2.0,3.2,3.1,2.9509,0.3619,0.0,0.0039,0.0,0.0,0.0,0.0,0.0,0.0,0.0,0.0,0.2152,0.0,0.0,0.0,0.0,0.0787,0.0894,0.0951,0.0403,0.0195,0.0041,0.0036,0.79,9.08,3.05,37.5,22.39,0,MOD-00632,2025-04-15T01:42:29,2025-04-14T18:42:29,https://api.quant-aq.com/v1/devices/MOD-00632/data/raw/363285843
0,641.2,35.89999999999998,677.1,1245.0,669.2,-0.10000000000002274,669.1,1645.5,2.2000000000000455,1647.7,1645.7,7.599999999999909,1655.3,,,53.1,16.4,0.0,0.0,0.0,525.25,2.1,3.6,3.2,3.3761,0.411,0.0077,0.0,0.0,0.0,0.0,0.0,0.0,0.0,0.0,0.0,0.2974,0.0,0.0,0.0,0.0,0.074,0.0895,0.0505,0.0275,0.0158,0.0117,0.004,0.87,10.12,2.64,37.3,22.45,0,MOD-00632,2025-04-15T01:41:29,2025-04-14T18:41:29,https://api.quant-aq.com/v1/devices/MOD-00632/data/raw/363285841
0,641.1,36.60000000000002,677.7,1245.3,668.8,-0.2999999999999545,668.5,1645.5,2.099999999999909,1647.6,1645.2,7.7000000000000455,1655.3,,,52.7,16.5,0.0,0.0,0.0,638.75,3.1,5.2,4.5,2.9364,0.3416,0.0,0.0,0.0,0.0,0.0,0.0,0.0,0.0,0.0,0.0,0.2341,0.0,0.0,0.0,0.0,0.0766,0.0951,0.0552,0.022,0.011,0.0146,0.0037,0.77,6.62,2.45,37.15,22.49,0,MOD-00632,2025-04-15T01:40:29,2025-04-14T18:40:29,https://api.quant-aq.com/v1/devices/MOD-00632/data/raw/363283558
0,641.4,36.39999999999998,677.8,1244.6,669.2,0.09999999999990905,669.3,1645.4,2.099999999999909,1647.5,1645.7,7.7999999999999545,1655.3,,,52.6,16.5,0.0,0.0,0.0,449.0,1.9,3.8,2.7,3.157,0.3367,0.0,0.0,0.0,0.0,0.0,0.0,0.0,0.0,0.0,0.0,0.2158,0.0,0.0,0.0,0.0,0.1398,0.1252,0.0606,0.0304,0.0113,0.0189,0.0038,0.87,7.97,2.98,37.02,22.55,0,MOD-00632,2025-04-15T01:39:29,2025-04-14T18:39:29,https://api.quant-aq.com/v1/devices/MOD-00632/data/raw/363283557
0,642.3,35.60000000000002,677.9,1244.7,668.8,0.10000000000002274,668.9,1645.6,2.1000000000001364,1647.7,1645.5,7.7000000000000455,1655.4,,,52.4,16.6,0.0,0.0,0.0,464.75,1.8,2.8,2.5,2.8021,0.4438,0.0039,0.0,0.0,0.0,0.0,0.0,0.0,0.0,0.0,0.0,0.2501,0.0,0.0,0.0,0.0,0.0545,0.0998,0.0622,0.0152,0.0158,0.0039,0.0041,0.78,7.06,2.4,37.04,22.58,0,MOD-00632,2025-04-15T01:38:29,2025-04-14T18:38:29,https://api.quant-aq.com/v1/devices/MOD-00632/data/raw/363283556
0,640.8,37.60000000000002,678.4,1242.7,669.5,0.0,669.5,1645.6,2.0,1647.6,1645.4,7.800000000000182,1655.4,,,52.2,16.6,0.0,0.0,0.0,495.0,1.9,3.0,2.7,3.1846,0.4335,0.0038,0.0,0.0,0.0,0.0,0.0,0.0,0.0,0.0,0.0,0.2554,0.0,0.0,0.0,0.0,0.0829,0.1474,0.068,0.0447,0.0114,0.0113,0.0113,0.9,11.08,3.25,36.87,22.59,0,MOD-00632,2025-04-15T01:37:29,2025-04-14T18:37:29,https://api.quant-aq.com/v1/devices/MOD-00632/data/raw/363283555
0,640.6,36.799999999999955,677.4,1239.8,669.4,0.0,669.4,1645.6,1.800000000000182,1647.4,1645.7,7.699999999999818,1655.1,,,51.9,16.7,0.0,0.0,0.0,562.75,2.0,3.3,3.2,2.9968,0.3134,0.0,0.0,0.0,0.0,0.0,0.0,0.0,0.0,0.0,0.0,0.2159,0.0,0.0,0.0,0.0,0.0828,0.0986,0.0455,0.0227,0.0075,0.0113,0.0038,0.76,5.86,2.31,36.72,22.62,0,MOD-00632,2025-04-15T01:36:29,2025-04-14T18:36:29,https://api.quant-aq.com/v1/devices/MOD-00632/data/raw/363281291
0,640.1,36.89999999999998,677.0,1248.7,669.5,-0.10000000000002274,669.4,1645.5,2.0,1647.5,1645.5,7.599999999999909,1655.1,,,51.9,16.7,0.0,0.0,0.0,513.25,2.1,3.2,2.9,3.3688,0.3819,0.0,0.0,0.0,0.0,0.0,0.0,0.0,0.0,0.0,0.0,0.2247,0.0,0.0,0.0,0.0,0.0977,0.0557,0.0786,0.0235,0.0119,0.0116,0.0,0.82,5.51,2.56,36.79,22.64,0,MOD-00632,2025-04-15T01:35:29,2025-04-14T18:35:29,https://api.quant-aq.com/v1/devices/MOD-00632/data/raw/363281294
0,641.2,36.19999999999993,677.4,1247.9,669.5,-0.10000000000002274,669.4,1645.6,2.2000000000000455,1647.8,1645.7,7.5,1655.3,,,52.2,16.7,0.0,0.0,0.0,442.5,1.3,2.7,2.4,3.0171,0.3448,0.0,0.0,0.0,0.0,0.0,0.0,0.0,0.0,0.0,0.0,0.2322,0.0,0.0,0.0,0.0,0.081,0.1304,0.0813,0.0368,0.0121,0.0042,0.0,0.83,5.2,2.98,36.82,22.67,0,MOD-00632,2025-04-15T01:34:29,2025-04-14T18:34:29,https://api.quant-aq.com/v1/devices/MOD-00632/data/raw/363281292
0,640.3,37.40000000000009,677.7,1248.5,669.3,-0.09999999999990905,669.2,1645.5,2.2000000000000455,1647.7,1645.8,7.599999999999909,1655.3,,,51.9,16.8,0.0,0.0,0.0,517.5,2.0,3.5,3.2,3.3019,0.3999,0.0038,0.0039,0.0,0.0,0.0,0.0,0.0,0.0,0.0,0.0,0.2142,0.0,0.0,0.0,0.0,0.0744,0.1007,0.0859,0.016,0.0077,0.019,0.0,0.84,10.33,2.71,36.66,22.67,0,MOD-00632,2025-04-15T01:33:29,2025-04-14T18:33:29,https://api.quant-aq.com/v1/devices/MOD-00632/data/raw/363281293
0,640.9,37.80000000000007,678.7,1248.0,669.1,0.1999999999999318,669.3,1645.4,2.3999999999998636,1647.8,1645.9,7.5,1655.3,,,51.8,16.8,0.0,0.0,0.0,523.0,2.0,3.3,3.3,3.035,0.3349,0.0,0.0,0.0,0.0,0.0,0.0,0.0,0.0,0.0,0.0,0.193,0.0,0.0,0.0,0.0,0.0788,0.1047,0.0594,0.0301,0.0037,0.0074,0.0,0.77,4.43,2.43,36.51,22.71,0,MOD-00632,2025-04-15T01:32:29,2025-04-14T18:32:29,https://api.quant-aq.com/v1/devices/MOD-00632/data/raw/363278990
0,641.0,37.5,678.5,1248.3,669.9,0.5,670.4,1645.4,2.199999999999818,1647.6,1646.0,7.800000000000182,1655.4,,,51.4,16.8,0.0,0.0,0.0,610.25,2.6,4.8,3.8,2.9497,0.3133,0.0,0.0,0.0,0.0,0.0,0.0,0.0,0.0,0.0,0.0,0.2001,0.0,0.0,0.0,0.0,0.1019,0.1265,0.0801,0.0153,0.0077,0.015,0.0038,0.81,6.82,2.74,36.4,22.76,0,MOD-00632,2025-04-15T01:31:29,2025-04-14T18:31:29,https://api.quant-aq.com/v1/devices/MOD-00632/data/raw/363278988
0,640.0,38.60000000000002,678.6,1247.9,669.4,-0.10000000000002274,669.3,1645.4,2.099999999999909,1647.5,1645.7,8.0,1655.5,,,51.3,16.8,0.0,0.0,0.0,536.25,2.3,3.5,3.0,2.7322,0.371,0.0,0.0,0.0,0.0,0.0,0.0,0.0,0.0,0.0,0.0,0.2313,0.0,0.0,0.0,0.0,0.1008,0.0854,0.0691,0.0191,0.0193,0.0,0.0,0.78,4.16,2.49,36.28,22.77,0,MOD-00632,2025-04-15T01:30:29,2025-04-14T18:30:29,https://api.quant-aq.com/v1/devices/MOD-00632/data/raw/363278987
0,639.7,37.89999999999998,677.6,1246.1,669.4,0.0,669.4,1645.6,1.900000000000091,1647.5,1645.8,7.7999999999999545,1655.3,,,51.0,16.9,0.0,0.0,0.0,555.5,2.3,3.4,3.4,3.0603,0.4454,0.0,0.0,0.0,0.0,0.0,0.0,0.0,0.0,0.0,0.0,0.1909,0.0,0.0,0.0,0.0,0.097,0.1119,0.0903,0.0449,0.0075,0.0074,0.0037,0.85,6.66,3.11,36.16,22.8,0,MOD-00632,2025-04-15T01:29:29,2025-04-14T18:29:29,https://api.quant-aq.com/v1/devices/MOD-00632/data/raw/363278989
0,639.6,37.60000000000002,677.2,1251.4,669.4,0.39999999999997726,669.8,1645.7,1.7000000000000455,1647.4,1645.8,7.7999999999999545,1655.2,,,50.8,16.9,0.0,0.0,0.0,566.0,2.3,3.7,3.3,3.2714,0.3882,0.0,0.0,0.0,0.0,0.0,0.0,0.0,0.0,0.0,0.0,0.2204,0.0,0.0,0.0,0.0,0.094,0.0862,0.071,0.0233,0.0039,0.0156,0.0,0.83,5.59,2.55,36.11,22.8,0,MOD-00632,2025-04-15T01:28:29,2025-04-14T18:28:29,https://api.quant-aq.com/v1/devices/MOD-00632/data/raw/363276667
0,639.7,37.09999999999991,676.8,1248.0,670.0,0.20000000000004547,670.2,1645.2,2.2999999999999545,1647.5,1645.7,7.7000000000000455,1655.2,,,51.0,16.9,0.0,0.0,0.0,419.0,1.1,2.3,2.3,3.2644,0.425,0.0,0.0,0.0,0.0,0.0,0.0,0.0,0.0,0.0,0.0,0.2075,0.0,0.0,0.0,0.0,0.0751,0.1236,0.0758,0.0238,0.0,0.012,0.0,0.85,5.04,2.65,36.19,22.82,0,MOD-00632,2025-04-15T01:27:29,2025-04-14T18:27:29,https://api.quant-aq.com/v1/devices/MOD-00632/data/raw/363276666
0,641.0,36.0,677.0,1248.4,668.7,-0.10000000000002274,668.6,1645.5,2.099999999999909,1647.6,1645.8,7.5,1655.1,,,51.1,16.9,0.0,0.0,0.0,427.75,1.8,2.4,2.4,3.2012,0.4032,0.0,0.0,0.0,0.0,0.0,0.0,0.0,0.0,0.0,0.0,0.1978,0.0,0.0,0.0,0.0,0.0526,0.0483,0.0562,0.0446,0.0168,0.0122,0.0079,0.74,8.2,2.56,36.22,22.82,0,MOD-00632,2025-04-15T01:26:29,2025-04-14T18:26:29,https://api.quant-aq.com/v1/devices/MOD-00632/data/raw/363276664
0,638.8,36.60000000000002,675.4,1251.2,669.3,0.20000000000004547,669.5,1645.3,2.2000000000000455,1647.5,1645.6,7.599999999999909,1655.1,,,50.9,16.9,0.0,0.0,0.0,600.0,2.6,4.2,4.0,3.2541,0.3671,0.0,0.0,0.0,0.0,0.0,0.0,0.0,0.0,0.0,0.0,0.2226,0.0,0.0,0.0,0.0,0.0662,0.1012,0.0781,0.0507,0.0234,0.0078,0.0,0.82,6.68,3.17,36.05,22.86,0,MOD-00632,2025-04-15T01:25:29,2025-04-14T18:25:29,https://api.quant-aq.com/v1/devices/MOD-00632/data/raw/363276665
0,637.3,37.30000000000007,674.6,1248.5,669.2,0.1999999999999318,669.4,1645.3,2.1000000000001364,1647.4,1645.4,7.199999999999818,1654.6,,,50.9,17.0,0.0,0.0,0.0,534.75,2.1,3.8,3.0,3.0583,0.3249,0.004,0.0,0.0,0.0,0.0,0.0,0.0,0.0,0.0,0.0,0.1665,0.0,0.0,0.0,0.0,0.0915,0.0913,0.0316,0.0236,0.0079,0.008,0.0041,0.73,6.98,2.12,35.98,22.9,0,MOD-00632,2025-04-15T01:24:29,2025-04-14T18:24:29,https://api.quant-aq.com/v1/devices/MOD-00632/data/raw/363274215
0,639.1,35.60000000000002,674.7,1244.8,669.8,0.10000000000002274,669.9,1645.3,2.2999999999999545,1647.6,1645.6,7.400000000000091,1655.0,,,50.8,17.0,0.0,0.0,0.0,489.0,2.0,3.3,2.8,3.1156,0.3017,0.0,0.0,0.0,0.0,0.0,0.0,0.0,0.0,0.0,0.0,0.2037,0.0,0.0,0.0,0.0,0.0313,0.0782,0.0468,0.0314,0.0158,0.0079,0.0,0.7,4.93,2.26,35.83,22.9,0,MOD-00632,2025-04-15T01:23:29,2025-04-14T18:23:29,https://api.quant-aq.com/v1/devices/MOD-00632/data/raw/363274214
0,639.2,35.19999999999993,674.4,1250.0,669.7,-0.10000000000002274,669.6,1645.3,2.2000000000000455,1647.5,1645.3,7.2999999999999545,1654.8,,,50.4,17.0,0.0,0.0,0.0,507.5,2.2,3.7,3.2,2.8236,0.3044,0.0,0.0,0.0,0.0,0.0,0.0,0.0,0.0,0.0,0.0,0.1489,0.0,0.0,0.0,0.0,0.0608,0.0647,0.061,0.0382,0.0,0.0,0.0037,0.66,4.04,2.13,35.52,22.91,0,MOD-00632,2025-04-15T01:22:29,2025-04-14T18:22:29,https://api.quant-aq.com/v1/devices/MOD-00632/data/raw/363274213
0,640.2,33.799999999999955,674.0,1248.1,669.3,0.10000000000002274,669.4,1645.2,2.099999999999909,1647.3,1645.2,7.2000000000000455,1654.5,,,49.8,17.0,0.0,0.0,0.0,499.5,2.2,4.0,3.0,3.1482,0.3145,0.0,0.0,0.0,0.0,0.0,0.0,0.0,0.0,0.0,0.0,0.237,0.0,0.0,0.0,0.0,0.0667,0.074,0.0555,0.0148,0.0109,0.0147,0.0037,0.76,6.29,2.25,35.21,22.97,0,MOD-00632,2025-04-15T01:21:29,2025-04-14T18:21:29,https://api.quant-aq.com/v1/devices/MOD-00632/data/raw/363274212
0,639.8,34.700000000000045,674.5,1245.7,670.3,0.3000000000000682,670.6,1645.3,1.900000000000091,1647.2,1645.3,7.2000000000000455,1654.4,,,49.6,17.0,0.0,0.0,0.0,480.75,2.1,2.7,2.7,2.5843,0.3175,0.0,0.0,0.0,0.0,0.0,0.0,0.0,0.0,0.0,0.0,0.1795,0.0,0.0,0.0,0.0,0.0395,0.0686,0.0616,0.0178,0.0037,0.0109,0.0037,0.63,5.2,1.99,35.13,23.03,0,MOD-00632,2025-04-15T01:20:29,2025-04-14T18:20:29,https://api.quant-aq.com/v1/devices/MOD-00632/data/raw/363271845
0,640.1,35.5,675.6,1243.6,669.0,0.20000000000004547,669.2,1645.0,2.2000000000000455,1647.2,1645.2,7.2999999999999545,1654.5,,,49.5,17.0,0.0,0.0,0.0,463.5,1.9,2.2,2.1,2.9683,0.2767,0.0,0.0,0.0,0.0,0.0,0.0,0.0,0.0,0.0,0.0,0.1637,0.0,0.0,0.0,0.0,0.0655,0.0728,0.0544,0.029,0.011,0.0072,0.0073,0.68,6.49,2.26,34.96,23.04,0,MOD-00632,2025-04-15T01:19:29,2025-04-14T18:19:29,https://api.quant-aq.com/v1/devices/MOD-00632/data/raw/363271844
0,639.1,38.799999999999955,677.9,1244.3,669.6,-0.10000000000002274,669.5,1645.4,2.099999999999909,1647.5,1645.3,7.2000000000000455,1654.7,,,49.5,17.1,0.0,0.0,0.0,493.25,1.8,3.1,2.8,2.5761,0.3429,0.0,0.0,0.0,0.0,0.0,0.0,0.0,0.0,0.0,0.0,0.1854,0.0,0.0,0.0,0.0,0.0455,0.0832,0.0454,0.0416,0.0113,0.0189,0.0,0.66,6.51,2.43,34.89,23.08,0,MOD-00632,2025-04-15T01:18:29,2025-04-14T18:18:29,https://api.quant-aq.com/v1/devices/MOD-00632/data/raw/363271843
0,641.1,41.39999999999998,682.5,1247.2,669.6,0.10000000000002274,669.7,1645.4,2.0,1647.4,1645.3,7.199999999999818,1654.6,,,49.0,17.1,0.0,0.0,0.0,524.5,2.0,3.8,3.8,2.8612,0.2738,0.0,0.0,0.0,0.0,0.0,0.0,0.0,0.0,0.0,0.0,0.1702,0.0,0.0,0.0,0.0,0.0629,0.0519,0.0515,0.0221,0.0073,0.0,0.0036,0.65,3.83,1.88,34.57,23.11,0,MOD-00632,2025-04-15T01:17:29,2025-04-14T18:17:29,https://api.quant-aq.com/v1/devices/MOD-00632/data/raw/363271842
0,642.1,37.0,679.1,1242.1,670.4,0.20000000000004547,670.6,1645.1,1.900000000000091,1647.0,1645.2,7.599999999999909,1654.6,,,48.1,17.1,0.0,0.0,0.0,505.0,2.2,3.5,3.3,2.6595,0.2596,0.0,0.0,0.0,0.0,0.0,0.0,0.0,0.0,0.0,0.0,0.1597,0.0,0.0,0.0,0.0,0.0472,0.067,0.0645,0.0265,0.0068,0.0,0.0033,0.62,4.02,2.05,34.17,23.18,0,MOD-00632,2025-04-15T01:16:29,2025-04-14T18:16:29,https://api.quant-aq.com/v1/devices/MOD-00632/data/raw/363269514
0,641.1,33.69999999999993,674.8,1246.4,670.1,0.2999999999999545,670.4,1645.4,1.599999999999909,1647.0,1645.4,7.400000000000091,1654.4,,,47.8,17.2,0.0,0.0,0.0,537.75,2.2,3.4,3.3,2.5008,0.2444,0.0,0.0,0.0,0.0,0.0,0.0,0.0,0.0,0.0,0.0,0.1538,0.0,0.0,0.0,0.0,0.0679,0.068,0.044,0.0335,0.0035,0.0068,0.0,0.61,3.87,1.99,34.0,23.22,0,MOD-00632,2025-04-15T01:15:29,2025-04-14T18:15:29,https://api.quant-aq.com/v1/devices/MOD-00632/data/raw/363269513
0,640.5,34.5,675.0,1253.1,669.7,0.5,670.2,1645.1,2.0,1647.1,1645.2,7.2000000000000455,1654.3,,,47.7,17.3,0.0,0.0,0.0,495.5,1.8,3.2,2.8,2.4462,0.3316,0.0,0.0,0.0,0.0,0.0,0.0,0.0,0.0,0.0,0.0,0.1357,0.0,0.0,0.0,0.0,0.0401,0.0802,0.0474,0.0147,0.0113,0.0075,0.0037,0.6,4.95,1.9,34.04,23.26,0,MOD-00632,2025-04-15T01:14:29,2025-04-14T18:14:29,https://api.quant-aq.com/v1/devices/MOD-00632/data/raw/363269512
0,639.1,34.5,673.6,1247.9,669.4,0.6000000000000227,670.0,1644.9,2.0,1646.9,1645.3,7.199999999999818,1654.1,,,47.3,17.3,0.0,0.0,0.0,580.5,2.2,4.1,3.3,2.9294,0.3577,0.0,0.0,0.0,0.0,0.0,0.0,0.0,0.0,0.0,0.0,0.1555,0.0,0.0,0.0,0.0,0.0775,0.0775,0.0968,0.0119,0.0118,0.0118,0.004,0.73,6.44,2.53,33.73,23.29,0,MOD-00632,2025-04-15T01:13:29,2025-04-14T18:13:29,https://api.quant-aq.com/v1/devices/MOD-00632/data/raw/363269515
0,638.4,35.700000000000045,674.1,1251.5,671.1,0.39999999999997726,671.5,1645.3,1.900000000000091,1647.2,1645.2,6.7999999999999545,1654.0,,,47.5,17.3,0.0,0.0,0.0,475.0,1.8,2.8,2.7,3.1674,0.3404,0.0,0.0,0.0,0.0,0.0,0.0,0.0,0.0,0.0,0.0,0.1436,0.0,0.0,0.0,0.0,0.0396,0.0676,0.0562,0.0241,0.012,0.0,0.0,0.68,3.35,2.05,33.75,23.33,0,MOD-00632,2025-04-15T01:12:29,2025-04-14T18:12:29,https://api.quant-aq.com/v1/devices/MOD-00632/data/raw/363267271
0,639.8,34.30000000000007,674.1,1249.1,669.8,0.6000000000000227,670.4,1645.0,2.0,1647.0,1645.2,7.0,1654.0,,,47.2,17.4,0.0,0.0,0.0,476.5,1.8,3.5,2.7,3.0186,0.3135,0.0,0.0,0.0,0.0,0.0,0.0,0.0,0.0,0.0,0.0,0.1255,0.0,0.0,0.0,0.0,0.0393,0.0585,0.0272,0.0236,0.0117,0.0039,0.0,0.62,3.41,1.72,33.53,23.36,0,MOD-00632,2025-04-15T01:11:29,2025-04-14T18:11:29,https://api.quant-aq.com/v1/devices/MOD-00632/data/raw/363267272
0,639.8,34.700000000000045,674.5,1247.4,670.2,0.39999999999997726,670.6,1645.3,1.900000000000091,1647.2,1645.3,6.899999999999864,1654.1,,,46.9,17.4,0.0,0.0,0.0,486.0,2.2,3.2,3.1,2.635,0.2874,0.0,0.0,0.0,0.0,0.0,0.0,0.0,0.0,0.0,0.0,0.1788,0.0,0.0,0.0,0.0,0.0507,0.054,0.0466,0.004,0.0117,0.0118,0.0,0.62,4.23,1.72,33.31,23.44,0,MOD-00632,2025-04-15T01:10:29,2025-04-14T18:10:29,https://api.quant-aq.com/v1/devices/MOD-00632/data/raw/363267273
0,640.6,33.10000000000002,673.7,1246.0,670.0,0.6000000000000227,670.6,1645.2,1.7000000000000455,1646.9,1645.2,6.899999999999864,1653.8,,,46.3,17.4,0.0,0.0,0.0,493.0,2.0,2.4,2.4,2.8916,0.3353,0.0,0.0,0.0,0.0,0.0,0.0,0.0,0.0,0.0,0.0,0.202,0.0,0.0,0.0,0.0,0.0422,0.0538,0.0305,0.015,0.0115,0.0114,0.0,0.66,4.31,1.76,33.01,23.48,0,MOD-00632,2025-04-15T01:09:29,2025-04-14T18:09:29,https://api.quant-aq.com/v1/devices/MOD-00632/data/raw/363267274
0,639.3,33.90000000000009,673.2,1251.0,670.2,0.2999999999999545,670.5,1645.2,1.599999999999909,1646.8,1644.9,7.100000000000136,1653.9,,,46.0,17.5,0.0,0.0,0.0,520.0,2.1,2.8,2.8,2.9913,0.2629,0.0,0.0,0.0,0.0,0.0,0.0,0.0,0.0,0.0,0.0,0.1666,0.0,0.0,0.0,0.0,0.0259,0.0407,0.059,0.0259,0.0185,0.0,0.0,0.62,3.67,2.0,32.73,23.53,0,MOD-00632,2025-04-15T01:08:29,2025-04-14T18:08:29,https://api.quant-aq.com/v1/devices/MOD-00632/data/raw/363264985
0,640.1,33.69999999999993,673.8,1245.7,669.8,0.900000000000091,670.7,1645.4,1.199999999999818,1646.6,1645.2,7.100000000000136,1653.7,,,45.6,17.5,0.0,0.0,0.0,432.0,1.8,2.4,2.4,2.726,0.2471,0.0038,0.0,0.0,0.0,0.0,0.0,0.0,0.0,0.0,0.0,0.1699,0.0,0.0,0.0,0.0,0.0442,0.0664,0.0405,0.0296,0.0185,0.0074,0.0,0.62,6.38,2.1,32.54,23.59,0,MOD-00632,2025-04-15T01:07:29,2025-04-14T18:07:29,https://api.quant-aq.com/v1/devices/MOD-00632/data/raw/363264983
0,641.2,32.69999999999993,673.9,1245.3,670.4,0.8999999999999773,671.3,1645.2,1.2999999999999545,1646.5,1645.1,7.2000000000000455,1653.7,,,45.5,17.6,0.0,0.0,0.0,483.0,1.9,2.7,2.7,2.4734,0.2111,0.0,0.0,0.0,0.0,0.0,0.0,0.0,0.0,0.0,0.0,0.164,0.0,0.0,0.0,0.0,0.0497,0.0604,0.032,0.0178,0.0107,0.0105,0.0,0.57,4.18,1.72,32.48,23.66,0,MOD-00632,2025-04-15T01:06:29,2025-04-14T18:06:29,https://api.quant-aq.com/v1/devices/MOD-00632/data/raw/363264984
0,640.1,34.39999999999998,674.5,1246.8,669.6,0.7999999999999545,670.4,1645.3,1.400000000000091,1646.7,1645.2,7.0,1653.7,,,45.8,17.6,0.0,0.0,0.0,505.5,2.3,3.2,3.2,2.6523,0.2528,0.0,0.0,0.0,0.0,0.0,0.0,0.0,0.0,0.0,0.0,0.1499,0.0,0.0,0.0,0.0,0.0502,0.0364,0.0506,0.0182,0.0035,0.011,0.0,0.58,3.89,1.7,32.5,23.71,0,MOD-00632,2025-04-15T01:05:29,2025-04-14T18:05:29,https://api.quant-aq.com/v1/devices/MOD-00632/data/raw/363264982
0,640.1,34.19999999999993,674.3,1247.4,670.1,0.7999999999999545,670.9,1645.1,1.6000000000001364,1646.7,1645.0,7.0,1653.7,,,45.7,17.7,0.0,0.0,0.0,540.0,2.2,2.9,2.9,2.7647,0.2706,0.0,0.0,0.0,0.0,0.0,0.0,0.0,0.0,0.0,0.0,0.1602,0.0,0.0,0.0,0.0,0.0422,0.0859,0.0501,0.0071,0.0143,0.0141,0.0,0.64,5.02,1.99,32.55,23.77,0,MOD-00632,2025-04-15T01:04:29,2025-04-14T18:04:29,https://api.quant-aq.com/v1/devices/MOD-00632/data/raw/363262674
0,640.3,34.200000000000045,674.5,1248.4,671.0,1.2000000000000455,672.2,1645.3,1.400000000000091,1646.7,1645.3,7.099999999999909,1653.8,,,45.6,17.7,0.0,0.0,0.0,582.5,2.1,3.2,2.8,2.8371,0.2521,0.0,0.0,0.0,0.0,0.0,0.0,0.0,0.0,0.0,0.0,0.1945,0.0,0.0,0.0,0.0,0.03,0.0535,0.0459,0.0267,0.0156,0.0152,0.0039,0.63,6.67,2.1,32.51,23.81,0,MOD-00632,2025-04-15T01:03:29,2025-04-14T18:03:29,https://api.quant-aq.com/v1/devices/MOD-00632/data/raw/363262673
0,641.0,34.200000000000045,675.2,1250.0,670.2,0.2999999999999545,670.5,1645.5,1.599999999999909,1647.1,1645.3,6.900000000000091,1654.0,,,46.0,17.8,0.0,0.0,0.0,525.5,1.6,3.1,2.9,2.6397,0.2687,0.0,0.0,0.0,0.0,0.0,0.0,0.0,0.0,0.0,0.0,0.1805,0.0,0.0,0.0,0.0,0.0421,0.0503,0.0309,0.0152,0.0116,0.0038,0.0038,0.6,4.16,1.62,32.67,23.85,0,MOD-00632,2025-04-15T01:02:29,2025-04-14T18:02:29,https://api.quant-aq.com/v1/devices/MOD-00632/data/raw/363262672
0,641.4,34.0,675.4,1249.9,670.6,0.6999999999999318,671.3,1645.3,1.6000000000001364,1646.9,1645.4,7.2999999999999545,1654.2,,,45.4,17.8,0.0,0.0,0.0,552.25,1.6,2.6,2.4,2.6667,0.2637,0.0,0.0,0.0,0.0,0.0,0.0,0.0,0.0,0.0,0.0,0.1225,0.0,0.0,0.0,0.0,0.0369,0.0814,0.0488,0.0257,0.0038,0.0036,0.0,0.59,3.25,1.89,32.32,23.91,0,MOD-00632,2025-04-15T01:01:29,2025-04-14T18:01:29,https://api.quant-aq.com/v1/devices/MOD-00632/data/raw/363262671
0,641.8,33.80000000000007,675.6,1249.0,670.2,0.6999999999999318,670.9,1645.5,1.2999999999999545,1646.8,1645.3,7.2999999999999545,1654.1,,,45.0,17.9,0.0,0.0,0.0,544.5,2.5,3.2,3.2,2.6648,0.2678,0.0,0.0,0.0,0.0,0.0,0.0,0.0,0.0,0.0,0.0,0.1772,0.0,0.0,0.0,0.0,0.0397,0.0653,0.0397,0.0288,0.0037,0.0,0.0,0.62,2.66,1.79,32.2,23.97,0,MOD-00632,2025-04-15T01:00:29,2025-04-14T18:00:29,https://api.quant-aq.com/v1/devices/MOD-00632/data/raw/363260401
0,641.0,34.39999999999998,675.4,1247.8,671.0,1.1000000000000227,672.1,1645.4,1.199999999999818,1646.6,1645.3,7.400000000000091,1654.0,,,44.8,18.0,0.0,0.0,0.0,538.75,2.2,3.1,3.1,2.6371,0.2758,0.0,0.0,0.0,0.0,0.0,0.0,0.0,0.0,0.0,0.0,0.1362,0.0,0.0,0.0,0.0,0.0539,0.0429,0.0394,0.0071,0.0036,0.018,0.0,0.58,4.48,1.55,32.07,24.01,0,MOD-00632,2025-04-15T00:59:29,2025-04-14T17:59:29,https://api.quant-aq.com/v1/devices/MOD-00632/data/raw/363260402
0,640.4,34.200000000000045,674.6,1251.3,670.4,0.7000000000000455,671.1,1645.7,1.0,1646.7,1645.5,7.5,1654.2,,,44.7,18.0,0.0,0.0,0.0,487.5,2.2,2.8,2.8,2.4491,0.2843,0.0,0.0,0.0,0.0,0.0,0.0,0.0,0.0,0.0,0.0,0.1477,0.0,0.0,0.0,0.0,0.0466,0.0536,0.0505,0.0107,0.0036,0.0036,0.0,0.57,2.68,1.59,32.05,24.05,0,MOD-00632,2025-04-15T00:58:29,2025-04-14T17:58:29,https://api.quant-aq.com/v1/devices/MOD-00632/data/raw/363260403
0,640.1,34.69999999999993,674.8,1252.3,671.0,1.0,672.0,1645.8,1.0,1646.8,1645.6,7.2999999999999545,1654.1,,,44.8,18.1,0.0,0.0,0.0,477.25,1.9,2.9,2.8,2.9888,0.2509,0.0,0.0,0.0,0.0,0.0,0.0,0.0,0.0,0.0,0.0,0.1409,0.0,0.0,0.0,0.0,0.0683,0.0494,0.0266,0.0152,0.0076,0.0038,0.0,0.63,2.88,1.56,31.99,24.08,0,MOD-00632,2025-04-15T00:57:29,2025-04-14T17:57:29,https://api.quant-aq.com/v1/devices/MOD-00632/data/raw/363260400
0,639.4,35.700000000000045,675.1,1255.0,671.5,1.2999999999999545,672.8,1645.4,1.199999999999818,1646.6,1645.7,7.400000000000091,1654.0,,,44.5,18.1,0.0,0.0,0.0,490.5,1.8,2.6,2.3,2.8066,0.2715,0.0,0.0,0.0,0.0,0.0,0.0,0.0,0.0,0.0,0.0,0.1883,0.0,0.0,0.0,0.0,0.0451,0.0338,0.0415,0.0264,0.0075,0.0,0.0,0.62,2.73,1.71,32.05,24.11,0,MOD-00632,2025-04-15T00:56:29,2025-04-14T17:56:29,https://api.quant-aq.com/v1/devices/MOD-00632/data/raw/363258096
0,638.7,36.799999999999955,675.5,1256.1,670.4,0.8999999999999773,671.3,1645.5,1.599999999999909,1647.1,1645.6,7.100000000000136,1654.2,,,45.1,18.1,0.0,0.0,0.0,526.25,2.7,3.7,3.7,2.8067,0.2572,0.0,0.0,0.0,0.0,0.0,0.0,0.0,0.0,0.0,0.0,0.1503,0.0,0.0,0.0,0.0,0.0348,0.0849,0.0231,0.0154,0.0156,0.0075,0.0,0.61,4.01,1.76,32.25,24.11,0,MOD-00632,2025-04-15T00:55:29,2025-04-14T17:55:29,https://api.quant-aq.com/v1/devices/MOD-00632/data/raw/363258095
0,639.0,36.10000000000002,675.1,1254.2,671.3,0.7000000000000455,672.0,1645.5,1.5,1647.0,1645.8,7.2999999999999545,1654.3,,,44.9,18.1,0.0,0.0,0.0,439.75,1.4,3.0,2.2,2.4501,0.2762,0.0,0.0,0.0,0.0,0.0,0.0,0.0,0.0,0.0,0.0,0.1562,0.0,0.0,0.0,0.0,0.0544,0.0766,0.0584,0.0219,0.0183,0.0,0.0,0.61,3.74,2.12,32.14,24.15,0,MOD-00632,2025-04-15T00:54:29,2025-04-14T17:54:29,https://api.quant-aq.com/v1/devices/MOD-00632/data/raw/363258094
0,638.9,35.10000000000002,674.0,1251.2,671.5,0.5,672.0,1645.8,1.1000000000001364,1646.9,1645.5,7.2999999999999545,1654.2,,,44.5,18.2,0.0,0.0,0.0,492.25,1.8,2.4,2.2,2.6732,0.3577,0.0,0.0038,0.0,0.0,0.0,0.0,0.0,0.0,0.0,0.0,0.1359,0.0,0.0,0.0,0.0,0.0333,0.0905,0.0366,0.0178,0.0109,0.0,0.0,0.63,5.16,1.81,31.9,24.16,0,MOD-00632,2025-04-15T00:53:29,2025-04-14T17:53:29,https://api.quant-aq.com/v1/devices/MOD-00632/data/raw/363258093
0,637.3,36.40000000000009,673.7,1249.8,670.0,1.0,671.0,1645.5,1.099999999999909,1646.6,1645.6,7.400000000000091,1654.0,,,44.1,18.2,0.0,0.0,0.0,505.25,1.8,3.2,3.2,2.7549,0.2655,0.0,0.0,0.0,0.0,0.0,0.0,0.0,0.0,0.0,0.0,0.1607,0.0,0.0,0.0,0.0,0.0689,0.0839,0.0186,0.0109,0.0073,0.0038,0.0,0.64,2.81,1.6,31.82,24.21,0,MOD-00632,2025-04-15T00:52:29,2025-04-14T17:52:29,https://api.quant-aq.com/v1/devices/MOD-00632/data/raw/363255824
0,637.7,36.59999999999991,674.3,1252.7,671.4,1.1000000000000227,672.5,1645.6,1.1000000000001364,1646.7,1645.8,7.2000000000000455,1653.9,,,44.5,18.2,0.0,0.0,0.0,492.0,2.0,2.9,2.7,2.7883,0.3393,0.0,0.0,0.0,0.0,0.0,0.0,0.0,0.0,0.0,0.0,0.188,0.0,0.0,0.0,0.0,0.056,0.0436,0.0514,0.0295,0.0039,0.0075,0.0036,0.66,4.88,1.98,31.86,24.22,0,MOD-00632,2025-04-15T00:51:29,2025-04-14T17:51:29,https://api.quant-aq.com/v1/devices/MOD-00632/data/raw/363255825
0,638.6,35.10000000000002,673.7,1254.7,670.5,0.7000000000000455,671.2,1645.4,1.3999999999998636,1646.8,1645.6,7.2999999999999545,1654.1,,,44.4,18.2,0.0,0.0,0.0,509.5,2.1,2.8,2.8,2.8819,0.2924,0.0,0.0,0.0,0.0,0.0,0.0,0.0,0.0,0.0,0.0,0.1368,0.0,0.0,0.0,0.0,0.0229,0.0612,0.0377,0.0,0.0,0.0077,0.0,0.59,2.57,1.34,31.87,24.22,0,MOD-00632,2025-04-15T00:50:29,2025-04-14T17:50:29,https://api.quant-aq.com/v1/devices/MOD-00632/data/raw/363255826
0,639.6,34.5,674.1,1252.9,671.5,0.8999999999999773,672.4,1645.4,1.3999999999998636,1646.8,1645.3,7.100000000000136,1653.9,,,44.4,18.3,0.0,0.0,0.0,531.5,1.8,3.2,2.8,2.5507,0.3128,0.0,0.0,0.0,0.0,0.0,0.0,0.0,0.0,0.0,0.0,0.1548,0.0,0.0,0.0,0.0,0.0258,0.0552,0.0371,0.0257,0.0073,0.0037,0.0036,0.58,4.18,1.72,31.81,24.23,0,MOD-00632,2025-04-15T00:49:29,2025-04-14T17:49:29,https://api.quant-aq.com/v1/devices/MOD-00632/data/raw/363255827
0,640.1,34.10000000000002,674.2,1252.4,671.1,0.8999999999999773,672.0,1645.3,1.2999999999999545,1646.6,1645.6,7.300000000000182,1653.9,,,44.1,18.3,0.0,0.0,0.0,495.0,1.8,2.8,2.6,2.7079,0.289,0.0,0.0,0.0,0.0,0.0,0.0,0.0,0.0,0.0,0.0,0.1341,0.0,0.0,0.0,0.0,0.0217,0.0541,0.0326,0.0143,0.0036,0.0036,0.0035,0.56,3.45,1.45,31.67,24.29,0,MOD-00632,2025-04-15T00:48:29,2025-04-14T17:48:29,https://api.quant-aq.com/v1/devices/MOD-00632/data/raw/363253556
0,639.0,35.0,674.0,1252.7,671.5,0.7999999999999545,672.3,1645.4,1.2999999999999545,1646.7,1645.6,7.099999999999909,1653.8,,,44.2,18.3,0.0,0.0,0.0,520.75,1.8,3.3,2.7,2.8585,0.2736,0.0,0.0,0.0,0.0,0.0,0.0,0.0,0.0,0.0,0.0,0.1444,0.0,0.0,0.0,0.0,0.09,0.079,0.0216,0.0219,0.0,0.0,0.0,0.66,2.16,1.66,31.62,24.29,0,MOD-00632,2025-04-15T00:47:29,2025-04-14T17:47:29,https://api.quant-aq.com/v1/devices/MOD-00632/data/raw/363253554
0,638.5,35.39999999999998,673.9,1254.2,671.4,1.0,672.4,1645.3,1.400000000000091,1646.7,1645.2,7.099999999999909,1653.8,,,43.8,18.3,0.0,0.0,0.0,523.25,2.0,3.6,3.2,2.5085,0.2619,0.0,0.0036,0.0,0.0,0.0,0.0,0.0,0.0,0.0,0.0,0.1681,0.0,0.0,0.0,0.0,0.0612,0.0503,0.0144,0.0035,0.0,0.007,0.0,0.58,4.46,1.18,31.38,24.29,0,MOD-00632,2025-04-15T00:46:29,2025-04-14T17:46:29,https://api.quant-aq.com/v1/devices/MOD-00632/data/raw/363253553
0,639.6,33.89999999999998,673.5,1252.1,671.0,0.8999999999999773,671.9,1645.1,1.300000000000182,1646.4,1645.5,7.199999999999818,1653.6,,,43.4,18.3,0.0,0.0,0.0,514.25,2.2,3.3,3.0,2.6927,0.2786,0.0,0.0,0.0,0.0,0.0,0.0,0.0,0.0,0.0,0.0,0.1714,0.0,0.0,0.0,0.0,0.0323,0.0465,0.0217,0.0324,0.0071,0.0035,0.0,0.59,3.15,1.64,31.23,24.32,0,MOD-00632,2025-04-15T00:45:29,2025-04-14T17:45:29,https://api.quant-aq.com/v1/devices/MOD-00632/data/raw/363253555
0,636.8,36.0,672.8,1255.5,671.1,1.1999999999999318,672.3,1645.2,0.7999999999999545,1646.0,1645.3,7.2000000000000455,1653.2,,,43.0,18.3,0.0,0.0,0.0,481.75,1.8,2.9,2.7,2.6662,0.284,0.0,0.0,0.0,0.0,0.0,0.0,0.0,0.0,0.0,0.0,0.1346,0.0,0.0,0.0,0.0,0.0292,0.0473,0.0145,0.0257,0.0038,0.0037,0.0037,0.55,3.6,1.41,31.01,24.33,0,MOD-00632,2025-04-15T00:44:29,2025-04-14T17:44:29,https://api.quant-aq.com/v1/devices/MOD-00632/data/raw/363251204
0,637.4,36.0,673.4,1254.5,671.6,1.7999999999999545,673.4,1645.1,1.0,1646.1,1645.1,6.7000000000000455,1652.8,,,43.5,18.4,0.0,0.0,0.0,456.5,1.2,2.2,2.2,2.7258,0.302,0.0,0.0,0.0,0.0,0.0,0.0,0.0,0.0,0.0,0.0,0.1711,0.0,0.0,0.0,0.0,0.0624,0.0747,0.027,0.016,0.004,0.0121,0.0,0.65,4.0,1.74,31.3,24.37,0,MOD-00632,2025-04-15T00:43:29,2025-04-14T17:43:29,https://api.quant-aq.com/v1/devices/MOD-00632/data/raw/363251203
0,637.8,36.60000000000002,674.4,1253.1,670.5,1.0,671.5,1645.1,1.5,1646.6,1645.1,6.5,1653.1,,,44.1,18.4,0.0,0.0,0.0,436.0,1.2,1.8,1.8,2.6958,0.2813,0.0,0.0,0.0,0.0,0.0,0.0,0.0,0.0,0.0,0.0,0.186,0.0,0.0,0.0,0.0,0.0356,0.0672,0.0435,0.0158,0.004,0.0,0.0,0.63,2.36,1.67,31.54,24.42,0,MOD-00632,2025-04-15T00:42:29,2025-04-14T17:42:29,https://api.quant-aq.com/v1/devices/MOD-00632/data/raw/363251201
0,639.1,34.799999999999955,673.9,1252.4,670.9,0.8000000000000682,671.7,1645.1,1.300000000000182,1646.4,1645.1,6.699999999999818,1653.1,,,43.9,18.4,0.0,0.0,0.0,500.5,2.2,3.7,3.2,2.8296,0.2878,0.0,0.0,0.0,0.0,0.0,0.0,0.0,0.0,0.0,0.0,0.2071,0.0,0.0,0.0,0.0,0.0577,0.042,0.035,0.0115,0.0039,0.0038,0.0,0.65,2.61,1.54,31.32,24.42,0,MOD-00632,2025-04-15T00:41:29,2025-04-14T17:41:29,https://api.quant-aq.com/v1/devices/MOD-00632/data/raw/363251202
0,638.5,34.799999999999955,673.3,1250.4,671.6,1.2999999999999545,672.9,1645.1,1.1000000000001364,1646.2,1644.8,6.399999999999864,1652.6,,,43.4,18.4,0.0,0.0,0.0,528.25,2.2,3.1,3.1,3.0568,0.3095,0.0,0.0,0.0,0.0,0.0,0.0,0.0,0.0,0.0,0.0,0.1683,0.0,0.0,0.0,0.0,0.0231,0.0382,0.038,0.0228,0.0039,0.0077,0.0,0.62,3.44,1.64,31.05,24.49,0,MOD-00632,2025-04-15T00:40:29,2025-04-14T17:40:29,https://api.quant-aq.com/v1/devices/MOD-00632/data/raw/363248926
0,639.2,34.799999999999955,674.0,1251.1,670.9,1.0,671.9,1645.2,1.099999999999909,1646.3,1644.8,6.400000000000091,1652.7,,,43.6,18.4,0.0,0.0,0.0,517.0,1.9,3.1,2.8,2.7868,0.2915,0.0,0.0,0.0,0.0,0.0,0.0,0.0,0.0,0.0,0.0,0.1756,0.0,0.0,0.0,0.0,0.0409,0.0448,0.0336,0.0186,0.0075,0.0038,0.0038,0.61,4.01,1.62,31.07,24.54,0,MOD-00632,2025-04-15T00:39:29,2025-04-14T17:39:29,https://api.quant-aq.com/v1/devices/MOD-00632/data/raw/363248927
0,640.2,33.19999999999993,673.4,1251.7,671.1,0.6000000000000227,671.7,1644.9,1.2999999999999545,1646.2,1645.0,6.7999999999999545,1653.0,,,43.4,18.5,0.0,0.0,0.0,540.0,2.0,3.2,2.8,2.5256,0.2936,0.0,0.0,0.0,0.0,0.0,0.0,0.0,0.0,0.0,0.0,0.1565,0.0,0.0,0.0,0.0,0.0398,0.0466,0.022,0.0,0.0037,0.0074,0.0035,0.56,3.45,1.21,30.89,24.59,0,MOD-00632,2025-04-15T00:38:29,2025-04-14T17:38:29,https://api.quant-aq.com/v1/devices/MOD-00632/data/raw/363248928
0,638.1,34.0,672.1,1251.9,671.4,0.8999999999999773,672.3,1645.1,1.0,1646.1,1644.9,6.7000000000000455,1652.8,,,42.9,18.5,0.0,0.0,0.0,642.25,2.2,2.8,2.8,2.7725,0.2384,0.0,0.0,0.0,0.0,0.0,0.0,0.0,0.0,0.0,0.0,0.1767,0.0,0.0,0.0,0.0,0.0428,0.0359,0.0326,0.0249,0.007,0.0035,0.0,0.59,3.03,1.61,30.67,24.67,0,MOD-00632,2025-04-15T00:37:29,2025-04-14T17:37:29,https://api.quant-aq.com/v1/devices/MOD-00632/data/raw/363248925
0,638.7,33.69999999999993,672.4,1252.2,671.0,1.7000000000000455,672.7,1645.1,0.8000000000001819,1645.9,1644.7,6.399999999999864,1652.3,,,42.6,18.6,0.0,0.0,0.0,577.75,2.3,3.8,3.3,2.4781,0.2161,0.0,0.0,0.0,0.0,0.0,0.0,0.0,0.0,0.0,0.0,0.1313,0.0,0.0,0.0,0.0,0.0458,0.0424,0.0422,0.021,0.0,0.0035,0.0,0.54,2.53,1.51,30.51,24.7,0,MOD-00632,2025-04-15T00:36:29,2025-04-14T17:36:29,https://api.quant-aq.com/v1/devices/MOD-00632/data/raw/363246667
0,639.4,33.200000000000045,672.6,1253.1,671.2,1.0,672.2,1645.4,0.7999999999999545,1646.2,1644.9,6.5,1652.7,,,42.7,18.7,0.0,0.0,0.0,484.0,2.1,2.9,2.7,2.8187,0.3474,0.0,0.0037,0.0,0.0,0.0,0.0,0.0,0.0,0.0,0.0,0.1252,0.0,0.0,0.0,0.0,0.0414,0.0567,0.0337,0.0226,0.0111,0.0,0.0,0.61,5.09,1.7,30.49,24.78,0,MOD-00632,2025-04-15T00:35:29,2025-04-14T17:35:29,https://api.quant-aq.com/v1/devices/MOD-00632/data/raw/363246669
0,639.7,33.19999999999993,672.9,1248.7,672.1,1.0,673.1,1645.1,0.900000000000091,1646.0,1644.9,6.400000000000091,1652.4,,,42.5,18.7,0.0,0.0,0.0,546.0,1.9,3.2,3.2,2.637,0.3018,0.0,0.0,0.0,0.0,0.0,0.0,0.0,0.0,0.0,0.0,0.1242,0.0,0.0,0.0,0.0,0.0887,0.0545,0.0154,0.0078,0.0076,0.0,0.0037,0.6,2.98,1.38,30.34,24.85,0,MOD-00632,2025-04-15T00:34:29,2025-04-14T17:34:29,https://api.quant-aq.com/v1/devices/MOD-00632/data/raw/363246670
0,639.6,33.10000000000002,672.7,1252.0,671.7,1.599999999999909,673.3,1645.2,0.7000000000000455,1645.9,1644.8,6.599999999999909,1652.5,,,42.1,18.8,0.0,0.0,0.0,542.0,2.0,3.2,2.6,2.8889,0.3114,0.0,0.0,0.0,0.0,0.0,0.0,0.0,0.0,0.0,0.0,0.136,0.0,0.0,0.0,0.0,0.0617,0.0502,0.0231,0.0118,0.0,0.0,0.0,0.62,1.65,1.33,30.18,24.91,0,MOD-00632,2025-04-15T00:33:29,2025-04-14T17:33:29,https://api.quant-aq.com/v1/devices/MOD-00632/data/raw/363246668
0,640.4,33.0,673.4,1252.1,671.5,1.7000000000000455,673.2,1645.3,0.7000000000000455,1646.0,1645.0,6.599999999999909,1652.6,,,42.2,18.9,0.0,0.0,0.0,444.75,1.5,2.2,2.2,3.012,0.2934,0.0,0.0,0.0,0.0,0.0,0.0,0.0,0.0,0.0,0.0,0.1386,0.0,0.0,0.0,0.0,0.0245,0.0612,0.0161,0.0245,0.004,0.004,0.0041,0.6,3.88,1.53,30.33,24.99,0,MOD-00632,2025-04-15T00:32:29,2025-04-14T17:32:29,https://api.quant-aq.com/v1/devices/MOD-00632/data/raw/363244386
0,641.4,33.10000000000002,674.5,1248.6,671.7,1.1999999999999318,672.9,1645.4,1.0,1646.4,1645.1,6.399999999999864,1652.8,,,42.7,18.9,0.0,0.0,0.0,548.5,2.6,3.8,3.8,3.2032,0.2492,0.0,0.0,0.0,0.0,0.0,0.0,0.0,0.0,0.0,0.0,0.1071,0.0,0.0,0.0,0.0,0.0475,0.0474,0.0276,0.0198,0.0119,0.0,0.0,0.61,2.69,1.58,30.57,25.05,0,MOD-00632,2025-04-15T00:31:29,2025-04-14T17:31:29,https://api.quant-aq.com/v1/devices/MOD-00632/data/raw/363244384
0,641.3,34.90000000000009,676.2,1253.7,671.7,1.1999999999999318,672.9,1645.7,0.7000000000000455,1646.4,1645.2,6.699999999999818,1653.1,,,42.8,19.0,0.0,0.0,0.0,480.75,2.0,2.5,2.4,2.8495,0.3104,0.0,0.0,0.0,0.0,0.0,0.0,0.0,0.0,0.0,0.0,0.1985,0.0,0.0,0.0,0.0,0.0344,0.0495,0.0346,0.0306,0.0039,0.0,0.0,0.64,2.62,1.73,30.6,25.09,0,MOD-00632,2025-04-15T00:30:29,2025-04-14T17:30:29,https://api.quant-aq.com/v1/devices/MOD-00632/data/raw/363244385
0,638.7,36.09999999999991,674.8,1251.3,672.3,1.400000000000091,673.7,1645.6,0.6000000000001364,1646.2,1645.5,7.0,1653.2,,,42.0,19.1,0.0,0.0,0.0,563.0,2.2,4.1,3.2,2.7429,0.2884,0.0,0.0,0.0038,0.0,0.0,0.0,0.0,0.0,0.0,0.0,0.1498,0.0,0.0,0.0,0.0,0.0375,0.0415,0.03,0.0261,0.0111,0.0,0.0075,0.58,7.51,1.67,30.29,25.19,0,MOD-00632,2025-04-15T00:29:29,2025-04-14T17:29:29,https://api.quant-aq.com/v1/devices/MOD-00632/data/raw/363244383
0,641.5,34.10000000000002,675.6,1257.3,671.7,1.6999999999999318,673.4,1645.7,0.599999999999909,1646.3,1645.4,6.7999999999999545,1653.1,,,42.5,19.2,0.0,0.0,0.0,546.5,2.2,3.6,3.2,2.8004,0.2637,0.0,0.0,0.0,0.0,0.0,0.0,0.0,0.0,0.0,0.0,0.1522,0.0,0.0,0.0,0.0,0.0333,0.0445,0.041,0.0225,0.0112,0.0,0.0,0.59,2.85,1.69,30.61,25.22,0,MOD-00632,2025-04-15T00:28:29,2025-04-14T17:28:29,https://api.quant-aq.com/v1/devices/MOD-00632/data/raw/363242085
0,638.8,36.700000000000045,675.5,1254.9,672.8,1.2000000000000455,674.0,1645.5,1.0,1646.5,1645.7,6.7999999999999545,1653.3,,,42.7,19.3,0.0,0.0,0.0,592.75,2.3,4.2,3.6,2.8895,0.2882,0.0,0.0,0.0,0.0,0.0,0.0,0.0,0.0,0.0,0.0,0.1235,0.0,0.0,0.0,0.0,0.0373,0.0411,0.0447,0.0112,0.0188,0.0075,0.0,0.59,4.14,1.73,30.61,25.26,0,MOD-00632,2025-04-15T00:27:29,2025-04-14T17:27:29,https://api.quant-aq.com/v1/devices/MOD-00632/data/raw/363242083
0,637.4,37.10000000000002,674.5,1259.4,672.3,1.6000000000000227,673.9,1645.7,0.599999999999909,1646.3,1645.7,6.900000000000091,1653.2,,,42.4,19.3,0.0,0.0,0.0,660.0,2.8,4.4,3.5,2.6735,0.2379,0.0,0.0,0.0,0.0,0.0,0.0,0.0,0.0,0.0,0.0,0.1202,0.0,0.0,0.0,0.0,0.0599,0.0357,0.0457,0.0282,0.0108,0.0,0.0,0.57,3.02,1.77,30.66,25.32,0,MOD-00632,2025-04-15T00:26:29,2025-04-14T17:26:29,https://api.quant-aq.com/v1/devices/MOD-00632/data/raw/363242082
0,637.4,36.39999999999998,673.8,1261.7,672.6,1.2999999999999545,673.9,1645.4,1.099999999999909,1646.5,1646.0,6.7999999999999545,1653.3,,,42.8,19.4,0.0,0.0,0.0,562.75,2.6,3.5,3.4,2.7594,0.2183,0.0,0.0,0.0,0.0,0.0,0.0,0.0,0.0,0.0,0.0,0.1335,0.0,0.0,0.0,0.0,0.033,0.0481,0.0405,0.0185,0.0,0.0,0.0,0.56,1.95,1.46,30.95,25.36,0,MOD-00632,2025-04-15T00:25:29,2025-04-14T17:25:29,https://api.quant-aq.com/v1/devices/MOD-00632/data/raw/363242084
0,635.1,37.89999999999998,673.0,1260.4,672.0,1.8999999999999773,673.9,1645.5,0.7000000000000455,1646.2,1645.8,6.7000000000000455,1652.9,,,42.9,19.4,0.0,0.0,0.0,558.5,2.5,3.5,3.1,2.8653,0.2586,0.0,0.0,0.0,0.0,0.0,0.0,0.0,0.0,0.0,0.0,0.1438,0.0,0.0,0.0,0.0,0.0234,0.0577,0.019,0.0116,0.0081,0.0078,0.0,0.58,3.2,1.41,31.06,25.34,0,MOD-00632,2025-04-15T00:24:29,2025-04-14T17:24:29,https://api.quant-aq.com/v1/devices/MOD-00632/data/raw/363239823
0,637.4,35.60000000000002,673.0,1257.5,672.3,1.5,673.8,1645.5,1.2000000000000455,1646.7,1645.5,6.2999999999999545,1653.0,,,43.6,19.4,0.0,0.0,0.0,624.75,2.7,3.5,3.5,2.9904,0.2722,0.0,0.0,0.0,0.0,0.0,0.0,0.0,0.0,0.0,0.0,0.1648,0.0,0.0,0.0,0.0,0.0434,0.0631,0.0394,0.0158,0.0,0.0,0.0038,0.64,3.07,1.61,31.5,25.4,0,MOD-00632,2025-04-15T00:23:29,2025-04-14T17:23:29,https://api.quant-aq.com/v1/devices/MOD-00632/data/raw/363239822
0,635.7,36.09999999999991,671.8,1258.5,672.4,1.3999999999999773,673.8,1645.4,1.099999999999909,1646.5,1645.4,6.2999999999999545,1652.8,,,43.6,19.4,0.0,0.0,0.0,586.5,2.3,3.0,3.0,2.8066,0.2823,0.0,0.0039,0.0,0.0,0.0,0.0,0.0,0.0,0.0,0.0,0.1723,0.0,0.0,0.0,0.0,0.023,0.0611,0.0231,0.0076,0.0076,0.0038,0.0038,0.6,5.92,1.41,31.51,25.37,0,MOD-00632,2025-04-15T00:22:29,2025-04-14T17:22:29,https://api.quant-aq.com/v1/devices/MOD-00632/data/raw/363239820
0,636.4,35.39999999999998,671.8,1257.2,672.3,1.1000000000000227,673.4,1645.2,1.5,1646.7,1645.5,6.399999999999864,1653.1,,,44.1,19.4,0.0,0.0,0.0,516.0,2.1,3.5,3.0,2.8796,0.1956,0.0,0.0,0.0038,0.0,0.0,0.0,0.0,0.0,0.0,0.0,0.1573,0.0,0.0,0.0,0.0,0.0345,0.0385,0.0344,0.0152,0.0038,0.0039,0.0,0.57,5.3,1.43,31.69,25.4,0,MOD-00632,2025-04-15T00:21:29,2025-04-14T17:21:29,https://api.quant-aq.com/v1/devices/MOD-00632/data/raw/363239821
0,636.6,34.60000000000002,671.2,1255.3,672.6,1.3999999999999773,674.0,1645.4,1.3999999999998636,1646.8,1645.2,6.0,1652.8,,,44.4,19.4,0.0,0.0,0.0,618.75,2.5,3.6,3.3,2.954,0.3538,0.0,0.0,0.0,0.0,0.0,0.0,0.0,0.0,0.0,0.0,0.172,0.0,0.0,0.0,0.0,0.0377,0.0453,0.0449,0.0073,0.0188,0.0,0.0,0.65,3.04,1.71,31.62,25.46,0,MOD-00632,2025-04-15T00:20:29,2025-04-14T17:20:29,https://api.quant-aq.com/v1/devices/MOD-00632/data/raw/363237519
0,638.4,34.5,672.9,1257.2,672.1,1.3999999999999773,673.5,1645.1,1.6000000000001364,1646.7,1645.2,6.2000000000000455,1652.9,,,44.0,19.4,0.0,0.0,0.0,549.0,1.9,2.8,2.8,3.0715,0.2552,0.0,0.0,0.0,0.0,0.0,0.0,0.0,0.0,0.0,0.0,0.1271,0.0,0.0,0.0,0.0,0.0402,0.0508,0.0329,0.018,0.0036,0.0,0.0038,0.61,3.17,1.52,31.46,25.48,0,MOD-00632,2025-04-15T00:19:29,2025-04-14T17:19:29,https://api.quant-aq.com/v1/devices/MOD-00632/data/raw/363237520
0,640.7,33.0,673.7,1254.9,673.2,1.099999999999909,674.3,1645.3,1.2999999999999545,1646.6,1645.2,6.300000000000182,1652.9,,,44.2,19.4,0.0,0.0,0.0,573.25,2.4,3.8,3.3,2.7313,0.3048,0.0,0.0,0.0,0.0,0.0,0.0,0.0,0.0,0.0,0.0,0.1321,0.0,0.0,0.0,0.0,0.0328,0.0404,0.0185,0.022,0.0,0.0,0.0,0.56,1.75,1.28,31.54,25.53,0,MOD-00632,2025-04-15T00:18:29,2025-04-14T17:18:29,https://api.quant-aq.com/v1/devices/MOD-00632/data/raw/363237518
0,635.9,37.200000000000045,673.1,1256.7,673.4,1.3000000000000682,674.7,1645.4,1.0,1646.4,1645.1,6.399999999999864,1652.8,,,43.9,19.4,0.0,0.0,0.0,673.25,2.9,4.2,3.8,2.9198,0.2491,0.0,0.0,0.0,0.0,0.0,0.0,0.0,0.0,0.0,0.0,0.1491,0.0,0.0,0.0,0.0,0.0529,0.0389,0.0389,0.0177,0.0,0.0,0.0,0.61,1.95,1.48,31.3,25.57,0,MOD-00632,2025-04-15T00:17:29,2025-04-14T17:17:29,https://api.quant-aq.com/v1/devices/MOD-00632/data/raw/363237517
0,636.0,36.700000000000045,672.7,1256.8,671.8,1.1000000000000227,672.9,1645.3,1.1000000000001364,1646.4,1645.0,6.2999999999999545,1652.7,,,43.8,19.5,0.0,0.0,0.0,628.5,3.2,4.1,3.9,3.0594,0.3142,0.0,0.0,0.0,0.0,0.0,0.0,0.0,0.0,0.0,0.0,0.1576,0.0,0.0,0.0,0.0,0.0489,0.0789,0.0294,0.015,0.0113,0.0038,0.0036,0.67,4.28,1.8,31.35,25.63,0,MOD-00632,2025-04-15T00:16:29,2025-04-14T17:16:29,https://api.quant-aq.com/v1/devices/MOD-00632/data/raw/363235211
0,638.0,34.5,672.5,1259.2,672.6,1.1999999999999318,673.8,1645.4,0.8999999999998636,1646.3,1645.1,6.2000000000000455,1652.5,,,43.9,19.5,0.0,0.0,0.0,537.5,2.1,3.2,3.1,3.3317,0.2275,0.0,0.0,0.0,0.0,0.0,0.0,0.0,0.0,0.0,0.0,0.136,0.0,0.0,0.0,0.0,0.0519,0.044,0.0519,0.0081,0.0202,0.0077,0.0,0.65,4.36,1.88,31.32,25.67,0,MOD-00632,2025-04-15T00:15:29,2025-04-14T17:15:29,https://api.quant-aq.com/v1/devices/MOD-00632/data/raw/363235210
0,638.2,34.69999999999993,672.9,1254.9,672.5,0.8999999999999773,673.4,1645.2,1.2000000000000455,1646.4,1645.1,6.399999999999864,1652.8,,,43.9,19.6,0.0,0.0,0.0,593.75,2.4,3.2,3.2,3.1797,0.2888,0.0,0.0,0.0,0.0,0.0,0.0,0.0,0.0,0.0,0.0,0.1693,0.0,0.0,0.0,0.0,0.0269,0.0307,0.0273,0.0191,0.0,0.0,0.0,0.62,1.79,1.34,31.27,25.72,0,MOD-00632,2025-04-15T00:14:29,2025-04-14T17:14:29,https://api.quant-aq.com/v1/devices/MOD-00632/data/raw/363235209
0,638.3,35.0,673.3,1257.0,672.6,0.6999999999999318,673.3,1645.5,0.900000000000091,1646.4,1645.3,6.599999999999909,1653.0,,,43.9,19.6,0.0,0.0,0.0,651.25,3.1,4.3,4.2,2.9415,0.3176,0.0,0.0,0.0,0.0,0.0,0.0,0.0,0.0,0.0,0.0,0.1115,0.0,0.0,0.0,0.0,0.0575,0.0323,0.0286,0.0142,0.0,0.0,0.0,0.6,1.67,1.3,31.22,25.78,0,MOD-00632,2025-04-15T00:13:29,2025-04-14T17:13:29,https://api.quant-aq.com/v1/devices/MOD-00632/data/raw/363235208
0,639.4,34.5,673.9,1257.0,673.2,0.8999999999999773,674.1,1645.4,0.7999999999999545,1646.2,1645.3,6.7999999999999545,1653.0,,,43.5,19.7,0.0,0.0,0.0,696.25,3.2,4.1,3.8,2.8248,0.2385,0.0,0.0,0.0,0.0,0.0,0.0,0.0,0.0,0.0,0.0,0.1208,0.0,0.0,0.0,0.0,0.0381,0.0689,0.0449,0.0173,0.0,0.0104,0.0,0.59,3.61,1.7,31.06,25.81,0,MOD-00632,2025-04-15T00:12:29,2025-04-14T17:12:29,https://api.quant-aq.com/v1/devices/MOD-00632/data/raw/363232947
0,638.6,35.0,673.6,1257.9,673.4,1.2000000000000455,674.6,1645.5,0.7000000000000455,1646.2,1645.4,6.899999999999864,1653.1,,,43.4,19.7,0.0,0.0,0.0,683.0,2.9,4.9,4.2,3.1046,0.2828,0.0,0.0,0.0,0.0,0.0,0.0,0.0,0.0,0.0,0.0,0.1242,0.0,0.0,0.0,0.0,0.0331,0.0513,0.0291,0.0292,0.011,0.0073,0.0036,0.61,4.97,1.8,31.12,25.85,0,MOD-00632,2025-04-15T00:11:29,2025-04-14T17:11:29,https://api.quant-aq.com/v1/devices/MOD-00632/data/raw/363232944
0,638.0,35.799999999999955,673.8,1256.8,673.0,1.5,674.5,1645.4,0.8999999999998636,1646.3,1645.5,6.7000000000000455,1653.0,,,43.6,19.8,0.0,0.0,0.0,665.0,3.0,4.2,4.2,2.9406,0.2919,0.0,0.0,0.0,0.0,0.0,0.0,0.0,0.0,0.0,0.0,0.166,0.0,0.0,0.0,0.0,0.0332,0.0333,0.0408,0.0149,0.0185,0.0075,0.0036,0.61,5.15,1.76,31.3,25.89,0,MOD-00632,2025-04-15T00:10:29,2025-04-14T17:10:29,https://api.quant-aq.com/v1/devices/MOD-00632/data/raw/363232945
0,637.4,37.200000000000045,674.6,1260.4,673.1,1.0,674.1,1645.7,0.7000000000000455,1646.4,1645.6,6.7999999999999545,1653.2,,,43.6,19.8,0.0,0.0,0.0,638.25,2.9,4.6,4.4,3.4201,0.3137,0.0,0.0,0.0,0.0,0.0,0.0,0.0,0.0,0.0,0.0,0.1504,0.0,0.0,0.0,0.0,0.0558,0.0479,0.0332,0.0111,0.0111,0.0039,0.0,0.69,3.12,1.66,31.27,25.91,0,MOD-00632,2025-04-15T00:09:29,2025-04-14T17:09:29,https://api.quant-aq.com/v1/devices/MOD-00632/data/raw/363232946
0,637.0,37.89999999999998,674.9,1266.4,673.3,1.2000000000000455,674.5,1645.6,0.6000000000001364,1646.2,1645.7,7.0,1653.2,,,43.6,19.9,0.0,0.0,0.0,646.25,2.8,3.9,3.8,3.2158,0.2917,0.0,0.0,0.0,0.0,0.0,0.0,0.0,0.0,0.0,0.0,0.1789,0.0,0.0,0.0,0.0,0.031,0.0465,0.0388,0.0233,0.0197,0.004,0.0,0.66,4.08,1.92,31.4,25.92,0,MOD-00632,2025-04-15T00:08:29,2025-04-14T17:08:29,https://api.quant-aq.com/v1/devices/MOD-00632/data/raw/363230695
0,637.1,37.89999999999998,675.0,1265.2,673.0,0.8999999999999773,673.9,1645.7,0.7999999999999545,1646.5,1645.7,7.099999999999909,1653.6,,,44.0,19.9,0.0,0.0,0.0,642.5,2.8,4.7,4.2,3.1821,0.2863,0.0,0.0,0.0,0.0,0.0,0.0,0.0,0.0,0.0,0.0,0.1096,0.0,0.0,0.0,0.0,0.06,0.064,0.0302,0.0225,0.0038,0.0076,0.0038,0.65,4.51,1.75,31.58,25.97,0,MOD-00632,2025-04-15T00:07:29,2025-04-14T17:07:29,https://api.quant-aq.com/v1/devices/MOD-00632/data/raw/363230694
0,637.3,36.30000000000007,673.6,1261.7,673.8,0.5,674.3,1645.8,0.7999999999999545,1646.6,1645.8,6.900000000000091,1653.5,,,43.8,20.0,0.0,0.0,0.0,570.0,2.5,3.7,3.5,3.173,0.3239,0.0,0.0,0.0,0.0,0.0,0.0,0.0,0.0,0.0,0.0,0.1715,0.0,0.0,0.0,0.0,0.0194,0.0781,0.0427,0.0079,0.0,0.0039,0.0,0.67,2.47,1.61,31.54,26.0,0,MOD-00632,2025-04-15T00:06:29,2025-04-14T17:06:29,https://api.quant-aq.com/v1/devices/MOD-00632/data/raw/363230693
0,635.5,37.89999999999998,673.4,1262.2,673.4,1.2000000000000455,674.6,1645.6,0.7000000000000455,1646.3,1645.6,6.900000000000091,1653.2,,,43.8,20.0,0.0,0.0,0.0,563.75,2.7,3.3,3.3,3.4235,0.3015,0.0,0.0,0.0,0.0,0.0,0.0,0.0,0.0,0.0,0.0,0.1484,0.0,0.0,0.0,0.0,0.0748,0.0704,0.0311,0.0119,0.0117,0.0,0.0,0.72,2.76,1.77,31.58,26.03,0,MOD-00632,2025-04-15T00:05:29,2025-04-14T17:05:29,https://api.quant-aq.com/v1/devices/MOD-00632/data/raw/363230692
0,636.7,39.0,675.7,1264.7,673.5,1.2999999999999545,674.8,1645.6,1.0,1646.6,1645.8,6.7000000000000455,1653.3,,,44.2,20.0,0.0,0.0,0.0,588.0,2.7,3.7,3.4,3.1432,0.3148,0.0,0.0041,0.0,0.0,0.0,0.0,0.0,0.0,0.0,0.0,0.1106,0.0,0.0,0.0,0.0,0.0491,0.0733,0.0247,0.0164,0.0041,0.0042,0.0,0.64,5.27,1.6,31.73,26.03,0,MOD-00632,2025-04-15T00:04:29,2025-04-14T17:04:29,https://api.quant-aq.com/v1/devices/MOD-00632/data/raw/363228342
0,635.9,38.5,674.4,1263.4,673.5,0.20000000000004547,673.7,1645.5,1.400000000000091,1646.9,1645.6,6.7999999999999545,1653.7,,,44.6,20.0,0.0,0.0,0.0,607.5,2.8,3.8,3.8,3.4247,0.2895,0.0,0.0,0.0,0.0,0.0,0.0,0.0,0.0,0.0,0.0,0.12,0.0,0.0,0.0,0.0,0.0328,0.0681,0.0245,0.0278,0.0158,0.0,0.0041,0.66,4.38,1.86,31.8,26.09,0,MOD-00632,2025-04-15T00:03:29,2025-04-14T17:03:29,https://api.quant-aq.com/v1/devices/MOD-00632/data/raw/363228341
0,634.6,37.60000000000002,672.2,1263.1,673.2,0.7999999999999545,674.0,1645.3,1.2000000000000455,1646.5,1645.4,6.7999999999999545,1653.3,,,44.0,20.0,0.0,0.0,0.0,519.5,2.2,3.5,3.2,3.4046,0.334,0.0,0.0,0.0,0.0,0.0,0.0,0.0,0.0,0.0,0.0,0.1925,0.0,0.0,0.0,0.0,0.0523,0.0555,0.0243,0.0199,0.0042,0.0043,0.0,0.72,2.94,1.68,31.64,26.09,0,MOD-00632,2025-04-15T00:02:29,2025-04-14T17:02:29,https://api.quant-aq.com/v1/devices/MOD-00632/data/raw/363228343
0,636.9,35.39999999999998,672.3,1262.7,673.9,0.7000000000000455,674.6,1645.1,1.400000000000091,1646.5,1645.4,6.7000000000000455,1653.2,,,44.2,20.0,0.0,0.0,0.0,723.25,3.3,4.7,4.2,3.4701,0.3141,0.0,0.0,0.0,0.0,0.0,0.0,0.0,0.0,0.0,0.0,0.126,0.0,0.0,0.0,0.0,0.0488,0.0531,0.0205,0.0196,0.0162,0.0039,0.0,0.67,3.55,1.71,31.59,26.1,0,MOD-00632,2025-04-15T00:01:29,2025-04-14T17:01:29,https://api.quant-aq.com/v1/devices/MOD-00632/data/raw/363228340
0,635.1,38.10000000000002,673.2,1263.6,673.6,1.0,674.6,1645.3,1.400000000000091,1646.7,1645.3,6.399999999999864,1653.1,,,44.0,20.0,0.0,0.0,0.0,633.0,2.8,4.2,4.0,3.306,0.3323,0.0,0.0,0.0,0.0,0.0,0.0,0.0,0.0,0.0,0.0,0.1328,0.0,0.0,0.0,0.0,0.0242,0.0438,0.0322,0.0205,0.004,0.0042,0.0,0.64,2.83,1.56,31.46,26.13,0,MOD-00632,2025-04-15T00:00:29,2025-04-14T17:00:29,https://api.quant-aq.com/v1/devices/MOD-00632/data/raw/363226066
